# # tequil.ion_motion                                            FEFF 9.05   
# # POT  SCF  30  5.5000   1, core-hole, AFOLP (folp(0)= 1.150)
# # Abs   Z=30 Rmt= 1.295 Rnm= 1.396 K  shell
# # Pot 1 Z=26 Rmt= 1.275 Rnm= 1.381
# # Pot 2 Z= 8 Rmt= 0.997 Rnm= 1.077
# # Gam_ch=1.897E+00 H-L exch
# # Mu=-1.193E+01 kf=2.202E+00 Vint=-1.946E+01 Rs_int= 1.647
# # PATH  Rmax= 8.500,  Keep_limit= 0.00, Heap_limit 0.00  Pwcrit= 2.50%
#  S02=1.000                                        Global_sig2= 0.00000
#  Energy zero shift, vr, vi   -2.00000E+00   0.00000E+00
#  Curved wave amplitude ratio filter   4.000%
#     file         sig2 tot  cw amp ratio   deg  nlegs   reff  inp sig2
#           1       0.00000    100.00      1.00     2   1.9191
#           2       0.00000     94.81      1.00     2   1.9595
#           3       0.00000     90.41      1.00     2   1.9962
#           4       0.00000     72.79      1.00     2   2.1717
#           5       0.00000     69.66      1.00     2   2.2091
#           6       0.00000     55.06      1.00     2   2.4186
#           7       0.00000     32.56      1.00     2   2.9095
#           8       0.00000     31.29      1.00     2   2.9623
#           9       0.00000     30.20      1.00     2   3.0094
#          10       0.00000     29.95      1.00     2   3.0206
#          11       0.00000     25.39      1.00     2   3.2453
#          12       0.00000     25.38      1.00     2   3.2458
#          13       0.00000     22.47      1.00     2   3.3848
#          14       0.00000     22.67      1.00     2   3.4037
#          15       0.00000     10.29      2.00     3   3.4443
#          16       0.00000     10.55      2.00     3   3.4462
#          17       0.00000     21.34      1.00     2   3.4491
#          18       0.00000     21.26      1.00     2   3.4536
#          19       0.00000     12.40      2.00     3   3.4778
#          20       0.00000     10.81      2.00     3   3.4817
#          21       0.00000     11.54      2.00     3   3.4910
#          22       0.00000     20.48      1.00     2   3.5008
#          23       0.00000      7.41      2.00     3   3.5010
#          24       0.00000      9.19      2.00     3   3.5011
#          25       0.00000      7.64      2.00     3   3.5289
#          26       0.00000      8.50      2.00     3   3.5353
#          27       0.00000     17.64      2.00     3   3.5393
#          28       0.00000     16.36      2.00     3   3.5548
#          29       0.00000     19.58      1.00     2   3.5582
#          30       0.00000     20.31      1.00     2   3.5606
#          31       0.00000     10.06      2.00     3   3.5651
#          32       0.00000     20.19      1.00     2   3.5692
#          33       0.00000      7.55      2.00     3   3.5765
#          34       0.00000      9.93      2.00     3   3.5762
#          35       0.00000      9.87      2.00     3   3.6011
#          36       0.00000      8.23      2.00     3   3.6065
#          37       0.00000      7.09      2.00     3   3.6351
#          38       0.00000     10.00      2.00     3   3.6468
#          39       0.00000      6.57      2.00     3   3.6621
#          40       0.00000      7.42      2.00     3   3.6825
#          41       0.00000      6.74      2.00     3   3.6862
#          42       0.00000     17.70      1.00     2   3.6902
#          43       0.00000      7.67      2.00     3   3.7125
#          44       0.00000     18.14      1.00     2   3.7255
#          45       0.00000      8.42      2.00     3   3.7284
#          46       0.00000     13.23      2.00     3   3.7291
#          47       0.00000     17.61      1.00     2   3.7696
#          48       0.00000     16.36      1.00     2   3.7955
#          49       0.00000     17.17      1.00     2   3.8074
#          50       0.00000     13.63      2.00     3   3.8161
#          51       0.00000      4.63      1.00     4   3.8333
#          52       0.00000     10.21      1.00     4   3.8382
#          53       0.00000     13.26      2.00     3   3.8556
#          54       0.00000      4.55      1.00     4   3.8638
#          56       0.00000     16.17      1.00     2   3.8971
#          57       0.00000      9.15      1.00     4   3.9189
#          58       0.00000      5.09      1.00     4   3.9350
#          59       0.00000     15.53      2.00     3   3.9589
#          60       0.00000     13.48      2.00     3   3.9612
#          61       0.00000      4.95      1.00     4   3.9726
#          62       0.00000      5.11      1.00     4   3.9791
#          63       0.00000      8.30      1.00     4   3.9923
#          64       0.00000     13.91      1.00     2   4.0210
#          65       0.00000      9.80      2.00     3   4.0411
#          66       0.00000      8.33      2.00     3   4.0515
#          68       0.00000      8.29      2.00     3   4.0719
#          69       0.00000      4.33      1.00     4   4.0716
#          70       0.00000     12.50      2.00     3   4.0872
#          71       0.00000     20.49      2.00     3   4.0950
#          72       0.00000      7.03      1.00     4   4.1104
#          73       0.00000      7.76      2.00     3   4.1123
#          74       0.00000     12.97      1.00     2   4.1210
#          75       0.00000     22.45      2.00     3   4.1265
#          77       0.00000      7.53      2.00     3   4.1452
#          78       0.00000      5.00      1.00     4   4.1527
#          79       0.00000     17.27      2.00     4   4.1679
#          80       0.00000     14.16      2.00     4   4.1685
#          81       0.00000     12.39      1.00     2   4.1866
#          82       0.00000      6.96      2.00     3   4.2209
#          83       0.00000      6.84      2.00     3   4.2250
#          84       0.00000      4.27      1.00     4   4.2772
#          85       0.00000     11.51      1.00     2   4.2960
#          86       0.00000     19.60      2.00     3   4.3012
#          87       0.00000      6.80      2.00     3   4.3106
#          88       0.00000      7.52      2.00     3   4.3155
#          89       0.00000     15.01      2.00     4   4.3377
#          90       0.00000     11.17      1.00     2   4.3408
#          91       0.00000      5.35      1.00     4   4.3434
#          92       0.00000     11.14      1.00     2   4.3447
#          93       0.00000      6.32      2.00     3   4.3514
#          94       0.00000     10.88      1.00     2   4.3804
#          95       0.00000      4.90      1.00     4   4.4181
#          96       0.00000     19.28      2.00     3   4.4517
#          97       0.00000      5.65      2.00     3   4.4532
#          98       0.00000     10.26      1.00     2   4.4698
#          99       0.00000      7.28      2.00     3   4.4741
#         100       0.00000     10.12      1.00     2   4.4904
#         101       0.00000     18.46      2.00     3   4.4940
#         102       0.00000      9.92      1.00     2   4.5205
#         104       0.00000      9.85      1.00     2   4.5315
#         106       0.00000     10.96      1.00     4   4.5626
#         107       0.00000      9.61      1.00     2   4.5701
#         108       0.00000     19.35      2.00     3   4.5751
#         109       0.00000      7.01      2.00     3   4.6060
#         110       0.00000     10.40      1.00     4   4.6077
#         111       0.00000      6.22      2.00     3   4.6096
#         112       0.00000      6.74      2.00     3   4.6209
#         113       0.00000     16.07      2.00     3   4.6406
#         114       0.00000      8.04      2.00     3   4.6418
#         115       0.00000     13.25      2.00     3   4.6439
#         116       0.00000     11.30      1.00     4   4.6598
#         117       0.00000      4.48      2.00     3   4.6616
#         118       0.00000      9.06      1.00     2   4.6624
#         119       0.00000      4.37      2.00     3   4.6636
#         120       0.00000      9.02      1.00     2   4.6706
#         121       0.00000      8.98      1.00     2   4.6760
#         122       0.00000      4.20      2.00     3   4.6857
#         123       0.00000      7.45      2.00     3   4.7052
#         124       0.00000      4.53      2.00     3   4.7064
#         125       0.00000     13.74      2.00     3   4.7182
#         126       0.00000      4.88      2.00     3   4.7191
#         127       0.00000     19.84      2.00     3   4.7256
#         128       0.00000      8.70      1.00     2   4.7276
#         129       0.00000      6.54      2.00     3   4.7503
#         130       0.00000      8.54      1.00     2   4.7575
#         131       0.00000      8.77      1.00     4   4.7606
#         132       0.00000      5.89      2.00     3   4.7691
#         133       0.00000     12.22      1.00     4   4.7753
#         134       0.00000      8.44      1.00     2   4.7765
#         135       0.00000      5.52      2.00     3   4.7933
#         137       0.00000      7.52      2.00     3   4.8156
#         138       0.00000      6.62      1.00     4   4.8180
#         142       0.00000      4.75      2.00     3   4.8428
#         143       0.00000     11.38      2.00     3   4.8471
#         144       0.00000      7.75      2.00     3   4.8600
#         145       0.00000      7.19      2.00     3   4.8634
#         146       0.00000      7.13      1.00     4   4.8663
#         147       0.00000      7.94      1.00     2   4.8755
#         150       0.00000      4.25      2.00     4   4.9056
#         151       0.00000      8.76      2.00     3   4.9098
#         152       0.00000      7.76      1.00     2   4.9125
#         153       0.00000      8.65      1.00     2   4.9160
#         154       0.00000     19.63      2.00     3   4.9207
#         155       0.00000      7.69      1.00     2   4.9272
#         157       0.00000     12.64      1.00     4   4.9289
#         158       0.00000      4.67      2.00     4   4.9396
#         160       0.00000      7.43      2.00     3   4.9439
#         163       0.00000      8.55      2.00     3   4.9699
#         164       0.00000      8.33      1.00     2   4.9809
#         166       0.00000      9.20      2.00     3   4.9896
#         167       0.00000      8.27      2.00     3   5.0037
#         168       0.00000      8.20      1.00     2   5.0083
#         170       0.00000      5.56      1.00     4   5.0236
#         175       0.00000      4.47      2.00     4   5.0834
#         177       0.00000      6.97      1.00     2   5.0904
#         178       0.00000      6.27      2.00     3   5.0988
#         179       0.00000     16.72      2.00     3   5.1033
#         180       0.00000      9.13      2.00     3   5.1038
#         181       0.00000     10.32      1.00     4   5.1162
#         182       0.00000      8.65      2.00     3   5.1386
#         183       0.00000      7.03      2.00     3   5.1476
#         186       0.00000      7.67      2.00     3   5.1634
#         188       0.00000      7.47      1.00     2   5.1759
#         190       0.00000      4.22      1.00     4   5.2027
#         191       0.00000      7.36      1.00     2   5.2039
#         194       0.00000      4.39      1.00     4   5.2267
#         195       0.00000      6.41      1.00     2   5.2343
#         196       0.00000     14.83      2.00     3   5.2467
#         198       0.00000      6.79      2.00     3   5.2526
#         199       0.00000      8.84      1.00     4   5.2592
#         200       0.00000      7.11      1.00     2   5.2651
#         201       0.00000      4.18      1.00     4   5.2689
#         204       0.00000      6.23      1.00     2   5.2828
#         205       0.00000      6.76      2.00     3   5.2896
#         206       0.00000      6.13      1.00     2   5.3107
#         207       0.00000      5.08      2.00     3   5.3151
#         210       0.00000      7.77      2.00     3   5.3209
#         211       0.00000      6.77      2.00     3   5.3303
#         212       0.00000      5.90      2.00     3   5.3306
#         213       0.00000      6.04      1.00     2   5.3378
#         215       0.00000      6.74      2.00     3   5.3663
#         218       0.00000      6.68      1.00     2   5.3815
#         221       0.00000      7.31      2.00     3   5.3980
#         227       0.00000      5.68      1.00     2   5.4448
#         228       0.00000      5.26      2.00     3   5.4444
#         229       0.00000      6.45      1.00     2   5.4455
#         232       0.00000      6.37      1.00     2   5.4686
#         233       0.00000      5.60      1.00     2   5.4705
#         236       0.00000      6.75      2.00     3   5.4886
#         237       0.00000      5.62      2.00     3   5.4898
#         240       0.00000      5.45      2.00     3   5.5293
#         242       0.00000      6.16      1.00     2   5.5347
#         243       0.00000      5.40      1.00     2   5.5358
#         244       0.00000      7.29      2.00     3   5.5393
#         245       0.00000      5.38      1.00     2   5.5406
#         246       0.00000      4.14      2.00     3   5.5404
#         247       0.00000      6.12      1.00     2   5.5459
#         248       0.00000      5.04      2.00     3   5.5550
#         250       0.00000      4.22      2.00     3   5.5654
#         251       0.00000      5.82      2.00     3   5.5796
#         252       0.00000      4.61      2.00     3   5.6041
#         253       0.00000      6.26      2.00     3   5.6058
#         254       0.00000      5.91      1.00     2   5.6115
#         256       0.00000      5.94      2.00     3   5.6292
#         258       0.00000      7.98      2.00     3   5.6329
#         261       0.00000      5.09      1.00     2   5.6427
#         265       0.00000      5.27      2.00     3   5.6708
#         266       0.00000      4.48      2.00     3   5.6771
#         268       0.00000      4.15      2.00     3   5.6844
#         275       0.00000      5.02      2.00     3   5.7111
#         276       0.00000      4.88      1.00     2   5.7181
#         279       0.00000      4.69      2.00     3   5.7205
#         283       0.00000      5.56      1.00     2   5.7296
#         284       0.00000      4.83      1.00     2   5.7357
#         285       0.00000      6.83      2.00     3   5.7394
#         286       0.00000      4.62      2.00     3   5.7415
#         296       0.00000      5.14      2.00     3   5.7873
#         298       0.00000      4.66      2.00     3   5.7898
#         300       0.00000      8.14      2.00     3   5.7968
#         307       0.00000      5.30      1.00     2   5.8230
#         308       0.00000      4.60      1.00     2   5.8272
#         309       0.00000      5.26      1.00     2   5.8387
#         315       0.00000      4.99      2.00     3   5.8745
#         318       0.00000      8.88      2.00     3   5.8837
#         320       0.00000      5.99      2.00     3   5.9035
#   225/ 298 paths used
#  -----------------------------------------------------------------------
#       k          chi          mag           phase @#
    -0.7000   -2.378051E-01  2.529263E-01 -1.918331E+00
    -0.6500   -2.596095E-01  2.964025E-01 -2.074361E+00
    -0.6000   -2.947870E-01  3.455198E-01 -2.119561E+00
    -0.5500   -3.368480E-01  3.928427E-01 -2.111274E+00
    -0.5000   -3.787261E-01  4.335237E-01 -2.079042E+00
    -0.4500   -4.187737E-01  4.687070E-01 -2.036589E+00
    -0.4000   -4.537490E-01  4.974359E-01 -1.993030E+00
    -0.3500   -4.860838E-01  5.228751E-01 -1.948167E+00
    -0.3000   -5.126494E-01  5.432340E-01 -1.907953E+00
    -0.2500   -5.339080E-01  5.593138E-01 -1.873356E+00
    -0.2000   -5.503994E-01  5.717314E-01 -1.844824E+00
    -0.1500   -5.636124E-01  5.817607E-01 -1.821232E+00
    -0.1000   -5.729846E-01  5.889183E-01 -1.803943E+00
    -0.0500   -5.784624E-01  5.931171E-01 -1.793553E+00
     0.0000   -5.802638E-01  5.945010E-01 -1.790088E+00
     0.0500   -5.820527E-01  5.958771E-01 -1.786621E+00
     0.1000   -5.873447E-01  5.999589E-01 -1.776218E+00
     0.1500   -5.959122E-01  6.066091E-01 -1.758870E+00
     0.2000   -6.073674E-01  6.156060E-01 -1.734582E+00
     0.2500   -6.211529E-01  6.266533E-01 -1.703388E+00
     0.3000   -6.365362E-01  6.393936E-01 -1.665372E+00
     0.3500   -6.530429E-01  6.538316E-01 -1.619916E+00
     0.4000   -6.706945E-01  6.707063E-01 -1.564852E+00
     0.4500   -6.865339E-01  6.881154E-01 -1.502985E+00
     0.5000   -6.990356E-01  7.055636E-01 -1.434660E+00
     0.5500   -7.071518E-01  7.233745E-01 -1.358614E+00
     0.6000   -7.093449E-01  7.419829E-01 -1.273092E+00
     0.6500   -7.025336E-01  7.592287E-01 -1.181893E+00
     0.7000   -6.853078E-01  7.752623E-01 -1.084284E+00
     0.7500   -6.558510E-01  7.911657E-01 -9.772599E-01
     0.8000   -6.125912E-01  8.044308E-01 -8.656570E-01
     0.8500   -5.545678E-01  8.159376E-01 -7.473119E-01
     0.9000   -4.809378E-01  8.255779E-01 -6.218586E-01
     0.9500   -3.936011E-01  8.316421E-01 -4.930125E-01
     1.0000   -2.914174E-01  8.359211E-01 -3.560965E-01
     1.0500   -1.790714E-01  8.364786E-01 -2.157475E-01
     1.1000   -5.904234E-02  8.338008E-01 -7.087040E-02
     1.1500    6.549133E-02  8.280861E-01  7.917027E-02
     1.2000    1.873022E-01  8.183406E-01  2.309275E-01
     1.2500    3.055487E-01  8.060379E-01  3.887963E-01
     1.3000    4.111094E-01  7.898378E-01  5.474347E-01
     1.3500    5.025176E-01  7.708900E-01  7.100436E-01
     1.4000    5.742851E-01  7.488377E-01  8.739998E-01
     1.4500    6.244475E-01  7.241680E-01  1.039787E+00
     1.5000    6.516741E-01  6.972221E-01  1.207336E+00
     1.5500    6.553967E-01  6.681692E-01  1.374955E+00
     1.6000    6.374290E-01  6.376487E-01  1.544546E+00
     1.6500    5.996623E-01  6.057574E-01  1.712775E+00
     1.7000    5.454344E-01  5.731654E-01  1.883134E+00
     1.7500    4.787948E-01  5.399976E-01  2.051519E+00
     1.8000    4.031510E-01  5.065869E-01  2.221235E+00
     1.8500    3.234093E-01  4.732715E-01  2.389254E+00
     1.9000    2.420499E-01  4.400600E-01  2.559182E+00
     1.9500    1.635631E-01  4.072496E-01  2.728298E+00
     2.0000    9.156678E-02  3.751243E-01  2.895004E+00
     2.0500    2.825077E-02  3.437886E-01  3.059325E+00
     2.1000   -2.527034E-02  3.124119E-01  3.222569E+00
     2.1500   -6.737016E-02  2.809851E-01  3.383716E+00
     2.2000   -9.719113E-02  2.506482E-01  3.539792E+00
     2.2500   -1.152935E-01  2.214639E-01  3.689143E+00
     2.3000   -1.220807E-01  1.928418E-01  3.827094E+00
     2.3500   -1.174739E-01  1.637408E-01  3.941710E+00
     2.4000   -1.065715E-01  1.374028E-01  4.029280E+00
     2.4500   -9.270106E-02  1.149001E-01  4.080304E+00
     2.5000   -7.911137E-02  9.751014E-02  4.087989E+00
     2.5500   -7.058318E-02  8.881050E-02  4.060207E+00
     2.6000   -6.531336E-02  8.537185E-02  4.012705E+00
     2.6500   -6.480589E-02  8.722772E-02  3.979061E+00
     2.7000   -6.953270E-02  9.282815E-02  3.988216E+00
     2.7500   -7.723854E-02  9.803125E-02  4.048979E+00
     2.8000   -8.690344E-02  1.036580E-01  4.135874E+00
     2.8500   -9.754065E-02  1.093495E-01  4.243361E+00
     2.9000   -1.079551E-01  1.147274E-01  4.367078E+00
     2.9500   -1.168188E-01  1.194528E-01  4.502001E+00
     3.0000   -1.232413E-01  1.235130E-01  4.646046E+00
     3.0500   -1.264217E-01  1.268796E-01  4.797378E+00
     3.1000   -1.257623E-01  1.295379E-01  4.954421E+00
     3.1500   -1.208585E-01  1.313387E-01  5.114582E+00
     3.2000   -1.118123E-01  1.324830E-01  5.278534E+00
     3.2500   -9.865538E-02  1.329291E-01  5.446890E+00
     3.3000   -8.177563E-02  1.325295E-01  5.618213E+00
     3.3500   -6.228155E-02  1.316308E-01  5.790319E+00
     3.4000   -4.100101E-02  1.304228E-01  5.963392E+00
     3.4500   -1.867696E-02  1.287657E-01  6.137626E+00
     3.5000    3.783753E-03  1.267179E-01  6.313049E+00
     3.5500    2.552842E-02  1.243154E-01  6.490009E+00
     3.6000    4.567675E-02  1.215520E-01  6.668423E+00
     3.6500    6.340584E-02  1.184527E-01  6.848029E+00
     3.7000    7.805333E-02  1.150430E-01  7.028865E+00
     3.7500    8.916799E-02  1.113931E-01  7.211281E+00
     3.8000    9.640503E-02  1.075275E-01  7.395129E+00
     3.8500    9.952189E-02  1.033859E-01  7.579720E+00
     3.9000    9.860168E-02  9.899377E-02  7.764950E+00
     3.9500    9.394012E-02  9.438141E-02  7.950722E+00
     4.0000    8.605177E-02  8.960934E-02  8.136705E+00
     4.0500    7.557325E-02  8.471361E-02  8.322800E+00
     4.1000    6.323109E-02  7.971605E-02  8.508725E+00
     4.1500    4.985197E-02  7.467220E-02  8.693783E+00
     4.2000    3.627271E-02  6.966785E-02  8.877164E+00
     4.2500    2.311635E-02  6.476284E-02  9.059790E+00
     4.3000    1.088711E-02  5.998123E-02  9.242258E+00
     4.3500    7.735071E-06  5.532645E-02  9.424638E+00
     4.4000   -9.138530E-03  5.081441E-02  9.605603E+00
     4.4500   -1.649081E-02  4.647376E-02  9.787522E+00
     4.5000   -2.199131E-02  4.229157E-02  9.971620E+00
     4.5500   -2.562174E-02  3.824602E-02  1.015888E+01
     4.6000   -2.735806E-02  3.430113E-02  1.034806E+01
     4.6500   -2.734088E-02  3.040951E-02  1.054246E+01
     4.7000   -2.572637E-02  2.656434E-02  1.074373E+01
     4.7500   -2.273115E-02  2.275044E-02  1.095439E+01
     4.8000   -1.860576E-02  1.889602E-02  1.117108E+01
     4.8500   -1.382943E-02  1.505961E-02  1.140257E+01
     4.9000   -8.866852E-03  1.126897E-02  1.166070E+01
     4.9500   -4.213387E-03  7.580848E-03  1.197705E+01
     5.0000   -4.579153E-04  4.104744E-03  1.245458E+01
     5.0500    2.015708E-03  2.171019E-03  1.375662E+01
     5.1000    2.972494E-03  4.221216E-03  1.492670E+01
     5.1500    2.379189E-03  7.186179E-03  1.537052E+01
     5.2000    2.400885E-04  1.003985E-02  1.568405E+01
     5.2500   -2.983372E-03  1.264857E-02  1.594607E+01
     5.3000   -6.844066E-03  1.495335E-02  1.618336E+01
     5.3500   -1.086851E-02  1.693681E-02  1.640469E+01
     5.4000   -1.473141E-02  1.862708E-02  1.662018E+01
     5.4500   -1.800610E-02  2.004993E-02  1.682331E+01
     5.5000   -2.052861E-02  2.126433E-02  1.701494E+01
     5.5500   -2.227409E-02  2.235017E-02  1.719622E+01
     5.6000   -2.329209E-02  2.339674E-02  1.737337E+01
     5.6500   -2.363364E-02  2.449339E-02  1.754450E+01
     5.7000   -2.332732E-02  2.571271E-02  1.771291E+01
     5.7500   -2.230700E-02  2.709816E-02  1.788254E+01
     5.8000   -2.035804E-02  2.866463E-02  1.805975E+01
     5.8500   -1.727714E-02  3.037578E-02  1.824453E+01
     5.9000   -1.286060E-02  3.216733E-02  1.843825E+01
     5.9500   -7.015724E-03  3.395494E-02  1.864144E+01
     6.0000    2.683999E-04  3.566062E-02  1.885708E+01
     6.0500    8.526694E-03  3.718314E-02  1.908093E+01
     6.1000    1.712204E-02  3.843577E-02  1.931126E+01
     6.1500    2.526034E-02  3.934717E-02  1.954664E+01
     6.2000    3.209846E-02  3.986387E-02  1.978557E+01
     6.2500    3.689377E-02  3.995314E-02  2.002647E+01
     6.3000    3.914434E-02  3.960493E-02  2.026769E+01
     6.3500    3.868564E-02  3.883305E-02  2.050751E+01
     6.4000    3.571879E-02  3.767559E-02  2.074406E+01
     6.4500    3.076207E-02  3.619485E-02  2.097535E+01
     6.5000    2.453185E-02  3.450330E-02  2.120023E+01
     6.5500    1.780707E-02  3.269044E-02  2.141510E+01
     6.6000    1.126062E-02  3.087796E-02  2.161786E+01
     6.6500    5.328368E-03  2.920354E-02  2.180766E+01
     6.7000    1.598602E-04  2.780023E-02  2.198540E+01
     6.7500   -4.351057E-03  2.677523E-02  2.215438E+01
     6.8000   -8.466166E-03  2.618635E-02  2.232037E+01
     6.8500   -1.246285E-02  2.602607E-02  2.249050E+01
     6.9000   -1.649442E-02  2.622314E-02  2.267142E+01
     6.9500   -2.049094E-02  2.666225E-02  2.286770E+01
     7.0000   -2.417808E-02  2.726625E-02  2.308139E+01
     7.0500   -2.700354E-02  2.786597E-02  2.331250E+01
     7.1000   -2.833347E-02  2.833353E-02  2.355977E+01
     7.1500   -2.763085E-02  2.858766E-02  2.382140E+01
     7.2000   -2.460270E-02  2.857578E-02  2.409558E+01
     7.2500   -1.931397E-02  2.827197E-02  2.438068E+01
     7.3000   -1.222237E-02  2.767375E-02  2.467529E+01
     7.3500   -4.122479E-03  2.679835E-02  2.497829E+01
     7.4000    3.989558E-03  2.567889E-02  2.528874E+01
     7.4500    1.109923E-02  2.436049E-02  2.560581E+01
     7.5000    1.636745E-02  2.289983E-02  2.592900E+01
     7.5500    1.924963E-02  2.133715E-02  2.625750E+01
     7.6000    1.960213E-02  1.972804E-02  2.659050E+01
     7.6500    1.768027E-02  1.813098E-02  2.692697E+01
     7.7000    1.404679E-02  1.660002E-02  2.726554E+01
     7.7500    9.429101E-03  1.518216E-02  2.760423E+01
     7.8000    4.560004E-03  1.391549E-02  2.794047E+01
     7.8500    4.149774E-05  1.282871E-02  2.827110E+01
     7.9000   -3.738121E-03  1.194187E-02  2.859271E+01
     7.9500   -6.620161E-03  1.126824E-02  2.890231E+01
     8.0000   -8.624037E-03  1.080041E-02  2.919912E+01
     8.0500   -9.869464E-03  1.055320E-02  2.948319E+01
     8.1000   -1.049405E-02  1.053551E-02  2.975639E+01
     8.1500   -1.056849E-02  1.073738E-02  3.002273E+01
     8.2000   -1.006753E-02  1.113574E-02  3.028672E+01
     8.2500   -8.891257E-03  1.169411E-02  3.055212E+01
     8.3000   -6.927289E-03  1.236515E-02  3.082127E+01
     8.3500   -4.130851E-03  1.309488E-02  3.109499E+01
     8.4000   -5.935498E-04  1.382711E-02  3.137299E+01
     8.4500    3.424592E-03  1.450727E-02  3.165424E+01
     8.5000    7.509824E-03  1.507443E-02  3.193743E+01
     8.5500    1.116861E-02  1.549330E-02  3.222098E+01
     8.6000    1.393320E-02  1.573891E-02  3.250300E+01
     8.6500    1.545893E-02  1.579035E-02  3.278148E+01
     8.7000    1.560448E-02  1.564001E-02  3.305415E+01
     8.7500    1.446181E-02  1.529545E-02  3.331840E+01
     8.8000    1.232748E-02  1.478128E-02  3.357121E+01
     8.8500    9.622393E-03  1.414111E-02  3.380914E+01
     8.9000    6.782211E-03  1.343907E-02  3.402853E+01
     8.9500    4.149022E-03  1.275961E-02  3.422633E+01
     9.0000    1.894496E-03  1.221894E-02  3.440185E+01
     9.0500   -1.323236E-05  1.191639E-02  3.455863E+01
     9.1000   -1.758838E-03  1.191723E-02  3.470565E+01
     9.1500   -3.596456E-03  1.224634E-02  3.485559E+01
     9.2000   -5.741875E-03  1.286794E-02  3.502005E+01
     9.2500   -8.272086E-03  1.370058E-02  3.520575E+01
     9.3000   -1.106488E-02  1.464342E-02  3.541412E+01
     9.3500   -1.379806E-02  1.559778E-02  3.564319E+01
     9.4000   -1.601088E-02  1.647825E-02  3.588958E+01
     9.4500   -1.721258E-02  1.721652E-02  3.614972E+01
     9.5000   -1.702582E-02  1.778256E-02  3.642110E+01
     9.5500   -1.524737E-02  1.813852E-02  3.670071E+01
     9.6000   -1.194284E-02  1.824668E-02  3.698556E+01
     9.6500   -7.471701E-03  1.809929E-02  3.727357E+01
     9.7000   -2.405670E-03  1.770108E-02  3.756278E+01
     9.7500    2.587599E-03  1.706834E-02  3.785130E+01
     9.8000    6.882293E-03  1.622796E-02  3.813708E+01
     9.8500    1.001891E-02  1.521661E-02  3.841783E+01
     9.9000    1.178463E-02  1.408006E-02  3.869084E+01
     9.9500    1.223109E-02  1.287254E-02  3.895289E+01
    10.0000    1.164976E-02  1.167763E-02  3.920080E+01
    10.0500    1.042077E-02  1.055652E-02  3.943045E+01
    10.1000    8.921103E-03  9.562762E-03  3.963832E+01
    10.1500    7.454735E-03  8.769390E-03  3.982456E+01
    10.2000    6.161521E-03  8.233291E-03  3.999511E+01
    10.2500    5.004198E-03  7.976198E-03  4.016251E+01
    10.3000    3.812212E-03  7.973492E-03  4.034220E+01
    10.3500    2.367519E-03  8.163007E-03  4.054645E+01
    10.4000    5.059171E-04  8.468725E-03  4.078093E+01
    10.4500   -1.796601E-03  8.822510E-03  4.104578E+01
    10.5000   -4.378592E-03  9.174811E-03  4.133822E+01
    10.5500   -6.903512E-03  9.496244E-03  4.165461E+01
    10.6000   -8.924795E-03  9.774788E-03  4.199139E+01
    10.6500   -9.989677E-03  1.001162E-02  4.234528E+01
    10.7000   -9.755124E-03  1.021668E-02  4.271323E+01
    10.7500   -8.085690E-03  1.040438E-02  4.309218E+01
    10.8000   -5.107580E-03  1.058943E-02  4.347899E+01
    10.8500   -1.204207E-03  1.078337E-02  4.387039E+01
    10.9000    3.046833E-03  1.099194E-02  4.426316E+01
    10.9500    6.981094E-03  1.121385E-02  4.465428E+01
    11.0000    9.986204E-03  1.145148E-02  4.504166E+01
    11.0500    1.159754E-02  1.169582E-02  4.542336E+01
    11.1000    1.156827E-02  1.192176E-02  4.579722E+01
    11.1500    9.936049E-03  1.211363E-02  4.616206E+01
    11.2000    6.989314E-03  1.225689E-02  4.651710E+01
    11.2500    3.197636E-03  1.233993E-02  4.686177E+01
    11.3000   -8.862655E-04  1.235544E-02  4.719568E+01
    11.3500   -4.729284E-03  1.230119E-02  4.751851E+01
    11.4000   -7.903258E-03  1.218042E-02  4.782996E+01
    11.4500   -1.013717E-02  1.200175E-02  4.812978E+01
    11.5000   -1.133008E-02  1.177868E-02  4.841781E+01
    11.5500   -1.152864E-02  1.152864E-02  4.869405E+01
    11.6000   -1.088070E-02  1.127154E-02  4.895880E+01
    11.6500   -9.580496E-03  1.102786E-02  4.921280E+01
    11.7000   -7.820254E-03  1.081642E-02  4.945735E+01
    11.7500   -5.758832E-03  1.065201E-02  4.969429E+01
    11.8000   -3.511549E-03  1.054339E-02  4.992594E+01
    11.8500   -1.158853E-03  1.049211E-02  5.015481E+01
    11.9000    1.233442E-03  1.049259E-02  5.038331E+01
    11.9500    3.591805E-03  1.053333E-02  5.061346E+01
    12.0000    5.835626E-03  1.061620E-02  5.084748E+01
    12.0500    7.851999E-03  1.072791E-02  5.108662E+01
    12.1000    9.471202E-03  1.082902E-02  5.133012E+01
    12.1500    1.054240E-02  1.090489E-02  5.157772E+01
    12.2000    1.094375E-02  1.094405E-02  5.182894E+01
    12.2500    1.060663E-02  1.093842E-02  5.208321E+01
    12.3000    9.531558E-03  1.088314E-02  5.233997E+01
    12.3500    7.792788E-03  1.077611E-02  5.259872E+01
    12.4000    5.531355E-03  1.061733E-02  5.285908E+01
    12.4500    2.938967E-03  1.040824E-02  5.312081E+01
    12.5000    2.364203E-04  1.015101E-02  5.338378E+01
    12.5500   -2.349680E-03  9.847996E-03  5.364799E+01
    12.6000   -4.608963E-03  9.501264E-03  5.391354E+01
    12.6500   -6.366359E-03  9.112374E-03  5.418058E+01
    12.7000   -7.497476E-03  8.682317E-03  5.444931E+01
    12.7500   -7.939931E-03  8.211669E-03  5.471990E+01
    12.8000   -7.700061E-03  7.700879E-03  5.499245E+01
    12.8500   -6.853906E-03  7.150671E-03  5.526698E+01
    12.9000   -5.540964E-03  6.562478E-03  5.554334E+01
    12.9500   -3.949532E-03  5.938859E-03  5.582113E+01
    13.0000   -2.293317E-03  5.292677E-03  5.610052E+01
    13.0500   -7.735939E-04  4.629505E-03  5.638078E+01
    13.1000    4.320666E-04  3.941583E-03  5.665851E+01
    13.1500    1.204106E-03  3.238235E-03  5.692966E+01
    13.2000    1.506477E-03  2.531736E-03  5.718598E+01
    13.2500    1.392873E-03  1.839210E-03  5.740787E+01
    13.3000    9.948548E-04  1.190985E-03  5.753738E+01
    13.3500    4.928470E-04  6.794855E-04  5.736017E+01
    13.4000    7.537560E-05  6.247609E-04  5.666961E+01
    13.4500   -1.046031E-04  1.012184E-03  5.644514E+01
    13.5000    3.405576E-05  1.463864E-03  5.657193E+01
    13.5500    4.810753E-04  1.871847E-03  5.680859E+01
    13.6000    1.137314E-03  2.206650E-03  5.709015E+01
    13.6500    1.839651E-03  2.455393E-03  5.739556E+01
    13.7000    2.402634E-03  2.611640E-03  5.771667E+01
    13.7500    2.666762E-03  2.673159E-03  5.805026E+01
    13.8000    2.541221E-03  2.641363E-03  5.839571E+01
    13.8500    2.029919E-03  2.521245E-03  5.875437E+01
    13.9000    1.233719E-03  2.321615E-03  5.913000E+01
    13.9500    3.277560E-04  2.055853E-03  5.953015E+01
    14.0000   -4.791056E-04  1.745967E-03  5.996823E+01
    14.0500   -1.000080E-03  1.420426E-03  6.047137E+01
    14.1000   -1.114544E-03  1.130213E-03  6.109435E+01
    14.1500   -7.956293E-04  9.783758E-04  6.188220E+01
    14.2000   -1.237734E-04  1.065199E-03  6.271539E+01
    14.2500    7.311781E-04  1.350962E-03  6.340375E+01
    14.3000    1.550436E-03  1.726159E-03  6.394751E+01
    14.3500    2.119096E-03  2.119114E-03  6.440680E+01
    14.4000    2.277958E-03  2.490957E-03  6.481920E+01
    14.4500    1.961326E-03  2.818102E-03  6.520367E+01
    14.5000    1.211471E-03  3.084618E-03  6.556983E+01
    14.5500    1.665709E-04  3.279415E-03  6.592263E+01
    14.6000   -9.743070E-04  3.395212E-03  6.626450E+01
    14.6500   -1.999832E-03  3.428181E-03  6.659629E+01
    14.7000   -2.736125E-03  3.377867E-03  6.691762E+01
    14.7500   -3.085117E-03  3.247285E-03  6.722688E+01
    14.8000   -3.042405E-03  3.043238E-03  6.752084E+01
    14.8500   -2.690934E-03  2.777047E-03  6.779392E+01
    14.9000   -2.173122E-03  2.466168E-03  6.803670E+01
    14.9500   -1.649382E-03  2.137650E-03  6.823371E+01
    15.0000   -1.255095E-03  1.833809E-03  6.836123E+01
    15.0500   -1.068351E-03  1.622061E-03  6.839603E+01
    15.1000   -1.085370E-03  1.587847E-03  6.836243E+01
    15.1500   -1.224727E-03  1.766593E-03  6.834902E+01
    15.2000   -1.350137E-03  2.110655E-03  6.842096E+01
    15.2500   -1.308733E-03  2.546425E-03  6.857526E+01
    15.3000   -9.742199E-04  3.018392E-03  6.878639E+01
    15.3500   -2.839753E-04  3.490904E-03  6.903360E+01
    15.4000    7.390432E-04  3.940648E-03  6.930370E+01
    15.4500    1.984804E-03  4.351600E-03  6.958866E+01
    15.5000    3.275295E-03  4.712464E-03  6.988350E+01
    15.5500    4.399510E-03  5.015410E-03  7.018503E+01
    15.6000    5.156128E-03  5.255410E-03  7.049115E+01
    15.6500    5.394259E-03  5.429846E-03  7.080039E+01
    15.7000    5.043522E-03  5.538226E-03  7.111172E+01
    15.7500    4.127531E-03  5.581939E-03  7.142439E+01
    15.8000    2.758803E-03  5.564020E-03  7.173784E+01
    15.8500    1.117184E-03  5.488908E-03  7.205166E+01
    15.9000   -5.828477E-04  5.362192E-03  7.236554E+01
    15.9500   -2.128824E-03  5.190358E-03  7.267925E+01
    16.0000   -3.345370E-03  4.983392E-03  7.299260E+01
    16.0500   -4.118447E-03  4.750610E-03  7.330564E+01
    16.1000   -4.395372E-03  4.493050E-03  7.361853E+01
    16.1500   -4.195435E-03  4.218180E-03  7.393132E+01
    16.2000   -3.596702E-03  3.933314E-03  7.424415E+01
    16.2500   -2.716965E-03  3.645465E-03  7.455724E+01
    16.3000   -1.691405E-03  3.361213E-03  7.487091E+01
    16.3500   -6.513336E-04  3.086610E-03  7.518561E+01
    16.4000    2.925432E-04  2.827112E-03  7.550189E+01
    16.4500    1.060317E-03  2.587535E-03  7.582044E+01
    16.5000    1.606075E-03  2.372040E-03  7.614202E+01
    16.5500    1.915071E-03  2.184130E-03  7.646742E+01
    16.6000    1.996834E-03  2.026653E-03  7.679727E+01
    16.6500    1.876630E-03  1.901799E-03  7.713189E+01
    16.7000    1.587563E-03  1.811063E-03  7.747108E+01
    16.7500    1.165044E-03  1.755186E-03  7.781397E+01
    16.8000    6.444225E-04  1.734074E-03  7.815906E+01
    16.8500    6.159077E-05  1.746740E-03  7.850455E+01
    16.9000   -5.445150E-04  1.791314E-03  7.884868E+01
    16.9500   -1.129188E-03  1.865115E-03  7.919012E+01
    17.0000   -1.639899E-03  1.963451E-03  7.952834E+01
    17.0500   -2.017262E-03  2.080672E-03  7.986310E+01
    17.1000   -2.207956E-03  2.215674E-03  8.019410E+01
    17.1500   -2.167029E-03  2.364225E-03  8.052194E+01
    17.2000   -1.867974E-03  2.521885E-03  8.084729E+01
    17.2500   -1.311744E-03  2.684077E-03  8.117079E+01
    17.3000   -5.330738E-04  2.846164E-03  8.149300E+01
    17.3500    3.980854E-04  3.003549E-03  8.181434E+01
    17.4000    1.381438E-03  3.151777E-03  8.213512E+01
    17.4500    2.297708E-03  3.286649E-03  8.245555E+01
    17.5000    3.025179E-03  3.404345E-03  8.277574E+01
    17.5500    3.458750E-03  3.501535E-03  8.309572E+01
    17.6000    3.527956E-03  3.575488E-03  8.341544E+01
    17.6500    3.210257E-03  3.624167E-03  8.373480E+01
    17.7000    2.536647E-03  3.646308E-03  8.405364E+01
    17.7500    1.588047E-03  3.641473E-03  8.437174E+01
    17.8000    4.828886E-04  3.610086E-03  8.468884E+01
    17.8500   -6.418369E-04  3.553431E-03  8.500462E+01
    17.9000   -1.652352E-03  3.473634E-03  8.531874E+01
    17.9500   -2.438366E-03  3.373608E-03  8.563081E+01
    18.0000   -2.929460E-03  3.257925E-03  8.594089E+01
    18.0500   -3.099512E-03  3.132144E-03  8.624932E+01
    18.1000   -2.959813E-03  2.998540E-03  8.655469E+01
    18.1500   -2.560707E-03  2.861969E-03  8.685675E+01
    18.2000   -1.973760E-03  2.727357E-03  8.715546E+01
    18.2500   -1.277053E-03  2.599457E-03  8.745104E+01
    18.3000   -5.429495E-04  2.482588E-03  8.774411E+01
    18.3500    1.692322E-04  2.380359E-03  8.803575E+01
    18.4000    8.148732E-04  2.295436E-03  8.832751E+01
    18.4500    1.361043E-03  2.229385E-03  8.862129E+01
    18.5000    1.781187E-03  2.182644E-03  8.891917E+01
    18.5500    2.050438E-03  2.154651E-03  8.922311E+01
    18.6000    2.144075E-03  2.144075E-03  8.953466E+01
    18.6500    2.040410E-03  2.149116E-03  8.985481E+01
    18.7000    1.727708E-03  2.167756E-03  9.018387E+01
    18.7500    1.213082E-03  2.197935E-03  9.052152E+01
    18.8000    5.302565E-04  2.237619E-03  9.086694E+01
    18.8500   -2.570267E-04  2.284781E-03  9.121892E+01
    18.9000   -1.058326E-03  2.337335E-03  9.157608E+01
    18.9500   -1.767186E-03  2.393073E-03  9.193697E+01
    19.0000   -2.279525E-03  2.451732E-03  9.229995E+01
    19.0500   -2.514011E-03  2.514247E-03  9.266329E+01
    19.1000   -2.416978E-03  2.572502E-03  9.302649E+01
    19.1500   -1.986943E-03  2.623861E-03  9.338867E+01
    19.2000   -1.274889E-03  2.665816E-03  9.374913E+01
    19.2500   -3.775428E-04  2.696118E-03  9.410729E+01
    19.3000    5.784397E-04  2.712898E-03  9.446265E+01
    19.3500    1.458195E-03  2.714780E-03  9.481481E+01
    19.4000    2.141736E-03  2.700957E-03  9.516342E+01
    19.4500    2.543572E-03  2.671253E-03  9.550814E+01
    19.5000    2.624961E-03  2.626149E-03  9.584866E+01
    19.5500    2.396696E-03  2.566771E-03  9.618465E+01
    19.6000    1.912576E-03  2.494857E-03  9.651583E+01
    19.6500    1.255789E-03  2.412678E-03  9.684194E+01
    19.7000    5.218401E-04  2.322930E-03  9.716279E+01
    19.7500   -1.979605E-04  2.228589E-03  9.747832E+01
    19.8000   -8.290987E-04  2.132735E-03  9.778865E+01
    19.8500   -1.320604E-03  2.038341E-03  9.809417E+01
    19.9000   -1.645792E-03  1.948056E-03  9.839563E+01
    19.9500   -1.798427E-03  1.863990E-03  9.869415E+01