# # tequil.ion_motion                                            FEFF 9.05   
# # POT  SCF  30  5.5000   1, core-hole, AFOLP (folp(0)= 1.150)
# # Abs   Z=30 Rmt= 1.285 Rnm= 1.412 K  shell
# # Pot 1 Z=26 Rmt= 1.284 Rnm= 1.393
# # Pot 2 Z= 8 Rmt= 0.966 Rnm= 1.086
# # Gam_ch=1.897E+00 H-L exch
# # Mu=-1.154E+01 kf=2.185E+00 Vint=-1.804E+01 Rs_int= 1.660
# # PATH  Rmax= 8.500,  Keep_limit= 0.00, Heap_limit 0.00  Pwcrit= 2.50%
#  S02=1.000                                        Global_sig2= 0.00000
#  Energy zero shift, vr, vi   -2.00000E+00   0.00000E+00
#  Curved wave amplitude ratio filter   4.000%
#     file         sig2 tot  cw amp ratio   deg  nlegs   reff  inp sig2
#           1       0.00000    100.00      1.00     2   1.9126
#           2       0.00000     98.06      1.00     2   1.9269
#           3       0.00000     80.13      1.00     2   2.0805
#           4       0.00000     59.98      1.00     2   2.3216
#           5       0.00000     55.68      1.00     2   2.3877
#           6       0.00000     53.73      1.00     2   2.4199
#           7       0.00000     31.19      1.00     2   2.8965
#           8       0.00000     30.40      1.00     2   2.9301
#           9       0.00000     27.50      1.00     2   3.0625
#          10       0.00000     27.29      1.00     2   3.0726
#          11       0.00000     24.47      1.00     2   3.2198
#          12       0.00000     23.79      1.00     2   3.2709
#          13       0.00000     23.11      1.00     2   3.2983
#          14       0.00000     22.65      1.00     2   3.3263
#          15       0.00000     13.02      2.00     3   3.3705
#          16       0.00000     10.59      2.00     3   3.4537
#          17       0.00000     20.15      1.00     2   3.4732
#          18       0.00000      8.82      2.00     3   3.4948
#          19       0.00000     19.23      1.00     2   3.5321
#          20       0.00000     18.99      1.00     2   3.5481
#          21       0.00000     10.86      2.00     3   3.5520
#          22       0.00000      9.73      2.00     3   3.5646
#          23       0.00000     18.73      1.00     2   3.5653
#          24       0.00000     17.09      2.00     3   3.5688
#          25       0.00000     10.29      2.00     3   3.5716
#          26       0.00000     14.14      2.00     3   3.5787
#          27       0.00000      8.31      2.00     3   3.5827
#          28       0.00000      8.06      2.00     3   3.5896
#          29       0.00000      6.82      2.00     3   3.5916
#          30       0.00000     18.28      1.00     2   3.5963
#          31       0.00000     18.54      1.00     2   3.6093
#          32       0.00000      7.24      2.00     3   3.6434
#          33       0.00000      8.82      2.00     3   3.6462
#          34       0.00000      9.56      2.00     3   3.6599
#          35       0.00000      7.95      2.00     3   3.6870
#          36       0.00000      7.71      2.00     3   3.7040
#          37       0.00000     12.24      2.00     3   3.7061
#          38       0.00000      7.11      2.00     3   3.7079
#          39       0.00000     17.09      1.00     2   3.7277
#          40       0.00000     16.71      1.00     2   3.7605
#          41       0.00000      6.38      2.00     3   3.7615
#          42       0.00000      5.97      2.00     3   3.8032
#          43       0.00000     14.90      2.00     3   3.8045
#          44       0.00000     11.92      1.00     4   3.8252
#          45       0.00000     15.97      1.00     2   3.8272
#          46       0.00000     15.96      1.00     2   3.8285
#          47       0.00000     15.28      1.00     2   3.8320
#          48       0.00000     15.25      1.00     2   3.8347
#          49       0.00000      4.84      1.00     4   3.8392
#          51       0.00000      6.57      1.00     4   3.8445
#          52       0.00000     11.43      1.00     4   3.8537
#          53       0.00000     10.75      2.00     3   3.8582
#          54       0.00000     14.70      1.00     2   3.8846
#          55       0.00000      4.47      1.00     4   3.9377
#          56       0.00000     14.59      1.00     2   3.9628
#          57       0.00000     12.70      2.00     3   3.9775
#          58       0.00000      5.33      1.00     4   3.9773
#          59       0.00000     12.63      2.00     3   3.9874
#          61       0.00000      5.70      1.00     4   3.9997
#          63       0.00000      4.71      1.00     4   4.0414
#          64       0.00000     11.50      2.00     3   4.0490
#          65       0.00000      8.56      2.00     3   4.0855
#          67       0.00000     11.50      2.00     3   4.1519
#          68       0.00000      7.49      1.00     4   4.1610
#          69       0.00000     11.93      1.00     2   4.1766
#          70       0.00000     11.91      1.00     2   4.1794
#          71       0.00000     20.48      2.00     3   4.1854
#          72       0.00000      7.49      2.00     3   4.1980
#          73       0.00000      7.53      2.00     3   4.1997
#          74       0.00000     11.64      1.00     2   4.2130
#          76       0.00000      7.26      2.00     3   4.2226
#          78       0.00000      7.26      2.00     3   4.2327
#          79       0.00000     19.57      2.00     4   4.2342
#          80       0.00000      4.28      1.00     4   4.2694
#          81       0.00000      6.82      2.00     3   4.2725
#          82       0.00000      8.44      2.00     3   4.2826
#          83       0.00000      6.31      2.00     3   4.2876
#          84       0.00000     23.92      2.00     3   4.2955
#          85       0.00000     19.17      2.00     3   4.3119
#          86       0.00000      7.88      2.00     3   4.3210
#          87       0.00000      8.18      2.00     3   4.3364
#          88       0.00000      4.18      1.00     4   4.3409
#          89       0.00000      6.31      2.00     3   4.3427
#          90       0.00000     18.77      2.00     4   4.3467
#          91       0.00000     10.55      1.00     2   4.3562
#          92       0.00000     14.85      1.00     4   4.3781
#          93       0.00000     10.27      1.00     2   4.3965
#          94       0.00000     15.65      2.00     3   4.4037
#          95       0.00000     10.16      1.00     2   4.4138
#          96       0.00000      9.79      1.00     2   4.4685
#          97       0.00000     13.58      2.00     4   4.4682
#          98       0.00000     21.01      2.00     3   4.4894
#          99       0.00000      9.49      1.00     2   4.5161
#         100       0.00000     16.88      2.00     3   4.5217
#         101       0.00000      9.45      1.00     2   4.5231
#         102       0.00000     12.92      1.00     4   4.5651
#         103       0.00000      4.71      2.00     3   4.5844
#         104       0.00000     15.73      2.00     3   4.5970
#         105       0.00000      8.99      1.00     2   4.6001
#         106       0.00000      4.57      2.00     3   4.6048
#         107       0.00000      4.50      2.00     3   4.6060
#         108       0.00000      6.62      2.00     3   4.6203
#         109       0.00000      6.28      2.00     3   4.6381
#         110       0.00000      4.14      1.00     4   4.6432
#         112       0.00000      4.40      2.00     3   4.6453
#         113       0.00000      8.72      1.00     2   4.6472
#         114       0.00000      9.44      1.00     4   4.6468
#         115       0.00000      8.66      1.00     2   4.6571
#         116       0.00000      4.23      2.00     3   4.6740
#         117       0.00000      8.52      1.00     2   4.6838
#         118       0.00000      8.50      1.00     2   4.6870
#         119       0.00000      5.47      2.00     3   4.6972
#         120       0.00000      5.48      2.00     3   4.6984
#         121       0.00000      8.40      1.00     2   4.7051
#         122       0.00000     18.36      2.00     3   4.7099
#         123       0.00000     11.12      2.00     3   4.7257
#         124       0.00000      8.69      1.00     4   4.7254
#         127       0.00000      8.22      1.00     2   4.7392
#         128       0.00000      6.59      2.00     3   4.7533
#         129       0.00000      8.08      2.00     3   4.7678
#         130       0.00000     11.08      1.00     4   4.7725
#         132       0.00000      4.89      2.00     3   4.7881
#         134       0.00000      8.70      1.00     2   4.7944
#         135       0.00000      4.43      2.00     3   4.7950
#         136       0.00000     10.67      2.00     3   4.7993
#         138       0.00000     12.40      2.00     3   4.8089
#         140       0.00000      7.81      1.00     2   4.8202
#         141       0.00000      7.59      2.00     3   4.8301
#         142       0.00000      5.84      2.00     3   4.8395
#         144       0.00000      6.21      2.00     4   4.8427
#         146       0.00000      4.98      2.00     3   4.8630
#         147       0.00000      8.30      1.00     2   4.8744
#         148       0.00000     12.32      2.00     3   4.8776
#         149       0.00000     10.96      2.00     3   4.8780
#         150       0.00000      6.52      2.00     3   4.8889
#         151       0.00000      6.80      2.00     3   4.8916
#         153       0.00000      5.32      1.00     4   4.9283
#         154       0.00000      7.23      1.00     2   4.9452
#         155       0.00000      7.89      2.00     3   4.9519
#         157       0.00000      6.49      1.00     4   4.9608
#         158       0.00000      6.08      1.00     4   4.9609
#         159       0.00000      7.15      1.00     2   4.9644
#         160       0.00000      7.58      2.00     3   4.9661
#         162       0.00000     17.01      2.00     3   4.9856
#         163       0.00000      7.77      1.00     2   4.9892
#         164       0.00000      4.81      2.00     4   4.9893
#         165       0.00000      5.07      1.00     4   4.9984
#         166       0.00000     10.58      1.00     4   5.0068
#         167       0.00000      8.38      2.00     3   5.0146
#         168       0.00000      4.45      2.00     4   5.0216
#         170       0.00000      6.79      2.00     3   5.0418
#         171       0.00000      5.42      1.00     4   5.0509
#         172       0.00000      7.72      2.00     3   5.0602
#         174       0.00000      7.39      2.00     3   5.0808
#         178       0.00000      6.09      2.00     3   5.1535
#         179       0.00000      4.06      1.00     4   5.1548
#         180       0.00000      7.41      2.00     3   5.1805
#         181       0.00000      5.53      2.00     4   5.1835
#         182       0.00000      6.91      1.00     2   5.1981
#         183       0.00000      6.19      1.00     2   5.2041
#         184       0.00000     15.16      2.00     3   5.2098
#         186       0.00000      9.43      1.00     4   5.2154
#         188       0.00000      6.12      1.00     2   5.2221
#         191       0.00000      6.01      1.00     2   5.2535
#         192       0.00000      7.46      2.00     3   5.2549
#         193       0.00000     14.12      2.00     3   5.2656
#         194       0.00000      8.53      1.00     4   5.2777
#         196       0.00000      6.51      1.00     2   5.3060
#         197       0.00000      8.26      2.00     3   5.3096
#         204       0.00000      6.31      1.00     2   5.3619
#         205       0.00000      5.64      1.00     2   5.3626
#         206       0.00000      6.25      1.00     2   5.3813
#         207       0.00000      6.21      1.00     2   5.3915
#         208       0.00000      5.99      2.00     3   5.3942
#         210       0.00000      4.03      1.00     4   5.4212
#         211       0.00000      4.89      2.00     3   5.4261
#         215       0.00000      6.27      2.00     3   5.4586
#         217       0.00000      5.14      2.00     3   5.4645
#         218       0.00000      5.94      1.00     2   5.4732
#         219       0.00000      6.36      2.00     3   5.4941
#         220       0.00000      5.27      2.00     3   5.5081
#         221       0.00000      4.13      2.00     3   5.5156
#         222       0.00000      5.15      1.00     2   5.5221
#         223       0.00000      4.16      2.00     4   5.5232
#         224       0.00000      5.77      1.00     2   5.5276
#         225       0.00000      5.12      1.00     2   5.5310
#         226       0.00000      5.20      2.00     3   5.5381
#         228       0.00000      4.49      2.00     4   5.5536
#         229       0.00000      4.23      2.00     3   5.5562
#         230       0.00000      5.04      1.00     2   5.5602
#         231       0.00000      4.53      2.00     3   5.5794
#         232       0.00000      4.97      1.00     2   5.5834
#         233       0.00000      5.91      2.00     3   5.5873
#         235       0.00000      4.04      2.00     3   5.5924
#         236       0.00000      6.35      2.00     3   5.5942
#         240       0.00000      5.52      1.00     2   5.6118
#         244       0.00000      5.46      1.00     2   5.6330
#         245       0.00000      4.84      1.00     2   5.6330
#         249       0.00000      4.30      2.00     3   5.6525
#         251       0.00000      4.76      1.00     2   5.6603
#         252       0.00000      4.74      1.00     2   5.6699
#         254       0.00000      4.76      2.00     3   5.6765
#         257       0.00000      4.35      2.00     3   5.7025
#         258       0.00000      4.65      1.00     2   5.7039
#         259       0.00000      5.24      2.00     3   5.7088
#         260       0.00000      4.00      2.00     3   5.7142
#         265       0.00000      4.35      2.00     3   5.7446
#         269       0.00000      4.53      2.00     3   5.7846
#         270       0.00000      5.04      1.00     2   5.7849
#         274       0.00000      4.64      2.00     3   5.7972
#         277       0.00000      4.82      2.00     3   5.8096
#         279       0.00000      4.37      2.00     3   5.8125
#         282       0.00000      4.37      2.00     3   5.8306
#         284       0.00000      7.16      2.00     3   5.8443
#         285       0.00000      4.89      1.00     2   5.8458
#         287       0.00000      4.29      1.00     2   5.8521
#         289       0.00000      4.86      1.00     2   5.8577
#         290       0.00000      4.85      1.00     2   5.8612
#         293       0.00000      4.26      1.00     2   5.8637
#         296       0.00000      8.64      2.00     3   5.8943
#         302       0.00000      4.71      1.00     2   5.9205
#         304       0.00000      6.94      2.00     3   5.9269
#         306       0.00000      4.18      1.00     4   5.9273
#         308       0.00000      4.28      2.00     3   5.9361
#         309       0.00000      4.64      1.00     2   5.9467
#         310       0.00000      4.06      1.00     2   5.9535
#   226/ 286 paths used
#  -----------------------------------------------------------------------
#       k          chi          mag           phase @#
    -0.7000   -4.776471E-01  4.795110E-01 -1.658995E+00
    -0.6500   -4.608341E-01  4.620356E-01 -1.642928E+00
    -0.6000   -4.514915E-01  4.522142E-01 -1.627342E+00
    -0.5500   -4.471737E-01  4.475243E-01 -1.610381E+00
    -0.5000   -4.464683E-01  4.465782E-01 -1.592982E+00
    -0.4500   -4.481102E-01  4.481133E-01 -1.574535E+00
    -0.4000   -4.507985E-01  4.508458E-01 -1.556314E+00
    -0.3500   -4.549412E-01  4.551944E-01 -1.537440E+00
    -0.3000   -4.588702E-01  4.594687E-01 -1.519753E+00
    -0.2500   -4.623064E-01  4.633437E-01 -1.503870E+00
    -0.2000   -4.651276E-01  4.666391E-01 -1.490285E+00
    -0.1500   -4.678396E-01  4.698336E-01 -1.478633E+00
    -0.1000   -4.699128E-01  4.723168E-01 -1.469861E+00
    -0.0500   -4.711443E-01  4.738184E-01 -1.464503E+00
     0.0000   -4.715523E-01  4.743207E-01 -1.462702E+00
     0.0500   -4.719589E-01  4.748237E-01 -1.460893E+00
     0.1000   -4.731700E-01  4.763368E-01 -1.455421E+00
     0.1500   -4.751550E-01  4.788699E-01 -1.446156E+00
     0.2000   -4.778515E-01  4.824316E-01 -1.432891E+00
     0.2500   -4.811480E-01  4.870193E-01 -1.415362E+00
     0.3000   -4.848666E-01  4.926082E-01 -1.393274E+00
     0.3500   -4.890621E-01  4.995244E-01 -1.365770E+00
     0.4000   -4.942347E-01  5.088370E-01 -1.330648E+00
     0.4500   -4.986767E-01  5.191000E-01 -1.289356E+00
     0.5000   -5.016490E-01  5.300991E-01 -1.241687E+00
     0.5500   -5.028233E-01  5.424457E-01 -1.186216E+00
     0.6000   -5.014750E-01  5.568885E-01 -1.120905E+00
     0.6500   -4.950763E-01  5.712649E-01 -1.048411E+00
     0.7000   -4.824616E-01  5.857765E-01 -9.677777E-01
     0.7500   -4.619893E-01  6.015621E-01 -8.756856E-01
     0.8000   -4.318273E-01  6.160020E-01 -7.768212E-01
     0.8500   -3.907698E-01  6.299280E-01 -6.691766E-01
     0.9000   -3.374407E-01  6.431292E-01 -5.523459E-01
     0.9500   -2.724909E-01  6.536765E-01 -4.299870E-01
     1.0000   -1.944699E-01  6.631309E-01 -2.976352E-01
     1.0500   -1.066447E-01  6.694342E-01 -1.599874E-01
     1.1000   -1.093959E-02  6.728388E-01 -1.625958E-02
     1.1500    8.992330E-02  6.733535E-01  1.339456E-01
     1.2000    1.897454E-01  6.699441E-01  2.871559E-01
     1.2500    2.870005E-01  6.637619E-01  4.471358E-01
     1.3000    3.737693E-01  6.536034E-01  6.087708E-01
     1.3500    4.478653E-01  6.403654E-01  7.745441E-01
     1.4000    5.044795E-01  6.238208E-01  9.419268E-01
     1.4500    5.416996E-01  6.044589E-01  1.111067E+00
     1.5000    5.585020E-01  5.826932E-01  1.281636E+00
     1.5500    5.548981E-01  5.588386E-01  1.451973E+00
     1.6000    5.328711E-01  5.336111E-01  1.623468E+00
     1.6500    4.948126E-01  5.073170E-01  1.793283E+00
     1.7000    4.439400E-01  4.807062E-01  1.964444E+00
     1.7500    3.840146E-01  4.540663E-01  2.133673E+00
     1.8000    3.178731E-01  4.278475E-01  2.304112E+00
     1.8500    2.491117E-01  4.023390E-01  2.473922E+00
     1.9000    1.789616E-01  3.774770E-01  2.647652E+00
     1.9500    1.103978E-01  3.533892E-01  2.823877E+00
     2.0000    4.582932E-02  3.300683E-01  3.002295E+00
     2.0500   -1.310558E-02  3.072965E-01  3.184254E+00
     2.1000   -6.471309E-02  2.838055E-01  3.371635E+00
     2.1500   -1.066409E-01  2.592486E-01  3.565523E+00
     2.2000   -1.371569E-01  2.345497E-01  3.766185E+00
     2.2500   -1.549888E-01  2.094740E-01  3.974507E+00
     2.3000   -1.587866E-01  1.830611E-01  4.191539E+00
     2.3500   -1.465724E-01  1.531709E-01  4.417796E+00
     2.4000   -1.225394E-01  1.227663E-01  4.651577E+00
     2.4500   -9.106468E-02  9.256182E-02  4.892491E+00
     2.5000   -5.784179E-02  6.349330E-02  5.137506E+00
     2.5500   -3.212336E-02  3.832380E-02  5.289194E+00
     2.6000   -1.407698E-02  1.596230E-02  5.203331E+00
     2.6500   -5.579369E-03  1.127996E-02  3.658998E+00
     2.7000   -6.588201E-03  2.754540E-02  3.383110E+00
     2.7500   -1.294613E-02  4.035703E-02  3.468156E+00
     2.8000   -2.381032E-02  5.156056E-02  3.621609E+00
     2.8500   -3.752879E-02  6.114830E-02  3.802374E+00
     2.9000   -5.204583E-02  6.903886E-02  3.995514E+00
     2.9500   -6.554887E-02  7.562595E-02  4.190243E+00
     3.0000   -7.655610E-02  8.075461E-02  4.388513E+00
     3.0500   -8.375169E-02  8.439188E-02  4.589137E+00
     3.1000   -8.638078E-02  8.664472E-02  4.790464E+00
     3.1500   -8.401530E-02  8.744026E-02  4.993200E+00
     3.2000   -7.701153E-02  8.705104E-02  5.197397E+00
     3.2500   -6.628395E-02  8.579870E-02  5.400335E+00
     3.3000   -5.294037E-02  8.384565E-02  5.599825E+00
     3.3500   -3.790514E-02  8.110883E-02  5.796909E+00
     3.4000   -2.224229E-02  7.764347E-02  5.992648E+00
     3.4500   -7.213214E-03  7.373403E-02  6.185201E+00
     3.5000    6.336547E-03  6.955583E-02  6.374412E+00
     3.5500    1.784217E-02  6.518642E-02  6.560433E+00
     3.6000    2.694300E-02  6.068941E-02  6.743186E+00
     3.6500    3.358867E-02  5.623369E-02  6.923322E+00
     3.7000    3.789621E-02  5.188817E-02  7.102011E+00
     3.7500    4.003283E-02  4.764411E-02  7.280924E+00
     3.8000    4.012038E-02  4.343898E-02  7.460561E+00
     3.8500    3.841290E-02  3.929120E-02  7.642146E+00
     3.9000    3.514876E-02  3.516109E-02  7.827500E+00
     3.9500    3.053661E-02  3.094999E-02  8.017604E+00
     4.0000    2.488721E-02  2.656659E-02  8.211450E+00
     4.0500    1.873864E-02  2.208425E-02  8.411620E+00
     4.1000    1.261485E-02  1.748496E-02  8.618857E+00
     4.1500    7.137833E-03  1.276419E-02  8.831348E+00
     4.2000    2.975711E-03  7.920692E-03  9.039639E+00
     4.2500    5.772894E-04  3.154784E-03  9.240752E+00
     4.3000    1.398074E-04  1.453091E-03  6.379548E+00
     4.3500    1.649829E-03  5.855400E-03  6.568815E+00
     4.4000    4.977941E-03  1.009478E-02  6.798858E+00
     4.4500    9.338993E-03  1.390807E-02  7.019390E+00
     4.5000    1.403099E-02  1.723944E-02  7.234000E+00
     4.5500    1.841180E-02  2.007810E-02  7.443701E+00
     4.6000    2.205429E-02  2.251125E-02  7.652149E+00
     4.6500    2.446751E-02  2.446767E-02  7.850419E+00
     4.7000    2.558324E-02  2.602279E-02  8.038040E+00
     4.7500    2.553312E-02  2.729689E-02  8.215430E+00
     4.8000    2.455490E-02  2.851085E-02  8.387058E+00
     4.8500    2.278303E-02  2.969994E-02  8.550459E+00
     4.9000    2.032332E-02  3.098702E-02  8.709449E+00
     4.9500    1.712477E-02  3.245493E-02  8.868949E+00
     5.0000    1.293982E-02  3.420709E-02  9.036842E+00
     5.0500    7.586593E-03  3.610532E-02  9.213076E+00
     5.1000    9.438939E-04  3.804283E-02  9.399964E+00
     5.1500   -6.884767E-03  3.987692E-02  9.598298E+00
     5.2000   -1.560384E-02  4.156295E-02  9.809635E+00
     5.2500   -2.438299E-02  4.283912E-02  1.003028E+01
     5.3000   -3.226094E-02  4.356687E-02  1.025858E+01
     5.3500   -3.822982E-02  4.363321E-02  1.049262E+01
     5.4000   -4.155975E-02  4.304567E-02  1.073206E+01
     5.4500   -4.166380E-02  4.167515E-02  1.097224E+01
     5.5000   -3.861237E-02  3.951836E-02  1.121012E+01
     5.5500   -3.303472E-02  3.661992E-02  1.144177E+01
     5.6000   -2.603374E-02  3.313683E-02  1.166263E+01
     5.6500   -1.887960E-02  2.917506E-02  1.186258E+01
     5.7000   -1.281767E-02  2.498154E-02  1.202760E+01
     5.7500   -8.742518E-03  2.094863E-02  1.213586E+01
     5.8000   -7.010598E-03  1.776849E-02  1.216079E+01
     5.8500   -7.283766E-03  1.620812E-02  1.210029E+01
     5.9000   -8.701751E-03  1.680916E-02  1.202223E+01
     5.9500   -1.008333E-02  1.923462E-02  1.201456E+01
     6.0000   -1.014533E-02  2.271546E-02  1.210338E+01
     6.0500   -7.990892E-03  2.642712E-02  1.225919E+01
     6.1000   -3.286767E-03  2.991092E-02  1.245626E+01
     6.1500    3.668164E-03  3.289759E-02  1.267811E+01
     6.2000    1.201026E-02  3.522511E-02  1.291431E+01
     6.2500    2.052566E-02  3.680510E-02  1.315796E+01
     6.3000    2.794619E-02  3.760766E-02  1.340406E+01
     6.3500    3.324701E-02  3.765456E-02  1.364848E+01
     6.4000    3.586811E-02  3.701638E-02  1.388744E+01
     6.4500    3.580412E-02  3.581127E-02  1.411718E+01
     6.5000    3.362380E-02  3.429375E-02  1.433515E+01
     6.5500    3.006185E-02  3.262363E-02  1.453610E+01
     6.6000    2.594509E-02  3.102669E-02  1.471761E+01
     6.6500    2.190527E-02  2.975450E-02  1.488052E+01
     6.7000    1.819860E-02  2.901963E-02  1.503012E+01
     6.7500    1.467618E-02  2.893880E-02  1.517609E+01
     6.8000    1.089014E-02  2.949465E-02  1.532979E+01
     6.8500    6.299464E-03  3.054553E-02  1.550024E+01
     6.9000    5.112078E-04  3.187694E-02  1.569193E+01
     6.9500   -6.517325E-03  3.326002E-02  1.590519E+01
     7.0000   -1.446410E-02  3.459208E-02  1.613935E+01
     7.0500   -2.246139E-02  3.563306E-02  1.638997E+01
     7.1000   -2.937352E-02  3.623289E-02  1.665329E+01
     7.1500   -3.409010E-02  3.632110E-02  1.692644E+01
     7.2000   -3.577498E-02  3.586726E-02  1.720701E+01
     7.2500   -3.407885E-02  3.487572E-02  1.749294E+01
     7.3000   -2.923509E-02  3.338048E-02  1.778244E+01
     7.3500   -2.201447E-02  3.144000E-02  1.807387E+01
     7.4000   -1.355317E-02  2.913212E-02  1.836566E+01
     7.4500   -5.102308E-03  2.654900E-02  1.865617E+01
     7.5000    2.221787E-03  2.383475E-02  1.894291E+01
     7.5500    7.690685E-03  2.105288E-02  1.922351E+01
     7.6000    1.101044E-02  1.828800E-02  1.949563E+01
     7.6500    1.231883E-02  1.564200E-02  1.975638E+01
     7.7000    1.207270E-02  1.320749E-02  2.000279E+01
     7.7500    1.086706E-02  1.106130E-02  2.023267E+01
     7.8000    9.252389E-03  9.255514E-03  2.044634E+01
     7.8500    7.602753E-03  7.806252E-03  2.064919E+01
     7.9000    6.067022E-03  6.684876E-03  2.085368E+01
     7.9500    4.606644E-03  5.822037E-03  2.107831E+01
     8.0000    3.106412E-03  5.127274E-03  2.134030E+01
     8.0500    1.475183E-03  4.525209E-03  2.165909E+01
     8.1000   -2.529869E-04  3.997876E-03  2.205447E+01
     8.1500   -1.881121E-03  3.597012E-03  2.254148E+01
     8.2000   -3.095311E-03  3.434951E-03  2.311350E+01
     8.2500   -3.564830E-03  3.608838E-03  2.371827E+01
     8.3000   -3.065807E-03  4.099304E-03  2.428787E+01
     8.3500   -1.584064E-03  4.784125E-03  2.479526E+01
     8.4000    6.415119E-04  5.525226E-03  2.524911E+01
     8.4500    3.154937E-03  6.210140E-03  2.566564E+01
     8.5000    5.390892E-03  6.738049E-03  2.606015E+01
     8.5500    6.814046E-03  7.057749E-03  2.643998E+01
     8.6000    7.097462E-03  7.136204E-03  2.680779E+01
     8.6500    6.217317E-03  6.945454E-03  2.716554E+01
     8.7000    4.464591E-03  6.473155E-03  2.751325E+01
     8.7500    2.364804E-03  5.722509E-03  2.784832E+01
     8.8000    5.243466E-04  4.713055E-03  2.816285E+01
     8.8500   -5.520912E-04  3.485466E-03  2.843340E+01
     8.9000   -6.182531E-04  2.132297E-03  2.856851E+01
     8.9500    2.312462E-04  1.113745E-03  2.806518E+01
     9.0000    1.583574E-03  1.904168E-03  2.729229E+01
     9.0500    2.815284E-03  3.528174E-03  2.735046E+01
     9.1000    3.278074E-03  5.254124E-03  2.760060E+01
     9.1500    2.506136E-03  6.939976E-03  2.790487E+01
     9.2000    3.682857E-04  8.511662E-03  2.823105E+01
     9.2500   -2.870100E-03  9.912299E-03  2.856809E+01
     9.3000   -6.597885E-03  1.109549E-02  2.891116E+01
     9.3500   -1.000938E-02  1.202472E-02  2.925776E+01
     9.4000   -1.231429E-02  1.267378E-02  2.960638E+01
     9.4500   -1.294736E-02  1.302728E-02  2.995595E+01
     9.5000   -1.172682E-02  1.309295E-02  3.030601E+01
     9.5500   -8.874438E-03  1.287501E-02  3.065544E+01
     9.6000   -4.971837E-03  1.237949E-02  3.100264E+01
     9.6500   -8.123407E-04  1.163183E-02  3.134603E+01
     9.7000    2.817566E-03  1.066671E-02  3.168324E+01
     9.7500    5.337625E-03  9.527653E-03  3.201058E+01
     9.8000    6.507055E-03  8.267569E-03  3.232195E+01
     9.8500    6.455991E-03  6.951555E-03  3.260685E+01
     9.9000    5.609738E-03  5.665103E-03  3.284680E+01
     9.9500    4.531861E-03  4.533225E-03  3.301125E+01
    10.0000    3.744882E-03  3.757169E-03  3.306762E+01
    10.0500    3.546272E-03  3.551892E-03  3.304299E+01
    10.1000    3.928271E-03  3.939120E-03  3.306096E+01
    10.1500    4.595353E-03  4.698228E-03  3.319638E+01
    10.2000    5.058129E-03  5.600611E-03  3.343049E+01
    10.2500    4.803506E-03  6.513957E-03  3.372828E+01
    10.3000    3.478820E-03  7.373117E-03  3.406616E+01
    10.3500    1.033204E-03  8.148038E-03  3.443037E+01
    10.4000   -2.228289E-03  8.826984E-03  3.481272E+01
    10.4500   -5.696791E-03  9.407954E-03  3.520795E+01
    10.5000   -8.605778E-03  9.893680E-03  3.561237E+01
    10.5500   -1.023144E-02  1.028829E-02  3.602314E+01
    10.6000   -1.009122E-02  1.059501E-02  3.643793E+01
    10.6500   -8.084407E-03  1.081470E-02  3.685476E+01
    10.7000   -4.534749E-03  1.094523E-02  3.727192E+01
    10.7500   -1.223022E-04  1.098164E-02  3.768797E+01
    10.8000    4.277479E-03  1.091689E-02  3.810172E+01
    10.8500    7.804009E-03  1.074315E-02  3.851221E+01
    10.9000    9.814898E-03  1.045318E-02  3.891865E+01
    10.9500    1.002899E-02  1.004178E-02  3.932039E+01
    11.0000    8.589160E-03  9.527448E-03  3.971744E+01
    11.0500    5.954193E-03  8.911435E-03  4.010898E+01
    11.1000    2.784296E-03  8.176161E-03  4.049322E+01
    11.1500   -2.037085E-04  7.332451E-03  4.086849E+01
    11.2000   -2.439698E-03  6.396946E-03  4.123200E+01
    11.2500   -3.627847E-03  5.392683E-03  4.157860E+01
    11.3000   -3.789896E-03  4.350710E-03  4.189814E+01
    11.3500   -3.217941E-03  3.315378E-03  4.216846E+01
    11.4000   -2.356204E-03  2.362839E-03  4.233654E+01
    11.4500   -1.650220E-03  1.663236E-03  4.228632E+01
    11.5000   -1.408955E-03  1.534123E-03  4.200475E+01
    11.5500   -1.719147E-03  1.983130E-03  4.188963E+01
    11.6000   -2.433913E-03  2.631602E-03  4.202142E+01
    11.6500   -3.234872E-03  3.265214E-03  4.227507E+01
    11.7000   -3.745505E-03  3.803602E-03  4.258651E+01
    11.7500   -3.659363E-03  4.212689E-03  4.292982E+01
    11.8000   -2.843859E-03  4.477905E-03  4.329418E+01
    11.8500   -1.389052E-03  4.596534E-03  4.367530E+01
    11.9000    4.118882E-04  4.575386E-03  4.407244E+01
    11.9500    2.143322E-03  4.430267E-03  4.448728E+01
    12.0000    3.390666E-03  4.193604E-03  4.492395E+01
    12.0500    3.849319E-03  3.902141E-03  4.538837E+01
    12.1000    3.394127E-03  3.592745E-03  4.588716E+01
    12.1500    2.136932E-03  3.323340E-03  4.642547E+01
    12.2000    3.911920E-04  3.156271E-03  4.699963E+01
    12.2500   -1.411108E-03  3.138485E-03  4.759022E+01
    12.3000   -2.831795E-03  3.277263E-03  4.816720E+01
    12.3500   -3.536430E-03  3.536706E-03  4.870717E+01
    12.4000   -3.372219E-03  3.859703E-03  4.920273E+01
    12.4500   -2.394637E-03  4.190927E-03  4.965729E+01
    12.5000   -8.387375E-04  4.486978E-03  5.007745E+01
    12.5500    9.534081E-04  4.717783E-03  5.046897E+01
    12.6000    2.626230E-03  4.865375E-03  5.083566E+01
    12.6500    3.898052E-03  4.922680E-03  5.117932E+01
    12.7000    4.618943E-03  4.892924E-03  5.150005E+01
    12.7500    4.785816E-03  4.789613E-03  5.179646E+01
    12.8000    4.514778E-03  4.636821E-03  5.206622E+01
    12.8500    3.983138E-03  4.469166E-03  5.230698E+01
    12.9000    3.361387E-03  4.330038E-03  5.251831E+01
    12.9500    2.756874E-03  4.265780E-03  5.270438E+01
    13.0000    2.184634E-03  4.323069E-03  5.287730E+01
    13.0500    1.568568E-03  4.522454E-03  5.305288E+01
    13.1000    7.942780E-04  4.842441E-03  5.324231E+01
    13.1500   -2.411748E-04  5.254138E-03  5.345299E+01
    13.2000   -1.576295E-03  5.719250E-03  5.368630E+01
    13.2500   -3.149155E-03  6.199179E-03  5.393993E+01
    13.3000   -4.792064E-03  6.659800E-03  5.421023E+01
    13.3500   -6.259510E-03  7.073101E-03  5.449351E+01
    13.4000   -7.282055E-03  7.417365E-03  5.478657E+01
    13.4500   -7.631374E-03  7.676843E-03  5.508676E+01
    13.5000   -7.178612E-03  7.841319E-03  5.539196E+01
    13.5500   -5.930306E-03  7.905660E-03  5.570040E+01
    13.6000   -4.032576E-03  7.869362E-03  5.601064E+01
    13.6500   -1.743000E-03  7.736084E-03  5.632141E+01
    13.7000    6.219445E-04  7.513136E-03  5.663154E+01
    13.7500    2.750066E-03  7.210942E-03  5.693995E+01
    13.8000    4.391632E-03  6.842452E-03  5.724554E+01
    13.8500    5.399256E-03  6.422525E-03  5.754720E+01
    13.9000    5.741947E-03  5.967297E-03  5.784377E+01
    13.9500    5.492927E-03  5.493513E-03  5.813407E+01
    14.0000    4.805450E-03  5.025471E-03  5.841646E+01
    14.0500    3.857871E-03  4.583120E-03  5.868973E+01
    14.1000    2.796910E-03  4.166839E-03  5.895439E+01
    14.1500    1.746896E-03  3.787420E-03  5.921087E+01
    14.2000    7.856992E-04  3.452245E-03  5.946066E+01
    14.2500   -5.138414E-05  3.164617E-03  5.970650E+01
    14.3000   -7.573876E-04  2.923536E-03  5.995232E+01
    14.3500   -1.335800E-03  2.724209E-03  6.020275E+01
    14.4000   -1.785631E-03  2.559326E-03  6.046244E+01
    14.4500   -2.093970E-03  2.420823E-03  6.073538E+01
    14.5000   -2.237494E-03  2.301598E-03  6.102449E+01
    14.5500   -2.191282E-03  2.196736E-03  6.133154E+01
    14.6000   -1.941132E-03  2.104059E-03  6.165718E+01
    14.6500   -1.494773E-03  2.023993E-03  6.200097E+01
    14.7000   -8.881302E-04  1.958908E-03  6.236130E+01
    14.7500   -1.845256E-04  1.912063E-03  6.273520E+01
    14.8000    5.330831E-04  1.886377E-03  6.311835E+01
    14.8500    1.174840E-03  1.883294E-03  6.350548E+01
    14.9000    1.658567E-03  1.902096E-03  6.389106E+01
    14.9500    1.922895E-03  1.939864E-03  6.427028E+01
    15.0000    1.938671E-03  1.995009E-03  6.464086E+01
    15.0500    1.707353E-03  2.065988E-03  6.500074E+01
    15.1000    1.256537E-03  2.141974E-03  6.534656E+01
    15.1500    6.440753E-04  2.217466E-03  6.567874E+01
    15.2000   -5.662278E-05  2.287715E-03  6.599820E+01
    15.2500   -7.666666E-04  2.348768E-03  6.630595E+01
    15.3000   -1.411377E-03  2.397428E-03  6.660290E+01
    15.3500   -1.928717E-03  2.431211E-03  6.688968E+01
    15.4000   -2.275818E-03  2.448385E-03  6.716655E+01
    15.4500   -2.433060E-03  2.448104E-03  6.743332E+01
    15.5000   -2.405121E-03  2.430659E-03  6.768933E+01
    15.5500   -2.218552E-03  2.397846E-03  6.793341E+01
    15.6000   -1.915772E-03  2.353422E-03  6.816397E+01
    15.6500   -1.546084E-03  2.303572E-03  6.837925E+01
    15.7000   -1.155112E-03  2.257240E-03  6.857783E+01
    15.7500   -7.748291E-04  2.225992E-03  6.875951E+01
    15.8000   -4.166739E-04  2.222982E-03  6.892648E+01
    15.8500   -6.990409E-05  2.260718E-03  6.908411E+01
    15.9000    2.936908E-04  2.348024E-03  6.924045E+01
    15.9500    7.091882E-04  2.487562E-03  6.940414E+01
    16.0000    1.205341E-03  2.676328E-03  6.958222E+01
    16.0500    1.788438E-03  2.906021E-03  6.977796E+01
    16.1000    2.430263E-03  3.162987E-03  6.999129E+01
    16.1500    3.070390E-03  3.434692E-03  7.022109E+01
    16.2000    3.618760E-03  3.708546E-03  7.046534E+01
    16.2500    3.970114E-03  3.972679E-03  7.072177E+01
    16.3000    4.025107E-03  4.216382E-03  7.098820E+01
    16.3500    3.713520E-03  4.430365E-03  7.126266E+01
    16.4000    3.013987E-03  4.606931E-03  7.154347E+01
    16.4500    1.965100E-03  4.740096E-03  7.182916E+01
    16.5000    6.645649E-04  4.825670E-03  7.211848E+01
    16.5500   -7.441248E-04  4.861307E-03  7.241031E+01
    16.6000   -2.095018E-03  4.846502E-03  7.270364E+01
    16.6500   -3.228100E-03  4.782554E-03  7.299756E+01
    16.7000   -4.016566E-03  4.672470E-03  7.329116E+01
    16.7500   -4.387086E-03  4.520833E-03  7.358358E+01
    16.8000   -4.328933E-03  4.333616E-03  7.387392E+01
    16.8500   -3.890563E-03  4.117962E-03  7.416130E+01
    16.9000   -3.165213E-03  3.881919E-03  7.444485E+01
    16.9500   -2.269569E-03  3.634135E-03  7.472371E+01
    17.0000   -1.320071E-03  3.384393E-03  7.499754E+01
    17.0500   -4.130279E-04  3.141860E-03  7.526638E+01
    17.1000    3.811260E-04  2.912373E-03  7.552946E+01
    17.1500    1.025803E-03  2.703015E-03  7.578748E+01
    17.2000    1.512248E-03  2.519211E-03  7.604208E+01
    17.2500    1.848664E-03  2.364248E-03  7.629597E+01
    17.3000    2.047861E-03  2.239050E-03  7.655277E+01
    17.3500    2.117516E-03  2.142363E-03  7.681657E+01
    17.4000    2.055933E-03  2.071394E-03  7.709128E+01
    17.4500    1.854323E-03  2.022746E-03  7.737999E+01
    17.5000    1.504485E-03  1.993351E-03  7.768454E+01
    17.5500    1.009114E-03  1.981114E-03  7.800537E+01
    17.6000    3.911117E-04  1.985105E-03  7.834150E+01
    17.6500   -3.014625E-04  2.005308E-03  7.869072E+01
    17.7000   -9.969842E-04  2.042043E-03  7.904988E+01
    17.7500   -1.608767E-03  2.095289E-03  7.941522E+01
    17.8000   -2.048937E-03  2.164104E-03  7.978291E+01
    17.8500   -2.244639E-03  2.246331E-03  8.014942E+01
    17.9000   -2.152833E-03  2.338619E-03  8.051190E+01
    17.9500   -1.770183E-03  2.436711E-03  8.086825E+01
    18.0000   -1.134864E-03  2.537223E-03  8.121768E+01
    18.0500   -3.193293E-04  2.637036E-03  8.156002E+01
    18.1000    5.735279E-04  2.728138E-03  8.189322E+01
    18.1500    1.432605E-03  2.806691E-03  8.221709E+01
    18.2000    2.156301E-03  2.869894E-03  8.253152E+01
    18.2500    2.667659E-03  2.916153E-03  8.283639E+01
    18.3000    2.923775E-03  2.945187E-03  8.313155E+01
    18.3500    2.918070E-03  2.958061E-03  8.341683E+01
    18.4000    2.675672E-03  2.957156E-03  8.369206E+01
    18.4500    2.243736E-03  2.946040E-03  8.395721E+01
    18.5000    1.679427E-03  2.929238E-03  8.421243E+01
    18.5500    1.038631E-03  2.911862E-03  8.445828E+01
    18.6000    3.678723E-04  2.899110E-03  8.469577E+01
    18.6500   -2.990919E-04  2.895640E-03  8.492648E+01
    18.7000   -9.399392E-04  2.904926E-03  8.515250E+01
    18.7500   -1.538907E-03  2.928704E-03  8.537625E+01
    18.8000   -2.080476E-03  2.966663E-03  8.560020E+01
    18.8500   -2.543985E-03  3.016458E-03  8.582652E+01
    18.9000   -2.901214E-03  3.074028E-03  8.605689E+01
    18.9500   -3.118009E-03  3.134120E-03  8.629236E+01
    19.0000   -3.161394E-03  3.192516E-03  8.653354E+01
    19.0500   -3.005870E-03  3.245773E-03  8.678069E+01
    19.1000   -2.636112E-03  3.284081E-03  8.703280E+01
    19.1500   -2.065100E-03  3.302727E-03  8.728912E+01
    19.2000   -1.332354E-03  3.297959E-03  8.754872E+01
    19.2500   -5.013272E-04  3.267137E-03  8.781054E+01
    19.3000    3.485072E-04  3.208821E-03  8.807342E+01
    19.3500    1.133523E-03  3.122837E-03  8.833606E+01
    19.4000    1.779367E-03  3.010307E-03  8.859701E+01
    19.4500    2.233070E-03  2.873673E-03  8.885460E+01
    19.5000    2.471137E-03  2.716721E-03  8.910692E+01
    19.5500    2.501791E-03  2.544607E-03  8.935169E+01
    19.6000    2.360831E-03  2.363891E-03  8.958628E+01
    19.6500    2.102062E-03  2.182545E-03  8.980780E+01
    19.7000    1.784520E-03  2.009859E-03  9.001346E+01
    19.7500    1.459478E-03  1.856062E-03  9.020134E+01
    19.8000    1.160276E-03  1.731352E-03  9.037177E+01
    19.8500    8.973277E-04  1.644099E-03  9.052886E+01
    19.9000    6.593924E-04  1.598481E-03  9.068098E+01
    19.9500    4.206661E-04  1.592743E-03  9.083890E+01