# # tequil.ion_motion                                            FEFF 9.05   
# # POT  SCF  30  5.5000   1, core-hole, AFOLP (folp(0)= 1.150)
# # Abs   Z=30 Rmt= 1.300 Rnm= 1.410 K  shell
# # Pot 1 Z=26 Rmt= 1.289 Rnm= 1.394
# # Pot 2 Z= 8 Rmt= 0.981 Rnm= 1.095
# # Gam_ch=1.897E+00 H-L exch
# # Mu=-1.153E+01 kf=2.172E+00 Vint=-1.786E+01 Rs_int= 1.670
# # PATH  Rmax= 8.500,  Keep_limit= 0.00, Heap_limit 0.00  Pwcrit= 2.50%
#  S02=1.000                                        Global_sig2= 0.00000
#  Energy zero shift, vr, vi   -2.00000E+00   0.00000E+00
#  Curved wave amplitude ratio filter   4.000%
#     file         sig2 tot  cw amp ratio   deg  nlegs   reff  inp sig2
#           1       0.00000    100.00      1.00     2   1.9585
#           2       0.00000     97.39      1.00     2   1.9781
#           3       0.00000     97.24      1.00     2   1.9793
#           4       0.00000     72.18      1.00     2   2.2145
#           5       0.00000     62.50      1.00     2   2.3376
#           6       0.00000     57.28      1.00     2   2.4153
#           7       0.00000     33.11      1.00     2   2.8995
#           8       0.00000     32.35      1.00     2   2.9294
#           9       0.00000     30.35      1.00     2   3.0129
#          10       0.00000     28.89      1.00     2   3.0785
#          11       0.00000     26.67      1.00     2   3.1858
#          12       0.00000     25.68      1.00     2   3.2462
#          13       0.00000     24.37      1.00     2   3.3089
#          14       0.00000     24.19      1.00     2   3.3190
#          15       0.00000     24.01      1.00     2   3.3258
#          16       0.00000     22.01      1.00     2   3.4318
#          17       0.00000     21.97      1.00     2   3.4338
#          18       0.00000     21.78      1.00     2   3.4447
#          19       0.00000     11.60      2.00     3   3.4564
#          20       0.00000     10.54      2.00     3   3.4647
#          21       0.00000     18.17      2.00     3   3.5075
#          22       0.00000      9.83      2.00     3   3.5189
#          23       0.00000     10.43      2.00     3   3.5242
#          24       0.00000     12.02      2.00     3   3.5527
#          25       0.00000      7.81      2.00     3   3.5557
#          26       0.00000      7.57      2.00     3   3.5662
#          27       0.00000      8.18      2.00     3   3.5749
#          28       0.00000      9.10      2.00     3   3.5865
#          29       0.00000     10.51      2.00     3   3.5872
#          30       0.00000     11.21      2.00     3   3.5950
#          31       0.00000     10.23      2.00     3   3.5982
#          32       0.00000      8.52      2.00     3   3.5991
#          33       0.00000     19.07      1.00     2   3.6118
#          34       0.00000     16.50      2.00     3   3.6174
#          35       0.00000     19.22      1.00     2   3.6434
#          36       0.00000     14.75      2.00     3   3.6596
#          37       0.00000     19.00      1.00     2   3.6605
#          38       0.00000     10.07      2.00     3   3.6750
#          39       0.00000      8.06      2.00     3   3.6888
#          40       0.00000      8.67      2.00     3   3.6962
#          41       0.00000     18.43      1.00     2   3.7046
#          42       0.00000      7.29      2.00     3   3.7152
#          43       0.00000      6.55      2.00     3   3.7463
#          44       0.00000     17.43      1.00     2   3.7864
#          45       0.00000     18.33      2.00     3   3.7972
#          46       0.00000      6.17      2.00     3   3.8047
#          47       0.00000      5.57      1.00     4   3.8292
#          48       0.00000     16.26      1.00     2   3.8890
#          49       0.00000     15.35      1.00     2   3.8985
#          50       0.00000     15.29      1.00     2   3.9042
#          51       0.00000     10.33      2.00     3   3.9148
#          52       0.00000     11.47      1.00     4   3.9170
#          53       0.00000     18.27      2.00     3   3.9182
#          54       0.00000      4.65      1.00     4   3.9259
#          55       0.00000     13.61      2.00     3   3.9309
#          58       0.00000     10.41      2.00     3   3.9398
#          59       0.00000      7.90      1.00     4   3.9510
#          60       0.00000     10.85      1.00     4   3.9562
#          61       0.00000     14.70      1.00     2   3.9578
#          63       0.00000     10.81      1.00     4   3.9585
#          64       0.00000      9.47      2.00     3   3.9701
#          65       0.00000      5.90      1.00     4   3.9833
#          66       0.00000      4.28      1.00     4   4.0001
#          67       0.00000     14.99      1.00     2   4.0123
#          68       0.00000      5.01      1.00     4   4.0269
#          69       0.00000      5.56      1.00     4   4.0298
#          70       0.00000      9.67      2.00     3   4.0328
#          71       0.00000      8.06      1.00     4   4.0500
#          72       0.00000      9.27      2.00     3   4.0535
#          73       0.00000     13.59      2.00     3   4.0670
#          74       0.00000     21.08      2.00     3   4.1209
#          75       0.00000      8.18      2.00     3   4.1394
#          76       0.00000      8.07      2.00     3   4.1451
#          77       0.00000      4.98      1.00     4   4.1573
#          78       0.00000      7.00      2.00     3   4.1788
#          79       0.00000     19.76      2.00     4   4.1926
#          80       0.00000     11.07      2.00     3   4.2260
#          81       0.00000      5.27      1.00     4   4.2451
#          82       0.00000     21.42      2.00     3   4.2638
#          83       0.00000      7.50      2.00     3   4.2654
#          84       0.00000      6.21      2.00     3   4.2908
#          85       0.00000     22.23      2.00     4   4.2961
#          86       0.00000     11.30      1.00     2   4.3334
#          87       0.00000     18.18      2.00     3   4.3360
#          88       0.00000      6.61      2.00     3   4.3525
#          89       0.00000     11.06      1.00     2   4.3648
#          90       0.00000     10.98      1.00     2   4.3756
#          91       0.00000     10.97      1.00     2   4.3767
#          92       0.00000      8.89      2.00     3   4.3775
#          93       0.00000     17.15      2.00     4   4.3945
#          94       0.00000     10.81      1.00     2   4.3991
#          95       0.00000     10.79      1.00     2   4.4018
#          96       0.00000      5.82      1.00     4   4.4289
#          98       0.00000     10.46      1.00     2   4.4474
#          99       0.00000      6.76      2.00     3   4.4692
#         100       0.00000     21.04      2.00     3   4.4704
#         101       0.00000     18.78      2.00     3   4.4853
#         102       0.00000      6.44      2.00     3   4.5027
#         103       0.00000     10.06      1.00     2   4.5068
#         104       0.00000     10.00      1.00     2   4.5158
#         105       0.00000      9.92      1.00     2   4.5279
#         106       0.00000     20.69      2.00     3   4.5329
#         107       0.00000      5.74      2.00     3   4.5429
#         108       0.00000     16.18      2.00     3   4.5495
#         109       0.00000     12.61      1.00     4   4.5641
#         110       0.00000      5.41      2.00     3   4.5822
#         111       0.00000      9.47      1.00     2   4.5989
#         112       0.00000     10.72      1.00     4   4.6058
#         113       0.00000     18.19      2.00     3   4.6098
#         115       0.00000     19.54      2.00     3   4.6119
#         116       0.00000     12.51      1.00     4   4.6184
#         117       0.00000      9.33      1.00     2   4.6219
#         119       0.00000      4.77      2.00     3   4.6491
#         120       0.00000     10.64      2.00     3   4.6543
#         121       0.00000      4.94      2.00     3   4.6550
#         122       0.00000      4.34      1.00     4   4.6752
#         124       0.00000      4.73      2.00     3   4.6772
#         125       0.00000      8.94      1.00     2   4.6895
#         126       0.00000      8.92      1.00     2   4.6916
#         127       0.00000     11.72      1.00     4   4.6958
#         129       0.00000      4.42      2.00     3   4.6976
#         130       0.00000      8.73      1.00     4   4.6973
#         131       0.00000     10.55      1.00     4   4.7128
#         132       0.00000      8.78      1.00     2   4.7170
#         133       0.00000      7.84      2.00     3   4.7304
#         134       0.00000      6.92      2.00     3   4.7426
#         136       0.00000      7.37      2.00     3   4.7641
#         138       0.00000      6.35      2.00     3   4.7744
#         139       0.00000      7.47      2.00     3   4.7793
#         141       0.00000     10.32      2.00     3   4.8241
#         143       0.00000      8.10      1.00     2   4.8460
#         144       0.00000      9.87      2.00     3   4.8555
#         145       0.00000      5.50      2.00     3   4.8635
#         146       0.00000     11.83      2.00     3   4.8640
#         147       0.00000      7.99      1.00     2   4.8665
#         149       0.00000      5.16      2.00     4   4.8776
#         150       0.00000      5.33      2.00     4   4.8879
#         151       0.00000      7.86      1.00     2   4.8931
#         152       0.00000      6.61      2.00     3   4.8973
#         153       0.00000      4.62      1.00     4   4.9094
#         155       0.00000      8.57      1.00     2   4.9192
#         156       0.00000      5.99      2.00     3   4.9328
#         157       0.00000      6.54      2.00     3   4.9429
#         158       0.00000      4.45      2.00     3   4.9458
#         159       0.00000      4.93      2.00     3   4.9549
#         160       0.00000      8.61      2.00     3   4.9709
#         162       0.00000      8.28      1.00     2   4.9796
#         163       0.00000      8.14      1.00     2   5.0096
#         164       0.00000     11.53      2.00     3   5.0137
#         165       0.00000      5.99      1.00     4   5.0364
#         166       0.00000      6.42      2.00     3   5.0423
#         167       0.00000      4.77      1.00     4   5.0493
#         169       0.00000      4.56      2.00     4   5.0577
#         171       0.00000      4.43      1.00     4   5.0892
#         172       0.00000      7.70      2.00     3   5.1080
#         173       0.00000      5.76      1.00     4   5.1082
#         174       0.00000      8.60      2.00     3   5.1132
#         175       0.00000      4.13      2.00     4   5.1408
#         176       0.00000      6.76      1.00     2   5.1421
#         177       0.00000      7.25      2.00     3   5.1428
#         179       0.00000      7.16      2.00     3   5.1520
#         182       0.00000      6.65      1.00     2   5.1679
#         183       0.00000     16.50      2.00     3   5.1756
#         184       0.00000      7.39      1.00     2   5.1799
#         185       0.00000     10.44      1.00     4   5.1833
#         186       0.00000      6.83      2.00     3   5.1889
#         187       0.00000      6.49      1.00     2   5.2095
#         188       0.00000      7.25      1.00     2   5.2137
#         190       0.00000     15.83      2.00     3   5.2173
#         191       0.00000      9.86      1.00     4   5.2250
#         193       0.00000      8.50      2.00     3   5.2314
#         194       0.00000      6.38      1.00     2   5.2380
#         195       0.00000      6.34      1.00     2   5.2497
#         196       0.00000      7.04      1.00     2   5.2665
#         197       0.00000      6.25      1.00     2   5.2741
#         199       0.00000      6.98      1.00     2   5.2824
#         200       0.00000      6.22      1.00     2   5.2820
#         201       0.00000      8.25      2.00     3   5.2827
#         202       0.00000     15.14      2.00     3   5.2863
#         203       0.00000      7.17      2.00     3   5.2908
#         204       0.00000      9.36      1.00     4   5.2906
#         206       0.00000      6.91      1.00     2   5.3015
#         207       0.00000      7.04      2.00     4   5.3039
#         208       0.00000      7.18      2.00     3   5.3049
#         209       0.00000      4.09      2.00     3   5.3207
#         212       0.00000      7.41      2.00     3   5.3302
#         215       0.00000      6.78      1.00     2   5.3367
#         217       0.00000      5.94      1.00     2   5.3601
#         218       0.00000      8.39      2.00     3   5.3600
#         219       0.00000      7.19      2.00     3   5.3675
#         225       0.00000      5.81      1.00     2   5.3979
#         226       0.00000      5.39      2.00     4   5.4032
#         228       0.00000      5.41      2.00     4   5.4130
#         229       0.00000      4.64      2.00     3   5.4163
#         230       0.00000      6.47      2.00     3   5.4158
#         231       0.00000      5.30      2.00     3   5.4179
#         233       0.00000      4.89      2.00     3   5.4268
#         236       0.00000      5.91      2.00     3   5.4480
#         238       0.00000      6.64      2.00     3   5.4580
#         239       0.00000      5.53      1.00     2   5.4852
#         241       0.00000      5.59      2.00     3   5.5154
#         246       0.00000      5.36      1.00     2   5.5380
#         249       0.00000      5.78      2.00     3   5.5575
#         250       0.00000      4.02      2.00     3   5.5588
#         253       0.00000      5.37      2.00     3   5.5863
#         254       0.00000      4.74      2.00     3   5.5866
#         255       0.00000      4.49      2.00     3   5.5907
#         256       0.00000      4.55      2.00     3   5.5924
#         259       0.00000      5.18      1.00     2   5.6017
#         262       0.00000      4.16      2.00     3   5.6419
#         267       0.00000      5.72      1.00     2   5.6535
#         268       0.00000      4.79      2.00     3   5.6539
#         269       0.00000      4.33      2.00     3   5.6562
#         277       0.00000      5.59      1.00     2   5.6978
#         278       0.00000      5.04      2.00     3   5.7020
#         281       0.00000      5.51      1.00     2   5.7235
#         291       0.00000      4.62      2.00     3   5.7786
#         292       0.00000      6.34      2.00     3   5.7817
#         293       0.00000      5.61      2.00     3   5.7947
#         295       0.00000      4.94      2.00     3   5.8026
#         300       0.00000      5.25      1.00     2   5.8173
#         301       0.00000      4.13      2.00     3   5.8231
#         308       0.00000      6.02      2.00     3   5.8398
#         309       0.00000      5.40      2.00     3   5.8394
#         311       0.00000      4.22      2.00     3   5.8579
#         315       0.00000      5.10      1.00     2   5.8741
#         320       0.00000      4.38      1.00     2   5.9042
#         321       0.00000      4.98      1.00     2   5.9189
#         324       0.00000      8.46      2.00     3   5.9230
#         325       0.00000      4.30      2.00     3   5.9292
#   230/ 306 paths used
#  -----------------------------------------------------------------------
#       k          chi          mag           phase @#
    -0.7000   -5.373494E-01  5.557574E-01 -1.828893E+00
    -0.6500   -5.443679E-01  5.569689E-01 -1.783916E+00
    -0.6000   -5.524730E-01  5.599984E-01 -1.734921E+00
    -0.5500   -5.601921E-01  5.636785E-01 -1.682076E+00
    -0.5000   -5.659863E-01  5.670383E-01 -1.631721E+00
    -0.4500   -5.699937E-01  5.700387E-01 -1.583370E+00
    -0.4000   -5.720933E-01  5.723553E-01 -1.540539E+00
    -0.3500   -5.733446E-01  5.748097E-01 -1.499382E+00
    -0.3000   -5.733488E-01  5.766187E-01 -1.464250E+00
    -0.2500   -5.725929E-01  5.779209E-01 -1.434903E+00
    -0.2000   -5.714726E-01  5.788335E-01 -1.411148E+00
    -0.1500   -5.705006E-01  5.797894E-01 -1.391554E+00
    -0.1000   -5.696808E-01  5.805180E-01 -1.377268E+00
    -0.0500   -5.691141E-01  5.809339E-01 -1.368730E+00
     0.0000   -5.689129E-01  5.810690E-01 -1.365889E+00
     0.0500   -5.687055E-01  5.812023E-01 -1.363051E+00
     0.1000   -5.680467E-01  5.815918E-01 -1.354553E+00
     0.1500   -5.668278E-01  5.822062E-01 -1.340444E+00
     0.2000   -5.648718E-01  5.829944E-01 -1.320806E+00
     0.2500   -5.619402E-01  5.838864E-01 -1.295753E+00
     0.3000   -5.577425E-01  5.847964E-01 -1.265433E+00
     0.3500   -5.520583E-01  5.858674E-01 -1.229412E+00
     0.4000   -5.447325E-01  5.877083E-01 -1.186002E+00
     0.4500   -5.348978E-01  5.893676E-01 -1.137482E+00
     0.5000   -5.221285E-01  5.907168E-01 -1.084115E+00
     0.5500   -5.062172E-01  5.922332E-01 -1.025088E+00
     0.6000   -4.867599E-01  5.945326E-01 -9.591905E-01
     0.6500   -4.629258E-01  5.962648E-01 -8.888956E-01
     0.7000   -4.344493E-01  5.977857E-01 -8.135995E-01
     0.7500   -4.006704E-01  6.002317E-01 -7.308815E-01
     0.8000   -3.614882E-01  6.018579E-01 -6.442770E-01
     0.8500   -3.167368E-01  6.036773E-01 -5.523380E-01
     0.9000   -2.660452E-01  6.058912E-01 -4.545937E-01
     0.9500   -2.101014E-01  6.071214E-01 -3.533700E-01
     1.0000   -1.478675E-01  6.091738E-01 -2.451836E-01
     1.0500   -8.097890E-02  6.103718E-01 -1.330638E-01
     1.1000   -9.859793E-03  6.111940E-01 -1.613272E-02
     1.1500    6.494288E-02  6.118636E-01  1.063398E-01
     1.2000    1.406186E-01  6.112401E-01  2.321338E-01
     1.2500    2.177906E-01  6.107695E-01  3.646089E-01
     1.3000    2.919404E-01  6.087000E-01  5.002135E-01
     1.3500    3.625788E-01  6.060081E-01  6.413863E-01
     1.4000    4.260585E-01  6.018536E-01  7.865356E-01
     1.4500    4.802672E-01  5.963508E-01  9.362545E-01
     1.5000    5.227765E-01  5.893981E-01  1.090735E+00
     1.5500    5.506665E-01  5.805013E-01  1.248799E+00
     1.6000    5.628740E-01  5.700299E-01  1.412179E+00
     1.6500    5.571797E-01  5.571948E-01  1.578157E+00
     1.7000    5.339138E-01  5.426041E-01  1.750011E+00
     1.7500    4.930850E-01  5.254940E-01  1.923835E+00
     1.8000    4.363432E-01  5.062626E-01  2.102606E+00
     1.8500    3.667820E-01  4.846254E-01  2.283134E+00
     1.9000    2.868770E-01  4.606274E-01  2.469281E+00
     1.9500    2.021242E-01  4.342991E-01  2.657503E+00
     2.0000    1.186058E-01  4.060258E-01  2.845156E+00
     2.0500    4.136129E-02  3.762557E-01  3.031441E+00
     2.1000   -2.583060E-02  3.441223E-01  3.216726E+00
     2.1500   -7.884572E-02  3.098852E-01  3.398856E+00
     2.2000   -1.156062E-01  2.758592E-01  3.574021E+00
     2.2500   -1.367412E-01  2.427539E-01  3.739957E+00
     2.3000   -1.434713E-01  2.105004E-01  3.891502E+00
     2.3500   -1.368107E-01  1.783914E-01  4.015610E+00
     2.4000   -1.237812E-01  1.501513E-01  4.110692E+00
     2.4500   -1.089887E-01  1.271137E-01  4.171811E+00
     2.5000   -9.613088E-02  1.101236E-01  4.202781E+00
     2.5500   -8.776004E-02  1.001896E-01  4.208973E+00
     2.6000   -8.290745E-02  9.480638E-02  4.205981E+00
     2.6500   -8.183335E-02  9.322145E-02  4.212922E+00
     2.7000   -8.404414E-02  9.419419E-02  4.243882E+00
     2.7500   -8.900780E-02  9.676291E-02  4.309302E+00
     2.8000   -9.498468E-02  9.989519E-02  4.397541E+00
     2.8500   -1.007649E-01  1.029918E-01  4.504059E+00
     2.9000   -1.052983E-01  1.057039E-01  4.624763E+00
     2.9500   -1.078415E-01  1.079428E-01  4.755695E+00
     3.0000   -1.077609E-01  1.096017E-01  4.895927E+00
     3.0500   -1.045974E-01  1.105980E-01  5.043308E+00
     3.1000   -9.821259E-02  1.109354E-01  5.196017E+00
     3.1500   -8.875877E-02  1.105637E-01  5.351236E+00
     3.2000   -7.673153E-02  1.098327E-01  5.509715E+00
     3.2500   -6.224767E-02  1.086851E-01  5.673348E+00
     3.3000   -4.569249E-02  1.068780E-01  5.841438E+00
     3.3500   -2.816676E-02  1.046327E-01  6.010627E+00
     3.4000   -1.043956E-02  1.022185E-01  6.180877E+00
     3.4500    6.973942E-03  9.946989E-02  6.353354E+00
     3.5000    2.338088E-02  9.637567E-02  6.528232E+00
     3.5500    3.811323E-02  9.290483E-02  6.705902E+00
     3.6000    5.050266E-02  8.904276E-02  6.886255E+00
     3.6500    5.995098E-02  8.477684E-02  7.068662E+00
     3.7000    6.603875E-02  8.008966E-02  7.252610E+00
     3.7500    6.858765E-02  7.498290E-02  7.437976E+00
     3.8000    6.763357E-02  6.947037E-02  7.623515E+00
     3.8500    6.352592E-02  6.359840E-02  7.806236E+00
     3.9000    5.696043E-02  5.744366E-02  7.983781E+00
     3.9500    4.879034E-02  5.105223E-02  8.152768E+00
     4.0000    4.002408E-02  4.451305E-02  8.306946E+00
     4.0500    3.186241E-02  3.818743E-02  8.437791E+00
     4.1000    2.517428E-02  3.237751E-02  8.534060E+00
     4.1500    2.052990E-02  2.745478E-02  8.580079E+00
     4.2000    1.823565E-02  2.397514E-02  8.560531E+00
     4.2500    1.796172E-02  2.254322E-02  8.502850E+00
     4.3000    1.898837E-02  2.309969E-02  8.459832E+00
     4.3500    2.044913E-02  2.507416E-02  8.471106E+00
     4.4000    2.155821E-02  2.790733E-02  8.542021E+00
     4.4500    2.113515E-02  3.077527E-02  8.667759E+00
     4.5000    1.856867E-02  3.323525E-02  8.831955E+00
     4.5500    1.373839E-02  3.505663E-02  9.022091E+00
     4.6000    7.063107E-03  3.625965E-02  9.228732E+00
     4.6500   -8.600055E-04  3.656861E-02  9.448298E+00
     4.7000   -8.960232E-03  3.594706E-02  9.676696E+00
     4.7500   -1.606907E-02  3.442988E-02  9.910355E+00
     4.8000   -2.125895E-02  3.225349E-02  1.014443E+01
     4.8500   -2.389075E-02  2.930423E-02  1.037797E+01
     4.9000   -2.378146E-02  2.569626E-02  1.060709E+01
     4.9500   -2.127013E-02  2.158117E-02  1.082559E+01
     5.0000   -1.724053E-02  1.724502E-02  1.101840E+01
     5.0500   -1.262193E-02  1.279639E-02  1.116089E+01
     5.1000   -8.474881E-03  8.623329E-03  1.118139E+01
     5.1500   -5.662972E-03  5.694451E-03  1.089038E+01
     5.2000   -4.822892E-03  6.024715E-03  1.035294E+01
     5.2500   -5.894338E-03  8.760244E-03  1.016283E+01
     5.3000   -8.515888E-03  1.194546E-02  1.021840E+01
     5.3500   -1.201590E-02  1.486911E-02  1.036572E+01
     5.4000   -1.564721E-02  1.730493E-02  1.055429E+01
     5.4500   -1.859563E-02  1.914993E-02  1.075438E+01
     5.5000   -2.036446E-02  2.038144E-02  1.095475E+01
     5.5500   -2.078980E-02  2.103299E-02  1.114779E+01
     5.6000   -2.002981E-02  2.120054E-02  1.132945E+01
     5.6500   -1.851466E-02  2.104496E-02  1.149100E+01
     5.7000   -1.675858E-02  2.078267E-02  1.162838E+01
     5.7500   -1.518546E-02  2.067661E-02  1.174155E+01
     5.8000   -1.399912E-02  2.102679E-02  1.183784E+01
     5.8500   -1.308090E-02  2.201960E-02  1.193028E+01
     5.9000   -1.201544E-02  2.370523E-02  1.203482E+01
     5.9500   -1.020986E-02  2.598662E-02  1.216260E+01
     6.0000   -7.015013E-03  2.877257E-02  1.232008E+01
     6.0500   -1.997205E-03  3.176363E-02  1.250345E+01
     6.1000    4.896148E-03  3.472745E-02  1.270783E+01
     6.1500    1.327365E-02  3.747476E-02  1.292843E+01
     6.2000    2.232649E-02  3.985093E-02  1.316106E+01
     6.2500    3.096305E-02  4.173589E-02  1.340224E+01
     6.3000    3.801816E-02  4.304312E-02  1.364914E+01
     6.3500    4.248793E-02  4.371846E-02  1.389934E+01
     6.4000    4.373506E-02  4.373909E-02  1.415075E+01
     6.4500    4.161674E-02  4.311243E-02  1.440135E+01
     6.5000    3.657086E-02  4.200161E-02  1.465134E+01
     6.5500    2.928804E-02  4.036887E-02  1.489619E+01
     6.6000    2.082244E-02  3.827537E-02  1.513275E+01
     6.6500    1.228751E-02  3.583962E-02  1.535802E+01
     6.7000    4.615129E-03  3.320700E-02  1.556853E+01
     6.7500   -1.604959E-03  3.054921E-02  1.576052E+01
     6.8000   -6.195681E-03  2.806086E-02  1.593059E+01
     6.8500   -9.363847E-03  2.594810E-02  1.607716E+01
     6.9000   -1.158643E-02  2.440128E-02  1.620273E+01
     6.9500   -1.344500E-02  2.354939E-02  1.631560E+01
     7.0000   -1.555149E-02  2.352014E-02  1.643038E+01
     7.0500   -1.815447E-02  2.413585E-02  1.655933E+01
     7.1000   -2.120990E-02  2.517758E-02  1.670971E+01
     7.1500   -2.440322E-02  2.644118E-02  1.688357E+01
     7.2000   -2.719368E-02  2.774418E-02  1.707922E+01
     7.2500   -2.894039E-02  2.894350E-02  1.729343E+01
     7.3000   -2.904953E-02  2.993673E-02  1.752282E+01
     7.3500   -2.711037E-02  3.065658E-02  1.776451E+01
     7.4000   -2.299299E-02  3.106406E-02  1.801622E+01
     7.4500   -1.689117E-02  3.114221E-02  1.827628E+01
     7.5000   -9.304304E-03  3.095514E-02  1.854426E+01
     7.5500   -9.418495E-04  3.046543E-02  1.881864E+01
     7.6000    7.312097E-03  2.966206E-02  1.909864E+01
     7.6500    1.455782E-02  2.857069E-02  1.938420E+01
     7.7000    2.001535E-02  2.722292E-02  1.967558E+01
     7.7500    2.313405E-02  2.565522E-02  1.997331E+01
     7.8000    2.366756E-02  2.390841E-02  2.027829E+01
     7.8500    2.170467E-02  2.202761E-02  2.059180E+01
     7.9000    1.765231E-02  2.006249E-02  2.091557E+01
     7.9500    1.217279E-02  1.806789E-02  2.125191E+01
     8.0000    6.090300E-03  1.609164E-02  2.160300E+01
     8.0500    2.632283E-04  1.418813E-02  2.197259E+01
     8.1000   -4.544143E-03  1.243519E-02  2.236524E+01
     8.1500   -7.776889E-03  1.091291E-02  2.278439E+01
     8.2000   -9.168139E-03  9.697328E-03  2.323006E+01
     8.2500   -8.762437E-03  8.840592E-03  2.369501E+01
     8.3000   -6.881283E-03  8.344748E-03  2.416320E+01
     8.3500   -4.037493E-03  8.149364E-03  2.461440E+01
     8.4000   -8.163986E-04  8.151651E-03  2.503242E+01
     8.4500    2.249812E-03  8.246885E-03  2.540905E+01
     8.5000    4.786770E-03  8.336552E-03  2.574436E+01
     8.5500    6.617491E-03  8.409995E-03  2.603845E+01
     8.6000    7.792097E-03  8.504711E-03  2.629126E+01
     8.6500    8.516374E-03  8.684712E-03  2.650633E+01
     8.7000    9.042292E-03  9.042907E-03  2.669187E+01
     8.7500    9.551476E-03  9.672290E-03  2.686176E+01
     8.8000    1.006151E-02  1.063141E-02  2.703245E+01
     8.8500    1.038492E-02  1.192435E-02  2.721730E+01
     8.9000    1.015725E-02  1.350573E-02  2.742314E+01
     8.9500    8.932057E-03  1.529985E-02  2.765093E+01
     9.0000    6.312545E-03  1.722037E-02  2.789901E+01
     9.0500    2.112354E-03  1.917978E-02  2.816398E+01
     9.1000   -3.522973E-03  2.109198E-02  2.844215E+01
     9.1500   -1.008290E-02  2.287821E-02  2.873074E+01
     9.2000   -1.673493E-02  2.446788E-02  2.902750E+01
     9.2500   -2.246080E-02  2.579972E-02  2.933072E+01
     9.3000   -2.625517E-02  2.682282E-02  2.963903E+01
     9.3500   -2.734245E-02  2.749753E-02  2.995139E+01
     9.4000   -2.535981E-02  2.779620E-02  3.026694E+01
     9.4500   -2.046038E-02  2.770362E-02  3.058502E+01
     9.5000   -1.331640E-02  2.724736E-02  3.090530E+01
     9.5500   -4.961754E-03  2.643232E-02  3.122709E+01
     9.6000    3.366120E-03  2.525394E-02  3.154962E+01
     9.6500    1.046418E-02  2.374221E-02  3.187235E+01
     9.7000    1.540870E-02  2.193677E-02  3.219471E+01
     9.7500    1.772251E-02  1.988550E-02  3.251597E+01
     9.8000    1.744069E-02  1.764294E-02  3.283516E+01
     9.8500    1.506328E-02  1.526851E-02  3.315087E+01
     9.9000    1.141047E-02  1.282494E-02  3.346081E+01
     9.9500    7.418746E-03  1.037689E-02  3.376100E+01
    10.0000    3.950674E-03  8.017077E-03  3.404223E+01
    10.0500    1.561516E-03  5.806212E-03  3.428523E+01
    10.1000    4.443789E-04  3.818139E-03  3.444087E+01
    10.1500    4.631512E-04  2.279221E-03  3.435289E+01
    10.2000    1.212731E-03  1.828361E-03  3.383231E+01
    10.2500    2.161354E-03  2.561070E-03  3.355296E+01
    10.3000    2.808911E-03  3.525016E-03  3.363546E+01
    10.3500    2.819369E-03  4.338199E-03  3.385007E+01
    10.4000    2.095427E-03  4.908917E-03  3.411650E+01
    10.4500    7.810914E-04  5.215049E-03  3.440718E+01
    10.5000   -8.020107E-04  5.259304E-03  3.471061E+01
    10.5500   -2.261679E-03  5.057685E-03  3.502113E+01
    10.6000   -3.252923E-03  4.635062E-03  3.533545E+01
    10.6500   -3.573594E-03  4.022663E-03  3.565129E+01
    10.7000   -3.213557E-03  3.256139E-03  3.596641E+01
    10.7500   -2.347606E-03  2.373873E-03  3.627721E+01
    10.8000   -1.278283E-03  1.415628E-03  3.657246E+01
    10.8500   -3.478036E-04  4.252373E-04  3.674135E+01
    10.9000    1.549428E-04  5.903143E-04  3.429193E+01
    10.9500    6.723075E-05  1.551859E-03  3.451418E+01
    11.0000   -6.253394E-04  2.465821E-03  3.481392E+01
    11.0500   -1.783752E-03  3.311569E-03  3.512634E+01
    11.1000   -3.132323E-03  4.058683E-03  3.543912E+01
    11.1500   -4.361124E-03  4.692291E-03  3.575037E+01
    11.2000   -5.190924E-03  5.203369E-03  3.605914E+01
    11.2500   -5.433013E-03  5.588609E-03  3.636484E+01
    11.3000   -5.021393E-03  5.850000E-03  3.666705E+01
    11.3500   -4.013385E-03  5.994140E-03  3.696551E+01
    11.4000   -2.563536E-03  6.031305E-03  3.726011E+01
    11.4500   -8.817840E-04  5.974296E-03  3.755097E+01
    11.5000    8.110860E-04  5.837145E-03  3.783852E+01
    11.5500    2.319798E-03  5.633775E-03  3.812350E+01
    11.6000    3.496741E-03  5.376755E-03  3.840715E+01
    11.6500    4.249666E-03  5.076319E-03  3.869117E+01
    11.7000    4.539136E-03  4.739830E-03  3.897787E+01
    11.7500    4.371843E-03  4.371843E-03  3.927019E+01
    11.8000    3.794880E-03  3.974856E-03  3.957198E+01
    11.8500    2.892960E-03  3.550790E-03  3.988843E+01
    11.9000    1.786889E-03  3.103293E-03  4.022712E+01
    11.9500    6.290387E-04  2.641327E-03  4.060024E+01
    12.0000   -4.132873E-04  2.186321E-03  4.103088E+01
    12.0500   -1.169600E-03  1.783573E-03  4.155590E+01
    12.1000   -1.491456E-03  1.522131E-03  4.221040E+01
    12.1500   -1.301182E-03  1.517332E-03  4.295182E+01
    12.2000   -6.121104E-04  1.788438E-03  4.363298E+01
    12.2500    4.615857E-04  2.233965E-03  4.419042E+01
    12.3000    1.717397E-03  2.752016E-03  4.465621E+01
    12.3500    2.899885E-03  3.278782E-03  4.506759E+01
    12.4000    3.752788E-03  3.774088E-03  4.544680E+01
    12.4500    4.075989E-03  4.209684E-03  4.580579E+01
    12.5000    3.772788E-03  4.564309E-03  4.615088E+01
    12.5500    2.874377E-03  4.821997E-03  4.648526E+01
    12.6000    1.533827E-03  4.971735E-03  4.681026E+01
    12.6500   -1.005637E-05  5.007661E-03  4.712590E+01
    12.7000   -1.490287E-03  4.929517E-03  4.743101E+01
    12.7500   -2.675668E-03  4.743307E-03  4.772322E+01
    12.8000   -3.424038E-03  4.462238E-03  4.799857E+01
    12.8500   -3.710373E-03  4.108222E-03  4.825096E+01
    12.9000   -3.622268E-03  3.714280E-03  4.847164E+01
    12.9500   -3.324515E-03  3.327908E-03  4.864952E+01
    13.0000   -3.009255E-03  3.019569E-03  4.877736E+01
    13.0500   -2.821231E-03  2.860532E-03  4.886064E+01
    13.1000   -2.816481E-03  2.893066E-03  4.892529E+01
    13.1500   -2.960036E-03  3.116546E-03  4.901295E+01
    13.2000   -3.125515E-03  3.477757E-03  4.914865E+01
    13.2500   -3.136196E-03  3.906405E-03  4.933345E+01
    13.3000   -2.823582E-03  4.340996E-03  4.955731E+01
    13.3500   -2.085895E-03  4.734909E-03  4.980929E+01
    13.4000   -9.287201E-04  5.054366E-03  5.008069E+01
    13.4500    5.249444E-04  5.275595E-03  5.036515E+01
    13.5000    2.059047E-03  5.382883E-03  5.065800E+01
    13.5500    3.416956E-03  5.367438E-03  5.095557E+01
    13.6000    4.367406E-03  5.226748E-03  5.125468E+01
    13.6500    4.765131E-03  4.964205E-03  5.155212E+01
    13.7000    4.588809E-03  4.588949E-03  5.184407E+01
    13.7500    3.945340E-03  4.116002E-03  5.212525E+01
    13.8000    3.039150E-03  3.567090E-03  5.238729E+01
    13.8500    2.115244E-03  2.973196E-03  5.261553E+01
    13.9000    1.392186E-03  2.381628E-03  5.278275E+01
    13.9500    1.003963E-03  1.873495E-03  5.284153E+01
    14.0000    9.734590E-04  1.594064E-03  5.275016E+01
    14.0500    1.201847E-03  1.679176E-03  5.260940E+01
    14.1000    1.490557E-03  2.052752E-03  5.259440E+01
    14.1500    1.626487E-03  2.550653E-03  5.271560E+01
    14.2000    1.435038E-03  3.063379E-03  5.291954E+01
    14.2500    8.326602E-04  3.533289E-03  5.316918E+01
    14.3000   -1.470884E-04  3.928345E-03  5.344453E+01
    14.3500   -1.360826E-03  4.229649E-03  5.373464E+01
    14.4000   -2.593201E-03  4.426542E-03  5.403298E+01
    14.4500   -3.613939E-03  4.514603E-03  5.433520E+01
    14.5000   -4.237597E-03  4.494737E-03  5.463798E+01
    14.5500   -4.369266E-03  4.372687E-03  5.493831E+01
    14.6000   -4.024055E-03  4.158737E-03  5.523306E+01
    14.6500   -3.316061E-03  3.867557E-03  5.551846E+01
    14.7000   -2.421433E-03  3.518234E-03  5.578959E+01
    14.7500   -1.527291E-03  3.134637E-03  5.603975E+01
    14.8000   -7.818059E-04  2.746211E-03  5.625999E+01
    14.8500   -2.596482E-04  2.388934E-03  5.643976E+01
    14.9000    4.817312E-05  2.104463E-03  5.657156E+01
    14.9500    2.186537E-04  1.932005E-03  5.666209E+01
    15.0000    3.601590E-04  1.886779E-03  5.674073E+01
    15.0500    5.698610E-04  1.949349E-03  5.684533E+01
    15.1000    9.056937E-04  2.077967E-03  5.699966E+01
    15.1500    1.355964E-03  2.222908E-03  5.720472E+01
    15.2000    1.842132E-03  2.346337E-03  5.745154E+01
    15.2500    2.243045E-03  2.424011E-03  5.773061E+01
    15.3000    2.433852E-03  2.442554E-03  5.803502E+01
    15.3500    2.327359E-03  2.396798E-03  5.836076E+01
    15.4000    1.905033E-03  2.288010E-03  5.870645E+01
    15.4500    1.228175E-03  2.122910E-03  5.907333E+01
    15.5000    4.258709E-04  1.913333E-03  5.946580E+01
    15.5500   -3.367420E-04  1.676652E-03  5.989248E+01
    15.6000   -9.006172E-04  1.437234E-03  6.036748E+01
    15.6500   -1.153244E-03  1.228752E-03  6.090866E+01
    15.7000   -1.056056E-03  1.093232E-03  6.152259E+01
    15.7500   -6.515418E-04  1.064654E-03  6.217330E+01
    15.8000   -4.881435E-05  1.139492E-03  6.278900E+01
    15.8500    6.074022E-04  1.277834E-03  6.332720E+01
    15.9000    1.174932E-03  1.435624E-03  6.379050E+01
    15.9500    1.548435E-03  1.582215E-03  6.419564E+01
    16.0000    1.684194E-03  1.704367E-03  6.455666E+01
    16.0500    1.596458E-03  1.798758E-03  6.488148E+01
    16.1000    1.334285E-03  1.858240E-03  6.517247E+01
    16.1500    9.771917E-04  1.891462E-03  6.543053E+01
    16.2000    5.974579E-04  1.914385E-03  6.565605E+01
    16.2500    2.366805E-04  1.948911E-03  6.585170E+01
    16.3000   -1.044631E-04  2.019124E-03  6.602521E+01
    16.3500   -4.604216E-04  2.144831E-03  6.618980E+01
    16.4000   -8.812833E-04  2.335162E-03  6.636043E+01
    16.4500   -1.406242E-03  2.586513E-03  6.654826E+01
    16.5000   -2.038865E-03  2.885634E-03  6.675807E+01
    16.5500   -2.732462E-03  3.214602E-03  6.698946E+01
    16.6000   -3.390858E-03  3.554667E-03  6.723948E+01
    16.6500   -3.885255E-03  3.888334E-03  6.750445E+01
    16.7000   -4.083142E-03  4.200253E-03  6.778094E+01
    16.7500   -3.881678E-03  4.477548E-03  6.806605E+01
    16.8000   -3.236591E-03  4.709914E-03  6.835743E+01
    16.8500   -2.178828E-03  4.889633E-03  6.865319E+01
    16.9000   -8.143935E-04  5.011538E-03  6.895181E+01
    16.9500    6.927335E-04  5.072938E-03  6.925202E+01
    17.0000    2.153472E-03  5.075965E-03  6.955317E+01
    17.0500    3.388672E-03  5.025602E-03  6.985503E+01
    17.1000    4.245089E-03  4.919790E-03  7.015594E+01
    17.1500    4.637335E-03  4.763526E-03  7.045515E+01
    17.2000    4.553259E-03  4.563223E-03  7.075193E+01
    17.2500    4.049407E-03  4.326396E-03  7.104561E+01
    17.3000    3.233944E-03  4.061307E-03  7.133551E+01
    17.3500    2.242062E-03  3.776594E-03  7.162102E+01
    17.4000    1.210033E-03  3.480878E-03  7.190160E+01
    17.4500    2.535727E-04  3.182357E-03  7.217687E+01
    17.5000   -5.456585E-04  2.888411E-03  7.244669E+01
    17.5500   -1.144112E-03  2.605214E-03  7.271130E+01
    17.6000   -1.532163E-03  2.337405E-03  7.297147E+01
    17.6500   -1.724648E-03  2.087849E-03  7.322868E+01
    17.7000   -1.749836E-03  1.857552E-03  7.348521E+01
    17.7500   -1.640120E-03  1.645806E-03  7.374428E+01
    17.8000   -1.426458E-03  1.450593E-03  7.401010E+01
    17.8500   -1.136996E-03  1.269254E-03  7.428800E+01
    17.9000   -7.987864E-04  1.099375E-03  7.458489E+01
    17.9500   -4.406753E-04  9.398788E-04  7.491022E+01
    18.0000   -9.291606E-05  7.928713E-04  7.528076E+01
    18.0500    2.120931E-04  6.664893E-04  7.572208E+01
    18.1000    4.315130E-04  5.747370E-04  7.624750E+01
    18.1500    5.339089E-04  5.378321E-04  7.684816E+01
    18.2000    5.008944E-04  5.673468E-04  7.745787E+01
    18.2500    3.324393E-04  6.527807E-04  7.800548E+01
    18.3000    4.920179E-05  7.721113E-04  7.847605E+01
    18.3500   -3.090375E-04  9.067531E-04  7.888760E+01
    18.4000   -6.887820E-04  1.044495E-03  7.925989E+01
    18.4500   -1.031075E-03  1.177541E-03  7.960653E+01
    18.5000   -1.280953E-03  1.300737E-03  7.993598E+01
    18.5500   -1.396226E-03  1.410589E-03  8.025344E+01
    18.6000   -1.353930E-03  1.504757E-03  8.056217E+01
    18.6500   -1.153384E-03  1.581779E-03  8.086430E+01
    18.7000   -8.155367E-04  1.640900E-03  8.116126E+01
    18.7500   -3.790274E-04  1.681940E-03  8.145411E+01
    18.8000    1.060576E-04  1.705176E-03  8.174365E+01
    18.8500    5.854792E-04  1.711239E-03  8.203060E+01
    18.9000    1.007954E-03  1.701008E-03  8.231565E+01
    18.9500    1.331094E-03  1.675512E-03  8.259949E+01
    19.0000    1.527723E-03  1.638033E-03  8.288312E+01
    19.0500    1.587488E-03  1.593099E-03  8.316825E+01
    19.1000    1.504062E-03  1.535791E-03  8.345583E+01
    19.1500    1.290832E-03  1.466904E-03  8.374720E+01
    19.2000    9.745849E-04  1.387288E-03  8.404408E+01
    19.2500    5.927908E-04  1.297936E-03  8.434870E+01
    19.3000    1.899264E-04  1.200137E-03  8.466408E+01
    19.3500   -1.869538E-04  1.095720E-03  8.499446E+01
    19.4000   -4.931488E-04  9.874619E-04  8.534592E+01
    19.4500   -6.913933E-04  8.797664E-04  8.572712E+01
    19.5000   -7.566214E-04  7.797424E-04  8.614967E+01
    19.5500   -6.798449E-04  6.985336E-04  8.662564E+01
    19.6000   -4.705325E-04  6.514981E-04  8.715757E+01
    19.6500   -1.569260E-04  6.537217E-04  8.772218E+01
    19.7000    2.160988E-04  7.107256E-04  8.827354E+01
    19.7500    5.917250E-04  8.149856E-04  8.877716E+01
    19.8000    9.081445E-04  9.530123E-04  8.922732E+01
    19.8500    1.107032E-03  1.112437E-03  8.963401E+01
    19.9000    1.142424E-03  1.283931E-03  9.000931E+01
    19.9500    9.886136E-04  1.460612E-03  9.036271E+01