# # tequil.ion_motion                                            FEFF 9.05   
# # POT  SCF  30  5.5000   1, core-hole, AFOLP (folp(0)= 1.150)
# # Abs   Z=30 Rmt= 1.320 Rnm= 1.403 K  shell
# # Pot 1 Z=26 Rmt= 1.270 Rnm= 1.381
# # Pot 2 Z= 8 Rmt= 0.975 Rnm= 1.069
# # Gam_ch=1.897E+00 H-L exch
# # Mu=-1.185E+01 kf=2.212E+00 Vint=-1.970E+01 Rs_int= 1.639
# # PATH  Rmax= 8.500,  Keep_limit= 0.00, Heap_limit 0.00  Pwcrit= 2.50%
#  S02=1.000                                        Global_sig2= 0.00000
#  Energy zero shift, vr, vi   -2.00000E+00   0.00000E+00
#  Curved wave amplitude ratio filter   4.000%
#     file         sig2 tot  cw amp ratio   deg  nlegs   reff  inp sig2
#           1       0.00000    100.00      1.00     2   1.9243
#           2       0.00000     94.03      1.00     2   1.9716
#           3       0.00000     83.23      1.00     2   2.0685
#           4       0.00000     73.31      1.00     2   2.1738
#           5       0.00000     72.81      1.00     2   2.1796
#           6       0.00000     61.50      1.00     2   2.3277
#           7       0.00000     32.56      1.00     2   2.9307
#           8       0.00000     32.37      1.00     2   2.9386
#           9       0.00000     31.56      1.00     2   2.9723
#          10       0.00000     29.48      1.00     2   3.0635
#          11       0.00000     25.79      1.00     2   3.2467
#          12       0.00000     25.74      1.00     2   3.2490
#          13       0.00000     23.32      1.00     2   3.3874
#          14       0.00000     21.52      1.00     2   3.4588
#          15       0.00000      9.94      2.00     3   3.4659
#          16       0.00000     10.05      2.00     3   3.4799
#          17       0.00000     21.74      1.00     2   3.4868
#          18       0.00000      9.93      2.00     3   3.4871
#          19       0.00000     10.32      2.00     3   3.4877
#          20       0.00000      7.70      2.00     3   3.4891
#          21       0.00000     20.83      1.00     2   3.5002
#          22       0.00000     19.44      2.00     3   3.5061
#          23       0.00000     20.65      1.00     2   3.5112
#          24       0.00000      8.40      2.00     3   3.5179
#          25       0.00000      7.51      2.00     3   3.5267
#          26       0.00000     17.29      2.00     3   3.5374
#          27       0.00000     20.02      1.00     2   3.5510
#          28       0.00000     19.95      1.00     2   3.5553
#          29       0.00000      7.68      2.00     3   3.5550
#          30       0.00000      9.95      2.00     3   3.5611
#          31       0.00000      7.96      2.00     3   3.5838
#          32       0.00000      9.49      2.00     3   3.5860
#          33       0.00000      7.16      2.00     3   3.6036
#          34       0.00000      9.84      2.00     3   3.6178
#          35       0.00000      9.10      2.00     3   3.6219
#          36       0.00000      9.67      2.00     3   3.6253
#          37       0.00000      7.65      2.00     3   3.6282
#          38       0.00000      6.98      2.00     3   3.6356
#          39       0.00000      6.29      2.00     3   3.6583
#          40       0.00000      7.94      2.00     3   3.6616
#          41       0.00000      6.66      2.00     3   3.6623
#          42       0.00000      7.08      2.00     3   3.6806
#          43       0.00000     19.00      1.00     2   3.6829
#          44       0.00000     18.04      1.00     2   3.6876
#          45       0.00000     16.67      2.00     3   3.6884
#          46       0.00000      4.91      1.00     4   3.7632
#          47       0.00000     17.88      1.00     2   3.7727
#          48       0.00000     11.29      2.00     3   3.7744
#          49       0.00000     17.50      1.00     2   3.8046
#          50       0.00000     16.26      1.00     2   3.8280
#          51       0.00000      4.65      1.00     4   3.8281
#          52       0.00000      9.78      1.00     4   3.8486
#          53       0.00000     16.96      1.00     2   3.8521
#          54       0.00000     14.67      2.00     3   3.8731
#          55       0.00000      5.67      1.00     4   3.8900
#          56       0.00000     15.38      1.00     2   3.9040
#          57       0.00000      8.62      1.00     4   3.9432
#          58       0.00000     15.65      1.00     2   3.9743
#          59       0.00000     15.89      2.00     3   3.9914
#          60       0.00000     14.38      1.00     2   3.9988
#          61       0.00000      4.71      1.00     4   4.0032
#          62       0.00000     12.91      2.00     3   4.0095
#          63       0.00000      5.21      1.00     4   4.0291
#          64       0.00000      4.94      1.00     4   4.0633
#          65       0.00000      8.50      2.00     3   4.0695
#          66       0.00000      8.12      2.00     3   4.0923
#          67       0.00000      4.14      1.00     4   4.1052
#          69       0.00000     23.98      2.00     3   4.1176
#          70       0.00000      7.92      2.00     3   4.1253
#          71       0.00000      6.99      1.00     4   4.1306
#          72       0.00000      6.72      1.00     4   4.1370
#          73       0.00000      7.61      2.00     3   4.1386
#          74       0.00000     18.52      2.00     4   4.1454
#          75       0.00000     12.19      2.00     3   4.1462
#          76       0.00000      7.76      2.00     3   4.1583
#          78       0.00000      7.64      2.00     3   4.1657
#          79       0.00000     12.79      1.00     2   4.1669
#          80       0.00000     20.37      2.00     3   4.1973
#          81       0.00000      7.24      2.00     3   4.2073
#          82       0.00000      4.06      1.00     4   4.2144
#          83       0.00000     12.36      1.00     2   4.2170
#          84       0.00000     21.63      2.00     3   4.2213
#          85       0.00000     14.16      2.00     4   4.2481
#          86       0.00000     16.30      2.00     4   4.2520
#          87       0.00000     11.88      1.00     2   4.2759
#          88       0.00000     11.66      1.00     2   4.3040
#          89       0.00000      6.84      2.00     3   4.3069
#          90       0.00000      5.14      1.00     4   4.3181
#          91       0.00000      5.21      1.00     4   4.3476
#          92       0.00000      5.14      1.00     4   4.3593
#          93       0.00000      7.10      2.00     3   4.3607
#          94       0.00000     18.99      2.00     3   4.4016
#          95       0.00000     10.75      1.00     2   4.4272
#          96       0.00000      6.52      2.00     3   4.4463
#          97       0.00000      5.34      2.00     3   4.4511
#          98       0.00000     10.24      1.00     2   4.5019
#          99       0.00000     10.13      1.00     2   4.5182
#         100       0.00000     19.97      2.00     3   4.5179
#         101       0.00000      5.56      2.00     3   4.5192
#         102       0.00000     10.09      1.00     2   4.5236
#         103       0.00000     10.38      1.00     4   4.5273
#         104       0.00000     10.05      1.00     2   4.5311
#         106       0.00000      5.34      2.00     3   4.5407
#         108       0.00000      4.94      2.00     3   4.5507
#         109       0.00000      9.90      1.00     2   4.5540
#         110       0.00000      5.18      2.00     3   4.5705
#         111       0.00000      5.66      2.00     3   4.5710
#         112       0.00000      4.78      2.00     3   4.5733
#         113       0.00000     21.48      2.00     3   4.5782
#         114       0.00000      6.91      2.00     3   4.5960
#         115       0.00000      6.89      2.00     3   4.5970
#         116       0.00000      9.58      1.00     2   4.6048
#         117       0.00000     19.70      2.00     3   4.6059
#         118       0.00000     11.51      1.00     4   4.6086
#         119       0.00000      9.52      1.00     2   4.6161
#         120       0.00000     16.88      2.00     3   4.6156
#         121       0.00000      4.93      2.00     3   4.6222
#         122       0.00000      7.04      2.00     3   4.6258
#         123       0.00000      7.01      2.00     3   4.6278
#         124       0.00000     13.00      1.00     4   4.6383
#         125       0.00000      9.33      1.00     2   4.6470
#         127       0.00000      4.72      2.00     3   4.6661
#         128       0.00000      4.28      2.00     3   4.6680
#         129       0.00000      7.43      2.00     3   4.6736
#         130       0.00000     11.44      1.00     4   4.6807
#         131       0.00000      4.38      2.00     3   4.7008
#         132       0.00000      8.96      1.00     2   4.7121
#         133       0.00000      6.62      2.00     3   4.7230
#         134       0.00000     11.48      2.00     3   4.7244
#         135       0.00000      9.21      1.00     4   4.7293
#         136       0.00000     14.68      2.00     3   4.7318
#         137       0.00000      5.94      2.00     3   4.7550
#         138       0.00000      4.17      2.00     3   4.7777
#         139       0.00000      7.74      2.00     3   4.8178
#         141       0.00000      8.34      1.00     2   4.8273
#         142       0.00000     10.21      2.00     3   4.8309
#         143       0.00000      5.57      2.00     3   4.8334
#         144       0.00000      8.20      2.00     3   4.8415
#         145       0.00000      4.91      2.00     3   4.8467
#         146       0.00000      8.20      1.00     2   4.8554
#         147       0.00000      7.68      1.00     4   4.8588
#         149       0.00000      7.22      2.00     3   4.8945
#         150       0.00000      4.29      2.00     4   4.9023
#         151       0.00000      8.87      1.00     2   4.9049
#         152       0.00000      7.93      1.00     2   4.9107
#         153       0.00000      7.97      2.00     3   4.9242
#         154       0.00000      5.36      1.00     4   4.9252
#         155       0.00000      4.19      2.00     4   4.9378
#         156       0.00000      7.79      1.00     2   4.9402
#         157       0.00000      8.57      1.00     2   4.9650
#         158       0.00000      7.94      2.00     3   4.9790
#         159       0.00000      8.49      1.00     2   4.9813
#         160       0.00000      7.52      2.00     3   4.9818
#         163       0.00000      7.49      1.00     2   5.0043
#         165       0.00000     18.26      2.00     3   5.0152
#         166       0.00000      9.71      2.00     3   5.0184
#         168       0.00000     11.37      1.00     4   5.0261
#         171       0.00000      7.34      1.00     2   5.0381
#         175       0.00000     18.02      2.00     3   5.0439
#         176       0.00000      9.55      2.00     3   5.0452
#         177       0.00000      4.54      1.00     4   5.0457
#         178       0.00000     11.21      1.00     4   5.0496
#         180       0.00000      7.18      1.00     2   5.0770
#         181       0.00000     16.93      2.00     3   5.0926
#         182       0.00000      6.68      2.00     3   5.0935
#         183       0.00000     10.31      1.00     4   5.1083
#         185       0.00000      6.41      2.00     3   5.1332
#         186       0.00000      7.14      2.00     3   5.1497
#         188       0.00000      6.92      2.00     3   5.1813
#         189       0.00000      7.30      2.00     3   5.1894
#         191       0.00000      7.50      1.00     2   5.2034
#         192       0.00000      4.54      1.00     4   5.2094
#         193       0.00000      7.45      1.00     2   5.2168
#         195       0.00000      4.37      1.00     4   5.2349
#         198       0.00000      6.41      1.00     2   5.2686
#         200       0.00000      7.17      1.00     2   5.2869
#         201       0.00000      6.47      2.00     3   5.2907
#         204       0.00000      8.00      2.00     3   5.3037
#         205       0.00000      6.94      2.00     3   5.3069
#         206       0.00000      6.25      1.00     2   5.3146
#         211       0.00000      5.16      2.00     3   5.3254
#         212       0.00000      5.97      2.00     3   5.3394
#         213       0.00000      7.47      2.00     3   5.3596
#         214       0.00000      6.06      1.00     2   5.3690
#         215       0.00000      6.83      1.00     2   5.3765
#         216       0.00000      6.49      2.00     3   5.3780
#         219       0.00000      7.46      2.00     3   5.4132
#         223       0.00000      6.61      1.00     2   5.4387
#         227       0.00000      5.27      2.00     3   5.4588
#         229       0.00000      4.89      2.00     3   5.4703
#         230       0.00000      6.47      1.00     2   5.4788
#         231       0.00000      5.66      1.00     2   5.4905
#         233       0.00000      4.86      2.00     3   5.5007
#         234       0.00000      5.62      1.00     2   5.5020
#         235       0.00000      5.23      2.00     3   5.5074
#         236       0.00000      4.77      2.00     3   5.5071
#         237       0.00000      6.34      1.00     2   5.5161
#         240       0.00000      5.30      2.00     3   5.5415
#         241       0.00000      4.82      2.00     3   5.5504
#         242       0.00000      6.22      1.00     2   5.5543
#         246       0.00000      6.52      2.00     3   5.5754
#         247       0.00000      5.21      2.00     3   5.5847
#         249       0.00000      6.38      2.00     3   5.5905
#         251       0.00000      4.93      2.00     3   5.5984
#         252       0.00000      4.50      2.00     4   5.6148
#         253       0.00000      6.02      1.00     2   5.6161
#         256       0.00000      4.69      2.00     3   5.6257
#         257       0.00000      5.21      1.00     2   5.6388
#         262       0.00000      5.86      2.00     3   5.6619
#         263       0.00000      5.14      1.00     2   5.6633
#         264       0.00000      5.10      2.00     3   5.6699
#         266       0.00000      5.10      1.00     2   5.6763
#         267       0.00000      6.48      2.00     3   5.6775
#         271       0.00000      4.84      2.00     3   5.6935
#         273       0.00000      4.16      2.00     3   5.7082
#         275       0.00000      6.37      2.00     3   5.7183
#         277       0.00000      4.51      2.00     3   5.7246
#         282       0.00000      4.90      1.00     2   5.7498
#         284       0.00000      4.34      2.00     3   5.7519
#         285       0.00000      5.05      2.00     3   5.7521
#         287       0.00000      5.62      2.00     3   5.7564
#         290       0.00000      5.04      2.00     3   5.7594
#         297       0.00000      4.33      2.00     3   5.7958
#         305       0.00000      4.71      1.00     2   5.8247
#         307       0.00000      6.41      2.00     3   5.8351
#         313       0.00000      4.78      2.00     4   5.8576
#         314       0.00000      5.31      1.00     2   5.8597
#         315       0.00000      4.62      1.00     2   5.8602
#         318       0.00000      4.16      2.00     3   5.8627
#         322       0.00000      5.27      1.00     2   5.8760
#         324       0.00000      4.88      2.00     3   5.8795
#         330       0.00000      4.52      1.00     2   5.9010
#         331       0.00000      5.46      2.00     3   5.9026
#         332       0.00000      8.97      2.00     3   5.9032
#         334       0.00000      5.19      1.00     2   5.9066
#         336       0.00000      5.17      1.00     2   5.9116
#         337       0.00000      5.17      1.00     2   5.9147
#         338       0.00000      5.15      1.00     2   5.9198
#   238/ 298 paths used
#  -----------------------------------------------------------------------
#       k          chi          mag           phase @#
    -0.7000   -2.623995E-01  2.631909E-01 -1.493228E+00
    -0.6500   -2.720129E-01  2.739998E-01 -1.691297E+00
    -0.6000   -2.952267E-01  3.032671E-01 -1.801581E+00
    -0.5500   -3.257214E-01  3.385878E-01 -1.847359E+00
    -0.5000   -3.575162E-01  3.722921E-01 -1.853477E+00
    -0.4500   -3.887236E-01  4.031392E-01 -1.839026E+00
    -0.4000   -4.166631E-01  4.294715E-01 -1.815636E+00
    -0.3500   -4.427857E-01  4.533697E-01 -1.787299E+00
    -0.3000   -4.646456E-01  4.730246E-01 -1.759298E+00
    -0.2500   -4.823992E-01  4.888793E-01 -1.733796E+00
    -0.2000   -4.963374E-01  5.013266E-01 -1.711994E+00
    -0.1500   -5.074793E-01  5.113263E-01 -1.693539E+00
    -0.1000   -5.154046E-01  5.184817E-01 -1.679797E+00
    -0.0500   -5.200598E-01  5.227057E-01 -1.671457E+00
     0.0000   -5.215944E-01  5.241023E-01 -1.668663E+00
     0.0500   -5.231204E-01  5.254931E-01 -1.665861E+00
     0.1000   -5.276457E-01  5.296313E-01 -1.657416E+00
     0.1500   -5.350088E-01  5.364149E-01 -1.643216E+00
     0.2000   -5.449295E-01  5.456760E-01 -1.623110E+00
     0.2500   -5.569950E-01  5.571854E-01 -1.596940E+00
     0.3000   -5.706480E-01  5.706590E-01 -1.564583E+00
     0.3500   -5.855070E-01  5.861125E-01 -1.525335E+00
     0.4000   -6.015506E-01  6.041980E-01 -1.477149E+00
     0.4500   -6.164514E-01  6.233183E-01 -1.422223E+00
     0.5000   -6.289080E-01  6.430404E-01 -1.360756E+00
     0.5500   -6.379314E-01  6.636414E-01 -1.291534E+00
     0.6000   -6.420768E-01  6.855209E-01 -1.212872E+00
     0.6500   -6.386361E-01  7.067576E-01 -1.128133E+00
     0.7000   -6.261166E-01  7.274576E-01 -1.036626E+00
     0.7500   -6.025534E-01  7.486022E-01 -9.355147E-01
     0.8000   -5.662507E-01  7.678700E-01 -8.292579E-01
     0.8500   -5.158023E-01  7.860380E-01 -7.157788E-01
     0.9000   -4.498635E-01  8.029785E-01 -5.946798E-01
     0.9500   -3.696460E-01  8.169950E-01 -4.695061E-01
     1.0000   -2.733394E-01  8.297806E-01 -3.356804E-01
     1.0500   -1.648276E-01  8.393517E-01 -1.976595E-01
     1.1000   -4.593050E-02  8.460942E-01 -5.431202E-02
     1.1500    8.069508E-02  8.501145E-01  9.506573E-02
     1.2000    2.079837E-01  8.502277E-01  2.471290E-01
     1.2500    3.351930E-01  8.479177E-01  4.064087E-01
     1.3000    4.524043E-01  8.415001E-01  5.676077E-01
     1.3500    5.574371E-01  8.320935E-01  7.341028E-01
     1.4000    6.432826E-01  8.190454E-01  9.033506E-01
     1.4500    7.064309E-01  8.027022E-01  1.076001E+00
     1.5000    7.437926E-01  7.832202E-01  1.252147E+00
     1.5500    7.529770E-01  7.604839E-01  1.430173E+00
     1.6000    7.344572E-01  7.350896E-01  1.612280E+00
     1.6500    6.890495E-01  7.067401E-01  1.795012E+00
     1.7000    6.197320E-01  6.762027E-01  1.982380E+00
     1.7500    5.311927E-01  6.432003E-01  2.169869E+00
     1.8000    4.278534E-01  6.081885E-01  2.361299E+00
     1.8500    3.171030E-01  5.712814E-01  2.553142E+00
     1.9000    2.032807E-01  5.326034E-01  2.749986E+00
     1.9500    9.457988E-02  4.923596E-01  2.948296E+00
     2.0000   -1.797673E-03  4.509805E-01  3.145579E+00
     2.0500   -8.111477E-02  4.088515E-01  3.341314E+00
     2.1000   -1.405700E-01  3.649802E-01  3.536957E+00
     2.1500   -1.775983E-01  3.195249E-01  3.730942E+00
     2.2000   -1.924568E-01  2.746661E-01  3.917962E+00
     2.2500   -1.882233E-01  2.309888E-01  4.094079E+00
     2.3000   -1.686884E-01  1.882157E-01  4.252835E+00
     2.3500   -1.371212E-01  1.451331E-01  4.378565E+00
     2.4000   -1.026804E-01  1.067727E-01  4.434630E+00
     2.4500   -7.220510E-02  7.704596E-02  4.356019E+00
     2.5000   -5.116784E-02  6.255047E-02  4.099561E+00
     2.5500   -4.539357E-02  6.780460E-02  3.875096E+00
     2.6000   -4.942249E-02  8.128186E-02  3.795180E+00
     2.6500   -6.195035E-02  9.698042E-02  3.834520E+00
     2.7000   -8.019225E-02  1.115594E-01  3.943710E+00
     2.7500   -9.775271E-02  1.221298E-01  4.069555E+00
     2.8000   -1.151362E-01  1.312030E-01  4.212306E+00
     2.8500   -1.306192E-01  1.388117E-01  4.367110E+00
     2.9000   -1.425136E-01  1.449294E-01  4.529550E+00
     2.9500   -1.498976E-01  1.499168E-01  4.696379E+00
     3.0000   -1.518235E-01  1.536456E-01  4.866547E+00
     3.0500   -1.479342E-01  1.561738E-01  5.038670E+00
     3.1000   -1.384226E-01  1.576787E-01  5.211772E+00
     3.1500   -1.236007E-01  1.582797E-01  5.387079E+00
     3.2000   -1.042015E-01  1.581054E-01  5.563612E+00
     3.2500   -8.130602E-02  1.572923E-01  5.739948E+00
     3.3000   -5.604150E-02  1.559657E-01  5.915647E+00
     3.3500   -2.927934E-02  1.543254E-01  6.092303E+00
     3.4000   -1.956115E-03  1.523859E-01  6.270348E+00
     3.4500    2.480130E-02  1.501588E-01  6.449113E+00
     3.5000    5.008296E-02  1.476929E-01  6.629147E+00
     3.5500    7.320644E-02  1.451175E-01  6.811946E+00
     3.6000    9.328552E-02  1.423665E-01  6.997698E+00
     3.6500    1.092853E-01  1.392553E-01  7.185532E+00
     3.7000    1.205135E-01  1.357503E-01  7.375638E+00
     3.7500    1.264844E-01  1.318079E-01  7.568804E+00
     3.8000    1.268587E-01  1.273635E-01  7.764920E+00
     3.8500    1.216909E-01  1.224101E-01  7.962435E+00
     3.9000    1.114959E-01  1.169621E-01  8.160911E+00
     3.9500    9.715680E-02  1.111168E-01  8.360649E+00
     4.0000    7.976987E-02  1.049704E-01  8.561576E+00
     4.0500    6.068900E-02  9.847374E-02  8.760747E+00
     4.1000    4.137393E-02  9.174483E-02  8.956929E+00
     4.1500    2.311507E-02  8.490855E-02  9.149063E+00
     4.2000    6.922329E-03  7.808091E-02  9.336006E+00
     4.2500   -6.449210E-03  7.148278E-02  9.515121E+00
     4.3000   -1.681106E-02  6.530622E-02  9.685128E+00
     4.3500   -2.437297E-02  5.971495E-02  9.845210E+00
     4.4000   -2.957435E-02  5.481594E-02  9.994646E+00
     4.4500   -3.318962E-02  5.080223E-02  1.013673E+01
     4.5000   -3.588038E-02  4.769351E-02  1.027634E+01
     4.5500   -3.808313E-02  4.540949E-02  1.041960E+01
     4.6000   -3.992357E-02  4.380698E-02  1.057133E+01
     4.6500   -4.122209E-02  4.262321E-02  1.073846E+01
     4.7000   -4.149575E-02  4.160191E-02  1.092412E+01
     4.7500   -4.016513E-02  4.052664E-02  1.112924E+01
     4.8000   -3.682071E-02  3.928737E-02  1.135181E+01
     4.8500   -3.116520E-02  3.769209E-02  1.159291E+01
     4.9000   -2.338849E-02  3.569010E-02  1.185176E+01
     4.9500   -1.413197E-02  3.329085E-02  1.212796E+01
     5.0000   -4.446202E-03  3.056843E-02  1.242040E+01
     5.0500    4.529338E-03  2.757129E-02  1.273140E+01
     5.1000    1.164404E-02  2.442644E-02  1.306327E+01
     5.1500    1.603768E-02  2.128757E-02  1.341956E+01
     5.2000    1.728069E-02  1.828849E-02  1.380364E+01
     5.2500    1.556269E-02  1.561806E-02  1.422140E+01
     5.3000    1.155573E-02  1.344600E-02  1.467383E+01
     5.3500    6.273841E-03  1.188188E-02  1.515170E+01
     5.4000    7.771020E-04  1.085607E-02  1.563632E+01
     5.4500   -3.905754E-03  1.029185E-02  1.609722E+01
     5.5000   -7.166954E-03  9.971900E-03  1.650992E+01
     5.5500   -8.867887E-03  9.702294E-03  1.686100E+01
     5.6000   -9.304943E-03  9.381982E-03  1.715052E+01
     5.6500   -9.043126E-03  9.078576E-03  1.736716E+01
     5.7000   -8.738878E-03  8.978994E-03  1.751054E+01
     5.7500   -8.882249E-03  9.362597E-03  1.760047E+01
     5.8000   -9.574231E-03  1.043301E-02  1.768734E+01
     5.8500   -1.055966E-02  1.221505E-02  1.780544E+01
     5.9000   -1.122866E-02  1.456193E-02  1.796899E+01
     5.9500   -1.080639E-02  1.726435E-02  1.817322E+01
     6.0000   -8.445841E-03  2.006414E-02  1.841507E+01
     6.0500   -3.913660E-03  2.281142E-02  1.867714E+01
     6.1000    2.588625E-03  2.536645E-02  1.895178E+01
     6.1500    1.036359E-02  2.760603E-02  1.923440E+01
     6.2000    1.832238E-02  2.942982E-02  1.952159E+01
     6.2500    2.522020E-02  3.076181E-02  1.981071E+01
     6.3000    2.994180E-02  3.155218E-02  2.009948E+01
     6.3500    3.176024E-02  3.177930E-02  2.038571E+01
     6.4000    3.049920E-02  3.145174E-02  2.066709E+01
     6.4500    2.655490E-02  3.061026E-02  2.094096E+01
     6.5000    2.066987E-02  2.927414E-02  2.120720E+01
     6.5500    1.401583E-02  2.760843E-02  2.145868E+01
     6.6000    7.645208E-03  2.578482E-02  2.169012E+01
     6.6500    2.249580E-03  2.400251E-02  2.189729E+01
     6.7000   -1.951721E-03  2.249295E-02  2.207803E+01
     6.7500   -5.197939E-03  2.148868E-02  2.223546E+01
     6.8000   -8.032226E-03  2.116268E-02  2.238045E+01
     6.8500   -1.105579E-02  2.156127E-02  2.252955E+01
     6.9000   -1.466733E-02  2.258387E-02  2.269802E+01
     6.9500   -1.886856E-02  2.403079E-02  2.289414E+01
     7.0000   -2.321782E-02  2.567507E-02  2.312087E+01
     7.0500   -2.681913E-02  2.730168E-02  2.337365E+01
     7.1000   -2.864266E-02  2.874735E-02  2.364731E+01
     7.1500   -2.781137E-02  2.989567E-02  2.393756E+01
     7.2000   -2.387079E-02  3.067042E-02  2.424079E+01
     7.2500   -1.697016E-02  3.102928E-02  2.455407E+01
     7.3000   -7.889224E-03  3.095812E-02  2.487506E+01
     7.3500    2.101233E-03  3.046600E-02  2.520177E+01
     7.4000    1.150994E-02  2.958082E-02  2.553240E+01
     7.4500    1.895498E-02  2.834539E-02  2.586522E+01
     7.5000    2.346208E-02  2.679041E-02  2.619976E+01
     7.5500    2.462444E-02  2.498573E-02  2.653327E+01
     7.6000    2.272056E-02  2.301148E-02  2.686272E+01
     7.6500    1.856393E-02  2.094434E-02  2.718494E+01
     7.7000    1.324700E-02  1.886614E-02  2.749591E+01
     7.7500    7.843783E-03  1.686536E-02  2.779061E+01
     7.8000    3.150376E-03  1.503978E-02  2.806330E+01
     7.8500   -4.662680E-04  1.349804E-02  2.830888E+01
     7.9000   -3.075619E-03  1.235360E-02  2.852595E+01
     7.9500   -5.055600E-03  1.170201E-02  2.872107E+01
     8.0000   -6.876984E-03  1.156859E-02  2.891092E+01
     8.0500   -8.872299E-03  1.191473E-02  2.911434E+01
     8.1000   -1.107995E-02  1.263290E-02  2.934406E+01
     8.1500   -1.318793E-02  1.358233E-02  2.960356E+01
     8.2000   -1.461669E-02  1.463122E-02  2.988970E+01
     8.2500   -1.470991E-02  1.566969E-02  3.019694E+01
     8.3000   -1.297098E-02  1.660915E-02  3.051973E+01
     8.3500   -9.268237E-03  1.737788E-02  3.085339E+01
     8.4000   -3.940659E-03  1.791733E-02  3.119418E+01
     8.4500    2.234735E-03  1.818020E-02  3.153916E+01
     8.5000    8.218472E-03  1.812711E-02  3.188648E+01
     8.5500    1.293933E-02  1.773161E-02  3.223386E+01
     8.6000    1.558799E-02  1.698189E-02  3.257873E+01
     8.6500    1.584124E-02  1.587823E-02  3.291845E+01
     8.7000    1.394077E-02  1.443581E-02  3.324936E+01
     8.7500    1.062072E-02  1.268761E-02  3.356557E+01
     8.8000    6.896944E-03  1.069073E-02  3.385632E+01
     8.8500    3.777371E-03  8.543566E-03  3.409955E+01
     8.9000    1.976573E-03  6.439216E-03  3.424552E+01
     8.9500    1.716913E-03  4.830624E-03  3.419415E+01
     9.0000    2.678618E-03  4.597440E-03  3.393556E+01
     9.0500    4.091473E-03  5.990821E-03  3.380572E+01
     9.1000    4.975776E-03  8.181004E-03  3.390371E+01
     9.1500    4.453337E-03  1.058314E-02  3.412320E+01
     9.2000    2.024232E-03  1.293956E-02  3.440044E+01
     9.2500   -2.257664E-03  1.511521E-02  3.470744E+01
     9.3000   -7.764736E-03  1.702296E-02  3.503116E+01
     9.3500   -1.343818E-02  1.860082E-02  3.536486E+01
     9.4000   -1.805406E-02  1.980458E-02  3.570470E+01
     9.4500   -2.053945E-02  2.060535E-02  3.604831E+01
     9.5000   -2.027340E-02  2.101333E-02  3.639448E+01
     9.5500   -1.719055E-02  2.102386E-02  3.674176E+01
     9.6000   -1.182412E-02  2.062761E-02  3.708868E+01
     9.6500   -5.198148E-03  1.984696E-02  3.743411E+01
     9.7000    1.451046E-03  1.871563E-02  3.777672E+01
     9.7500    6.977064E-03  1.727771E-02  3.811480E+01
     9.8000    1.058764E-02  1.558665E-02  3.844589E+01
     9.8500    1.200273E-02  1.370485E-02  3.876621E+01
     9.9000    1.147028E-02  1.170442E-02  3.906955E+01
     9.9500    9.643877E-03  9.671215E-03  3.934512E+01
    10.0000    7.386921E-03  7.741025E-03  3.957354E+01
    10.0500    5.461798E-03  6.068896E-03  3.972101E+01
    10.1000    4.351974E-03  4.896800E-03  3.974612E+01
    10.1500    4.182846E-03  4.545412E-03  3.967202E+01
    10.2000    4.699430E-03  5.044911E-03  3.964214E+01
    10.2500    5.379454E-03  6.035957E-03  3.974064E+01
    10.3000    5.617829E-03  7.172876E-03  3.994090E+01
    10.3500    4.925114E-03  8.267373E-03  4.020253E+01
    10.4000    3.082286E-03  9.229433E-03  4.050020E+01
    10.4500    2.101384E-04  1.001779E-02  4.081973E+01
    10.5000   -3.261331E-03  1.061699E-02  4.115293E+01
    10.5500   -6.708904E-03  1.102700E-02  4.149476E+01
    10.6000   -9.479651E-03  1.125793E-02  4.184176E+01
    10.6500   -1.105354E-02  1.132686E-02  4.219138E+01
    10.7000   -1.116079E-02  1.125569E-02  4.254145E+01
    10.7500   -9.826106E-03  1.106957E-02  4.289004E+01
    10.8000   -7.335252E-03  1.079567E-02  4.323527E+01
    10.8500   -4.141688E-03  1.046229E-02  4.357528E+01
    10.9000   -7.463032E-04  1.009828E-02  4.390833E+01
    10.9500    2.412991E-03  9.732441E-03  4.423284E+01
    11.0000    5.042601E-03  9.407363E-03  4.454802E+01
    11.0500    7.003433E-03  9.152847E-03  4.485359E+01
    11.1000    8.258445E-03  8.977394E-03  4.515016E+01
    11.1500    8.841520E-03  8.898502E-03  4.543986E+01
    11.2000    8.791882E-03  8.924679E-03  4.572582E+01
    11.2500    8.118863E-03  9.053673E-03  4.601152E+01
    11.3000    6.803182E-03  9.272437E-03  4.630014E+01
    11.3500    4.832334E-03  9.558931E-03  4.659389E+01
    11.4000    2.253714E-03  9.885068E-03  4.689388E+01
    11.4500   -7.785359E-04  1.021989E-02  4.720014E+01
    11.5000   -3.985693E-03  1.053231E-02  4.751198E+01
    11.5500   -6.988784E-03  1.079323E-02  4.782821E+01
    11.6000   -9.373519E-03  1.097710E-02  4.814735E+01
    11.6500   -1.077957E-02  1.106310E-02  4.846780E+01
    11.7000   -1.098827E-02  1.103610E-02  4.878782E+01
    11.7500   -9.981371E-03  1.088745E-02  4.910555E+01
    11.8000   -7.951348E-03  1.061577E-02  4.941891E+01
    11.8500   -5.257859E-03  1.022766E-02  4.972554E+01
    11.9000   -2.341521E-03  9.738499E-03  5.002266E+01
    11.9500    3.806591E-04  9.173254E-03  5.030699E+01
    12.0000    2.617110E-03  8.576835E-03  5.057556E+01
    12.0500    4.241683E-03  7.995015E-03  5.082472E+01
    12.1000    5.281182E-03  7.470392E-03  5.105066E+01
    12.1500    5.898528E-03  7.063834E-03  5.125367E+01
    12.2000    6.298660E-03  6.828991E-03  5.143958E+01
    12.2500    6.637049E-03  6.795121E-03  5.162016E+01
    12.3000    6.951768E-03  6.954232E-03  5.180965E+01
    12.3500    7.142143E-03  7.263282E-03  5.201917E+01
    12.4000    7.001909E-03  7.659748E-03  5.225375E+01
    12.4500    6.296936E-03  8.078646E-03  5.251328E+01
    12.5000    4.862686E-03  8.462928E-03  5.279498E+01
    12.5500    2.689218E-03  8.767319E-03  5.309532E+01
    12.6000   -3.562934E-05  8.958582E-03  5.341105E+01
    12.6500   -2.942148E-03  9.014518E-03  5.373955E+01
    12.7000   -5.553145E-03  8.922721E-03  5.407883E+01
    12.7500   -7.398006E-03  8.679430E-03  5.442756E+01
    12.8000   -8.134721E-03  8.288481E-03  5.478495E+01
    12.8500   -7.644605E-03  7.760344E-03  5.515080E+01
    12.9000   -6.071316E-03  7.111203E-03  5.552549E+01
    12.9500   -3.791323E-03  6.362088E-03  5.591025E+01
    13.0000   -1.322640E-03  5.546056E-03  5.630786E+01
    13.0500    8.119796E-04  4.690604E-03  5.672265E+01
    13.1000    2.196834E-03  3.813975E-03  5.716249E+01
    13.1500    2.627735E-03  2.954702E-03  5.764457E+01
    13.2000    2.158448E-03  2.166561E-03  5.820603E+01
    13.2500    1.071733E-03  1.544794E-03  5.892355E+01
    13.3000   -2.104071E-04  1.261744E-03  5.985780E+01
    13.3500   -1.250662E-03  1.405585E-03  6.078713E+01
    13.4000   -1.718836E-03  1.771180E-03  6.150478E+01
    13.4500   -1.478501E-03  2.160362E-03  6.207810E+01
    13.5000   -6.148274E-04  2.489772E-03  6.258233E+01
    13.5500    6.018890E-04  2.728861E-03  6.305425E+01
    13.6000    1.803904E-03  2.868625E-03  6.351191E+01
    13.6500    2.637566E-03  2.911216E-03  6.396559E+01
    13.7000    2.865610E-03  2.866167E-03  6.442235E+01
    13.7500    2.431141E-03  2.748725E-03  6.488811E+01
    13.8000    1.466566E-03  2.578907E-03  6.536855E+01
    13.8500    2.475077E-04  2.380678E-03  6.586929E+01
    13.9000   -8.922829E-04  2.180687E-03  6.639500E+01
    13.9500   -1.658334E-03  2.005573E-03  6.694695E+01
    14.0000   -1.875166E-03  1.875747E-03  6.751935E+01
    14.0500   -1.529814E-03  1.799168E-03  6.809850E+01
    14.1000   -7.669633E-04  1.770781E-03  6.866709E+01
    14.1500    1.688989E-04  1.770170E-03  6.921060E+01
    14.2000    1.010689E-03  1.770986E-03  6.972239E+01
    14.2500    1.548216E-03  1.748817E-03  7.020216E+01
    14.3000    1.684337E-03  1.685290E-03  7.065219E+01
    14.3500    1.452309E-03  1.569137E-03  7.107415E+01
    14.4000    9.916280E-04  1.396000E-03  7.146666E+01
    14.4500    4.926273E-04  1.168339E-03  7.182137E+01
    14.5000    1.292234E-04  8.970678E-04  7.211208E+01
    14.5500    1.830493E-06  6.115062E-04  7.225364E+01
    14.6000    1.081135E-04  4.137942E-04  7.199229E+01
    14.6500    3.495504E-04  5.188465E-04  7.151742E+01
    14.7000    5.700150E-04  8.366534E-04  7.150709E+01
    14.7500    6.125341E-04  1.202988E-03  7.172240E+01
    14.8000    3.751075E-04  1.563859E-03  7.201441E+01
    14.8500   -1.525259E-04  1.894545E-03  7.233723E+01
    14.9000   -8.825900E-04  2.178406E-03  7.267378E+01
    14.9500   -1.654772E-03  2.402871E-03  7.301628E+01
    15.0000   -2.288223E-03  2.563039E-03  7.336010E+01
    15.0500   -2.633561E-03  2.654514E-03  7.370170E+01
    15.1000   -2.605927E-03  2.665246E-03  7.403880E+01
    15.1500   -2.225474E-03  2.596121E-03  7.436836E+01
    15.2000   -1.602020E-03  2.452226E-03  7.468630E+01
    15.2500   -8.977133E-04  2.243369E-03  7.498653E+01
    15.3000   -2.750519E-04  1.985157E-03  7.525922E+01
    15.3500    1.526798E-04  1.701397E-03  7.548808E+01
    15.4000    3.527662E-04  1.429072E-03  7.564765E+01
    15.4500    3.767208E-04  1.225035E-03  7.571081E+01
    15.5000    3.359585E-04  1.157703E-03  7.569265E+01
    15.5500    3.582554E-04  1.254632E-03  7.568780E+01
    15.6000    5.398112E-04  1.468694E-03  7.577459E+01
    15.6500    9.088690E-04  1.729999E-03  7.595136E+01
    15.7000    1.412826E-03  1.987139E-03  7.618912E+01
    15.7500    1.932972E-03  2.207863E-03  7.646468E+01
    15.8000    2.321972E-03  2.371848E-03  7.676358E+01
    15.8500    2.451882E-03  2.466253E-03  7.707702E+01
    15.9000    2.257135E-03  2.483592E-03  7.739937E+01
    15.9500    1.758588E-03  2.420714E-03  7.772664E+01
    16.0000    1.061295E-03  2.281161E-03  7.805591E+01
    16.0500    3.204199E-04  2.070201E-03  7.838441E+01
    16.1000   -2.968931E-04  1.787973E-03  7.870664E+01
    16.1500   -6.591700E-04  1.444779E-03  7.901358E+01
    16.2000   -7.139279E-04  1.055315E-03  7.928283E+01
    16.2500   -5.034348E-04  6.457199E-04  7.943392E+01
    16.3000   -1.518269E-04  3.234002E-04  7.902851E+01
    16.3500    1.725231E-04  4.862922E-04  7.817715E+01
    16.4000    3.079956E-04  9.043995E-04  7.819231E+01
    16.4500    1.487680E-04  1.341641E-03  7.842870E+01
    16.5000   -3.226054E-04  1.756928E-03  7.872448E+01
    16.5500   -1.028448E-03  2.132764E-03  7.904300E+01
    16.6000   -1.816585E-03  2.457462E-03  7.937172E+01
    16.6500   -2.501780E-03  2.722666E-03  7.970503E+01
    16.7000   -2.915572E-03  2.922893E-03  8.003982E+01
    16.7500   -2.950072E-03  3.055450E-03  8.037401E+01
    16.8000   -2.583675E-03  3.120415E-03  8.070589E+01
    16.8500   -1.882428E-03  3.120576E-03  8.103386E+01
    16.9000   -9.781576E-04  3.061341E-03  8.135619E+01
    16.9500   -3.109335E-05  2.950591E-03  8.167087E+01
    17.0000    8.126392E-04  2.799605E-03  8.197592E+01
    17.0500    1.453122E-03  2.620955E-03  8.226908E+01
    17.1000    1.845911E-03  2.425725E-03  8.254622E+01
    17.1500    2.009392E-03  2.229740E-03  8.280389E+01
    17.2000    2.003808E-03  2.049967E-03  8.303959E+01
    17.2500    1.902900E-03  1.902902E-03  8.325369E+01
    17.3000    1.765914E-03  1.801607E-03  8.345159E+01
    17.3500    1.619000E-03  1.751944E-03  8.364429E+01
    17.4000    1.451338E-03  1.750283E-03  8.384532E+01
    17.4500    1.226174E-03  1.784899E-03  8.406569E+01
    17.5000    9.019882E-04  1.840346E-03  8.431078E+01
    17.5500    4.558926E-04  1.901810E-03  8.458093E+01
    17.6000   -9.909623E-05  1.957561E-03  8.487365E+01
    17.6500   -7.089631E-04  1.999603E-03  8.518544E+01
    17.7000   -1.287675E-03  2.023373E-03  8.551282E+01
    17.7500   -1.737499E-03  2.027095E-03  8.585269E+01
    17.8000   -1.974335E-03  2.011104E-03  8.620228E+01
    17.8500   -1.950258E-03  1.977218E-03  8.655912E+01
    17.9000   -1.666541E-03  1.928201E-03  8.692084E+01
    17.9500   -1.173514E-03  1.867315E-03  8.728504E+01
    18.0000   -5.574340E-04  1.798403E-03  8.764944E+01
    18.0500    8.153316E-05  1.724896E-03  8.801188E+01
    18.1000    6.483956E-04  1.648468E-03  8.836885E+01
    18.1500    1.074547E-03  1.571997E-03  8.871722E+01
    18.2000    1.328071E-03  1.498466E-03  8.905386E+01
    18.2500    1.413016E-03  1.431170E-03  8.937595E+01
    18.3000    1.359244E-03  1.373866E-03  8.968142E+01
    18.3500    1.207189E-03  1.330703E-03  8.996965E+01
    18.4000    9.930330E-04  1.305795E-03  9.024213E+01
    18.4500    7.391061E-04  1.302408E-03  9.050273E+01
    18.5000    4.521203E-04  1.322004E-03  9.075715E+01
    18.5500    1.289081E-04  1.363572E-03  9.101151E+01
    18.6000   -2.332746E-04  1.423628E-03  9.127079E+01
    18.6500   -6.262931E-04  1.496851E-03  9.153788E+01
    18.7000   -1.024809E-03  1.576993E-03  9.181357E+01
    18.7500   -1.386760E-03  1.657722E-03  9.209713E+01
    18.8000   -1.660830E-03  1.733235E-03  9.238692E+01
    18.8500   -1.798633E-03  1.798647E-03  9.268089E+01
    18.9000   -1.767647E-03  1.850232E-03  9.297689E+01
    18.9500   -1.560701E-03  1.885574E-03  9.327277E+01
    19.0000   -1.199662E-03  1.904437E-03  9.356632E+01
    19.0500   -7.298032E-04  1.908951E-03  9.385549E+01
    19.1000   -2.062002E-04  1.899041E-03  9.413898E+01
    19.1500    3.128629E-04  1.877702E-03  9.441518E+01
    19.2000    7.792616E-04  1.849129E-03  9.468279E+01
    19.2500    1.162152E-03  1.818438E-03  9.494110E+01
    19.3000    1.449120E-03  1.791209E-03  9.519026E+01
    19.3500    1.641711E-03  1.772824E-03  9.543157E+01
    19.4000    1.747540E-03  1.767662E-03  9.566754E+01
    19.4500    1.772205E-03  1.778337E-03  9.590165E+01
    19.5000    1.714098E-03  1.805226E-03  9.613767E+01
    19.5500    1.564062E-03  1.846474E-03  9.637896E+01
    19.6000    1.310015E-03  1.898479E-03  9.662784E+01
    19.6500    9.448484E-04  1.956633E-03  9.688541E+01
    19.7000    4.746873E-04  2.016090E-03  9.715169E+01
    19.7500   -7.560145E-05  2.072382E-03  9.742586E+01
    19.8000   -6.619127E-04  2.121830E-03  9.770662E+01
    19.8500   -1.226063E-03  2.161778E-03  9.799242E+01
    19.9000   -1.705422E-03  2.190691E-03  9.828162E+01
    19.9500   -2.044401E-03  2.208166E-03  9.857262E+01