# # tequil.ion_motion                                            FEFF 9.05   
# # POT  SCF  30  5.5000   1, core-hole, AFOLP (folp(0)= 1.150)
# # Abs   Z=30 Rmt= 1.290 Rnm= 1.422 K  shell
# # Pot 1 Z=26 Rmt= 1.261 Rnm= 1.379
# # Pot 2 Z= 8 Rmt= 1.013 Rnm= 1.083
# # Gam_ch=1.897E+00 H-L exch
# # Mu=-1.158E+01 kf=2.207E+00 Vint=-1.917E+01 Rs_int= 1.643
# # PATH  Rmax= 8.500,  Keep_limit= 0.00, Heap_limit 0.00  Pwcrit= 2.50%
#  S02=1.000                                        Global_sig2= 0.00000
#  Energy zero shift, vr, vi   -2.00000E+00   0.00000E+00
#  Curved wave amplitude ratio filter   4.000%
#     file         sig2 tot  cw amp ratio   deg  nlegs   reff  inp sig2
#           1       0.00000    100.00      1.00     2   1.9390
#           2       0.00000     97.72      1.00     2   1.9567
#           3       0.00000     89.75      1.00     2   2.0232
#           4       0.00000     59.48      1.00     2   2.3769
#           5       0.00000     52.02      1.00     2   2.5037
#           6       0.00000     49.18      1.00     2   2.5587
#           7       0.00000     34.51      1.00     2   2.8662
#           8       0.00000     33.08      1.00     2   2.9217
#           9       0.00000     29.36      1.00     2   3.0815
#          10       0.00000     29.03      1.00     2   3.0967
#          11       0.00000     27.40      1.00     2   3.1753
#          12       0.00000     26.82      1.00     2   3.2048
#          13       0.00000     25.05      1.00     2   3.2994
#          14       0.00000     24.73      1.00     2   3.3157
#          15       0.00000     12.94      2.00     3   3.3519
#          16       0.00000     23.94      1.00     2   3.3556
#          17       0.00000     23.38      1.00     2   3.3850
#          18       0.00000     23.26      1.00     2   3.3914
#          19       0.00000     18.02      2.00     3   3.4266
#          20       0.00000      9.88      2.00     3   3.4669
#          21       0.00000     21.69      1.00     2   3.4787
#          22       0.00000      8.20      2.00     3   3.5198
#          23       0.00000     20.34      1.00     2   3.5604
#          24       0.00000     10.40      2.00     3   3.5881
#          25       0.00000     13.52      2.00     3   3.5891
#          26       0.00000      7.52      2.00     3   3.6162
#          27       0.00000      8.76      2.00     3   3.6223
#          28       0.00000      8.20      2.00     3   3.6261
#          29       0.00000     14.63      2.00     3   3.6378
#          30       0.00000      8.56      2.00     3   3.6407
#          31       0.00000      8.26      2.00     3   3.6593
#          32       0.00000     18.73      1.00     2   3.7164
#          33       0.00000      8.77      2.00     3   3.7175
#          34       0.00000     18.48      1.00     2   3.7360
#          35       0.00000      8.20      2.00     3   3.7559
#          36       0.00000      7.02      2.00     3   3.7612
#          37       0.00000      5.81      1.00     4   3.7718
#          38       0.00000     17.94      1.00     2   3.7801
#          39       0.00000      6.18      2.00     3   3.8380
#          40       0.00000      6.62      1.00     4   3.8376
#          41       0.00000     17.17      1.00     2   3.8458
#          42       0.00000      6.66      2.00     3   3.8582
#          43       0.00000     16.99      1.00     2   3.8623
#          44       0.00000      5.45      2.00     3   3.8693
#          45       0.00000     10.04      1.00     4   3.8780
#          46       0.00000     16.13      2.00     3   3.8919
#          48       0.00000     10.61      2.00     3   3.9027
#          49       0.00000     15.66      1.00     2   3.9094
#          50       0.00000      9.57      1.00     4   3.9133
#          51       0.00000     13.38      2.00     3   3.9281
#          52       0.00000      9.18      2.00     3   3.9615
#          54       0.00000      4.21      1.00     4   3.9735
#          56       0.00000     14.89      1.00     2   3.9796
#          58       0.00000      4.90      1.00     4   4.0121
#          59       0.00000     15.23      1.00     2   4.0287
#          60       0.00000      8.80      2.00     3   4.0309
#          61       0.00000      8.03      1.00     4   4.0464
#          62       0.00000      7.05      1.00     4   4.0478
#          63       0.00000     12.84      2.00     3   4.0569
#          64       0.00000      4.13      1.00     4   4.0794
#          65       0.00000      8.38      2.00     3   4.0973
#          66       0.00000     11.09      2.00     3   4.1263
#          67       0.00000     13.34      1.00     2   4.1364
#          68       0.00000      4.87      1.00     4   4.1397
#          69       0.00000      7.07      2.00     3   4.1658
#          70       0.00000      7.12      2.00     3   4.1717
#          71       0.00000      7.09      2.00     3   4.1769
#          72       0.00000      4.22      1.00     4   4.2515
#          73       0.00000      6.80      2.00     3   4.2730
#          74       0.00000      9.70      2.00     3   4.2908
#          75       0.00000      6.43      2.00     3   4.2974
#          76       0.00000     16.69      2.00     3   4.3174
#          77       0.00000     11.72      1.00     2   4.3264
#          78       0.00000      8.57      2.00     3   4.3402
#          79       0.00000     16.00      2.00     3   4.3791
#          80       0.00000     11.23      1.00     2   4.3901
#          81       0.00000     11.22      1.00     2   4.3912
#          82       0.00000     11.00      2.00     4   4.4001
#          83       0.00000     11.13      1.00     2   4.4040
#          85       0.00000     11.00      1.00     2   4.4208
#          86       0.00000     10.86      1.00     2   4.4410
#          87       0.00000     16.69      2.00     3   4.4423
#          88       0.00000     19.41      2.00     3   4.4441
#          90       0.00000     10.57      2.00     4   4.4604
#          91       0.00000      7.08      2.00     3   4.4705
#          92       0.00000     20.52      2.00     3   4.4970
#          93       0.00000     11.97      2.00     4   4.4977
#          94       0.00000     10.44      1.00     2   4.5006
#          95       0.00000     10.42      1.00     2   4.5036
#          96       0.00000     10.36      1.00     2   4.5128
#          97       0.00000     10.28      1.00     2   4.5241
#          99       0.00000     10.81      1.00     4   4.5618
#         100       0.00000     14.95      2.00     3   4.5811
#         101       0.00000      6.99      2.00     3   4.5809
#         102       0.00000     11.88      1.00     4   4.5900
#         103       0.00000     19.77      2.00     3   4.5962
#         104       0.00000     18.39      2.00     3   4.6027
#         105       0.00000      9.67      1.00     2   4.6197
#         106       0.00000     14.26      2.00     3   4.6585
#         107       0.00000     11.55      1.00     4   4.6796
#         108       0.00000      4.32      2.00     3   4.6801
#         109       0.00000      4.49      2.00     3   4.6826
#         110       0.00000     13.60      2.00     3   4.6889
#         111       0.00000      9.25      1.00     2   4.6898
#         112       0.00000      7.70      2.00     3   4.6932
#         113       0.00000      9.22      1.00     2   4.6954
#         114       0.00000      9.19      1.00     2   4.6990
#         115       0.00000     10.35      1.00     4   4.7019
#         116       0.00000      9.12      1.00     2   4.7112
#         117       0.00000      9.06      1.00     2   4.7214
#         118       0.00000      7.60      1.00     4   4.7415
#         119       0.00000      4.49      2.00     3   4.7535
#         121       0.00000      7.12      2.00     3   4.7650
#         123       0.00000      4.43      2.00     3   4.7864
#         124       0.00000      5.85      2.00     3   4.8024
#         125       0.00000      4.16      2.00     4   4.8052
#         126       0.00000      6.81      2.00     3   4.8144
#         127       0.00000      6.17      2.00     3   4.8160
#         128       0.00000      7.25      1.00     4   4.8164
#         130       0.00000      8.42      1.00     2   4.8396
#         131       0.00000      7.06      2.00     3   4.8397
#         132       0.00000      9.82      2.00     3   4.8502
#         134       0.00000      8.36      1.00     2   4.8509
#         136       0.00000      6.78      1.00     4   4.8537
#         137       0.00000      5.57      2.00     3   4.8552
#         138       0.00000      6.06      2.00     3   4.8607
#         139       0.00000      5.45      2.00     3   4.8622
#         140       0.00000     11.79      2.00     3   4.8657
#         141       0.00000      4.16      2.00     3   4.8669
#         142       0.00000      5.89      2.00     3   4.8710
#         144       0.00000      4.92      2.00     4   4.9151
#         145       0.00000      8.77      1.00     2   4.9373
#         146       0.00000      6.55      2.00     3   4.9402
#         148       0.00000      4.49      2.00     3   4.9532
#         150       0.00000      4.60      2.00     3   4.9817
#         151       0.00000      7.70      2.00     3   4.9857
#         154       0.00000      6.54      2.00     3   5.0303
#         155       0.00000      5.75      1.00     4   5.0360
#         157       0.00000      6.86      2.00     3   5.0395
#         158       0.00000      8.26      1.00     2   5.0442
#         160       0.00000      8.20      1.00     2   5.0580
#         161       0.00000      4.36      1.00     4   5.0806
#         162       0.00000      8.42      2.00     3   5.0811
#         163       0.00000      5.66      2.00     3   5.0956
#         164       0.00000      7.91      2.00     3   5.1010
#         165       0.00000      7.84      1.00     2   5.1382
#         167       0.00000      7.82      1.00     2   5.1412
#         168       0.00000      9.09      2.00     3   5.1421
#         169       0.00000     10.29      2.00     3   5.1575
#         172       0.00000      5.98      2.00     3   5.1790
#         173       0.00000      6.86      1.00     2   5.1798
#         174       0.00000     16.77      2.00     3   5.1814
#         175       0.00000     10.32      1.00     4   5.1830
#         176       0.00000      8.68      2.00     3   5.1943
#         177       0.00000      6.72      1.00     2   5.2160
#         178       0.00000     10.83      2.00     3   5.2213
#         180       0.00000      6.67      1.00     2   5.2271
#         182       0.00000      7.40      1.00     2   5.2423
#         184       0.00000      4.95      1.00     4   5.2570
#         185       0.00000      7.30      1.00     2   5.2664
#         186       0.00000      5.39      2.00     4   5.2723
#         188       0.00000      7.27      1.00     2   5.2743
#         189       0.00000      7.27      1.00     2   5.2746
#         190       0.00000      6.69      2.00     3   5.2790
#         192       0.00000      6.44      1.00     2   5.2880
#         193       0.00000     15.49      2.00     3   5.2899
#         194       0.00000      6.94      2.00     3   5.2921
#         195       0.00000      9.39      1.00     4   5.2918
#         196       0.00000      6.41      1.00     2   5.2965
#         198       0.00000      6.38      1.00     2   5.3037
#         199       0.00000      8.02      2.00     3   5.3037
#         200       0.00000      5.21      1.00     4   5.3044
#         201       0.00000      4.82      2.00     3   5.3109
#         204       0.00000      6.24      1.00     2   5.3421
#         206       0.00000      6.67      2.00     3   5.3525
#         209       0.00000      6.12      1.00     2   5.3758
#         210       0.00000      6.38      2.00     3   5.3769
#         211       0.00000      4.92      2.00     4   5.3788
#         212       0.00000      7.04      2.00     3   5.3839
#         213       0.00000     13.93      2.00     3   5.3855
#         215       0.00000      8.11      1.00     4   5.3953
#         216       0.00000      6.73      2.00     3   5.3981
#         219       0.00000      5.14      2.00     3   5.4214
#         220       0.00000      5.49      2.00     3   5.4344
#         222       0.00000      5.72      1.00     2   5.4937
#         223       0.00000      5.71      1.00     2   5.4973
#         225       0.00000      4.61      2.00     3   5.5021
#         227       0.00000      5.46      2.00     3   5.5153
#         231       0.00000      5.63      1.00     2   5.5228
#         232       0.00000      5.44      2.00     3   5.5603
#         234       0.00000      4.24      2.00     3   5.5721
#         238       0.00000      4.09      2.00     3   5.6159
#         239       0.00000      4.04      2.00     3   5.6175
#         243       0.00000      5.99      1.00     2   5.6383
#         244       0.00000      5.43      2.00     3   5.6501
#         245       0.00000      4.40      2.00     3   5.6519
#         249       0.00000      4.07      2.00     3   5.6655
#         250       0.00000      6.86      2.00     3   5.6717
#         255       0.00000      4.16      2.00     3   5.6991
#         256       0.00000      4.36      2.00     3   5.7023
#         257       0.00000      4.01      2.00     4   5.7161
#         258       0.00000      5.74      1.00     2   5.7201
#         261       0.00000      5.04      1.00     2   5.7234
#         263       0.00000      5.72      1.00     2   5.7261
#         264       0.00000      5.72      1.00     2   5.7277
#         274       0.00000      4.02      2.00     3   5.7783
#         275       0.00000      4.87      2.00     3   5.7789
#         278       0.00000      4.39      2.00     3   5.8030
#         280       0.00000      4.62      2.00     3   5.8042
#         282       0.00000      4.61      2.00     3   5.8103
#         283       0.00000      4.78      1.00     2   5.8197
#         286       0.00000      4.75      1.00     2   5.8318
#         288       0.00000      5.99      2.00     3   5.8434
#         289       0.00000      5.60      2.00     3   5.8480
#         292       0.00000      5.66      2.00     3   5.8617
#         293       0.00000      5.33      2.00     3   5.8665
#         295       0.00000      5.80      2.00     3   5.8703
#         297       0.00000      4.09      2.00     3   5.8759
#         300       0.00000      5.25      1.00     2   5.8974
#         301       0.00000      5.23      1.00     2   5.9025
#         302       0.00000      5.23      1.00     2   5.9031
#         304       0.00000      4.54      1.00     2   5.9151
#         307       0.00000      8.95      2.00     3   5.9337
#         310       0.00000      4.17      1.00     4   5.9650
#         313       0.00000      4.37      1.00     2   5.9879
#   225/ 280 paths used
#  -----------------------------------------------------------------------
#       k          chi          mag           phase @#
    -0.7000   -5.581707E-01  5.605430E-01 -1.478762E+00
    -0.6500   -5.433645E-01  5.487737E-01 -1.430276E+00
    -0.6000   -5.322082E-01  5.418289E-01 -1.382070E+00
    -0.5500   -5.221929E-01  5.374502E-01 -1.331951E+00
    -0.5000   -5.128558E-01  5.346099E-01 -1.284543E+00
    -0.4500   -5.035146E-01  5.325692E-01 -1.238956E+00
    -0.4000   -4.946452E-01  5.309938E-01 -1.198642E+00
    -0.3500   -4.854826E-01  5.298085E-01 -1.158832E+00
    -0.3000   -4.770953E-01  5.287809E-01 -1.124971E+00
    -0.2500   -4.696754E-01  5.278881E-01 -1.096743E+00
    -0.2000   -4.633879E-01  5.271316E-01 -1.073917E+00
    -0.1500   -4.580874E-01  5.266291E-01 -1.054895E+00
    -0.1000   -4.541331E-01  5.262863E-01 -1.040982E+00
    -0.0500   -4.517247E-01  5.260742E-01 -1.032671E+00
     0.0000   -4.509161E-01  5.260023E-01 -1.029907E+00
     0.0500   -4.501045E-01  5.259300E-01 -1.027145E+00
     0.1000   -4.476523E-01  5.257093E-01 -1.018879E+00
     0.1500   -4.435083E-01  5.253298E-01 -1.005159E+00
     0.2000   -4.375894E-01  5.247730E-01 -9.860718E-01
     0.2500   -4.297858E-01  5.240114E-01 -9.617326E-01
     0.3000   -4.199672E-01  5.230083E-01 -9.322847E-01
     0.3500   -4.078187E-01  5.217982E-01 -8.971690E-01
     0.4000   -3.925884E-01  5.205568E-01 -8.543894E-01
     0.4500   -3.746515E-01  5.189324E-01 -8.066395E-01
     0.5000   -3.538774E-01  5.168475E-01 -7.541706E-01
     0.5500   -3.297675E-01  5.144377E-01 -6.958331E-01
     0.6000   -3.016074E-01  5.118675E-01 -6.301048E-01
     0.6500   -2.702417E-01  5.086072E-01 -5.601776E-01
     0.7000   -2.354702E-01  5.047700E-01 -4.853184E-01
     0.7500   -1.963186E-01  5.007670E-01 -4.028435E-01
     0.8000   -1.545221E-01  4.958697E-01 -3.168958E-01
     0.8500   -1.097901E-01  4.904752E-01 -2.257570E-01
     0.9000   -6.239066E-02  4.846489E-01 -1.290920E-01
     0.9500   -1.423086E-02  4.778664E-01 -2.978441E-02
     1.0000    3.582104E-02  4.709133E-01  7.614072E-02
     1.0500    8.515161E-02  4.631291E-01  1.849135E-01
     1.1000    1.333225E-01  4.547825E-01  2.975268E-01
     1.1500    1.797023E-01  4.460218E-01  4.146836E-01
     1.2000    2.220205E-01  4.364943E-01  5.336099E-01
     1.2500    2.611304E-01  4.268046E-01  6.583678E-01
     1.3000    2.941927E-01  4.164153E-01  7.845247E-01
     1.3500    3.216059E-01  4.057273E-01  9.151682E-01
     1.4000    3.419018E-01  3.945421E-01  1.048305E+00
     1.4500    3.547529E-01  3.829399E-01  1.184719E+00
     1.5000    3.597350E-01  3.709079E-01  1.324725E+00
     1.5500    3.564484E-01  3.583751E-01  1.467055E+00
     1.6000    3.450300E-01  3.453493E-01  1.613805E+00
     1.6500    3.257241E-01  3.317754E-01  1.762081E+00
     1.7000    2.989257E-01  3.175952E-01  1.915380E+00
     1.7500    2.658969E-01  3.028271E-01  2.069823E+00
     1.8000    2.273423E-01  2.872528E-01  2.228437E+00
     1.8500    1.854682E-01  2.710839E-01  2.388124E+00
     1.9000    1.411265E-01  2.539305E-01  2.552306E+00
     1.9500    9.717231E-02  2.360866E-01  2.717388E+00
     2.0000    5.616703E-02  2.179380E-01  2.880931E+00
     2.0500    1.981494E-02  1.997060E-01  3.042209E+00
     2.1000   -1.042885E-02  1.807320E-01  3.199328E+00
     2.1500   -3.320925E-02  1.612253E-01  3.349058E+00
     2.2000   -4.875647E-02  1.426116E-01  3.490512E+00
     2.2500   -5.786136E-02  1.251660E-01  3.622154E+00
     2.3000   -6.114872E-02  1.085103E-01  3.740244E+00
     2.3500   -5.837200E-02  9.186581E-02  3.830126E+00
     2.4000   -5.298038E-02  7.773401E-02  3.891485E+00
     2.4500   -4.684486E-02  6.634718E-02  3.925507E+00
     2.5000   -4.105283E-02  5.755445E-02  3.935769E+00
     2.5500   -3.664851E-02  5.329163E-02  3.899905E+00
     2.6000   -3.427636E-02  5.189234E-02  3.863115E+00
     2.6500   -3.406402E-02  5.249567E-02  3.847720E+00
     2.7000   -3.559188E-02  5.415959E-02  3.858646E+00
     2.7500   -3.940451E-02  5.616103E-02  3.919281E+00
     2.8000   -4.410072E-02  5.822237E-02  4.000996E+00
     2.8500   -4.913697E-02  6.018573E-02  4.096780E+00
     2.9000   -5.411708E-02  6.197542E-02  4.203328E+00
     2.9500   -5.866277E-02  6.349727E-02  4.319646E+00
     3.0000   -6.231964E-02  6.465123E-02  4.443009E+00
     3.0500   -6.481571E-02  6.546630E-02  4.571292E+00
     3.1000   -6.597306E-02  6.597562E-02  4.703588E+00
     3.1500   -6.560471E-02  6.609587E-02  4.834374E+00
     3.2000   -6.375989E-02  6.588531E-02  4.967082E+00
     3.2500   -6.033178E-02  6.523999E-02  5.102763E+00
     3.3000   -5.548558E-02  6.412483E-02  5.237488E+00
     3.3500   -4.996925E-02  6.294366E-02  5.366034E+00
     3.4000   -4.406446E-02  6.188327E-02  5.490761E+00
     3.4500   -3.773003E-02  6.082561E-02  5.614062E+00
     3.5000   -3.109114E-02  5.978531E-02  5.736280E+00
     3.5500   -2.448878E-02  5.888758E-02  5.854301E+00
     3.6000   -1.802929E-02  5.826127E-02  5.968565E+00
     3.6500   -1.145537E-02  5.779094E-02  6.083643E+00
     3.7000   -4.771228E-03  5.745066E-02  6.200040E+00
     3.7500    1.945330E-03  5.739693E-02  6.317084E+00
     3.8000    8.775258E-03  5.774787E-02  6.435734E+00
     3.8500    1.581303E-02  5.821405E-02  6.558278E+00
     3.9000    2.297465E-02  5.875854E-02  6.684904E+00
     3.9500    3.016502E-02  5.945618E-02  6.815291E+00
     4.0000    3.735297E-02  6.039436E-02  6.949998E+00
     4.0500    4.423351E-02  6.126517E-02  7.089875E+00
     4.1000    5.049367E-02  6.203036E-02  7.234217E+00
     4.1500    5.593515E-02  6.277866E-02  7.382706E+00
     4.2000    6.049033E-02  6.368279E-02  7.536003E+00
     4.2500    6.353648E-02  6.436294E-02  7.693556E+00
     4.3000    6.478254E-02  6.478256E-02  7.854662E+00
     4.3500    6.412060E-02  6.500398E-02  8.019031E+00
     4.4000    6.167626E-02  6.527720E-02  8.187684E+00
     4.4500    5.708636E-02  6.523031E-02  8.359030E+00
     4.5000    5.046699E-02  6.482495E-02  8.532487E+00
     4.5500    4.213607E-02  6.408376E-02  8.707261E+00
     4.6000    3.258357E-02  6.324784E-02  8.883569E+00
     4.6500    2.219741E-02  6.206911E-02  9.059056E+00
     4.7000    1.155636E-02  6.059430E-02  9.232886E+00
     4.7500    1.191103E-03  5.890642E-02  9.404556E+00
     4.8000   -8.586694E-03  5.726102E-02  9.575303E+00
     4.8500   -1.733948E-02  5.549057E-02  9.742577E+00
     4.9000   -2.485157E-02  5.366580E-02  9.906245E+00
     4.9500   -3.104684E-02  5.185955E-02  1.006662E+01
     5.0000   -3.612005E-02  5.026580E-02  1.022654E+01
     5.0500   -3.992331E-02  4.875178E-02  1.038429E+01
     5.1000   -4.252182E-02  4.733141E-02  1.054086E+01
     5.1500   -4.396975E-02  4.600057E-02  1.069732E+01
     5.2000   -4.445342E-02  4.488613E-02  1.085661E+01
     5.2500   -4.376458E-02  4.377509E-02  1.101749E+01
     5.3000   -4.190157E-02  4.262484E-02  1.118005E+01
     5.3500   -3.891423E-02  4.140143E-02  1.134396E+01
     5.4000   -3.496691E-02  4.018378E-02  1.151081E+01
     5.4500   -3.016081E-02  3.884865E-02  1.167749E+01
     5.5000   -2.476356E-02  3.740210E-02  1.184277E+01
     5.5500   -1.908188E-02  3.587066E-02  1.200545E+01
     5.6000   -1.339408E-02  3.434953E-02  1.216581E+01
     5.6500   -7.962313E-03  3.283508E-02  1.232143E+01
     5.7000   -2.957605E-03  3.137865E-02  1.247198E+01
     5.7500    1.545854E-03  3.002768E-02  1.261787E+01
     5.8000    5.555422E-03  2.887863E-02  1.275995E+01
     5.8500    9.131100E-03  2.789480E-02  1.289986E+01
     5.9000    1.233392E-02  2.705468E-02  1.303974E+01
     5.9500    1.518637E-02  2.631786E-02  1.318147E+01
     6.0000    1.774289E-02  2.579019E-02  1.332506E+01
     6.0500    1.991069E-02  2.530156E-02  1.347220E+01
     6.1000    2.155975E-02  2.477111E-02  1.362230E+01
     6.1500    2.257694E-02  2.415691E-02  1.377349E+01
     6.2000    2.290953E-02  2.344507E-02  1.392302E+01
     6.2500    2.260074E-02  2.265548E-02  1.406763E+01
     6.3000    2.179494E-02  2.184386E-02  1.420410E+01
     6.3500    2.070750E-02  2.109863E-02  1.433002E+01
     6.4000    1.956536E-02  2.053012E-02  1.444495E+01
     6.4500    1.853485E-02  2.024910E-02  1.455161E+01
     6.5000    1.775063E-02  2.052399E-02  1.466307E+01
     6.5500    1.692462E-02  2.119530E-02  1.478315E+01
     6.6000    1.577306E-02  2.217646E-02  1.491668E+01
     6.6500    1.397033E-02  2.337938E-02  1.506752E+01
     6.7000    1.120781E-02  2.468726E-02  1.523672E+01
     6.7500    7.297145E-03  2.597587E-02  1.542321E+01
     6.8000    2.256105E-03  2.712913E-02  1.562471E+01
     6.8500   -3.649560E-03  2.804838E-02  1.583845E+01
     6.9000   -9.924819E-03  2.865720E-02  1.606162E+01
     6.9500   -1.592486E-02  2.890359E-02  1.629148E+01
     7.0000   -2.110172E-02  2.886538E-02  1.652781E+01
     7.0500   -2.480647E-02  2.846937E-02  1.676589E+01
     7.1000   -2.664993E-02  2.770148E-02  1.700234E+01
     7.1500   -2.657988E-02  2.660589E-02  1.723454E+01
     7.2000   -2.483784E-02  2.524978E-02  1.745964E+01
     7.2500   -2.188650E-02  2.372183E-02  1.767471E+01
     7.3000   -1.828731E-02  2.212907E-02  1.787688E+01
     7.3500   -1.456200E-02  2.059084E-02  1.806402E+01
     7.4000   -1.107592E-02  1.922722E-02  1.823566E+01
     7.4500   -7.975088E-03  1.814013E-02  1.839436E+01
     7.5000   -5.186366E-03  1.743696E-02  1.854755E+01
     7.5500   -2.492048E-03  1.708079E-02  1.870314E+01
     7.6000    3.352161E-04  1.698497E-02  1.886929E+01
     7.6500    3.429236E-03  1.703857E-02  1.905220E+01
     7.7000    6.742592E-03  1.711361E-02  1.925452E+01
     7.7500    1.002001E-02  1.709022E-02  1.947604E+01
     7.8000    1.284441E-02  1.687153E-02  1.971488E+01
     7.8500    1.474463E-02  1.638920E-02  1.996853E+01
     7.9000    1.533462E-02  1.560356E-02  2.023442E+01
     7.9500    1.444278E-02  1.450118E-02  2.051012E+01
     8.0000    1.221543E-02  1.311511E-02  2.079291E+01
     8.0500    9.054869E-03  1.145681E-02  2.107977E+01
     8.1000    5.581077E-03  9.555377E-03  2.136741E+01
     8.1500    2.498792E-03  7.466748E-03  2.164991E+01
     8.2000    4.103382E-04  5.259609E-03  2.191305E+01
     8.2500   -3.390765E-04  3.025978E-03  2.210344E+01
     8.3000    2.466413E-04  1.072163E-03  2.175903E+01
     8.3500    1.812494E-03  1.812673E-03  2.040628E+01
     8.4000    3.743377E-03  3.746939E-03  2.046396E+01
     8.4500    5.325302E-03  5.565752E-03  2.071537E+01
     8.5000    5.923370E-03  7.150107E-03  2.101485E+01
     8.5500    5.167576E-03  8.454349E-03  2.133353E+01
     8.6000    3.054942E-03  9.449852E-03  2.166196E+01
     8.6500   -6.193208E-05  1.012120E-02  2.199727E+01
     8.7000   -3.561055E-03  1.046672E-02  2.233831E+01
     8.7500   -6.711496E-03  1.049794E-02  2.268476E+01
     8.8000   -8.859520E-03  1.023888E-02  2.303686E+01
     8.8500   -9.590226E-03  9.724840E-03  2.339537E+01
     8.9000   -8.822274E-03  9.001005E-03  2.376156E+01
     8.9500   -6.812630E-03  8.120657E-03  2.413743E+01
     9.0000   -4.075691E-03  7.150318E-03  2.452623E+01
     9.0500   -1.229819E-03  6.149213E-03  2.493139E+01
     9.1000    1.154007E-03  5.175942E-03  2.535759E+01
     9.1500    2.690468E-03  4.293172E-03  2.581003E+01
     9.2000    3.256867E-03  3.555785E-03  2.629057E+01
     9.2500    2.987219E-03  2.998486E-03  2.679025E+01
     9.3000    2.193652E-03  2.619970E-03  2.728204E+01
     9.3500    1.243324E-03  2.381513E-03  2.772505E+01
     9.4000    4.309985E-04  2.238429E-03  2.808058E+01
     9.4500   -1.129387E-04  2.189191E-03  2.832595E+01
     9.5000   -4.550073E-04  2.301816E-03  2.847332E+01
     9.5500   -8.123678E-04  2.674289E-03  2.858298E+01
     9.6000   -1.452912E-03  3.349717E-03  2.872298E+01
     9.6500   -2.580669E-03  4.298153E-03  2.891835E+01
     9.7000   -4.229118E-03  5.459211E-03  2.916054E+01
     9.7500   -6.207273E-03  6.770139E-03  2.943448E+01
     9.8000   -8.116245E-03  8.171708E-03  2.972855E+01
     9.8500   -9.434938E-03  9.607905E-03  3.003517E+01
     9.9000   -9.652766E-03  1.102564E-02  3.034949E+01
     9.9500   -8.412910E-03  1.237528E-02  3.066842E+01
    10.0000   -5.617769E-03  1.363063E-02  3.099112E+01
    10.0500   -1.476132E-03  1.476147E-02  3.131576E+01
    10.1000    3.493106E-03  1.572020E-02  3.164000E+01
    10.1500    8.571776E-03  1.647989E-02  3.196294E+01
    10.2000    1.298611E-02  1.702166E-02  3.228374E+01
    10.2500    1.606564E-02  1.733535E-02  3.260161E+01
    10.3000    1.737600E-02  1.741989E-02  3.291572E+01
    10.3500    1.679428E-02  1.728337E-02  3.322519E+01
    10.4000    1.451178E-02  1.694278E-02  3.352904E+01
    10.4500    1.096848E-02  1.642339E-02  3.382619E+01
    10.5000    6.740708E-03  1.575786E-02  3.411550E+01
    10.5500    2.413561E-03  1.498490E-02  3.439575E+01
    10.6000   -1.529028E-03  1.414748E-02  3.466581E+01
    10.6500   -4.772232E-03  1.329044E-02  3.492479E+01
    10.7000   -7.185668E-03  1.245733E-02  3.517235E+01
    10.7500   -8.791317E-03  1.168642E-02  3.540902E+01
    10.8000   -9.701683E-03  1.100624E-02  3.563649E+01
    10.8500   -1.005185E-02  1.043151E-02  3.585769E+01
    10.9000   -9.947416E-03  9.960809E-03  3.607645E+01
    10.9500   -9.441978E-03  9.577507E-03  3.629675E+01
    11.0000   -8.569101E-03  9.280297E-03  3.652236E+01
    11.0500   -7.316951E-03  9.038098E-03  3.675570E+01
    11.1000   -5.676141E-03  8.789161E-03  3.699703E+01
    11.1500   -3.725983E-03  8.506626E-03  3.724573E+01
    11.2000   -1.614665E-03  8.172456E-03  3.750023E+01
    11.2500    4.600418E-04  7.778523E-03  3.775829E+01
    11.3000    2.291341E-03  7.326477E-03  3.801720E+01
    11.3500    3.711398E-03  6.826934E-03  3.827388E+01
    11.4000    4.630185E-03  6.298268E-03  3.852500E+01
    11.4500    5.051764E-03  5.765106E-03  3.876717E+01
    11.5000    5.062389E-03  5.256322E-03  3.899742E+01
    11.5500    4.794585E-03  4.802019E-03  3.921426E+01
    11.6000    4.379699E-03  4.428894E-03  3.941910E+01
    11.6500    3.905464E-03  4.154030E-03  3.961760E+01
    11.7000    3.393447E-03  3.979171E-03  3.981938E+01
    11.7500    2.804340E-03  3.889236E-03  4.003539E+01
    11.8000    2.069312E-03  3.857131E-03  4.027443E+01
    11.8500    1.136161E-03  3.852255E-03  4.054132E+01
    11.9000    1.329017E-05  3.847993E-03  4.083725E+01
    11.9500   -1.205629E-03  3.825696E-03  4.116131E+01
    12.0000   -2.352415E-03  3.781179E-03  4.151218E+01
    12.0500   -3.217474E-03  3.715400E-03  4.188782E+01
    12.1000   -3.595892E-03  3.624593E-03  4.228557E+01
    12.1500   -3.366303E-03  3.514847E-03  4.270326E+01
    12.2000   -2.535586E-03  3.393048E-03  4.313832E+01
    12.2500   -1.254958E-03  3.264460E-03  4.358771E+01
    12.3000    2.056286E-04  3.130773E-03  4.404802E+01
    12.3500    1.520725E-03  2.989115E-03  4.451603E+01
    12.4000    2.394084E-03  2.832343E-03  4.498936E+01
    12.4500    2.640851E-03  2.650587E-03  4.546736E+01
    12.5000    2.242536E-03  2.433722E-03  4.595211E+01
    12.5500    1.356856E-03  2.174487E-03  4.645005E+01
    12.6000    2.771833E-04  1.872748E-03  4.697534E+01
    12.6500   -6.488698E-04  1.543420E-03  4.755779E+01
    12.7000   -1.119648E-03  1.236123E-03  4.825709E+01
    12.7500   -9.698911E-04  1.074272E-03  4.913916E+01
    12.8000   -2.247104E-04  1.215206E-03  5.007950E+01
    12.8500    8.998456E-04  1.638763E-03  5.084677E+01
    12.9000    2.051533E-03  2.215398E-03  5.144925E+01
    12.9500    2.837891E-03  2.859840E-03  5.196025E+01
    13.0000    2.938723E-03  3.526312E-03  5.242190E+01
    13.0500    2.195881E-03  4.187508E-03  5.285508E+01
    13.1000    6.592081E-04  4.815382E-03  5.326975E+01
    13.1500   -1.406909E-03  5.386464E-03  5.367133E+01
    13.2000   -3.585840E-03  5.879856E-03  5.406295E+01
    13.2500   -5.411552E-03  6.277483E-03  5.444639E+01
    13.3000   -6.485631E-03  6.564579E-03  5.482263E+01
    13.3500   -6.576486E-03  6.730218E-03  5.519202E+01
    13.4000   -5.673812E-03  6.767834E-03  5.555442E+01
    13.4500   -3.984107E-03  6.675684E-03  5.590915E+01
    13.5000   -1.869738E-03  6.457295E-03  5.625491E+01
    13.5500    2.501494E-04  6.121958E-03  5.658954E+01
    13.6000    2.008238E-03  5.685409E-03  5.690969E+01
    13.6500    3.176587E-03  5.170980E-03  5.721018E+01
    13.7000    3.709438E-03  4.611651E-03  5.748327E+01
    13.7500    3.731250E-03  4.053542E-03  5.771800E+01
    13.8000    3.476189E-03  3.560315E-03  5.790165E+01
    13.8500    3.199370E-03  3.212833E-03  5.802788E+01
    13.9000    3.087897E-03  3.087942E-03  5.811403E+01
    13.9500    3.199061E-03  3.210918E-03  5.820543E+01
    14.0000    3.446697E-03  3.535453E-03  5.834401E+01
    14.0500    3.630400E-03  3.978193E-03  5.854072E+01
    14.1000    3.504668E-03  4.457387E-03  5.878553E+01
    14.1500    2.874271E-03  4.917160E-03  5.906595E+01
    14.2000    1.665380E-03  5.319378E-03  5.937183E+01
    14.2500   -3.261584E-05  5.638732E-03  5.969604E+01
    14.3000   -1.973662E-03  5.859198E-03  6.003383E+01
    14.3500   -3.809393E-03  5.971883E-03  6.038201E+01
    14.4000   -5.176487E-03  5.973691E-03  6.073850E+01
    14.4500   -5.792291E-03  5.866415E-03  6.110192E+01
    14.5000   -5.531356E-03  5.656008E-03  6.147139E+01
    14.5500   -4.460927E-03  5.351915E-03  6.184640E+01
    14.6000   -2.825154E-03  4.966412E-03  6.222674E+01
    14.6500   -9.824782E-04  4.513921E-03  6.261244E+01
    14.7000    6.861112E-04  4.010303E-03  6.300379E+01
    14.7500    1.872227E-03  3.472137E-03  6.340136E+01
    14.8000    2.412421E-03  2.916001E-03  6.380615E+01
    14.8500    2.318486E-03  2.357781E-03  6.421983E+01
    14.9000    1.758875E-03  1.812034E-03  6.464547E+01
    14.9500    9.984399E-04  1.291514E-03  6.508977E+01
    15.0000    3.194895E-04  8.095365E-04  6.556775E+01
    15.0500   -6.568766E-05  3.761139E-04  6.614899E+01
    15.1000   -8.142369E-05  1.073368E-04  6.825391E+01
    15.1500    2.158812E-04  4.109051E-04  6.966820E+01
    15.2000    6.569137E-04  7.296387E-04  7.023556E+01
    15.2500    1.019904E-03  1.021374E-03  7.073950E+01
    15.3000    1.105291E-03  1.290486E-03  7.122820E+01
    15.3500    8.018388E-04  1.543211E-03  7.171026E+01
    15.4000    1.246305E-04  1.784713E-03  7.218674E+01
    15.4500   -7.858085E-04  2.017808E-03  7.265665E+01
    15.5000   -1.702273E-03  2.242378E-03  7.311862E+01
    15.5500   -2.375472E-03  2.455417E-03  7.357155E+01
    15.6000   -2.605142E-03  2.651557E-03  7.401481E+01
    15.6500   -2.297007E-03  2.823866E-03  7.444821E+01
    15.7000   -1.489539E-03  2.964743E-03  7.487183E+01
    15.7500   -3.436711E-04  3.066760E-03  7.528592E+01
    15.8000    9.005920E-04  3.123385E-03  7.569071E+01
    15.8500    1.987422E-03  3.129556E-03  7.608630E+01
    15.9000    2.709949E-03  3.082124E-03  7.647250E+01
    15.9500    2.958637E-03  2.980155E-03  7.684878E+01
    16.0000    2.741876E-03  2.826257E-03  7.721399E+01
    16.0500    2.170337E-03  2.624983E-03  7.756642E+01
    16.1000    1.416314E-03  2.380644E-03  7.790264E+01
    16.1500    6.677334E-04  2.103371E-03  7.821677E+01
    16.2000    7.396808E-05  1.807454E-03  7.849888E+01
    16.2500   -2.896868E-04  1.513492E-03  7.873241E+01
    16.3000   -4.325622E-04  1.252582E-03  7.889241E+01
    16.3500   -4.332328E-04  1.070607E-03  7.895642E+01
    16.4000   -4.049389E-04  1.016769E-03  7.894944E+01
    16.4500   -4.537451E-04  1.100250E-03  7.896491E+01
    16.5000   -6.426592E-04  1.275352E-03  7.906793E+01
    16.5500   -9.721687E-04  1.486816E-03  7.925249E+01
    16.6000   -1.381926E-03  1.697047E-03  7.949136E+01
    16.6500   -1.771539E-03  1.884204E-03  7.976305E+01
    16.7000   -2.032747E-03  2.036026E-03  8.005385E+01
    16.7500   -2.082316E-03  2.146139E-03  8.035510E+01
    16.8000   -1.885587E-03  2.212248E-03  8.066097E+01
    16.8500   -1.464187E-03  2.235239E-03  8.096716E+01
    16.9000   -8.868701E-04  2.218677E-03  8.127019E+01
    16.9500   -2.477350E-04  2.168488E-03  8.156692E+01
    17.0000    3.614004E-04  2.094572E-03  8.185482E+01
    17.0500    8.751559E-04  2.009860E-03  8.213193E+01
    17.1000    1.258574E-03  1.921215E-03  8.239571E+01
    17.1500    1.511689E-03  1.839596E-03  8.264589E+01
    17.2000    1.656293E-03  1.774956E-03  8.288447E+01
    17.2500    1.718437E-03  1.734426E-03  8.311632E+01
    17.3000    1.712660E-03  1.720620E-03  8.334843E+01
    17.3500    1.634131E-03  1.730953E-03  8.358826E+01
    17.4000    1.461722E-03  1.758440E-03  8.384163E+01
    17.4500    1.170798E-03  1.793560E-03  8.411176E+01
    17.5000    7.507552E-04  1.826237E-03  8.439935E+01
    17.5500    2.202813E-04  1.847261E-03  8.470347E+01
    17.6000   -3.662197E-04  1.849030E-03  8.502238E+01
    17.6500   -9.247795E-04  1.825795E-03  8.535413E+01
    17.7000   -1.360071E-03  1.773623E-03  8.569689E+01
    17.7500   -1.590816E-03  1.690241E-03  8.604910E+01
    17.8000   -1.574641E-03  1.574836E-03  8.640951E+01
    17.8500   -1.324147E-03  1.427844E-03  8.677726E+01
    17.9000   -9.081793E-04  1.250759E-03  8.715196E+01
    17.9500   -4.365993E-04  1.045954E-03  8.753399E+01
    18.0000   -3.212789E-05  8.165684E-04  8.792524E+01
    18.0500    2.031514E-04  5.648235E-04  8.833251E+01
    18.1000    2.177903E-04  2.948670E-04  8.879559E+01
    18.1500    2.794960E-05  4.948596E-05  9.050600E+01
    18.2000   -2.836500E-04  2.973734E-04  9.237200E+01
    18.2500   -5.891812E-04  5.973410E-04  9.284246E+01
    18.3000   -7.514349E-04  8.985554E-04  9.325733E+01
    18.3500   -6.641112E-04  1.194818E-03  9.365842E+01
    18.4000   -2.853179E-04  1.480882E-03  9.405390E+01
    18.4500    3.454747E-04  1.751847E-03  9.444629E+01
    18.5000    1.112321E-03  2.003152E-03  9.483649E+01
    18.5500    1.848803E-03  2.230634E-03  9.522478E+01
    18.6000    2.378508E-03  2.430600E-03  9.561117E+01
    18.6500    2.559319E-03  2.599897E-03  9.599548E+01
    18.7000    2.319723E-03  2.735989E-03  9.637745E+01
    18.7500    1.677594E-03  2.837019E-03  9.675667E+01
    18.8000    7.366895E-04  2.901874E-03  9.713270E+01
    18.8500   -3.378355E-04  2.930242E-03  9.750492E+01
    18.9000   -1.358053E-03  2.922675E-03  9.787262E+01
    18.9500   -2.155647E-03  2.880638E-03  9.823490E+01
    19.0000   -2.617374E-03  2.806617E-03  9.859085E+01
    19.0500   -2.702663E-03  2.703233E-03  9.893965E+01
    19.1000   -2.444684E-03  2.574516E-03  9.927910E+01
    19.1500   -1.936325E-03  2.426410E-03  9.960696E+01
    19.2000   -1.299134E-03  2.266242E-03  9.992049E+01
    19.2500   -6.503024E-04  2.102856E-03  1.002166E+02
    19.3000   -7.570742E-05  1.946666E-03  1.004921E+02
    19.3500    3.841197E-04  1.809377E-03  1.007449E+02
    19.4000    7.325416E-04  1.702964E-03  1.009756E+02
    19.4500    1.002046E-03  1.637515E-03  1.011895E+02
    19.5000    1.232154E-03  1.618284E-03  1.013964E+02
    19.5500    1.447800E-03  1.643554E-03  1.016087E+02
    19.6000    1.645337E-03  1.705069E-03  1.018363E+02
    19.6500    1.790525E-03  1.790802E-03  1.020842E+02
    19.7000    1.828878E-03  1.888088E-03  1.023529E+02
    19.7500    1.704788E-03  1.985646E-03  1.026401E+02
    19.8000    1.383111E-03  2.074360E-03  1.029427E+02
    19.8500    8.662085E-04  2.147327E-03  1.032573E+02
    19.9000    2.008678E-04  2.199628E-03  1.035811E+02
    19.9500   -5.273651E-04  2.228046E-03  1.039115E+02