# # tequil.ion_motion                                            FEFF 9.05   
# # POT  SCF  30  5.5000   1, core-hole, AFOLP (folp(0)= 1.150)
# # Abs   Z=30 Rmt= 1.329 Rnm= 1.414 K  shell
# # Pot 1 Z=26 Rmt= 1.322 Rnm= 1.411
# # Pot 2 Z= 8 Rmt= 0.993 Rnm= 1.083
# # Gam_ch=1.897E+00 H-L exch
# # Mu=-1.175E+01 kf=2.181E+00 Vint=-1.865E+01 Rs_int= 1.663
# # PATH  Rmax= 8.500,  Keep_limit= 0.00, Heap_limit 0.00  Pwcrit= 2.50%
#  S02=1.000                                        Global_sig2= 0.00000
#  Energy zero shift, vr, vi   -2.00000E+00   0.00000E+00
#  Curved wave amplitude ratio filter   4.000%
#     file         sig2 tot  cw amp ratio   deg  nlegs   reff  inp sig2
#           1       0.00000    100.00      1.00     2   1.9454
#           2       0.00000     91.35      1.00     2   2.0143
#           3       0.00000     88.49      1.00     2   2.0390
#           4       0.00000     76.14      1.00     2   2.1601
#           5       0.00000     67.67      1.00     2   2.2597
#           6       0.00000     63.35      1.00     2   2.3172
#           7       0.00000     33.61      1.00     2   2.8646
#           8       0.00000     32.82      1.00     2   2.8948
#           9       0.00000     31.20      1.00     2   2.9594
#          10       0.00000     26.59      1.00     2   3.1714
#          11       0.00000     24.76      1.00     2   3.2899
#          12       0.00000     24.24      1.00     2   3.2986
#          13       0.00000     24.13      1.00     2   3.3047
#          14       0.00000     23.65      1.00     2   3.3450
#          15       0.00000     22.95      1.00     2   3.3752
#          16       0.00000     22.10      1.00     2   3.4284
#          17       0.00000     10.31      2.00     3   3.4329
#          18       0.00000      9.65      2.00     3   3.5119
#          19       0.00000     20.56      1.00     2   3.5190
#          20       0.00000      8.38      2.00     3   3.5319
#          21       0.00000      8.13      2.00     3   3.5364
#          22       0.00000     11.50      2.00     3   3.5377
#          23       0.00000      9.09      2.00     3   3.5508
#          24       0.00000      8.19      2.00     3   3.5542
#          25       0.00000      7.32      2.00     3   3.5626
#          26       0.00000      7.54      2.00     3   3.5719
#          27       0.00000     17.43      2.00     3   3.5828
#          28       0.00000      8.17      2.00     3   3.5931
#          29       0.00000     10.47      2.00     3   3.5933
#          30       0.00000      8.38      2.00     3   3.6002
#          31       0.00000     10.70      2.00     3   3.6022
#          32       0.00000      9.41      2.00     3   3.6137
#          33       0.00000      8.93      2.00     3   3.6151
#          34       0.00000     18.16      2.00     3   3.6197
#          35       0.00000      8.31      2.00     3   3.6380
#          36       0.00000     10.14      2.00     3   3.6622
#          37       0.00000     18.32      1.00     2   3.6674
#          38       0.00000      6.97      2.00     3   3.6805
#          39       0.00000     18.11      1.00     2   3.6825
#          40       0.00000     10.07      2.00     3   3.6823
#          41       0.00000     12.04      2.00     3   3.7086
#          42       0.00000     18.23      1.00     2   3.7121
#          43       0.00000      9.02      2.00     3   3.7128
#          44       0.00000      6.25      2.00     3   3.7189
#          45       0.00000     17.33      1.00     2   3.7411
#          46       0.00000     17.70      1.00     2   3.7565
#          47       0.00000     17.54      1.00     2   3.7702
#          48       0.00000     17.04      1.00     2   3.8151
#          49       0.00000      4.81      1.00     4   3.8642
#          50       0.00000      4.80      1.00     4   3.8671
#          51       0.00000     16.38      1.00     2   3.8761
#          52       0.00000     16.08      2.00     3   3.8771
#          53       0.00000     10.71      1.00     4   3.8908
#          54       0.00000     15.45      1.00     2   3.8962
#          55       0.00000     15.69      1.00     2   3.9429
#          56       0.00000     13.94      2.00     3   3.9526
#          57       0.00000     14.06      2.00     3   3.9574
#          59       0.00000     14.56      2.00     3   3.9839
#          61       0.00000      9.00      2.00     3   3.9951
#          62       0.00000      5.73      1.00     4   4.0011
#          63       0.00000     14.05      1.00     2   4.0273
#          64       0.00000      8.87      1.00     4   4.0285
#          65       0.00000      8.51      2.00     3   4.0416
#          66       0.00000      6.88      1.00     4   4.0421
#          67       0.00000      8.30      1.00     4   4.0781
#          68       0.00000      8.37      2.00     3   4.0950
#          70       0.00000      7.12      2.00     3   4.1208
#          71       0.00000     20.59      2.00     3   4.1270
#          72       0.00000     12.35      2.00     3   4.1280
#          73       0.00000      5.63      1.00     4   4.1446
#          74       0.00000      5.03      1.00     4   4.1488
#          75       0.00000      9.24      2.00     3   4.1527
#          77       0.00000      5.58      1.00     4   4.1527
#          78       0.00000      7.91      2.00     3   4.1594
#          79       0.00000      4.26      1.00     4   4.1931
#          80       0.00000     12.49      1.00     2   4.1954
#          81       0.00000     16.82      2.00     4   4.1991
#          82       0.00000      6.91      2.00     3   4.2138
#          83       0.00000     21.21      2.00     3   4.2370
#          84       0.00000      6.94      2.00     3   4.2431
#          85       0.00000     22.63      2.00     3   4.2437
#          86       0.00000      7.73      2.00     3   4.2600
#          87       0.00000     21.83      2.00     4   4.2626
#          88       0.00000     11.91      1.00     2   4.2649
#          89       0.00000     19.15      2.00     4   4.2740
#          90       0.00000     11.82      1.00     2   4.2768
#          91       0.00000      7.81      2.00     3   4.2860
#          92       0.00000      4.73      1.00     4   4.3131
#          93       0.00000      6.10      1.00     4   4.3202
#          94       0.00000     11.37      1.00     2   4.3333
#          95       0.00000      8.07      2.00     3   4.3611
#          96       0.00000      5.94      2.00     3   4.4213
#          97       0.00000     10.71      1.00     2   4.4229
#          98       0.00000     10.45      1.00     2   4.4603
#          99       0.00000     17.89      2.00     3   4.4667
#         100       0.00000      7.68      2.00     3   4.4710
#         101       0.00000      5.29      2.00     3   4.5039
#         102       0.00000     10.13      1.00     2   4.5084
#         103       0.00000      4.80      1.00     4   4.5195
#         104       0.00000     10.00      1.00     2   4.5274
#         105       0.00000      5.02      2.00     3   4.5288
#         106       0.00000      9.70      1.00     2   4.5744
#         107       0.00000      4.96      2.00     3   4.5776
#         108       0.00000      7.80      2.00     3   4.5862
#         109       0.00000      9.60      1.00     2   4.5908
#         111       0.00000      9.76      1.00     4   4.6001
#         112       0.00000     15.66      2.00     3   4.6025
#         113       0.00000      8.60      2.00     3   4.6062
#         114       0.00000      9.48      1.00     2   4.6099
#         115       0.00000      4.89      2.00     3   4.6101
#         116       0.00000     12.90      2.00     3   4.6181
#         117       0.00000      9.43      1.00     2   4.6194
#         118       0.00000      7.02      2.00     3   4.6244
#         119       0.00000     17.90      2.00     3   4.6280
#         120       0.00000      4.21      1.00     4   4.6344
#         122       0.00000      4.34      2.00     3   4.6393
#         123       0.00000      9.24      1.00     2   4.6507
#         124       0.00000      4.69      2.00     3   4.6552
#         125       0.00000     21.79      2.00     3   4.6623
#         126       0.00000     19.23      2.00     3   4.6825
#         127       0.00000      6.65      2.00     3   4.6841
#         128       0.00000      9.01      1.00     2   4.6905
#         129       0.00000      6.85      2.00     3   4.6944
#         130       0.00000     13.76      1.00     4   4.7051
#         131       0.00000      4.62      2.00     3   4.7174
#         132       0.00000      8.84      1.00     2   4.7210
#         133       0.00000      8.81      1.00     2   4.7260
#         134       0.00000      4.33      2.00     3   4.7277
#         135       0.00000     10.17      1.00     4   4.7286
#         136       0.00000      5.92      2.00     3   4.7359
#         137       0.00000      8.35      1.00     4   4.7447
#         138       0.00000      5.95      2.00     3   4.7488
#         139       0.00000      4.37      2.00     3   4.7484
#         140       0.00000     11.51      1.00     4   4.7551
#         141       0.00000      5.57      2.00     3   4.7687
#         142       0.00000      8.50      1.00     2   4.7830
#         144       0.00000      6.23      1.00     4   4.8133
#         145       0.00000      7.90      2.00     3   4.8239
#         147       0.00000      9.50      2.00     3   4.8364
#         148       0.00000      8.31      2.00     3   4.8476
#         149       0.00000      8.51      2.00     3   4.8541
#         150       0.00000      9.08      1.00     2   4.8562
#         151       0.00000     10.16      2.00     3   4.8662
#         152       0.00000     11.27      2.00     3   4.8968
#         153       0.00000     10.10      2.00     3   4.9005
#         155       0.00000     13.51      2.00     3   4.9043
#         156       0.00000      6.19      2.00     4   4.9091
#         161       0.00000      8.57      1.00     2   4.9599
#         162       0.00000      7.61      1.00     2   4.9616
#         165       0.00000      8.24      2.00     3   4.9865
#         167       0.00000      8.99      2.00     3   5.0072
#         168       0.00000      7.71      2.00     3   5.0260
#         169       0.00000      7.23      1.00     4   5.0255
#         171       0.00000      8.22      1.00     2   5.0342
#         172       0.00000      7.05      2.00     3   5.0395
#         174       0.00000      7.20      1.00     2   5.0535
#         176       0.00000     18.67      2.00     3   5.0544
#         177       0.00000     12.15      1.00     4   5.0553
#         178       0.00000      9.83      2.00     3   5.0728
#         179       0.00000      5.52      1.00     4   5.0726
#         181       0.00000      4.66      1.00     4   5.0817
#         182       0.00000      4.09      1.00     4   5.0820
#         183       0.00000      7.06      1.00     2   5.0869
#         185       0.00000     16.98      2.00     3   5.1010
#         186       0.00000      6.97      1.00     2   5.1070
#         187       0.00000      4.60      1.00     4   5.1105
#         189       0.00000     17.09      2.00     3   5.1155
#         190       0.00000     10.52      1.00     4   5.1152
#         191       0.00000      4.99      2.00     4   5.1169
#         192       0.00000      9.99      2.00     3   5.1212
#         193       0.00000     10.67      1.00     4   5.1239
#         196       0.00000      7.72      1.00     2   5.1487
#         197       0.00000      4.72      1.00     4   5.1856
#         199       0.00000      7.72      2.00     3   5.1975
#         200       0.00000      4.52      1.00     4   5.2082
#         201       0.00000      7.33      2.00     3   5.2114
#         202       0.00000      7.41      1.00     2   5.2249
#         203       0.00000      6.49      1.00     2   5.2277
#         208       0.00000      6.94      2.00     3   5.2592
#         209       0.00000      8.92      2.00     3   5.2602
#         210       0.00000      7.99      2.00     3   5.2658
#         212       0.00000      5.10      2.00     4   5.3042
#         214       0.00000      7.03      1.00     2   5.3234
#         215       0.00000      6.09      1.00     2   5.3368
#         218       0.00000      6.88      1.00     2   5.3642
#         219       0.00000      4.27      1.00     4   5.3717
#         220       0.00000      6.02      2.00     3   5.3745
#         221       0.00000      5.28      2.00     3   5.3808
#         223       0.00000      4.34      2.00     4   5.3841
#         224       0.00000      5.92      1.00     2   5.3862
#         225       0.00000      4.43      2.00     3   5.4199
#         226       0.00000      5.72      1.00     2   5.4461
#         227       0.00000      6.58      1.00     2   5.4494
#         228       0.00000      5.47      2.00     3   5.4541
#         229       0.00000      6.14      2.00     3   5.4555
#         234       0.00000      5.64      1.00     2   5.4724
#         235       0.00000      6.37      2.00     3   5.4920
#         238       0.00000      6.39      1.00     2   5.5036
#         239       0.00000      6.39      1.00     2   5.5044
#         242       0.00000      4.26      2.00     3   5.5168
#         243       0.00000      5.49      1.00     2   5.5188
#         244       0.00000      5.34      2.00     3   5.5209
#         245       0.00000      5.30      2.00     3   5.5219
#         247       0.00000      5.21      2.00     3   5.5255
#         248       0.00000      4.63      2.00     3   5.5292
#         249       0.00000      7.68      2.00     3   5.5371
#         251       0.00000      6.26      1.00     2   5.5426
#         252       0.00000      4.36      2.00     3   5.5435
#         253       0.00000      4.33      2.00     4   5.5501
#         254       0.00000      4.08      2.00     3   5.5550
#         255       0.00000      5.37      1.00     2   5.5579
#         258       0.00000      4.12      2.00     4   5.5885
#         260       0.00000      5.27      1.00     2   5.5932
#         261       0.00000      6.79      2.00     3   5.6043
#         265       0.00000      4.76      2.00     3   5.6182
#         267       0.00000      6.00      1.00     2   5.6267
#         268       0.00000      5.66      2.00     3   5.6337
#         270       0.00000      5.23      2.00     3   5.6495
#         273       0.00000      6.59      2.00     3   5.6647
#         275       0.00000      4.95      2.00     3   5.6876
#         278       0.00000      4.45      2.00     3   5.7105
#         279       0.00000      4.02      2.00     3   5.7123
#         284       0.00000      4.65      2.00     3   5.7426
#         286       0.00000      5.58      1.00     2   5.7673
#         287       0.00000      4.78      1.00     2   5.7694
#         288       0.00000      4.53      2.00     3   5.7722
#         289       0.00000      6.11      2.00     3   5.7824
#         290       0.00000      4.30      2.00     3   5.7837
#         292       0.00000      4.72      1.00     2   5.7914
#         293       0.00000      4.99      2.00     3   5.7922
#         299       0.00000      5.45      1.00     2   5.8127
#         302       0.00000      6.11      2.00     3   5.8187
#         303       0.00000      4.65      2.00     3   5.8296
#         306       0.00000      7.29      2.00     3   5.8352
#         311       0.00000      4.15      2.00     3   5.8433
#         316       0.00000      9.11      2.00     3   5.8574
#         317       0.00000      4.25      2.00     3   5.8706
#         319       0.00000      5.29      1.00     2   5.8732
#         325       0.00000      4.47      1.00     2   5.8907
#         328       0.00000      5.21      1.00     2   5.9023
#         329       0.00000      4.34      1.00     4   5.9022
#         332       0.00000      4.43      1.00     2   5.9083
#         335       0.00000      5.18      1.00     2   5.9140
#         337       0.00000      5.18      1.00     2   5.9156
#         342       0.00000      5.14      1.00     2   5.9311
#   245/ 316 paths used
#  -----------------------------------------------------------------------
#       k          chi          mag           phase @#
    -0.7000   -4.307204E-01  4.329488E-01 -1.469292E+00
    -0.6500   -4.151453E-01  4.156250E-01 -1.522744E+00
    -0.6000   -4.137476E-01  4.137757E-01 -1.559130E+00
    -0.5500   -4.196146E-01  4.196229E-01 -1.577081E+00
    -0.5000   -4.290408E-01  4.290631E-01 -1.580989E+00
    -0.4500   -4.398879E-01  4.398919E-01 -1.575074E+00
    -0.4000   -4.506085E-01  4.506199E-01 -1.563702E+00
    -0.3500   -4.607911E-01  4.609114E-01 -1.547948E+00
    -0.3000   -4.697239E-01  4.700840E-01 -1.531650E+00
    -0.2500   -4.771960E-01  4.779080E-01 -1.516203E+00
    -0.2000   -4.831718E-01  4.842984E-01 -1.502573E+00
    -0.1500   -4.879695E-01  4.895377E-01 -1.490732E+00
    -0.1000   -4.914074E-01  4.933611E-01 -1.481772E+00
    -0.0500   -4.934394E-01  4.956517E-01 -1.476280E+00
     0.0000   -4.941112E-01  4.964144E-01 -1.474430E+00
     0.0500   -4.947801E-01  4.971766E-01 -1.472572E+00
     0.1000   -4.967690E-01  4.994601E-01 -1.466942E+00
     0.1500   -5.000199E-01  5.032529E-01 -1.457385E+00
     0.2000   -5.044247E-01  5.085287E-01 -1.443664E+00
     0.2500   -5.098087E-01  5.152388E-01 -1.425487E+00
     0.3000   -5.159136E-01  5.233036E-01 -1.402539E+00
     0.3500   -5.225958E-01  5.328650E-01 -1.374155E+00
     0.4000   -5.300042E-01  5.445934E-01 -1.338806E+00
     0.4500   -5.367502E-01  5.574523E-01 -1.297414E+00
     0.5000   -5.420344E-01  5.712047E-01 -1.249833E+00
     0.5500   -5.453157E-01  5.862298E-01 -1.194979E+00
     0.6000   -5.457754E-01  6.030821E-01 -1.131325E+00
     0.6500   -5.412599E-01  6.201061E-01 -1.061013E+00
     0.7000   -5.305883E-01  6.374532E-01 -9.833459E-01
     0.7500   -5.122749E-01  6.561764E-01 -8.957803E-01
     0.8000   -4.844153E-01  6.740259E-01 -8.019158E-01
     0.8500   -4.457632E-01  6.918710E-01 -7.000901E-01
     0.9000   -3.947389E-01  7.096290E-01 -5.898796E-01
     0.9500   -3.312467E-01  7.253583E-01 -4.742444E-01
     1.0000   -2.535368E-01  7.408991E-01 -3.492589E-01
     1.0500   -1.636959E-01  7.539712E-01 -2.188545E-01
     1.1000   -6.279463E-02  7.649062E-01 -8.218704E-02
     1.1500    4.738364E-02  7.737503E-01  6.127726E-02
     1.2000    1.612089E-01  7.789909E-01  2.084521E-01
     1.2500    2.778992E-01  7.822358E-01  3.631951E-01
     1.3000    3.887212E-01  7.813882E-01  5.206857E-01
     1.3500    4.912658E-01  7.776469E-01  6.837878E-01
     1.4000    5.786070E-01  7.701212E-01  8.500592E-01
     1.4500    6.468046E-01  7.591030E-01  1.019917E+00
     1.5000    6.922588E-01  7.447006E-01  1.193272E+00
     1.5500    7.118548E-01  7.266783E-01  1.368466E+00
     1.6000    7.055438E-01  7.057378E-01  1.547349E+00
     1.6500    6.731992E-01  6.814426E-01  1.726497E+00
     1.7000    6.175735E-01  6.547776E-01  1.909517E+00
     1.7500    5.423714E-01  6.253676E-01  2.091872E+00
     1.8000    4.518635E-01  5.938985E-01  2.276981E+00
     1.8500    3.525983E-01  5.604920E-01  2.461214E+00
     1.9000    2.485126E-01  5.254536E-01  2.648958E+00
     1.9500    1.469785E-01  4.890883E-01  2.836360E+00
     2.0000    5.450638E-02  4.519246E-01  3.020689E+00
     2.0500   -2.470533E-02  4.144517E-01  3.201238E+00
     2.1000   -8.803947E-02  3.756957E-01  3.378129E+00
     2.1500   -1.333089E-01  3.360541E-01  3.549500E+00
     2.2000   -1.608191E-01  2.978531E-01  3.711943E+00
     2.2500   -1.727666E-01  2.616271E-01  3.862883E+00
     2.3000   -1.716155E-01  2.271731E-01  3.997917E+00
     2.3500   -1.591354E-01  1.935822E-01  4.106605E+00
     2.4000   -1.420920E-01  1.647336E-01  4.181894E+00
     2.4500   -1.253268E-01  1.423018E-01  4.218955E+00
     2.5000   -1.127418E-01  1.275370E-01  4.225927E+00
     2.5500   -1.074640E-01  1.208438E-01  4.237362E+00
     2.6000   -1.063925E-01  1.185231E-01  4.256006E+00
     2.6500   -1.092795E-01  1.195777E-01  4.294330E+00
     2.7000   -1.152303E-01  1.227987E-01  4.359468E+00
     2.7500   -1.216573E-01  1.261138E-01  4.445754E+00
     2.8000   -1.281326E-01  1.298668E-01  4.548782E+00
     2.8500   -1.334921E-01  1.336321E-01  4.666603E+00
     2.9000   -1.365540E-01  1.370391E-01  4.796552E+00
     2.9500   -1.365641E-01  1.400188E-01  4.934991E+00
     3.0000   -1.328864E-01  1.424453E-01  5.080817E+00
     3.0500   -1.251464E-01  1.442236E-01  5.232580E+00
     3.1000   -1.133412E-01  1.453550E-01  5.388911E+00
     3.1500   -9.766991E-02  1.458398E-01  5.549371E+00
     3.2000   -7.863186E-02  1.457777E-01  5.713466E+00
     3.2500   -5.683738E-02  1.451512E-01  5.880844E+00
     3.3000   -3.313117E-02  1.438790E-01  6.050829E+00
     3.3500   -8.502676E-03  1.421996E-01  6.223356E+00
     3.4000    1.610091E-02  1.402006E-01  6.398281E+00
     3.4500    3.960435E-02  1.377537E-01  6.574802E+00
     3.5000    6.105478E-02  1.348844E-01  6.752915E+00
     3.5500    7.975619E-02  1.317078E-01  6.933647E+00
     3.6000    9.492008E-02  1.281823E-01  7.117012E+00
     3.6500    1.057152E-01  1.241767E-01  7.301698E+00
     3.7000    1.117466E-01  1.196977E-01  7.487444E+00
     3.7500    1.129365E-01  1.147766E-01  7.674674E+00
     3.8000    1.094024E-01  1.094071E-01  7.863225E+00
     3.8500    1.015749E-01  1.035807E-01  8.051094E+00
     3.9000    9.028892E-02  9.735166E-02  8.237239E+00
     3.9500    7.661934E-02  9.085131E-02  8.421293E+00
     4.0000    6.167666E-02  8.419635E-02  8.602742E+00
     4.0500    4.665744E-02  7.736827E-02  8.777451E+00
     4.1000    3.271144E-02  7.052427E-02  8.942462E+00
     4.1500    2.070465E-02  6.387522E-02  9.094673E+00
     4.2000    1.109681E-02  5.765265E-02  9.231092E+00
     4.2500    4.057000E-03  5.216103E-02  9.346921E+00
     4.3000   -7.845269E-04  4.771855E-02  9.441219E+00
     4.3500   -4.136036E-03  4.459642E-02  9.517655E+00
     4.4000   -6.857364E-03  4.294397E-02  9.585146E+00
     4.4500   -9.902674E-03  4.269963E-02  9.658824E+00
     4.5000   -1.399001E-02  4.356149E-02  9.751727E+00
     4.5500   -1.945903E-02  4.511667E-02  9.870716E+00
     4.6000   -2.622142E-02  4.702043E-02  1.001634E+01
     4.6500   -3.369144E-02  4.880974E-02  1.018663E+01
     4.7000   -4.090041E-02  5.019366E-02  1.037725E+01
     4.7500   -4.672680E-02  5.098651E-02  1.058390E+01
     4.8000   -5.021720E-02  5.116473E-02  1.080282E+01
     4.8500   -5.052594E-02  5.055643E-02  1.103031E+01
     4.9000   -4.741295E-02  4.916412E-02  1.126328E+01
     4.9500   -4.121249E-02  4.704503E-02  1.149882E+01
     5.0000   -3.280423E-02  4.435427E-02  1.173390E+01
     5.0500   -2.329222E-02  4.114385E-02  1.196458E+01
     5.1000   -1.392432E-02  3.758597E-02  1.218686E+01
     5.1500   -5.745137E-03  3.389056E-02  1.239603E+01
     5.2000    6.108673E-04  3.033364E-02  1.258651E+01
     5.2500    5.044180E-03  2.715677E-02  1.275320E+01
     5.3000    7.956517E-03  2.464296E-02  1.289513E+01
     5.3500    1.007993E-02  2.302093E-02  1.301959E+01
     5.4000    1.219488E-02  2.239000E-02  1.314235E+01
     5.4500    1.491318E-02  2.263839E-02  1.328554E+01
     5.5000    1.838961E-02  2.351560E-02  1.346427E+01
     5.5500    2.223783E-02  2.474074E-02  1.368347E+01
     5.6000    2.558391E-02  2.609113E-02  1.393966E+01
     5.6500    2.729719E-02  2.741278E-02  1.422903E+01
     5.7000    2.627915E-02  2.864318E-02  1.454630E+01
     5.7500    2.180728E-02  2.978351E-02  1.488643E+01
     5.8000    1.380492E-02  3.082924E-02  1.524368E+01
     5.8500    2.974646E-03  3.185615E-02  1.561445E+01
     5.9000   -9.293870E-03  3.292420E-02  1.599413E+01
     5.9500   -2.115775E-02  3.407118E-02  1.637796E+01
     6.0000   -3.055982E-02  3.513724E-02  1.676261E+01
     6.0500   -3.589823E-02  3.622606E-02  1.714412E+01
     6.1000   -3.624719E-02  3.731998E-02  1.751911E+01
     6.1500   -3.152460E-02  3.836143E-02  1.788503E+01
     6.2000   -2.249096E-02  3.928695E-02  1.824003E+01
     6.2500   -1.055476E-02  4.003996E-02  1.858280E+01
     6.3000    2.548444E-03  4.058199E-02  1.891239E+01
     6.3500    1.511661E-02  4.090131E-02  1.922812E+01
     6.4000    2.578961E-02  4.101839E-02  1.952948E+01
     6.4500    3.373314E-02  4.098759E-02  1.981624E+01
     6.5000    3.863791E-02  4.081944E-02  2.009194E+01
     6.5500    4.061643E-02  4.070334E-02  2.035499E+01
     6.6000    4.006407E-02  4.076935E-02  2.060663E+01
     6.6500    3.737524E-02  4.111234E-02  2.085003E+01
     6.7000    3.278560E-02  4.179137E-02  2.108925E+01
     6.7500    2.633516E-02  4.281422E-02  2.132863E+01
     6.8000    1.795878E-02  4.413290E-02  2.157206E+01
     6.8500    7.666927E-03  4.565129E-02  2.182240E+01
     6.9000   -4.252134E-03  4.724100E-02  2.208128E+01
     6.9500   -1.708839E-02  4.875948E-02  2.234921E+01
     7.0000   -2.978268E-02  5.008892E-02  2.262791E+01
     7.0500   -4.075919E-02  5.108248E-02  2.291497E+01
     7.1000   -4.843446E-02  5.162450E-02  2.320856E+01
     7.1500   -5.155733E-02  5.163397E-02  2.350745E+01
     7.2000   -4.949130E-02  5.105880E-02  2.381037E+01
     7.2500   -4.241471E-02  4.987667E-02  2.411601E+01
     7.3000   -3.134012E-02  4.809455E-02  2.442300E+01
     7.3500   -1.793688E-02  4.574758E-02  2.472985E+01
     7.4000   -4.194561E-03  4.289739E-02  2.503480E+01
     7.4500    7.989961E-03  3.963013E-02  2.533575E+01
     7.5000    1.721125E-02  3.605324E-02  2.563042E+01
     7.5500    2.274663E-02  3.228698E-02  2.591448E+01
     7.6000    2.470856E-02  2.848612E-02  2.618267E+01
     7.6500    2.390021E-02  2.483340E-02  2.642852E+01
     7.7000    2.150310E-02  2.154051E-02  2.664459E+01
     7.7500    1.870291E-02  1.884192E-02  2.682509E+01
     7.8000    1.635051E-02  1.695899E-02  2.697222E+01
     7.8500    1.475323E-02  1.601492E-02  2.710313E+01
     7.9000    1.365124E-02  1.594373E-02  2.724644E+01
     7.9500    1.237866E-02  1.650170E-02  2.742605E+01
     8.0000    1.017223E-02  1.738991E-02  2.764952E+01
     8.0500    6.456232E-03  1.835294E-02  2.791486E+01
     8.1000    1.125358E-03  1.921525E-02  2.821573E+01
     8.1500   -5.320386E-03  1.987916E-02  2.854527E+01
     8.2000   -1.185813E-02  2.030372E-02  2.889803E+01
     8.2500   -1.718946E-02  2.048643E-02  2.926990E+01
     8.3000   -2.009074E-02  2.044883E-02  2.965771E+01
     8.3500   -1.976507E-02  2.022504E-02  3.005881E+01
     8.4000   -1.609274E-02  1.985223E-02  3.047071E+01
     8.4500   -9.705349E-03  1.936274E-02  3.089090E+01
     8.5000   -1.852641E-03  1.876540E-02  3.131704E+01
     8.5500    5.872445E-03  1.807082E-02  3.174690E+01
     8.6000    1.193302E-02  1.728412E-02  3.217797E+01
     8.6500    1.522987E-02  1.639155E-02  3.260798E+01
     8.7000    1.535350E-02  1.537142E-02  3.303501E+01
     8.7500    1.265447E-02  1.419954E-02  3.345756E+01
     8.8000    8.112803E-03  1.285463E-02  3.387452E+01
     8.8500    3.047195E-03  1.132297E-02  3.428504E+01
     8.9000   -1.251668E-03  9.601684E-03  3.468825E+01
     8.9500   -3.860754E-03  7.700630E-03  3.508268E+01
     9.0000   -4.444468E-03  5.636802E-03  3.546584E+01
     9.0500   -3.292881E-03  3.450724E-03  3.582469E+01
     9.1000   -1.205921E-03  1.210218E-03  3.604402E+01
     9.1500    7.823973E-04  1.163528E-03  3.382002E+01
     9.2000    1.729676E-03  3.390199E-03  3.402210E+01
     9.2500    1.066725E-03  5.543211E-03  3.436387E+01
     9.3000   -1.241625E-03  7.542401E-03  3.472289E+01
     9.3500   -4.697636E-03  9.327757E-03  3.508530E+01
     9.4000   -8.426787E-03  1.084645E-02  3.544727E+01
     9.4500   -1.143781E-02  1.205399E-02  3.580719E+01
     9.5000   -1.292670E-02  1.293507E-02  3.616430E+01
     9.5500   -1.245834E-02  1.346627E-02  3.651768E+01
     9.6000   -1.008025E-02  1.362218E-02  3.686606E+01
     9.6500   -6.322061E-03  1.340519E-02  3.720799E+01
     9.7000   -2.015728E-03  1.283188E-02  3.754137E+01
     9.7500    1.946345E-03  1.193391E-02  3.786294E+01
     9.8000    4.856464E-03  1.075958E-02  3.816740E+01
     9.8500    6.369242E-03  9.377817E-03  3.844576E+01
     9.9000    6.563864E-03  7.887861E-03  3.868208E+01
     9.9500    5.879170E-03  6.442700E-03  3.884854E+01
    10.0000    4.974210E-03  5.320159E-03  3.890730E+01
    10.0500    4.459335E-03  4.870057E-03  3.885627E+01
    10.1000    4.709462E-03  5.276052E-03  3.880222E+01
    10.1500    5.788328E-03  6.327020E-03  3.885427E+01
    10.2000    7.410049E-03  7.664189E-03  3.901167E+01
    10.2500    9.033332E-03  9.038346E-03  3.923660E+01
    10.3000    1.003199E-02  1.030562E-02  3.950086E+01
    10.3500    9.888102E-03  1.138104E-02  3.978789E+01
    10.4000    8.349515E-03  1.221318E-02  4.008795E+01
    10.4500    5.506608E-03  1.277300E-02  4.039498E+01
    10.5000    1.768803E-03  1.304890E-02  4.070473E+01
    10.5500   -2.247992E-03  1.304434E-02  4.101390E+01
    10.6000   -5.886196E-03  1.277652E-02  4.131949E+01
    10.6500   -8.613275E-03  1.227555E-02  4.161843E+01
    10.7000   -1.014221E-02  1.158393E-02  4.190726E+01
    10.7500   -1.047404E-02  1.075632E-02  4.218190E+01
    10.8000   -9.856012E-03  9.859373E-03  4.243761E+01
    10.8500   -8.674406E-03  8.971155E-03  4.266942E+01
    10.9000   -7.319922E-03  8.177918E-03  4.287368E+01
    10.9500   -6.069060E-03  7.564340E-03  4.305112E+01
    11.0000   -5.025863E-03  7.205527E-03  4.321039E+01
    11.0500   -4.106079E-03  7.122023E-03  4.336782E+01
    11.1000   -3.099546E-03  7.262154E-03  4.354134E+01
    11.1500   -1.793186E-03  7.544938E-03  4.374233E+01
    11.2000   -6.883277E-05  7.878282E-03  4.397356E+01
    11.2500    2.023839E-03  8.181652E-03  4.423226E+01
    11.3000    4.253994E-03  8.394639E-03  4.451371E+01
    11.3500    6.260986E-03  8.476998E-03  4.481327E+01
    11.4000    7.654321E-03  8.405794E-03  4.512703E+01
    11.4500    8.130464E-03  8.172223E-03  4.545196E+01
    11.5000    7.569339E-03  7.778849E-03  4.578571E+01
    11.5500    6.079766E-03  7.237271E-03  4.612649E+01
    11.6000    3.979042E-03  6.566107E-03  4.647287E+01
    11.6500    1.712249E-03  5.789184E-03  4.682363E+01
    11.7000   -2.647107E-04  4.933873E-03  4.717757E+01
    11.7500   -1.603588E-03  4.029538E-03  4.753318E+01
    11.8000   -2.149054E-03  3.106140E-03  4.788797E+01
    11.8500   -1.966620E-03  2.193088E-03  4.823623E+01
    11.9000   -1.306807E-03  1.318916E-03  4.855907E+01
    11.9500   -5.183069E-04  5.186341E-04  4.873021E+01
    12.0000    5.753545E-05  3.014837E-04  4.693187E+01
    12.0500    1.959220E-04  9.020486E-04  4.690495E+01
    12.1000   -1.512761E-04  1.433691E-03  4.722960E+01
    12.1500   -8.603466E-04  1.862689E-03  4.760401E+01
    12.2000   -1.677465E-03  2.185348E-03  4.799897E+01
    12.2500   -2.306214E-03  2.404571E-03  4.840768E+01
    12.3000   -2.505359E-03  2.527896E-03  4.882832E+01
    12.3500   -2.166219E-03  2.566544E-03  4.926074E+01
    12.4000   -1.346236E-03  2.534461E-03  4.970550E+01
    12.4500   -2.496228E-04  2.447172E-03  5.016330E+01
    12.5000    8.373612E-04  2.320420E-03  5.063468E+01
    12.5500    1.635137E-03  2.168601E-03  5.111962E+01
    12.6000    1.955305E-03  2.003144E-03  5.161729E+01
    12.6500    1.754798E-03  1.831129E-03  5.212603E+01
    12.7000    1.143694E-03  1.654597E-03  5.264390E+01
    12.7500    3.454880E-04  1.471013E-03  5.317000E+01
    12.8000   -3.766099E-04  1.275078E-03  5.370691E+01
    12.8500   -8.035895E-04  1.061943E-03  5.426535E+01
    12.9000   -8.284474E-04  8.327835E-04  5.487578E+01
    12.9500   -4.871876E-04  6.092042E-04  5.562185E+01
    13.0000    5.484395E-05  4.809338E-04  5.666295E+01
    13.0500    5.614465E-04  5.930642E-04  5.779146E+01
    13.1000    7.984816E-04  9.006340E-04  5.860037E+01
    13.1500    6.080646E-04  1.295864E-03  5.920184E+01
    13.2000   -3.547841E-05  1.731207E-03  5.971076E+01
    13.2500   -1.012459E-03  2.182675E-03  6.017261E+01
    13.3000   -2.088270E-03  2.632639E-03  6.060634E+01
    13.3500   -2.977702E-03  3.065672E-03  6.102092E+01
    13.4000   -3.423543E-03  3.467794E-03  6.142098E+01
    13.4500   -3.266302E-03  3.826643E-03  6.180906E+01
    13.5000   -2.485367E-03  4.131936E-03  6.218647E+01
    13.5500   -1.201143E-03  4.375985E-03  6.255380E+01
    13.6000    3.603130E-04  4.554195E-03  6.291105E+01
    13.6500    1.927820E-03  4.665511E-03  6.325783E+01
    13.7000    3.251854E-03  4.712765E-03  6.359336E+01
    13.7500    4.158273E-03  4.702917E-03  6.391661E+01
    13.8000    4.575143E-03  4.647118E-03  6.422642E+01
    13.8500    4.528181E-03  4.560473E-03  6.452172E+01
    13.9000    4.110346E-03  4.461320E-03  6.480196E+01
    13.9500    3.438678E-03  4.369744E-03  6.506763E+01
    14.0000    2.615111E-03  4.311449E-03  6.532173E+01
    14.0500    1.694285E-03  4.305164E-03  6.556896E+01
    14.1000    6.933322E-04  4.348163E-03  6.581331E+01
    14.1500   -3.858531E-04  4.439838E-03  6.606046E+01
    14.2000   -1.531747E-03  4.571113E-03  6.631515E+01
    14.2500   -2.695711E-03  4.726721E-03  6.658033E+01
    14.3000   -3.779054E-03  4.888336E-03  6.685712E+01
    14.3500   -4.641617E-03  5.037434E-03  6.714518E+01
    14.4000   -5.131042E-03  5.157314E-03  6.744326E+01
    14.4500   -5.124230E-03  5.234299E-03  6.774968E+01
    14.5000   -4.567648E-03  5.258309E-03  6.806256E+01
    14.5500   -3.502743E-03  5.223066E-03  6.837998E+01
    14.6000   -2.066980E-03  5.126081E-03  6.870000E+01
    14.6500   -4.685393E-04  4.968535E-03  6.902060E+01
    14.7000    1.058970E-03  4.755105E-03  6.933962E+01
    14.7500    2.308958E-03  4.493786E-03  6.965466E+01
    14.8000    3.146283E-03  4.195731E-03  6.996291E+01
    14.8500    3.530873E-03  3.875127E-03  7.026114E+01
    14.9000    3.514277E-03  3.549088E-03  7.054566E+01
    14.9500    3.211333E-03  3.237388E-03  7.081279E+01
    15.0000    2.756834E-03  2.961360E-03  7.105967E+01
    15.0500    2.265204E-03  2.743831E-03  7.128543E+01
    15.1000    1.795742E-03  2.604898E-03  7.149601E+01
    15.1500    1.340458E-03  2.553134E-03  7.170389E+01
    15.2000    8.427683E-04  2.582430E-03  7.192419E+01
    15.2500    2.351658E-04  2.674273E-03  7.216858E+01
    15.3000   -5.170912E-04  2.804796E-03  7.244205E+01
    15.3500   -1.382444E-03  2.951397E-03  7.274411E+01
    15.4000   -2.252776E-03  3.096053E-03  7.307149E+01
    15.4500   -2.962026E-03  3.225889E-03  7.342015E+01
    15.5000   -3.329633E-03  3.332448E-03  7.378632E+01
    15.5500   -3.216141E-03  3.410619E-03  7.416675E+01
    15.6000   -2.573478E-03  3.457634E-03  7.455875E+01
    15.6500   -1.473108E-03  3.472234E-03  7.496009E+01
    15.7000   -1.013845E-04  3.454019E-03  7.536887E+01
    15.7500    1.278892E-03  3.402995E-03  7.578350E+01
    15.8000    2.391244E-03  3.319281E-03  7.620262E+01
    15.8500    3.015395E-03  3.202990E-03  7.662507E+01
    15.9000    3.044241E-03  3.054232E-03  7.704993E+01
    15.9500    2.511188E-03  2.873238E-03  7.747646E+01
    16.0000    1.581337E-03  2.664182E-03  7.790435E+01
    16.0500    4.981409E-04  2.431630E-03  7.833350E+01
    16.1000   -4.816313E-04  2.169542E-03  7.876368E+01
    16.1500   -1.146547E-03  1.880349E-03  7.919556E+01
    16.2000   -1.390580E-03  1.567611E-03  7.963077E+01
    16.2500   -1.235254E-03  1.236128E-03  8.007301E+01
    16.3000   -8.141289E-04  8.921295E-04  8.053189E+01
    16.3500   -3.251381E-04  5.443103E-04  8.104123E+01
    16.4000    3.423055E-05  2.158541E-04  8.184066E+01
    16.4500    1.289935E-04  2.086881E-04  8.415666E+01
    16.5000   -7.278992E-05  5.122465E-04  8.496558E+01
    16.5500   -4.929215E-04  8.116669E-04  8.547565E+01
    16.6000   -9.709609E-04  1.083163E-03  8.593461E+01
    16.6500   -1.317931E-03  1.318108E-03  8.637742E+01
    16.7000   -1.378840E-03  1.510604E-03  8.681457E+01
    16.7500   -1.084494E-03  1.656601E-03  8.725087E+01
    16.8000   -4.765336E-04  1.753924E-03  8.768944E+01
    16.8500    3.020492E-04  1.802457E-03  8.813297E+01
    16.9000    1.048004E-03  1.804355E-03  8.858433E+01
    16.9500    1.558010E-03  1.764293E-03  8.904698E+01
    17.0000    1.690434E-03  1.690508E-03  8.952607E+01
    17.0500    1.405551E-03  1.595242E-03  9.002803E+01
    17.1000    7.787878E-04  1.491466E-03  9.055680E+01
    17.1500   -1.468368E-05  1.396932E-03  9.111670E+01
    17.2000   -7.519612E-04  1.331072E-03  9.170653E+01
    17.2500   -1.225466E-03  1.310307E-03  9.231516E+01
    17.3000   -1.301273E-03  1.341460E-03  9.292238E+01
    17.3500   -9.559357E-04  1.418451E-03  9.350827E+01
    17.4000   -2.816085E-04  1.525740E-03  9.406214E+01
    17.4500    5.413148E-04  1.644882E-03  9.458312E+01
    17.5000    1.295414E-03  1.759128E-03  9.507551E+01
    17.5500    1.786079E-03  1.855129E-03  9.554488E+01
    17.6000    1.892794E-03  1.923070E-03  9.599625E+01
    17.6500    1.597839E-03  1.956304E-03  9.643359E+01
    17.7000    9.854405E-04  1.950949E-03  9.685986E+01
    17.7500    2.132253E-04  1.905536E-03  9.727724E+01
    17.8000   -5.343975E-04  1.820715E-03  9.768727E+01
    17.8500   -1.096658E-03  1.698979E-03  9.809102E+01
    17.9000   -1.376245E-03  1.544391E-03  9.848919E+01
    17.9500   -1.358152E-03  1.362303E-03  9.888208E+01
    18.0000   -1.104633E-03  1.159972E-03  9.927030E+01
    18.0500   -7.264532E-04  9.455645E-04  9.965482E+01
    18.1000   -3.457450E-04  7.240558E-04  1.000331E+02
    18.1500   -6.457910E-05  5.027613E-04  1.004022E+02
    18.2000    6.283861E-05  2.888255E-04  1.007503E+02
    18.2500    3.826351E-05  8.978797E-05  1.009712E+02
    18.3000   -9.014985E-05  9.552876E-05  9.862299E+01
    18.3500   -2.500067E-04  2.513469E-04  9.885685E+01
    18.4000   -3.710189E-04  3.806515E-04  9.918561E+01
    18.4500   -4.067490E-04  4.805303E-04  9.952167E+01
    18.5000   -3.454146E-04  5.503450E-04  9.985246E+01
    18.5500   -2.076857E-04  5.911904E-04  1.001720E+02
    18.6000   -3.394489E-05  6.059862E-04  1.004749E+02
    18.6500    1.332330E-04  5.996531E-04  1.007550E+02
    18.7000    2.645878E-04  5.793291E-04  1.010053E+02
    18.7500    3.522717E-04  5.544491E-04  1.012194E+02
    18.8000    4.083196E-04  5.361093E-04  1.013968E+02
    18.8500    4.550112E-04  5.347335E-04  1.015487E+02
    18.9000    5.115875E-04  5.560882E-04  1.016990E+02
    18.9500    5.829359E-04  5.986275E-04  1.018723E+02
    19.0000    6.552707E-04  6.554036E-04  1.020816E+02
    19.0500    6.992287E-04  7.174446E-04  1.023276E+02
    19.1000    6.797067E-04  7.749757E-04  1.026028E+02
    19.1500    5.730852E-04  8.211162E-04  1.029000E+02
    19.2000    3.775199E-04  8.508329E-04  1.032128E+02
    19.2500    1.172842E-04  8.608097E-04  1.035359E+02
    19.3000   -1.621703E-04  8.493054E-04  1.038647E+02
    19.3500   -4.071157E-04  8.160478E-04  1.041949E+02
    19.4000   -5.721096E-04  7.621797E-04  1.045216E+02
    19.4500   -6.344154E-04  6.902850E-04  1.048383E+02
    19.5000   -6.010452E-04  6.045889E-04  1.051350E+02
    19.5500   -5.056614E-04  5.115602E-04  1.053954E+02
    19.6000   -3.961147E-04  4.214107E-04  1.055916E+02
    19.6500   -3.167824E-04  3.508315E-04  1.056876E+02
    19.7000   -2.918919E-04  3.227599E-04  1.056843E+02
    19.7500   -3.159107E-04  3.499088E-04  1.056878E+02
    19.8000   -3.548272E-04  4.185266E-04  1.058023E+02
    19.8500   -3.584382E-04  5.060824E-04  1.060271E+02
    19.9000   -2.798496E-04  5.972622E-04  1.063265E+02
    19.9500   -9.562107E-05  6.837270E-04  1.066738E+02