# # tequil.ion_motion                                            FEFF 9.05   
# # POT  SCF  30  5.5000   1, core-hole, AFOLP (folp(0)= 1.150)
# # Abs   Z=30 Rmt= 1.267 Rnm= 1.409 K  shell
# # Pot 1 Z=26 Rmt= 1.291 Rnm= 1.393
# # Pot 2 Z= 8 Rmt= 0.996 Rnm= 1.081
# # Gam_ch=1.897E+00 H-L exch
# # Mu=-1.169E+01 kf=2.191E+00 Vint=-1.926E+01 Rs_int= 1.656
# # PATH  Rmax= 8.500,  Keep_limit= 0.00, Heap_limit 0.00  Pwcrit= 2.50%
#  S02=1.000                                        Global_sig2= 0.00000
#  Energy zero shift, vr, vi   -2.00000E+00   0.00000E+00
#  Curved wave amplitude ratio filter   4.000%
#     file         sig2 tot  cw amp ratio   deg  nlegs   reff  inp sig2
#           1       0.00000    100.00      1.00     2   1.8927
#           2       0.00000     93.28      1.00     2   1.9448
#           3       0.00000     86.39      1.00     2   2.0040
#           4       0.00000     56.08      1.00     2   2.3694
#           5       0.00000     47.34      1.00     2   2.5280
#           6       0.00000     46.37      1.00     2   2.5482
#           7       0.00000     31.03      1.00     2   2.9214
#           8       0.00000     29.29      1.00     2   2.9962
#           9       0.00000     25.78      1.00     2   3.1660
#          10       0.00000     25.21      1.00     2   3.1966
#          11       0.00000     25.18      1.00     2   3.2038
#          12       0.00000     24.89      1.00     2   3.2141
#          13       0.00000     24.37      1.00     2   3.2431
#          14       0.00000     23.94      1.00     2   3.2679
#          15       0.00000     23.34      1.00     2   3.2943
#          16       0.00000     22.64      1.00     2   3.3315
#          17       0.00000     22.31      1.00     2   3.3495
#          18       0.00000     22.24      1.00     2   3.3530
#          19       0.00000     21.06      1.00     2   3.4485
#          20       0.00000      9.42      2.00     3   3.4759
#          21       0.00000     18.50      2.00     3   3.4787
#          22       0.00000     10.90      2.00     3   3.4861
#          23       0.00000     10.15      2.00     3   3.5279
#          24       0.00000     19.32      1.00     2   3.5293
#          25       0.00000     15.17      2.00     3   3.5655
#          26       0.00000      9.23      2.00     3   3.5751
#          27       0.00000      7.49      2.00     3   3.6051
#          28       0.00000     14.42      2.00     3   3.6067
#          29       0.00000     10.75      2.00     3   3.6132
#          30       0.00000     18.74      1.00     2   3.6190
#          31       0.00000      9.75      2.00     3   3.6238
#          32       0.00000     18.55      1.00     2   3.6347
#          33       0.00000      8.42      2.00     3   3.6400
#          34       0.00000      9.41      2.00     3   3.6490
#          35       0.00000     10.12      2.00     3   3.6544
#          36       0.00000      7.18      2.00     3   3.6779
#          37       0.00000      8.42      2.00     3   3.7092
#          38       0.00000     14.45      2.00     3   3.7119
#          39       0.00000      8.56      2.00     3   3.7427
#          40       0.00000      5.00      1.00     4   3.7608
#          41       0.00000     10.54      1.00     4   3.7853
#          42       0.00000      7.15      2.00     3   3.7870
#          43       0.00000      6.99      2.00     3   3.7917
#          45       0.00000     15.75      1.00     2   3.8830
#          46       0.00000      4.34      1.00     4   3.8878
#          47       0.00000      9.12      1.00     4   3.8896
#          49       0.00000     14.47      1.00     2   3.9144
#          50       0.00000     15.40      1.00     2   3.9188
#          53       0.00000     10.07      2.00     3   3.9709
#          54       0.00000      8.24      2.00     3   3.9721
#          55       0.00000      4.32      1.00     4   3.9753
#          56       0.00000      4.74      1.00     4   3.9760
#          57       0.00000     13.78      1.00     2   3.9832
#          58       0.00000      8.78      2.00     3   3.9828
#          59       0.00000      7.79      1.00     4   4.0079
#          60       0.00000     14.42      1.00     2   4.0215
#          61       0.00000      4.68      1.00     4   4.0304
#          62       0.00000      7.58      2.00     3   4.0424
#          64       0.00000      7.26      2.00     3   4.1053
#          65       0.00000      7.22      2.00     3   4.1064
#          66       0.00000     14.79      2.00     3   4.1215
#          67       0.00000      6.97      2.00     3   4.1250
#          68       0.00000     12.27      1.00     2   4.1487
#          69       0.00000      7.42      2.00     3   4.1575
#          70       0.00000     10.29      2.00     3   4.1616
#          71       0.00000     10.10      2.00     3   4.1704
#          72       0.00000     10.26      2.00     3   4.2400
#          73       0.00000      8.40      2.00     4   4.2621
#          76       0.00000     10.87      1.00     2   4.3259
#          77       0.00000      8.19      2.00     3   4.3359
#          78       0.00000     10.67      1.00     2   4.3541
#          79       0.00000     10.55      1.00     2   4.3720
#          80       0.00000     14.05      2.00     3   4.3735
#          81       0.00000     10.52      1.00     2   4.3764
#          82       0.00000     10.41      1.00     2   4.3912
#          83       0.00000     10.41      1.00     2   4.3916
#          84       0.00000      7.88      2.00     3   4.3990
#          88       0.00000     19.98      2.00     3   4.4618
#          89       0.00000     13.80      2.00     3   4.4716
#          90       0.00000      8.54      2.00     4   4.4728
#          91       0.00000     13.94      2.00     3   4.5032
#          92       0.00000      8.20      2.00     3   4.5074
#          93       0.00000     17.27      2.00     3   4.5082
#          94       0.00000      9.61      1.00     2   4.5135
#          95       0.00000     14.90      2.00     3   4.5418
#          96       0.00000      9.38      1.00     2   4.5517
#          97       0.00000     11.72      1.00     4   4.5516
#          98       0.00000      8.73      2.00     4   4.5522
#          99       0.00000     12.25      2.00     3   4.5578
#         100       0.00000      9.33      1.00     2   4.5597
#         101       0.00000      9.30      1.00     2   4.5647
#         102       0.00000      9.08      1.00     2   4.6014
#         103       0.00000     19.33      2.00     3   4.6202
#         104       0.00000      9.55      1.00     4   4.6251
#         105       0.00000      4.52      2.00     3   4.6492
#         106       0.00000      8.74      1.00     2   4.6609
#         107       0.00000      8.80      2.00     3   4.6666
#         108       0.00000     15.77      2.00     3   4.6687
#         109       0.00000     15.47      2.00     3   4.6784
#         110       0.00000      6.96      1.00     4   4.6805
#         111       0.00000     11.67      1.00     4   4.6886
#         112       0.00000      7.78      1.00     4   4.6921
#         113       0.00000      8.10      2.00     3   4.7293
#         114       0.00000      8.37      1.00     2   4.7302
#         117       0.00000      5.75      1.00     4   4.7616
#         118       0.00000      8.17      1.00     2   4.7684
#         119       0.00000      8.69      1.00     4   4.7776
#         120       0.00000      9.17      1.00     2   4.7796
#         121       0.00000      8.57      1.00     4   4.7921
#         122       0.00000     12.94      2.00     3   4.7985
#         123       0.00000      4.80      2.00     4   4.8140
#         126       0.00000      6.57      2.00     3   4.8510
#         127       0.00000     13.63      2.00     3   4.8554
#         129       0.00000      7.67      1.00     2   4.8708
#         131       0.00000      4.69      2.00     3   4.8922
#         132       0.00000      7.54      1.00     2   4.8998
#         134       0.00000      6.96      2.00     3   4.9177
#         135       0.00000      5.55      2.00     3   4.9247
#         137       0.00000      6.78      1.00     4   4.9312
#         138       0.00000      7.34      2.00     3   4.9323
#         139       0.00000      7.38      1.00     2   4.9343
#         140       0.00000      6.78      1.00     4   4.9361
#         143       0.00000      4.71      2.00     3   4.9868
#         144       0.00000      5.58      2.00     3   4.9911
#         145       0.00000      7.57      2.00     3   4.9936
#         146       0.00000      7.10      1.00     2   4.9987
#         147       0.00000      4.54      2.00     4   5.0002
#         148       0.00000      7.43      2.00     3   5.0016
#         149       0.00000      4.17      2.00     3   5.0043
#         150       0.00000      6.36      2.00     3   5.0135
#         152       0.00000      7.90      1.00     2   5.0464
#         153       0.00000      7.84      1.00     2   5.0612
#         155       0.00000      6.15      2.00     3   5.0733
#         158       0.00000      5.86      2.00     3   5.1062
#         160       0.00000      6.59      1.00     2   5.1232
#         161       0.00000      9.44      2.00     3   5.1411
#         162       0.00000     10.27      2.00     3   5.1408
#         164       0.00000      7.49      1.00     2   5.1446
#         165       0.00000      7.36      1.00     2   5.1754
#         166       0.00000      7.34      1.00     2   5.1799
#         167       0.00000      7.16      2.00     3   5.1870
#         168       0.00000      6.39      2.00     4   5.1870
#         169       0.00000      6.05      2.00     3   5.2016
#         170       0.00000     12.08      2.00     3   5.2089
#         172       0.00000      5.01      1.00     4   5.2351
#         173       0.00000      5.91      2.00     3   5.2367
#         175       0.00000      8.49      2.00     3   5.2455
#         177       0.00000      6.11      1.00     2   5.2540
#         178       0.00000      6.09      1.00     2   5.2569
#         179       0.00000      4.66      2.00     3   5.2653
#         180       0.00000      6.15      1.00     4   5.2732
#         183       0.00000      6.93      1.00     2   5.2885
#         184       0.00000      7.22      2.00     3   5.2933
#         186       0.00000      5.52      2.00     4   5.2978
#         187       0.00000      7.01      2.00     3   5.3005
#         189       0.00000      5.59      2.00     3   5.3062
#         190       0.00000      6.53      2.00     3   5.3060
#         191       0.00000      5.92      1.00     2   5.3082
#         193       0.00000     13.23      2.00     3   5.3243
#         194       0.00000      5.54      2.00     3   5.3248
#         195       0.00000      7.67      1.00     4   5.3404
#         196       0.00000      5.77      1.00     2   5.3530
#         197       0.00000      5.76      1.00     2   5.3563
#         198       0.00000      5.74      1.00     2   5.3625
#         199       0.00000      6.66      1.00     2   5.3631
#         200       0.00000     13.11      2.00     3   5.3663
#         201       0.00000      5.70      1.00     2   5.3718
#         202       0.00000      5.70      1.00     2   5.3734
#         203       0.00000      7.65      1.00     4   5.3763
#         205       0.00000      5.58      1.00     2   5.4095
#         206       0.00000      7.21      2.00     3   5.4111
#         207       0.00000      6.45      1.00     2   5.4228
#         209       0.00000      5.64      2.00     3   5.4380
#         211       0.00000      5.65      2.00     3   5.4542
#         213       0.00000      6.29      2.00     3   5.4599
#         214       0.00000      7.26      2.00     3   5.4601
#         215       0.00000      5.42      1.00     2   5.4631
#         217       0.00000      7.21      2.00     3   5.4860
#         219       0.00000      4.15      2.00     3   5.4983
#         222       0.00000      5.23      1.00     2   5.5264
#         223       0.00000      4.62      2.00     4   5.5333
#         224       0.00000     11.82      2.00     3   5.5340
#         226       0.00000      6.28      2.00     3   5.5355
#         228       0.00000      6.83      1.00     4   5.5417
#         231       0.00000      4.36      2.00     3   5.5769
#         235       0.00000      4.07      2.00     3   5.6083
#         237       0.00000      5.57      2.00     3   5.6146
#         242       0.00000      5.76      1.00     2   5.6420
#         250       0.00000      4.77      2.00     3   5.6553
#         251       0.00000      4.63      2.00     3   5.6556
#         255       0.00000      4.25      2.00     3   5.6808
#         256       0.00000      4.15      2.00     3   5.6929
#         262       0.00000      5.56      1.00     2   5.7111
#         266       0.00000      6.35      2.00     3   5.7465
#         270       0.00000      4.75      2.00     3   5.7788
#         275       0.00000      5.32      1.00     2   5.7988
#         279       0.00000      5.27      1.00     2   5.8161
#         286       0.00000      5.14      1.00     2   5.8662
#         288       0.00000      7.19      2.00     3   5.8877
#         294       0.00000      4.21      1.00     2   5.9219
#         295       0.00000      4.93      1.00     2   5.9493
#   201/ 266 paths used
#  -----------------------------------------------------------------------
#       k          chi          mag           phase @#
    -0.7000   -6.808899E-01  6.825833E-01 -1.500342E+00
    -0.6500   -6.493669E-01  6.579869E-01 -1.408752E+00
    -0.6000   -6.172762E-01  6.361517E-01 -1.326587E+00
    -0.5500   -5.841246E-01  6.157680E-01 -1.248819E+00
    -0.5000   -5.528803E-01  5.977288E-01 -1.180953E+00
    -0.4500   -5.232921E-01  5.813571E-01 -1.120049E+00
    -0.4000   -4.973141E-01  5.672808E-01 -1.068881E+00
    -0.3500   -4.725617E-01  5.542964E-01 -1.020832E+00
    -0.3000   -4.517302E-01  5.434013E-01 -9.814450E-01
    -0.2500   -4.345919E-01  5.344352E-01 -9.495947E-01
    -0.2000   -4.209176E-01  5.272682E-01 -9.244652E-01
    -0.1500   -4.098119E-01  5.215201E-01 -9.039930E-01
    -0.1000   -4.018094E-01  5.173888E-01 -8.892668E-01
    -0.0500   -3.970622E-01  5.149321E-01 -8.805609E-01
     0.0000   -3.954890E-01  5.141169E-01 -8.776803E-01
     0.0500   -3.939203E-01  5.133036E-01 -8.748101E-01
     0.1000   -3.892422E-01  5.108746E-01 -8.662623E-01
     0.1500   -3.815385E-01  5.068633E-01 -8.522212E-01
     0.2000   -3.709514E-01  5.013254E-01 -8.329832E-01
     0.2500   -3.576824E-01  4.943391E-01 -8.089414E-01
     0.3000   -3.419933E-01  4.860051E-01 -7.805672E-01
     0.3500   -3.239196E-01  4.763503E-01 -7.477665E-01
     0.4000   -3.030507E-01  4.652453E-01 -7.093996E-01
     0.4500   -2.808513E-01  4.532083E-01 -6.683550E-01
     0.5000   -2.578240E-01  4.404534E-01 -6.253247E-01
     0.5500   -2.340955E-01  4.271507E-01 -5.800189E-01
     0.6000   -2.098170E-01  4.135423E-01 -5.321246E-01
     0.6500   -1.862751E-01  4.001069E-01 -4.842709E-01
     0.7000   -1.636442E-01  3.872056E-01 -4.363439E-01
     0.7500   -1.417657E-01  3.753827E-01 -3.872641E-01
     0.8000   -1.212587E-01  3.648788E-01 -3.387687E-01
     0.8500   -1.016743E-01  3.562733E-01 -2.894058E-01
     0.9000   -8.245192E-02  3.499856E-01 -2.378221E-01
     0.9500   -6.313530E-02  3.457027E-01 -1.836597E-01
     1.0000   -4.224653E-02  3.442382E-01 -1.230349E-01
     1.0500   -1.923338E-02  3.446577E-01 -5.583331E-02
     1.1000    6.996170E-03  3.468755E-01  2.017048E-02
     1.1500    3.739675E-02  3.505880E-01  1.068720E-01
     1.2000    7.145362E-02  3.545353E-01  2.029316E-01
     1.2500    1.101853E-01  3.591037E-01  3.118651E-01
     1.3000    1.510730E-01  3.625983E-01  4.297462E-01
     1.3500    1.936229E-01  3.652013E-01  5.588145E-01
     1.4000    2.347279E-01  3.659348E-01  6.963833E-01
     1.4500    2.720044E-01  3.645537E-01  8.422300E-01
     1.5000    3.027186E-01  3.607630E-01  9.956389E-01
     1.5500    3.239122E-01  3.542023E-01  1.154230E+00
     1.6000    3.341237E-01  3.449940E-01  1.319099E+00
     1.6500    3.317373E-01  3.329318E-01  1.486061E+00
     1.7000    3.171348E-01  3.183353E-01  1.657669E+00
     1.7500    2.913483E-01  3.013094E-01  1.828645E+00
     1.8000    2.563732E-01  2.820694E-01  2.000951E+00
     1.8500    2.157082E-01  2.612051E-01  2.169939E+00
     1.9000    1.720720E-01  2.387967E-01  2.336955E+00
     1.9500    1.296970E-01  2.157083E-01  2.496514E+00
     2.0000    9.200551E-02  1.929003E-01  2.644401E+00
     2.0500    6.087933E-02  1.711210E-01  2.777857E+00
     2.1000    3.740009E-02  1.502843E-01  2.890087E+00
     2.1500    2.200833E-02  1.315304E-01  2.973477E+00
     2.2000    1.269065E-02  1.166428E-01  3.032578E+00
     2.2500    7.093900E-03  1.057978E-01  3.074491E+00
     2.3000    3.417831E-03  9.866319E-02  3.106944E+00
     2.3500    4.115088E-04  9.469005E-02  3.137247E+00
     2.4000   -4.335038E-03  9.214805E-02  3.188654E+00
     2.4500   -1.051031E-02  8.971780E-02  3.259011E+00
     2.5000   -1.715648E-02  8.693847E-02  3.340237E+00
     2.5500   -2.415334E-02  8.754855E-02  3.421103E+00
     2.6000   -3.216573E-02  8.785359E-02  3.516438E+00
     2.6500   -4.046476E-02  8.752065E-02  3.622231E+00
     2.7000   -4.825018E-02  8.639000E-02  3.734188E+00
     2.7500   -5.699660E-02  8.548635E-02  3.871410E+00
     2.8000   -6.421959E-02  8.388203E-02  4.013557E+00
     2.8500   -6.923481E-02  8.153525E-02  4.155947E+00
     2.9000   -7.185117E-02  7.855243E-02  4.296334E+00
     2.9500   -7.233983E-02  7.518163E-02  4.436564E+00
     3.0000   -7.069332E-02  7.137944E-02  4.573625E+00
     3.0500   -6.723152E-02  6.723354E-02  4.704623E+00
     3.1000   -6.246871E-02  6.288482E-02  4.827492E+00
     3.1500   -5.689405E-02  5.839535E-02  4.939634E+00
     3.2000   -5.108986E-02  5.397034E-02  5.040575E+00
     3.2500   -4.552635E-02  4.972069E-02  5.126084E+00
     3.3000   -4.073662E-02  4.585057E-02  5.189196E+00
     3.3500   -3.726481E-02  4.282063E-02  5.227468E+00
     3.4000   -3.520580E-02  4.093417E-02  5.247800E+00
     3.4500   -3.445159E-02  4.031419E-02  5.258449E+00
     3.5000   -3.475233E-02  4.100322E-02  5.271831E+00
     3.5500   -3.585866E-02  4.301848E-02  5.297657E+00
     3.6000   -3.723523E-02  4.620211E-02  5.345956E+00
     3.6500   -3.800843E-02  5.007842E-02  5.421443E+00
     3.7000   -3.749356E-02  5.431254E-02  5.521241E+00
     3.7500   -3.522462E-02  5.881526E-02  5.641055E+00
     3.8000   -3.072789E-02  6.349314E-02  5.778016E+00
     3.8500   -2.358344E-02  6.789711E-02  5.928451E+00
     3.9000   -1.388463E-02  7.189454E-02  6.088839E+00
     3.9500   -2.006373E-03  7.553013E-02  6.256618E+00
     4.0000    1.158231E-02  7.888161E-02  6.430550E+00
     4.0500    2.608412E-02  8.161113E-02  6.608508E+00
     4.1000    4.054380E-02  8.371230E-02  6.788775E+00
     4.1500    5.413883E-02  8.533280E-02  6.970474E+00
     4.2000    6.632271E-02  8.672340E-02  7.153856E+00
     4.2500    7.620229E-02  8.761913E-02  7.337778E+00
     4.3000    8.324799E-02  8.805529E-02  7.522023E+00
     4.3500    8.720486E-02  8.815860E-02  7.706754E+00
     4.4000    8.817280E-02  8.824066E-02  7.893201E+00
     4.4500    8.573113E-02  8.797585E-02  8.080363E+00
     4.5000    7.997402E-02  8.737367E-02  8.268500E+00
     4.5500    7.117657E-02  8.648029E-02  8.458039E+00
     4.6000    5.981570E-02  8.550667E-02  8.650018E+00
     4.6500    4.620009E-02  8.413949E-02  8.843504E+00
     4.7000    3.103740E-02  8.235434E-02  9.038356E+00
     4.7500    1.516708E-02  8.016491E-02  9.234432E+00
     4.8000   -6.010096E-04  7.780292E-02  9.432503E+00
     4.8500   -1.531283E-02  7.498346E-02  9.630441E+00
     4.9000   -2.810449E-02  7.173004E-02  9.827375E+00
     4.9500   -3.831447E-02  6.809739E-02  1.002236E+01
     5.0000   -4.573408E-02  6.431860E-02  1.021578E+01
     5.0500   -5.005096E-02  6.028576E-02  1.040430E+01
     5.1000   -5.146949E-02  5.610211E-02  1.058634E+01
     5.1500   -5.045730E-02  5.188731E-02  1.076026E+01
     5.2000   -4.781878E-02  4.793619E-02  1.092557E+01
     5.2500   -4.403156E-02  4.418850E-02  1.107988E+01
     5.3000   -3.971495E-02  4.076059E-02  1.122257E+01
     5.3500   -3.534775E-02  3.774727E-02  1.135405E+01
     5.4000   -3.127718E-02  3.530402E-02  1.147786E+01
     5.4500   -2.751708E-02  3.333497E-02  1.159533E+01
     5.5000   -2.402292E-02  3.180376E-02  1.171019E+01
     5.5500   -2.066475E-02  3.063701E-02  1.182608E+01
     5.6000   -1.728321E-02  2.977645E-02  1.194711E+01
     5.6500   -1.377861E-02  2.908751E-02  1.207289E+01
     5.7000   -1.011259E-02  2.849248E-02  1.220354E+01
     5.7500   -6.310550E-03  2.793853E-02  1.233853E+01
     5.8000   -2.464046E-03  2.744198E-02  1.247646E+01
     5.8500    1.346384E-03  2.697153E-02  1.261631E+01
     5.9000    5.050951E-03  2.653257E-02  1.275791E+01
     5.9500    8.598487E-03  2.613453E-02  1.290162E+01
     6.0000    1.197707E-02  2.591224E-02  1.304686E+01
     6.0500    1.518259E-02  2.577345E-02  1.319629E+01
     6.1000    1.814647E-02  2.566774E-02  1.335158E+01
     6.1500    2.073837E-02  2.554431E-02  1.351370E+01
     6.2000    2.277283E-02  2.534389E-02  1.368283E+01
     6.2500    2.404217E-02  2.500778E-02  1.385837E+01
     6.3000    2.436830E-02  2.448627E-02  1.403897E+01
     6.3500    2.365865E-02  2.374525E-02  1.422260E+01
     6.4000    2.194907E-02  2.277088E-02  1.440665E+01
     6.4500    1.941860E-02  2.157261E-02  1.458785E+01
     6.5000    1.650937E-02  2.037600E-02  1.476341E+01
     6.5500    1.342471E-02  1.909173E-02  1.492812E+01
     6.6000    1.048031E-02  1.776556E-02  1.507700E+01
     6.6500    7.946862E-03  1.651384E-02  1.520591E+01
     6.7000    5.951123E-03  1.546824E-02  1.531305E+01
     6.7500    4.452785E-03  1.475338E-02  1.540137E+01
     6.8000    3.265294E-03  1.445161E-02  1.548005E+01
     6.8500    2.114853E-03  1.457049E-02  1.556230E+01
     6.9000    7.211673E-04  1.503843E-02  1.565999E+01
     6.9500   -1.122482E-03  1.573411E-02  1.577936E+01
     7.0000   -3.590912E-03  1.662937E-02  1.592562E+01
     7.0500   -6.577145E-03  1.753348E-02  1.609249E+01
     7.1000   -9.823160E-03  1.833057E-02  1.627352E+01
     7.1500   -1.301595E-02  1.897359E-02  1.646395E+01
     7.2000   -1.583686E-02  1.944648E-02  1.665963E+01
     7.2500   -1.803072E-02  1.976035E-02  1.685724E+01
     7.3000   -1.944858E-02  1.994872E-02  1.705436E+01
     7.3500   -2.005309E-02  2.006164E-02  1.724956E+01
     7.4000   -1.988814E-02  2.015800E-02  1.744257E+01
     7.4500   -1.902597E-02  2.029614E-02  1.763442E+01
     7.5000   -1.753068E-02  2.057062E-02  1.782934E+01
     7.5500   -1.534969E-02  2.097797E-02  1.802874E+01
     7.6000   -1.240097E-02  2.150314E-02  1.823487E+01
     7.6500   -8.595183E-03  2.212753E-02  1.845062E+01
     7.7000   -3.892016E-03  2.281274E-02  1.867811E+01
     7.7500    1.620524E-03  2.350845E-02  1.891854E+01
     7.8000    7.663785E-03  2.416087E-02  1.917233E+01
     7.8500    1.374814E-02  2.471996E-02  1.943931E+01
     7.9000    1.920985E-02  2.514465E-02  1.971901E+01
     7.9500    2.330518E-02  2.540614E-02  2.001081E+01
     8.0000    2.537946E-02  2.552201E-02  2.031461E+01
     8.0500    2.491636E-02  2.547167E-02  2.062954E+01
     8.1000    2.172539E-02  2.524739E-02  2.095490E+01
     8.1500    1.603944E-02  2.487136E-02  2.129026E+01
     8.2000    8.494682E-03  2.437615E-02  2.163520E+01
     8.2500    4.818245E-05  2.380194E-02  2.198912E+01
     8.3000   -8.171468E-03  2.319296E-02  2.235120E+01
     8.3500   -1.505066E-02  2.259328E-02  2.272019E+01
     8.4000   -1.967621E-02  2.204230E-02  2.309435E+01
     8.4500   -2.148217E-02  2.157044E-02  2.347145E+01
     8.5000   -2.031666E-02  2.118246E-02  2.384884E+01
     8.5500   -1.647157E-02  2.088418E-02  2.422403E+01
     8.6000   -1.060131E-02  2.067780E-02  2.459443E+01
     8.6500   -3.578996E-03  2.054931E-02  2.495768E+01
     8.7000    3.650405E-03  2.047943E-02  2.531195E+01
     8.7500    1.021660E-02  2.044782E-02  2.565593E+01
     8.8000    1.543627E-02  2.043663E-02  2.598889E+01
     8.8500    1.887552E-02  2.043286E-02  2.631059E+01
     8.9000    2.036014E-02  2.042937E-02  2.662119E+01
     8.9500    1.994264E-02  2.042466E-02  2.692122E+01
     9.0000    1.783825E-02  2.042160E-02  2.721199E+01
     9.0500    1.436659E-02  2.042897E-02  2.749438E+01
     9.1000    9.896632E-03  2.045393E-02  2.776929E+01
     9.1500    4.798363E-03  2.050104E-02  2.803809E+01
     9.2000   -5.739018E-04  2.057148E-02  2.830224E+01
     9.2500   -5.884775E-03  2.066216E-02  2.856314E+01
     9.3000   -1.081427E-02  2.076569E-02  2.882209E+01
     9.3500   -1.505676E-02  2.087101E-02  2.908018E+01
     9.4000   -1.832880E-02  2.096462E-02  2.933827E+01
     9.4500   -2.038770E-02  2.103203E-02  2.959696E+01
     9.5000   -2.107841E-02  2.107987E-02  2.985691E+01
     9.5500   -2.031251E-02  2.109457E-02  3.011828E+01
     9.6000   -1.809940E-02  2.104947E-02  3.038095E+01
     9.6500   -1.458977E-02  2.093641E-02  3.064492E+01
     9.7000   -1.005349E-02  2.075010E-02  3.091013E+01
     9.7500   -4.857744E-03  2.048784E-02  3.117654E+01
     9.8000    5.678442E-04  2.014918E-02  3.144411E+01
     9.8500    5.773813E-03  1.973536E-02  3.171283E+01
     9.9000    1.033543E-02  1.924886E-02  3.198273E+01
     9.9500    1.389378E-02  1.869284E-02  3.225387E+01
    10.0000    1.623518E-02  1.811530E-02  3.252709E+01
    10.0500    1.721484E-02  1.751161E-02  3.280236E+01
    10.1000    1.677145E-02  1.684321E-02  3.307906E+01
    10.1500    1.501970E-02  1.611306E-02  3.335723E+01
    10.2000    1.219893E-02  1.532471E-02  3.363681E+01
    10.2500    8.646958E-03  1.448266E-02  3.391769E+01
    10.3000    4.761541E-03  1.359263E-02  3.419962E+01
    10.3500    9.527235E-04  1.266191E-02  3.448220E+01
    10.4000   -2.408161E-03  1.169964E-02  3.476483E+01
    10.4500   -5.035432E-03  1.071688E-02  3.504665E+01
    10.5000   -6.763802E-03  9.726780E-03  3.532647E+01
    10.5500   -7.563956E-03  8.744526E-03  3.560266E+01
    10.6000   -7.535009E-03  7.787365E-03  3.587304E+01
    10.6500   -6.874455E-03  6.874599E-03  3.613478E+01
    10.7000   -5.831177E-03  6.027619E-03  3.638432E+01
    10.7500   -4.651333E-03  5.269836E-03  3.661768E+01
    10.8000   -3.529053E-03  4.626008E-03  3.683137E+01
    10.8500   -2.573184E-03  4.119895E-03  3.702452E+01
    10.9000   -1.797667E-03  3.768939E-03  3.720191E+01
    10.9500   -1.137402E-03  3.576624E-03  3.737548E+01
    11.0000   -4.861735E-04  3.535731E-03  3.756117E+01
    11.0500    2.654948E-04  3.616423E-03  3.777259E+01
    11.1000    1.175405E-03  3.774864E-03  3.801575E+01
    11.1500    2.216923E-03  3.980823E-03  3.828976E+01
    11.2000    3.275978E-03  4.212343E-03  3.859013E+01
    11.2500    4.171470E-03  4.454953E-03  3.891124E+01
    11.3000    4.698034E-03  4.699196E-03  3.924767E+01
    11.3500    4.680202E-03  4.938141E-03  3.959455E+01
    11.4000    4.023518E-03  5.165542E-03  3.994777E+01
    11.4500    2.748553E-03  5.374763E-03  4.030391E+01
    11.5000    9.980347E-04  5.558403E-03  4.066017E+01
    11.5500   -9.857624E-04  5.708461E-03  4.101426E+01
    11.6000   -2.908340E-03  5.816880E-03  4.136428E+01
    11.6500   -4.483465E-03  5.876288E-03  4.170861E+01
    11.7000   -5.491786E-03  5.880855E-03  4.204571E+01
    11.7500   -5.823058E-03  5.827147E-03  4.237403E+01
    11.8000   -5.491868E-03  5.714979E-03  4.269185E+01
    11.8500   -4.623800E-03  5.548252E-03  4.299710E+01
    11.9000   -3.416699E-03  5.335784E-03  4.328736E+01
    11.9500   -2.088076E-03  5.092141E-03  4.355978E+01
    12.0000   -8.257562E-04  4.847240E-03  4.381111E+01
    12.0500    2.626248E-04  4.632100E-03  4.403902E+01
    12.1000    1.155721E-03  4.468500E-03  4.424391E+01
    12.1500    1.899398E-03  4.389649E-03  4.442978E+01
    12.2000    2.580212E-03  4.421086E-03  4.460547E+01
    12.2500    3.281585E-03  4.572578E-03  4.478274E+01
    12.3000    4.042230E-03  4.835124E-03  4.497227E+01
    12.3500    4.829270E-03  5.185133E-03  4.518045E+01
    12.4000    5.534208E-03  5.592177E-03  4.540898E+01
    12.4500    5.993418E-03  6.025573E-03  4.565645E+01
    12.5000    6.028046E-03  6.458019E-03  4.592006E+01
    12.5500    5.492846E-03  6.866921E-03  4.619676E+01
    12.6000    4.321054E-03  7.234532E-03  4.648378E+01
    12.6500    2.553393E-03  7.547649E-03  4.677878E+01
    12.7000    3.434354E-04  7.797205E-03  4.707983E+01
    12.7500   -2.062489E-03  7.977862E-03  4.738539E+01
    12.8000   -4.366313E-03  8.087628E-03  4.769418E+01
    12.8500   -6.270743E-03  8.127492E-03  4.800516E+01
    12.9000   -7.531420E-03  8.101053E-03  4.831744E+01
    12.9500   -7.997520E-03  8.014137E-03  4.863028E+01
    13.0000   -7.642567E-03  7.886514E-03  4.894406E+01
    13.0500   -6.535235E-03  7.732650E-03  4.925864E+01
    13.1000   -4.822612E-03  7.544291E-03  4.957197E+01
    13.1500   -2.731699E-03  7.331779E-03  4.988369E+01
    13.2000   -5.107030E-04  7.105702E-03  5.019355E+01
    13.2500    1.607572E-03  6.876468E-03  5.050144E+01
    13.3000    3.432277E-03  6.653871E-03  5.080746E+01
    13.3500    4.827913E-03  6.446685E-03  5.111188E+01
    13.4000    5.715298E-03  6.262301E-03  5.141521E+01
    13.4500    6.063870E-03  6.106434E-03  5.171814E+01
    13.5000    5.880569E-03  5.982937E-03  5.202153E+01
    13.5500    5.200228E-03  5.893748E-03  5.232629E+01
    13.6000    4.080610E-03  5.838973E-03  5.263328E+01
    13.6500    2.602559E-03  5.817079E-03  5.294322E+01
    13.7000    8.731981E-04  5.825178E-03  5.325661E+01
    13.7500   -9.715650E-04  5.859318E-03  5.357366E+01
    13.8000   -2.769296E-03  5.914772E-03  5.389433E+01
    13.8500   -4.340934E-03  5.986266E-03  5.421833E+01
    13.9000   -5.508956E-03  6.068174E-03  5.454519E+01
    13.9500   -6.121706E-03  6.154667E-03  5.487433E+01
    14.0000   -6.084035E-03  6.244976E-03  5.520539E+01
    14.0500   -5.369101E-03  6.337426E-03  5.553796E+01
    14.1000   -4.024489E-03  6.418311E-03  5.587093E+01
    14.1500   -2.192582E-03  6.482412E-03  5.620363E+01
    14.2000   -8.641186E-05  6.524890E-03  5.653542E+01
    14.2500    2.039385E-03  6.541440E-03  5.686572E+01
    14.3000    3.926185E-03  6.528468E-03  5.719391E+01
    14.3500    5.350697E-03  6.483250E-03  5.751942E+01
    14.4000    6.158504E-03  6.404103E-03  5.784162E+01
    14.4500    6.285401E-03  6.290534E-03  5.815986E+01
    14.5000    5.762559E-03  6.143388E-03  5.847342E+01
    14.5500    4.704917E-03  5.964970E-03  5.878147E+01
    14.6000    3.285678E-03  5.759157E-03  5.908313E+01
    14.6500    1.702608E-03  5.531478E-03  5.937738E+01
    14.7000    1.433857E-04  5.289141E-03  5.966315E+01
    14.7500   -1.242889E-03  5.040992E-03  5.993939E+01
    14.8000   -2.362601E-03  4.797303E-03  6.020520E+01
    14.8500   -3.180458E-03  4.569341E-03  6.046013E+01
    14.9000   -3.709166E-03  4.368554E-03  6.070446E+01
    14.9500   -3.989945E-03  4.205344E-03  6.093961E+01
    15.0000   -4.073701E-03  4.091215E-03  6.116849E+01
    15.0500   -3.996485E-03  4.032889E-03  6.139552E+01
    15.1000   -3.758052E-03  4.021496E-03  6.162503E+01
    15.1500   -3.342197E-03  4.049935E-03  6.186121E+01
    15.2000   -2.722439E-03  4.107267E-03  6.210725E+01
    15.2500   -1.881510E-03  4.180503E-03  6.236501E+01
    15.3000   -8.317799E-04  4.256350E-03  6.263517E+01
    15.3500    3.700273E-04  4.322520E-03  6.291756E+01
    15.4000    1.619226E-03  4.368519E-03  6.321157E+01
    15.4500    2.773317E-03  4.386039E-03  6.351638E+01
    15.5000    3.674877E-03  4.369075E-03  6.383119E+01
    15.5500    4.182620E-03  4.313890E-03  6.415532E+01
    15.6000    4.203442E-03  4.218909E-03  6.448830E+01
    15.6500    3.717440E-03  4.084563E-03  6.482987E+01
    15.7000    2.789093E-03  3.913129E-03  6.518003E+01
    15.7500    1.560773E-03  3.708549E-03  6.553905E+01
    15.8000    2.289676E-04  3.476246E-03  6.590753E+01
    15.8500   -9.922326E-04  3.222934E-03  6.628640E+01
    15.9000   -1.912507E-03  2.956424E-03  6.667696E+01
    15.9500   -2.402284E-03  2.685417E-03  6.708091E+01
    16.0000   -2.417607E-03  2.419765E-03  6.750201E+01
    16.0500   -1.998813E-03  2.170731E-03  6.794491E+01
    16.1000   -1.265676E-03  1.947938E-03  6.840778E+01
    16.1500   -3.927385E-04  1.760328E-03  6.889004E+01
    16.2000    4.344534E-04  1.613734E-03  6.938762E+01
    16.2500    1.058456E-03  1.508997E-03  6.989244E+01
    16.3000    1.380019E-03  1.441005E-03  7.039386E+01
    16.3500    1.372890E-03  1.399711E-03  7.088191E+01
    16.4000    1.081089E-03  1.372841E-03  7.134992E+01
    16.4500    6.007808E-04  1.348784E-03  7.179498E+01
    16.5000    5.244606E-05  1.318442E-03  7.221684E+01
    16.5500   -4.490600E-04  1.275883E-03  7.261630E+01
    16.6000   -8.191344E-04  1.218263E-03  7.299405E+01
    16.6500   -1.017354E-03  1.145453E-03  7.334997E+01
    16.7000   -1.048574E-03  1.059662E-03  7.368264E+01
    16.7500   -9.525856E-04  9.651586E-04  7.398901E+01
    16.8000   -7.865557E-04  8.681245E-04  7.426439E+01
    16.8500   -6.059199E-04  7.765494E-04  7.450312E+01
    16.9000   -4.491702E-04  6.998253E-04  7.470134E+01
    16.9500   -3.302941E-04  6.472610E-04  7.486270E+01
    17.0000   -2.401512E-04  6.266849E-04  7.500496E+01
    17.0500   -1.518732E-04  6.388042E-04  7.515818E+01
    17.1000   -3.831002E-05  6.710295E-04  7.534110E+01
    17.1500    1.144262E-04  7.126610E-04  7.555948E+01
    17.2000    3.017014E-04  7.542005E-04  7.580977E+01
    17.2500    5.002052E-04  7.886525E-04  7.608527E+01
    17.3000    6.744532E-04  8.114541E-04  7.637943E+01
    17.3500    7.875791E-04  8.200133E-04  7.668683E+01
    17.4000    8.127891E-04  8.132615E-04  7.700311E+01
    17.4500    7.417972E-04  7.913047E-04  7.732463E+01
    17.5000    5.876466E-04  7.551627E-04  7.764807E+01
    17.5500    3.811784E-04  7.065757E-04  7.797001E+01
    17.6000    1.624029E-04  6.478708E-04  7.828644E+01
    17.6500   -3.044316E-05  5.818990E-04  7.859216E+01
    17.7000   -1.707773E-04  5.120744E-04  7.887983E+01
    17.7500   -2.495775E-04  4.425793E-04  7.913894E+01
    17.8000   -2.757465E-04  3.787941E-04  7.935516E+01
    17.8500   -2.711227E-04  3.278120E-04  7.951369E+01
    17.9000   -2.619428E-04  2.979910E-04  7.961364E+01
    17.9500   -2.695417E-04  2.954223E-04  7.968891E+01
    18.0000   -3.055917E-04  3.213972E-04  7.979570E+01
    18.0500   -3.683982E-04  3.720311E-04  7.997075E+01
    18.1000   -4.307218E-04  4.327266E-04  8.020691E+01
    18.1500   -4.628251E-04  4.973646E-04  8.048548E+01
    18.2000   -4.368611E-04  5.621666E-04  8.079136E+01
    18.2500   -3.356438E-04  6.247708E-04  8.111426E+01
    18.3000   -1.584928E-04  6.836296E-04  8.144744E+01
    18.3500    7.732884E-05  7.376877E-04  8.178643E+01
    18.4000    3.397348E-04  7.862192E-04  8.212824E+01
    18.4500    5.884009E-04  8.287465E-04  8.247089E+01
    18.5000    7.829309E-04  8.649949E-04  8.281309E+01
    18.5500    8.905544E-04  8.948584E-04  8.315409E+01
    18.6000    8.917397E-04  9.183618E-04  8.349358E+01
    18.6500    7.829010E-04  9.356124E-04  8.383163E+01
    18.7000    5.762231E-04  9.467423E-04  8.416866E+01
    18.7500    2.972500E-04  9.518451E-04  8.450540E+01
    18.8000   -1.889466E-05  9.509189E-04  8.484287E+01
    18.8500   -3.319202E-04  9.438270E-04  8.518236E+01
    18.9000   -6.010180E-04  9.302904E-04  8.552541E+01
    18.9500   -7.896510E-04  9.099218E-04  8.587381E+01
    19.0000   -8.703286E-04  8.822138E-04  8.622947E+01
    19.0500   -8.293589E-04  8.463189E-04  8.659433E+01
    19.1000   -6.719090E-04  8.023345E-04  8.697201E+01
    19.1500   -4.226726E-04  7.509164E-04  8.736673E+01
    19.2000   -1.244100E-04  6.936493E-04  8.778426E+01
    19.2500    1.676241E-04  6.335636E-04  8.823236E+01
    19.3000    3.950428E-04  5.758272E-04  8.872063E+01
    19.3500    5.081844E-04  5.284046E-04  8.925785E+01
    19.4000    4.780638E-04  5.017109E-04  8.984364E+01
    19.4500    3.053837E-04  5.054367E-04  9.045743E+01
    19.5000    2.372758E-05  5.430248E-04  9.106248E+01
    19.5500   -3.048599E-04  6.095116E-04  9.162998E+01
    19.6000   -6.018833E-04  6.952805E-04  9.215267E+01
    19.6500   -7.898551E-04  7.904861E-04  9.263702E+01
    19.7000   -8.112650E-04  8.868240E-04  9.309277E+01
    19.7500   -6.442237E-04  9.776076E-04  9.352832E+01
    19.8000   -3.103437E-04  1.057444E-03  9.394991E+01
    19.8500    1.278743E-04  1.121976E-03  9.436200E+01
    19.9000    5.802355E-04  1.167747E-03  9.476779E+01
    19.9500    9.498197E-04  1.192155E-03  9.516964E+01