# # tequil.ion_motion                                            FEFF 9.05   
# # POT  SCF  30  5.5000   1, core-hole, AFOLP (folp(0)= 1.150)
# # Abs   Z=30 Rmt= 1.309 Rnm= 1.405 K  shell
# # Pot 1 Z=26 Rmt= 1.263 Rnm= 1.371
# # Pot 2 Z= 8 Rmt= 0.972 Rnm= 1.085
# # Gam_ch=1.897E+00 H-L exch
# # Mu=-1.171E+01 kf=2.203E+00 Vint=-1.858E+01 Rs_int= 1.646
# # PATH  Rmax= 8.500,  Keep_limit= 0.00, Heap_limit 0.00  Pwcrit= 2.50%
#  S02=1.000                                        Global_sig2= 0.00000
#  Energy zero shift, vr, vi   -2.00000E+00   0.00000E+00
#  Curved wave amplitude ratio filter   4.000%
#     file         sig2 tot  cw amp ratio   deg  nlegs   reff  inp sig2
#           1       0.00000    100.00      1.00     2   1.9375
#           2       0.00000     97.28      1.00     2   1.9582
#           3       0.00000     84.84      1.00     2   2.0636
#           4       0.00000     74.59      1.00     2   2.1678
#           5       0.00000     71.29      1.00     2   2.2056
#           6       0.00000     52.28      1.00     2   2.4815
#           7       0.00000     34.90      1.00     2   2.8356
#           8       0.00000     34.46      1.00     2   2.8523
#           9       0.00000     31.90      1.00     2   2.9529
#          10       0.00000     30.44      1.00     2   3.0146
#          11       0.00000     25.94      1.00     2   3.2305
#          12       0.00000     23.84      1.00     2   3.3468
#          13       0.00000     23.29      1.00     2   3.3500
#          14       0.00000     12.76      2.00     3   3.3634
#          15       0.00000     12.27      2.00     3   3.3642
#          16       0.00000     11.28      2.00     3   3.4648
#          17       0.00000     10.66      2.00     3   3.4746
#          18       0.00000      9.55      2.00     3   3.4755
#          19       0.00000     21.72      1.00     2   3.4778
#          20       0.00000      9.89      2.00     3   3.4780
#          21       0.00000     20.57      1.00     2   3.5041
#          22       0.00000     20.22      1.00     2   3.5260
#          23       0.00000      9.66      2.00     3   3.5275
#          24       0.00000     20.14      1.00     2   3.5307
#          25       0.00000      8.40      2.00     3   3.5381
#          26       0.00000      9.17      2.00     3   3.5445
#          27       0.00000      7.03      2.00     3   3.5627
#          28       0.00000     19.41      1.00     2   3.5780
#          29       0.00000     10.30      2.00     3   3.5808
#          30       0.00000      8.86      2.00     3   3.5813
#          31       0.00000     20.19      1.00     2   3.5819
#          32       0.00000     18.57      2.00     3   3.5900
#          33       0.00000     14.90      2.00     3   3.5911
#          34       0.00000      7.00      2.00     3   3.6346
#          35       0.00000      8.44      2.00     3   3.6408
#          36       0.00000      7.73      2.00     3   3.6572
#          37       0.00000     18.91      1.00     2   3.6765
#          38       0.00000     17.84      1.00     2   3.6879
#          39       0.00000      6.93      2.00     3   3.7073
#          40       0.00000     18.00      1.00     2   3.7486
#          41       0.00000     16.95      1.00     2   3.7555
#          42       0.00000      7.90      2.00     3   3.7740
#          43       0.00000      7.02      2.00     3   3.7764
#          44       0.00000     13.52      2.00     3   3.7926
#          45       0.00000     15.10      2.00     3   3.8076
#          46       0.00000     17.23      1.00     2   3.8131
#          47       0.00000      5.32      1.00     4   3.8332
#          48       0.00000     16.58      1.00     2   3.8704
#          49       0.00000      6.77      1.00     4   3.8744
#          50       0.00000     11.04      1.00     4   3.8751
#          51       0.00000      6.70      1.00     4   3.8927
#          53       0.00000     14.50      2.00     3   3.8968
#          54       0.00000     10.41      1.00     4   3.9163
#          55       0.00000     15.89      1.00     2   3.9349
#          56       0.00000      4.55      1.00     4   3.9518
#          57       0.00000     14.55      1.00     2   3.9631
#          58       0.00000      9.34      2.00     3   3.9890
#          59       0.00000     14.13      1.00     2   4.0038
#          60       0.00000     15.61      2.00     3   4.0175
#          62       0.00000     12.57      2.00     3   4.0291
#          63       0.00000      5.22      1.00     4   4.0333
#          64       0.00000     24.47      2.00     3   4.0645
#          65       0.00000      4.76      1.00     4   4.1022
#          66       0.00000     23.38      2.00     4   4.1053
#          68       0.00000      4.55      1.00     4   4.1172
#          69       0.00000      8.43      2.00     3   4.1224
#          70       0.00000      7.84      1.00     4   4.1271
#          71       0.00000      7.87      2.00     3   4.1590
#          72       0.00000      6.92      1.00     4   4.1647
#          73       0.00000      8.00      2.00     3   4.1887
#          74       0.00000     10.81      2.00     3   4.1931
#          75       0.00000     20.90      2.00     3   4.2302
#          76       0.00000      8.70      2.00     3   4.2377
#          77       0.00000      6.98      2.00     3   4.2388
#          78       0.00000      4.85      1.00     4   4.2451
#          79       0.00000      7.01      2.00     3   4.2532
#          80       0.00000     19.41      2.00     4   4.2692
#          81       0.00000      6.69      2.00     3   4.2889
#          82       0.00000      7.38      2.00     3   4.2903
#          83       0.00000     11.39      1.00     2   4.3157
#          84       0.00000     11.34      1.00     2   4.3217
#          85       0.00000     11.23      1.00     2   4.3359
#          86       0.00000      6.02      1.00     4   4.3355
#          87       0.00000     11.23      1.00     2   4.3367
#          88       0.00000     11.13      1.00     2   4.3490
#          89       0.00000      6.30      2.00     3   4.3735
#          90       0.00000     17.52      2.00     3   4.3896
#          91       0.00000     23.04      2.00     3   4.3964
#          92       0.00000      5.49      1.00     4   4.4112
#          93       0.00000     19.66      2.00     3   4.4349
#          94       0.00000      7.57      2.00     3   4.4356
#          95       0.00000     15.42      2.00     4   4.4396
#          97       0.00000     10.36      1.00     2   4.4570
#          98       0.00000     14.07      1.00     4   4.4771
#          99       0.00000      5.39      2.00     3   4.4957
#         100       0.00000     10.00      1.00     2   4.5117
#         101       0.00000      5.22      2.00     3   4.5133
#         102       0.00000      9.98      1.00     2   4.5139
#         103       0.00000      6.41      2.00     3   4.5346
#         104       0.00000      9.79      1.00     2   4.5436
#         105       0.00000     11.26      1.00     4   4.5482
#         106       0.00000      9.75      1.00     2   4.5509
#         109       0.00000      4.16      2.00     3   4.6054
#         110       0.00000      5.35      2.00     3   4.6234
#         111       0.00000      9.29      1.00     2   4.6245
#         112       0.00000     16.91      2.00     3   4.6248
#         113       0.00000     18.99      2.00     3   4.6256
#         114       0.00000      8.95      2.00     3   4.6484
#         115       0.00000      4.22      2.00     3   4.6580
#         116       0.00000      4.85      2.00     3   4.6713
#         117       0.00000      8.99      1.00     2   4.6760
#         118       0.00000      8.95      1.00     2   4.6828
#         120       0.00000      8.94      1.00     2   4.6847
#         121       0.00000     12.87      2.00     3   4.6918
#         122       0.00000      4.01      2.00     3   4.6916
#         123       0.00000      8.86      2.00     3   4.6926
#         124       0.00000      4.58      2.00     3   4.6951
#         125       0.00000      6.98      2.00     3   4.7041
#         126       0.00000     11.15      1.00     4   4.7076
#         128       0.00000      7.07      2.00     3   4.7363
#         129       0.00000      8.65      1.00     2   4.7372
#         130       0.00000      9.41      1.00     4   4.7379
#         131       0.00000      8.63      1.00     2   4.7418
#         132       0.00000      8.54      1.00     2   4.7577
#         134       0.00000      8.30      2.00     3   4.7676
#         135       0.00000      6.33      2.00     3   4.7680
#         136       0.00000      4.08      2.00     3   4.7682
#         137       0.00000     16.69      2.00     3   4.7733
#         138       0.00000      6.41      2.00     4   4.7732
#         139       0.00000      6.55      2.00     3   4.7794
#         142       0.00000      9.52      2.00     3   4.8023
#         143       0.00000      7.47      2.00     3   4.8069
#         144       0.00000      5.87      2.00     3   4.8068
#         145       0.00000      5.65      2.00     3   4.8113
#         146       0.00000     12.85      2.00     3   4.8260
#         148       0.00000      6.51      2.00     3   4.8352
#         149       0.00000      5.24      2.00     3   4.8418
#         150       0.00000      9.65      1.00     4   4.8619
#         151       0.00000      6.42      1.00     4   4.8698
#         152       0.00000     11.84      2.00     3   4.9007
#         153       0.00000      9.81      2.00     3   4.9005
#         154       0.00000      7.79      1.00     2   4.9066
#         156       0.00000      4.96      2.00     4   4.9110
#         157       0.00000      7.97      2.00     3   4.9130
#         159       0.00000      7.64      1.00     2   4.9382
#         161       0.00000      5.14      2.00     4   4.9441
#         162       0.00000     19.50      2.00     3   4.9447
#         163       0.00000     12.64      1.00     4   4.9511
#         164       0.00000      9.34      2.00     3   4.9583
#         166       0.00000      6.68      1.00     4   4.9759
#         167       0.00000      8.24      1.00     2   5.0055
#         168       0.00000      7.72      2.00     3   5.0308
#         170       0.00000      8.09      1.00     2   5.0376
#         172       0.00000      4.08      1.00     4   5.0537
#         173       0.00000      6.05      1.00     4   5.0595
#         174       0.00000      7.10      1.00     2   5.0602
#         175       0.00000     18.02      2.00     3   5.0639
#         176       0.00000     11.58      1.00     4   5.0677
#         177       0.00000      7.95      1.00     2   5.0690
#         180       0.00000      7.75      1.00     2   5.1146
#         181       0.00000     12.13      2.00     3   5.1143
#         182       0.00000      4.48      1.00     4   5.1182
#         185       0.00000      7.61      1.00     2   5.1455
#         187       0.00000      7.57      2.00     3   5.1694
#         188       0.00000      7.24      2.00     3   5.1714
#         189       0.00000      4.20      1.00     4   5.1795
#         190       0.00000      8.01      2.00     3   5.1869
#         191       0.00000      7.43      1.00     2   5.1885
#         193       0.00000      6.13      1.00     4   5.1911
#         194       0.00000      6.68      2.00     3   5.1948
#         199       0.00000      6.40      1.00     2   5.2343
#         200       0.00000      8.34      2.00     3   5.2447
#         201       0.00000     14.63      2.00     3   5.2509
#         202       0.00000      6.33      1.00     2   5.2524
#         203       0.00000      6.32      1.00     2   5.2556
#         205       0.00000      8.69      1.00     4   5.2676
#         206       0.00000      7.26      2.00     3   5.2706
#         208       0.00000      5.14      2.00     4   5.2875
#         212       0.00000      6.01      1.00     2   5.3419
#         213       0.00000      5.99      1.00     2   5.3480
#         214       0.00000      5.57      2.00     3   5.3640
#         218       0.00000      4.04      1.00     4   5.3749
#         219       0.00000      6.82      2.00     3   5.3787
#         220       0.00000      7.32      2.00     3   5.3796
#         223       0.00000      4.80      2.00     3   5.4041
#         224       0.00000      6.59      1.00     2   5.4091
#         226       0.00000      6.53      1.00     2   5.4241
#         228       0.00000      6.43      1.00     2   5.4531
#         231       0.00000      4.70      2.00     4   5.4842
#         233       0.00000      5.37      2.00     3   5.4910
#         235       0.00000      5.43      1.00     2   5.5195
#         237       0.00000      7.60      2.00     3   5.5430
#         238       0.00000      6.13      1.00     2   5.5442
#         241       0.00000      6.06      1.00     2   5.5667
#         242       0.00000      5.83      2.00     3   5.5667
#         243       0.00000      4.89      2.00     3   5.5831
#         244       0.00000      5.99      1.00     2   5.5889
#         245       0.00000      4.63      2.00     3   5.6001
#         246       0.00000     10.38      2.00     2   5.6007
#         247       0.00000      4.45      2.00     3   5.6011
#         248       0.00000      4.44      2.00     3   5.6014
#         249       0.00000      4.78      2.00     3   5.6015
#         250       0.00000      5.32      2.00     3   5.6146
#         252       0.00000      5.39      2.00     3   5.6183
#         256       0.00000      4.53      2.00     3   5.6482
#         260       0.00000      4.72      2.00     3   5.6633
#         263       0.00000      5.94      2.00     3   5.6882
#         266       0.00000      4.06      2.00     3   5.7029
#         269       0.00000      4.64      2.00     3   5.7064
#         271       0.00000      4.88      1.00     2   5.7135
#         274       0.00000      4.52      2.00     3   5.7175
#         275       0.00000      5.41      2.00     3   5.7207
#         277       0.00000      6.12      2.00     3   5.7216
#         281       0.00000      5.67      2.00     3   5.7421
#         287       0.00000      4.76      1.00     2   5.7585
#         288       0.00000      5.09      2.00     3   5.7598
#         294       0.00000      4.70      1.00     2   5.7827
#         295       0.00000      4.88      2.00     3   5.8033
#         298       0.00000      4.40      2.00     3   5.8129
#         300       0.00000      5.31      1.00     2   5.8200
#         302       0.00000     10.81      2.00     3   5.8320
#         304       0.00000      5.50      1.00     4   5.8441
#         308       0.00000      4.49      1.00     2   5.8638
#         310       0.00000      5.18      1.00     2   5.8677
#         311       0.00000      5.18      1.00     2   5.8692
#         316       0.00000      4.43      1.00     2   5.8883
#         319       0.00000      5.11      1.00     2   5.8957
#         322       0.00000      4.70      2.00     3   5.9074
#         323       0.00000      5.06      1.00     2   5.9130
#         326       0.00000      8.15      2.00     3   5.9256
#         328       0.00000      5.02      1.00     2   5.9311
#         331       0.00000      4.93      2.00     3   5.9430
#   232/ 298 paths used
#  -----------------------------------------------------------------------
#       k          chi          mag           phase @#
    -0.7000   -4.060821E-01  4.096418E-01 -1.438869E+00
    -0.6500   -3.829817E-01  3.842210E-01 -1.490459E+00
    -0.6000   -3.751761E-01  3.753784E-01 -1.537959E+00
    -0.5500   -3.770203E-01  3.770227E-01 -1.574344E+00
    -0.5000   -3.845756E-01  3.846946E-01 -1.595679E+00
    -0.4500   -3.952721E-01  3.954975E-01 -1.604563E+00
    -0.4000   -4.067445E-01  4.069722E-01 -1.604250E+00
    -0.3500   -4.191083E-01  4.192562E-01 -1.597355E+00
    -0.3000   -4.302491E-01  4.303065E-01 -1.587127E+00
    -0.2500   -4.397694E-01  4.397750E-01 -1.575839E+00
    -0.2000   -4.475188E-01  4.475262E-01 -1.565045E+00
    -0.1500   -4.540850E-01  4.541405E-01 -1.555160E+00
    -0.1000   -4.589037E-01  4.590291E-01 -1.547418E+00
    -0.0500   -4.617700E-01  4.619539E-01 -1.542581E+00
     0.0000   -4.627207E-01  4.629271E-01 -1.540937E+00
     0.0500   -4.636689E-01  4.638993E-01 -1.539279E+00
     0.1000   -4.664974E-01  4.668097E-01 -1.534217E+00
     0.1500   -4.711528E-01  4.716365E-01 -1.525500E+00
     0.2000   -4.775294E-01  4.783350E-01 -1.512748E+00
     0.2500   -4.854478E-01  4.868271E-01 -1.495503E+00
     0.3000   -4.946312E-01  4.969918E-01 -1.473292E+00
     0.3500   -5.050177E-01  5.090315E-01 -1.445134E+00
     0.4000   -5.169959E-01  5.238541E-01 -1.408805E+00
     0.4500   -5.286038E-01  5.399162E-01 -1.365732E+00
     0.5000   -5.388692E-01  5.568773E-01 -1.315792E+00
     0.5500   -5.472468E-01  5.752009E-01 -1.257754E+00
     0.6000   -5.528184E-01  5.955026E-01 -1.189875E+00
     0.6500   -5.527351E-01  6.156157E-01 -1.114879E+00
     0.7000   -5.456275E-01  6.356709E-01 -1.032043E+00
     0.7500   -5.297697E-01  6.567529E-01 -9.384619E-01
     0.8000   -5.029823E-01  6.762999E-01 -8.386280E-01
     0.8500   -4.640036E-01  6.952001E-01 -7.307644E-01
     0.9000   -4.112847E-01  7.133051E-01 -6.145490E-01
     0.9500   -3.450876E-01  7.286265E-01 -4.933895E-01
     1.0000   -2.639055E-01  7.429926E-01 -3.631201E-01
     1.0500   -1.705128E-01  7.541733E-01 -2.280643E-01
     1.1000   -6.654407E-02  7.625220E-01 -8.737954E-02
     1.1500    4.562485E-02  7.681176E-01  5.943324E-02
     1.2000    1.597903E-01  7.696767E-01  2.091281E-01
     1.2500    2.748426E-01  7.687277E-01  3.656209E-01
     1.3000    3.820136E-01  7.635286E-01  5.239759E-01
     1.3500    4.789739E-01  7.552059E-01  6.870116E-01
     1.4000    5.594583E-01  7.431689E-01  8.523070E-01
     1.4500    6.203080E-01  7.278393E-01  1.020290E+00
     1.5000    6.588733E-01  7.094596E-01  1.190885E+00
     1.5500    6.731359E-01  6.880085E-01  1.362492E+00
     1.6000    6.637997E-01  6.641801E-01  1.536950E+00
     1.6500    6.315517E-01  6.378134E-01  1.711036E+00
     1.7000    5.792582E-01  6.097474E-01  1.888366E+00
     1.7500    5.105555E-01  5.798543E-01  2.064699E+00
     1.8000    4.291585E-01  5.486824E-01  2.243465E+00
     1.8500    3.405705E-01  5.163980E-01  2.421424E+00
     1.9000    2.477812E-01  4.830988E-01  2.603033E+00
     1.9500    1.567798E-01  4.490321E-01  2.784928E+00
     2.0000    7.291591E-02  4.146009E-01  2.964803E+00
     2.0500   -2.689117E-04  3.801088E-01  3.142300E+00
     2.1000   -6.077228E-02  3.445872E-01  3.318882E+00
     2.1500   -1.061023E-01  3.080910E-01  3.493178E+00
     2.2000   -1.352190E-01  2.724840E-01  3.660862E+00
     2.2500   -1.493792E-01  2.381669E-01  3.819551E+00
     2.3000   -1.500053E-01  2.044799E-01  3.965188E+00
     2.3500   -1.377680E-01  1.699472E-01  4.086857E+00
     2.4000   -1.196278E-01  1.393949E-01  4.173332E+00
     2.4500   -1.002095E-01  1.142611E-01  4.211220E+00
     2.5000   -8.362590E-02  9.627787E-02  4.193940E+00
     2.5500   -7.480213E-02  8.832323E-02  4.151746E+00
     2.6000   -7.067793E-02  8.610189E-02  4.104515E+00
     2.6500   -7.167604E-02  8.847993E-02  4.085885E+00
     2.7000   -7.702354E-02  9.328870E-02  4.112941E+00
     2.7500   -8.393176E-02  9.748387E-02  4.178788E+00
     2.8000   -9.182256E-02  1.017723E-01  4.266517E+00
     2.8500   -9.972540E-02  1.058542E-01  4.370435E+00
     2.9000   -1.067358E-01  1.095356E-01  4.485806E+00
     2.9500   -1.120139E-01  1.125875E-01  4.611408E+00
     3.0000   -1.149939E-01  1.150488E-01  4.743290E+00
     3.0500   -1.154531E-01  1.170684E-01  4.878700E+00
     3.1000   -1.133574E-01  1.188107E-01  5.016542E+00
     3.1500   -1.083814E-01  1.200551E-01  5.157035E+00
     3.2000   -1.009183E-01  1.211996E-01  5.299288E+00
     3.2500   -9.105942E-02  1.224628E-01  5.444794E+00
     3.3000   -7.862509E-02  1.236919E-01  5.594331E+00
     3.3500   -6.376170E-02  1.248276E-01  5.747072E+00
     3.4000   -4.674042E-02  1.260480E-01  5.903299E+00
     3.4500   -2.765487E-02  1.273315E-01  6.064253E+00
     3.5000   -6.721837E-03  1.285741E-01  6.230882E+00
     3.5500    1.566989E-02  1.296591E-01  6.404336E+00
     3.6000    3.868667E-02  1.304203E-01  6.584348E+00
     3.6500    6.113603E-02  1.306655E-01  6.770078E+00
     3.7000    8.169783E-02  1.302471E-01  6.961206E+00
     3.7500    9.896477E-02  1.290042E-01  7.157562E+00
     3.8000    1.115415E-01  1.268173E-01  7.358090E+00
     3.8500    1.184262E-01  1.236951E-01  7.561061E+00
     3.9000    1.191785E-01  1.196471E-01  7.765446E+00
     3.9500    1.139907E-01  1.147715E-01  7.970698E+00
     4.0000    1.035973E-01  1.092043E-01  8.175818E+00
     4.0500    8.916980E-02  1.029769E-01  8.377791E+00
     4.1000    7.232055E-02  9.626812E-02  8.574838E+00
     4.1500    5.472322E-02  8.929309E-02  8.765116E+00
     4.2000    3.787783E-02  8.229810E-02  8.946499E+00
     4.2500    2.292563E-02  7.555386E-02  9.116483E+00
     4.3000    1.043692E-02  6.934168E-02  9.273689E+00
     4.3500    4.411564E-04  6.392035E-02  9.417876E+00
     4.4000   -7.443589E-03  5.950195E-02  9.550205E+00
     4.4500   -1.397522E-02  5.619789E-02  9.676094E+00
     4.5000   -1.990382E-02  5.395914E-02  9.802569E+00
     4.5500   -2.577767E-02  5.260367E-02  9.936909E+00
     4.6000   -3.180429E-02  5.189514E-02  1.008445E+01
     4.6500   -3.773847E-02  5.143066E-02  1.024864E+01
     4.7000   -4.297514E-02  5.090313E-02  1.042995E+01
     4.7500   -4.671566E-02  5.007772E-02  1.062706E+01
     4.8000   -4.822466E-02  4.883834E-02  1.083688E+01
     4.8500   -4.693318E-02  4.702395E-02  1.105772E+01
     4.9000   -4.272850E-02  4.461063E-02  1.128709E+01
     4.9500   -3.598668E-02  4.163428E-02  1.152251E+01
     5.0000   -2.756285E-02  3.818505E-02  1.175994E+01
     5.0500   -1.849645E-02  3.434857E-02  1.199772E+01
     5.1000   -9.912501E-03  3.027249E-02  1.223278E+01
     5.1500   -2.738123E-03  2.612420E-02  1.246137E+01
     5.2000    2.391673E-03  2.207256E-02  1.267494E+01
     5.2500    5.462965E-03  1.829446E-02  1.286961E+01
     5.3000    6.811769E-03  1.497311E-02  1.303867E+01
     5.3500    7.050389E-03  1.226442E-02  1.317881E+01
     5.4000    6.758684E-03  1.024831E-02  1.328651E+01
     5.4500    6.554494E-03  8.899381E-03  1.339427E+01
     5.5000    6.637618E-03  8.017804E-03  1.354165E+01
     5.5500    6.842253E-03  7.346686E-03  1.376444E+01
     5.6000    6.729647E-03  6.743070E-03  1.407406E+01
     5.6500    5.775910E-03  6.194100E-03  1.450673E+01
     5.7000    3.548187E-03  5.990780E-03  1.507408E+01
     5.7500   -5.059456E-05  6.590437E-03  1.571564E+01
     5.8000   -4.590910E-03  8.087550E-03  1.631161E+01
     5.8500   -9.306784E-03  1.036122E-02  1.682370E+01
     5.9000   -1.312483E-02  1.312598E-02  1.726552E+01
     5.9500   -1.494890E-02  1.611772E-02  1.766193E+01
     6.0000   -1.378413E-02  1.898500E-02  1.803699E+01
     6.0500   -9.513939E-03  2.168119E-02  1.839528E+01
     6.1000   -2.601523E-03  2.406804E-02  1.874125E+01
     6.1500    5.889268E-03  2.600958E-02  1.907796E+01
     6.2000    1.449152E-02  2.739431E-02  1.940697E+01
     6.2500    2.167321E-02  2.813831E-02  1.972877E+01
     6.3000    2.620439E-02  2.818867E-02  2.004290E+01
     6.3500    2.745476E-02  2.752696E-02  2.034791E+01
     6.4000    2.553897E-02  2.617346E-02  2.064099E+01
     6.4500    2.126685E-02  2.419333E-02  2.091731E+01
     6.5000    1.582648E-02  2.171173E-02  2.117438E+01
     6.5500    1.064060E-02  1.894026E-02  2.139459E+01
     6.6000    6.829923E-03  1.619307E-02  2.155574E+01
     6.6500    4.899960E-03  1.397223E-02  2.163284E+01
     6.7000    4.632067E-03  1.295897E-02  2.162562E+01
     6.7500    5.170659E-03  1.363744E-02  2.160227E+01
     6.8000    5.300131E-03  1.580072E-02  2.164908E+01
     6.8500    3.834415E-03  1.881138E-02  2.178588E+01
     6.9000    9.005642E-06  2.210529E-02  2.199074E+01
     6.9500   -6.237369E-03  2.530588E-02  2.224019E+01
     7.0000   -1.423549E-02  2.815496E-02  2.252124E+01
     7.0500   -2.251337E-02  3.049707E-02  2.282157E+01
     7.1000   -2.932613E-02  3.222751E-02  2.313436E+01
     7.1500   -3.308995E-02  3.327667E-02  2.345596E+01
     7.2000   -3.278360E-02  3.360803E-02  2.378390E+01
     7.2500   -2.823787E-02  3.321443E-02  2.411644E+01
     7.3000   -2.020694E-02  3.211514E-02  2.445221E+01
     7.3500   -1.019953E-02  3.035307E-02  2.479004E+01
     7.4000   -1.133974E-04  2.799176E-02  2.512869E+01
     7.4500    8.229506E-03  2.511218E-02  2.546662E+01
     7.5000    1.353220E-02  2.182464E-02  2.580154E+01
     7.5500    1.528979E-02  1.822048E-02  2.612847E+01
     7.6000    1.390928E-02  1.441215E-02  2.643860E+01
     7.6500    1.054323E-02  1.054353E-02  2.671109E+01
     7.7000    6.727588E-03  6.837428E-03  2.688302E+01
     7.7500    3.934421E-03  3.934918E-03  2.671942E+01
     7.8000    3.158419E-03  3.910301E-03  2.607301E+01
     7.8500    4.650166E-03  6.448424E-03  2.593818E+01
     7.9000    7.866472E-03  9.382506E-03  2.612712E+01
     7.9500    1.164681E-02  1.214186E-02  2.641700E+01
     8.0000    1.457419E-02  1.458996E-02  2.675004E+01
     8.0500    1.533750E-02  1.666201E-02  2.710496E+01
     8.1000    1.317190E-02  1.832848E-02  2.747246E+01
     8.1500    8.091139E-03  1.958664E-02  2.784848E+01
     8.2000    8.927820E-04  2.044727E-02  2.823066E+01
     8.2500   -7.040390E-03  2.093064E-02  2.861739E+01
     8.3000   -1.409489E-02  2.106325E-02  2.900742E+01
     8.3500   -1.883725E-02  2.087495E-02  2.939961E+01
     8.4000   -2.036852E-02  2.039649E-02  2.979276E+01
     8.4500   -1.852937E-02  1.965768E-02  3.018559E+01
     8.5000   -1.389742E-02  1.867932E-02  3.057689E+01
     8.5500   -7.625399E-03  1.748968E-02  3.096478E+01
     8.6000   -1.111507E-03  1.611979E-02  3.134692E+01
     8.6500    4.375634E-03  1.459689E-02  3.172037E+01
     8.7000    7.991992E-03  1.295108E-02  3.208097E+01
     8.7500    9.479167E-03  1.121946E-02  3.242228E+01
     8.8000    9.152520E-03  9.453471E-03  3.273372E+01
     8.8500    7.732910E-03  7.733311E-03  3.299690E+01
     8.9000    6.081612E-03  6.197715E-03  3.318059E+01
     8.9500    4.921777E-03  5.092220E-03  3.324618E+01
     9.0000    4.637362E-03  4.753198E-03  3.320795E+01
     9.0500    5.167078E-03  5.281681E-03  3.319542E+01
     9.1000    6.063663E-03  6.371838E-03  3.329900E+01
     9.1500    6.683450E-03  7.674295E-03  3.350051E+01
     9.2000    6.412281E-03  8.971345E-03  3.376125E+01
     9.2500    4.878957E-03  1.013907E-02  3.405549E+01
     9.3000    2.085722E-03  1.110196E-02  3.436853E+01
     9.3500   -1.580908E-03  1.181159E-02  3.469177E+01
     9.4000   -5.457885E-03  1.223793E-02  3.501979E+01
     9.4500   -8.795022E-03  1.236610E-02  3.534875E+01
     9.5000   -1.097594E-02  1.220509E-02  3.567567E+01
     9.5500   -1.166537E-02  1.176659E-02  3.599706E+01
     9.6000   -1.088926E-02  1.106925E-02  3.630890E+01
     9.6500   -9.017473E-03  1.015465E-02  3.660610E+01
     9.7000   -6.626591E-03  9.082009E-03  3.688132E+01
     9.7500   -4.317871E-03  7.933391E-03  3.712360E+01
     9.8000   -2.540585E-03  6.822781E-03  3.731755E+01
     9.8500   -1.474459E-03  5.906147E-03  3.744679E+01
     9.9000   -1.004573E-03  5.368026E-03  3.751086E+01
     9.9500   -7.922184E-04  5.334622E-03  3.755006E+01
    10.0000   -4.100093E-04  5.777747E-03  3.762809E+01
    10.0500    4.971789E-04  6.511352E-03  3.777554E+01
    10.1000    2.062600E-03  7.325768E-03  3.798453E+01
    10.1500    4.145867E-03  8.080058E-03  3.823790E+01
    10.2000    6.361529E-03  8.682095E-03  3.852142E+01
    10.2500    8.192021E-03  9.073862E-03  3.882538E+01
    10.3000    9.147656E-03  9.221219E-03  3.914351E+01
    10.3500    8.923249E-03  9.108097E-03  3.947172E+01
    10.4000    7.502095E-03  8.733151E-03  3.980732E+01
    10.4500    5.174432E-03  8.107537E-03  4.014851E+01
    10.5000    2.463862E-03  7.253142E-03  4.049411E+01
    10.5500   -1.662529E-05  6.200909E-03  4.084339E+01
    10.6000   -1.735990E-03  4.989137E-03  4.119609E+01
    10.6500   -2.392708E-03  3.661695E-03  4.155283E+01
    10.7000   -1.994799E-03  2.266216E-03  4.191706E+01
    10.7500   -8.491170E-04  8.528795E-04  4.231754E+01
    10.8000    5.360588E-04  5.375211E-04  3.934369E+01
    10.8500    1.605322E-03  1.842192E-03  3.978262E+01
    10.9000    1.921048E-03  3.028201E-03  4.015349E+01
    10.9500    1.290163E-03  4.055423E-03  4.051695E+01
    11.0000   -1.902633E-04  4.898000E-03  4.087956E+01
    11.0500   -2.162009E-03  5.536721E-03  4.124186E+01
    11.1000   -4.106717E-03  5.948343E-03  4.160274E+01
    11.1500   -5.515207E-03  6.122618E-03  4.196230E+01
    11.2000   -6.032736E-03  6.057922E-03  4.232028E+01
    11.2500   -5.560653E-03  5.761169E-03  4.267611E+01
    11.3000   -4.279552E-03  5.247453E-03  4.302862E+01
    11.3500   -2.588468E-03  4.539491E-03  4.337553E+01
    11.4000   -9.799189E-04  3.667070E-03  4.371179E+01
    11.4500    1.105625E-04  2.667313E-03  4.402376E+01
    11.5000    4.347548E-04  1.590954E-03  4.425908E+01
    11.5500    3.136014E-06  5.999476E-04  4.398752E+01
    11.6000   -9.231927E-04  9.590256E-04  4.268572E+01
    11.6500   -1.916464E-03  2.037642E-03  4.275811E+01
    11.7000   -2.515915E-03  3.104968E-03  4.303766E+01
    11.7500   -2.370604E-03  4.084231E-03  4.336304E+01
    11.8000   -1.348754E-03  4.937793E-03  4.370563E+01
    11.8500    4.183849E-04  5.638435E-03  4.405657E+01
    11.9000    2.570286E-03  6.166474E-03  4.441224E+01
    11.9500    4.617585E-03  6.509420E-03  4.477090E+01
    12.0000    6.088541E-03  6.669907E-03  4.513248E+01
    12.0500    6.642064E-03  6.652675E-03  4.549661E+01
    12.1000    6.149714E-03  6.454934E-03  4.586184E+01
    12.1500    4.754741E-03  6.089652E-03  4.622796E+01
    12.2000    2.814098E-03  5.575242E-03  4.659480E+01
    12.2500    7.944714E-04  4.934714E-03  4.696219E+01
    12.3000   -8.580599E-04  4.194684E-03  4.732990E+01
    12.3500   -1.836539E-03  3.384280E-03  4.769750E+01
    12.4000   -2.046393E-03  2.533991E-03  4.806392E+01
    12.4500   -1.614396E-03  1.674529E-03  4.842588E+01
    12.5000   -8.337773E-04  8.359711E-04  4.876715E+01
    12.5500   -6.451750E-05  7.024222E-05  4.828816E+01
    12.6000    3.797617E-04  6.793471E-04  4.653070E+01
    12.6500    3.243278E-04  1.304917E-03  4.687271E+01
    12.7000   -2.211741E-04  1.822640E-03  4.724554E+01
    12.7500   -1.075649E-03  2.221266E-03  4.762940E+01
    12.8000   -1.951406E-03  2.495585E-03  4.802167E+01
    12.8500   -2.549190E-03  2.646281E-03  4.842297E+01
    12.9000   -2.653503E-03  2.680034E-03  4.883551E+01
    12.9500   -2.199337E-03  2.609695E-03  4.926310E+01
    13.0000   -1.292139E-03  2.456417E-03  4.971156E+01
    13.0500   -1.707105E-04  2.245617E-03  5.018939E+01
    13.1000    8.613432E-04  2.008794E-03  5.070863E+01
    13.1500    1.523383E-03  1.791569E-03  5.128205E+01
    13.2000    1.642334E-03  1.647007E-03  5.191163E+01
    13.2500    1.200737E-03  1.617179E-03  5.257030E+01
    13.3000    3.376575E-04  1.704406E-03  5.320765E+01
    13.3500   -6.963150E-04  1.868604E-03  5.378893E+01
    13.4000   -1.615017E-03  2.056065E-03  5.431056E+01
    13.4500   -2.179901E-03  2.221652E-03  5.478370E+01
    13.5000   -2.265431E-03  2.333539E-03  5.522007E+01
    13.5500   -1.887924E-03  2.371205E-03  5.562770E+01
    13.6000   -1.190732E-03  2.323129E-03  5.601051E+01
    13.6500   -3.921109E-04  2.185524E-03  5.636828E+01
    13.7000    2.868652E-04  1.962277E-03  5.669538E+01
    13.7500    6.915396E-04  1.666850E-03  5.697648E+01
    13.8000    7.789390E-04  1.329550E-03  5.717462E+01
    13.8500    6.259196E-04  1.021916E-03  5.720788E+01
    13.9000    3.987604E-04  9.049626E-04  5.700498E+01
    13.9500    2.945568E-04  1.120520E-03  5.681467E+01
    14.0000    4.787675E-04  1.564806E-03  5.685961E+01
    14.0500    1.019746E-03  2.098512E-03  5.705610E+01
    14.1000    1.849783E-03  2.653038E-03  5.732020E+01
    14.1500    2.799020E-03  3.192881E-03  5.761751E+01
    14.2000    3.629458E-03  3.693997E-03  5.793226E+01
    14.2500    4.099385E-03  4.138151E-03  5.825645E+01
    14.3000    4.029973E-03  4.511221E-03  5.858558E+01
    14.3500    3.355164E-03  4.802731E-03  5.891683E+01
    14.4000    2.141281E-03  5.005760E-03  5.924824E+01
    14.4500    5.717993E-04  5.116948E-03  5.957828E+01
    14.5000   -1.097399E-03  5.136470E-03  5.990557E+01
    14.5500   -2.599027E-03  5.067961E-03  6.022874E+01
    14.6000   -3.714677E-03  4.918372E-03  6.054632E+01
    14.6500   -4.318671E-03  4.697766E-03  6.085657E+01
    14.7000   -4.395353E-03  4.419073E-03  6.115740E+01
    14.7500   -4.027739E-03  4.097823E-03  6.144627E+01
    14.8000   -3.363446E-03  3.751856E-03  6.172010E+01
    14.8500   -2.569503E-03  3.400951E-03  6.197540E+01
    14.9000   -1.789505E-03  3.066215E-03  6.220867E+01
    14.9500   -1.114458E-03  2.768810E-03  6.241760E+01
    15.0000   -5.747781E-04  2.527093E-03  6.260240E+01
    15.0500   -1.514511E-04  2.353705E-03  6.276746E+01
    15.1000    2.084723E-04  2.252127E-03  6.292455E+01
    15.1500    5.584046E-04  2.212464E-03  6.308700E+01
    15.2000    9.299284E-04  2.215270E-03  6.326506E+01
    15.2500    1.320724E-03  2.238101E-03  6.346305E+01
    15.3000    1.696345E-03  2.261213E-03  6.368021E+01
    15.3500    2.003522E-03  2.270336E-03  6.391296E+01
    15.4000    2.189208E-03  2.257098E-03  6.415676E+01
    15.4500    2.218345E-03  2.218366E-03  6.440706E+01
    15.5000    2.084498E-03  2.155279E-03  6.465964E+01
    15.5500    1.810500E-03  2.072299E-03  6.491076E+01
    15.6000    1.439858E-03  1.976332E-03  6.515724E+01
    15.6500    1.022786E-03  1.875826E-03  6.539676E+01
    15.7000    6.021729E-04  1.779763E-03  6.562829E+01
    15.7500    2.043913E-04  1.696446E-03  6.585267E+01
    15.8000   -1.622949E-04  1.632148E-03  6.607305E+01
    15.8500   -5.018642E-04  1.589927E-03  6.629459E+01
    15.9000   -8.200905E-04  1.569130E-03  6.652339E+01
    15.9500   -1.113948E-03  1.565901E-03  6.676490E+01
    16.0000   -1.369495E-03  1.578585E-03  6.702369E+01
    16.0500   -1.558402E-03  1.604785E-03  6.730323E+01
    16.1000   -1.627881E-03  1.630538E-03  6.760134E+01
    16.1500   -1.539300E-03  1.652158E-03  6.791600E+01
    16.2000   -1.275105E-03  1.667668E-03  6.824461E+01
    16.2500   -8.485897E-04  1.676497E-03  6.858430E+01
    16.3000   -3.056059E-04  1.679043E-03  6.893201E+01
    16.3500    2.827204E-04  1.676232E-03  6.928451E+01
    16.4000    8.343629E-04  1.669159E-03  6.963849E+01
    16.4500    1.273771E-03  1.658866E-03  6.999053E+01
    16.5000    1.547290E-03  1.646301E-03  7.033725E+01
    16.5500    1.632367E-03  1.632455E-03  7.067544E+01
    16.6000    1.538325E-03  1.618640E-03  7.100217E+01
    16.6500    1.299103E-03  1.606813E-03  7.131504E+01
    16.7000    9.608167E-04  1.599849E-03  7.161242E+01
    16.7500    5.683672E-04  1.601605E-03  7.189385E+01
    16.8000    1.553698E-04  1.616638E-03  7.216038E+01
    16.8500   -2.597200E-04  1.649533E-03  7.241474E+01
    16.9000   -6.706296E-04  1.703917E-03  7.266115E+01
    16.9500   -1.075157E-03  1.781495E-03  7.290453E+01
    17.0000   -1.465771E-03  1.881780E-03  7.314959E+01
    17.0500   -1.821776E-03  2.002199E-03  7.339964E+01
    17.1000   -2.106077E-03  2.137316E-03  7.365624E+01
    17.1500   -2.271193E-03  2.280964E-03  7.392002E+01
    17.2000   -2.268183E-03  2.426392E-03  7.419054E+01
    17.2500   -2.059984E-03  2.566919E-03  7.446673E+01
    17.3000   -1.634053E-03  2.696426E-03  7.474719E+01
    17.3500   -1.010321E-03  2.809728E-03  7.503041E+01
    17.4000   -2.417459E-04  2.902830E-03  7.531485E+01
    17.4500    5.930580E-04  2.973121E-03  7.559904E+01
    17.5000    1.403367E-03  3.019493E-03  7.588160E+01
    17.5500    2.102534E-03  3.042394E-03  7.616120E+01
    17.6000    2.622625E-03  3.043817E-03  7.643668E+01
    17.6500    2.923892E-03  3.027188E-03  7.670703E+01
    17.7000    2.997136E-03  2.997146E-03  7.697151E+01
    17.7500    2.859171E-03  2.959194E-03  7.722976E+01
    17.8000    2.543536E-03  2.919193E-03  7.748194E+01
    17.8500    2.089864E-03  2.882720E-03  7.772884E+01
    17.9000    1.535309E-03  2.854359E-03  7.797189E+01
    17.9500    9.104641E-04  2.837040E-03  7.821312E+01
    18.0000    2.387554E-04  2.830982E-03  7.845538E+01
    18.0500   -4.565976E-04  2.834063E-03  7.870163E+01
    18.1000   -1.140792E-03  2.844684E-03  7.895245E+01
    18.1500   -1.773881E-03  2.858269E-03  7.920934E+01
    18.2000   -2.305895E-03  2.869427E-03  7.947315E+01
    18.2500   -2.681875E-03  2.872651E-03  7.974412E+01
    18.3000   -2.851687E-03  2.862924E-03  8.002198E+01
    18.3500   -2.782105E-03  2.836136E-03  8.030612E+01
    18.4000   -2.467597E-03  2.789353E-03  8.059567E+01
    18.4500   -1.936288E-03  2.720935E-03  8.088960E+01
    18.5000   -1.248766E-03  2.630553E-03  8.118677E+01
    18.5500   -4.893118E-04  2.519129E-03  8.148593E+01
    18.6000    2.486985E-04  2.388731E-03  8.178571E+01
    18.6500    8.798019E-04  2.242431E-03  8.208459E+01
    18.7000    1.341685E-03  2.084159E-03  8.238080E+01
    18.7500    1.604923E-03  1.918554E-03  8.267232E+01
    18.8000    1.674976E-03  1.750825E-03  8.295678E+01
    18.8500    1.586294E-03  1.586635E-03  8.323147E+01
    18.9000    1.390460E-03  1.431960E-03  8.349355E+01
    18.9500    1.141834E-03  1.292905E-03  8.374046E+01
    19.0000    8.843092E-04  1.175607E-03  8.397158E+01
    19.0500    6.423282E-04  1.084503E-03  8.418912E+01
    19.1000    4.232108E-04  1.021632E-03  8.439588E+01
    19.1500    2.185144E-04  9.876859E-04  8.459992E+01
    19.2000    1.208944E-05  9.802705E-04  8.481067E+01
    19.2500   -2.100542E-04  9.945159E-04  8.503582E+01
    19.3000   -4.513369E-04  1.024434E-03  8.527924E+01
    19.3500   -7.001803E-04  1.064228E-03  8.554106E+01
    19.4000   -9.307827E-04  1.109040E-03  8.581894E+01
    19.4500   -1.108731E-03  1.155136E-03  8.610939E+01
    19.5000   -1.199662E-03  1.199795E-03  8.640865E+01
    19.5500   -1.178367E-03  1.241118E-03  8.671315E+01
    19.6000   -1.035686E-03  1.277869E-03  8.701962E+01
    19.6500   -7.813056E-04  1.309391E-03  8.732522E+01
    19.7000   -4.418274E-04  1.335594E-03  8.762743E+01
    19.7500   -5.488752E-05  1.356995E-03  8.792414E+01
    19.8000    3.387980E-04  1.374771E-03  8.821360E+01
    19.8500    7.030815E-04  1.390796E-03  8.849458E+01
    19.9000    1.011598E-03  1.407599E-03  8.876648E+01
    19.9500    1.249304E-03  1.428207E-03  8.902948E+01