# # tequil.ion_motion                                            FEFF 9.05   
# # POT  SCF  30  5.5000   1, core-hole, AFOLP (folp(0)= 1.150)
# # Abs   Z=30 Rmt= 1.254 Rnm= 1.388 K  shell
# # Pot 1 Z=26 Rmt= 1.266 Rnm= 1.391
# # Pot 2 Z= 8 Rmt= 0.948 Rnm= 1.081
# # Gam_ch=1.897E+00 H-L exch
# # Mu=-1.148E+01 kf=2.188E+00 Vint=-1.827E+01 Rs_int= 1.657
# # PATH  Rmax= 8.500,  Keep_limit= 0.00, Heap_limit 0.00  Pwcrit= 2.50%
#  S02=1.000                                        Global_sig2= 0.00000
#  Energy zero shift, vr, vi   -2.00000E+00   0.00000E+00
#  Curved wave amplitude ratio filter   4.000%
#     file         sig2 tot  cw amp ratio   deg  nlegs   reff  inp sig2
#           1       0.00000    100.00      1.00     2   1.8891
#           2       0.00000     98.21      1.00     2   1.9022
#           3       0.00000     89.27      1.00     2   1.9728
#           4       0.00000     61.42      1.00     2   2.2747
#           5       0.00000     55.10      1.00     2   2.3704
#           6       0.00000     53.75      1.00     2   2.3927
#           7       0.00000     30.23      1.00     2   2.9136
#           8       0.00000     30.05      1.00     2   2.9214
#           9       0.00000     29.65      1.00     2   2.9387
#          10       0.00000     25.68      1.00     2   3.1302
#          11       0.00000     23.18      1.00     2   3.2702
#          12       0.00000     22.90      1.00     2   3.2852
#          13       0.00000     22.65      1.00     2   3.3023
#          14       0.00000     22.55      1.00     2   3.3034
#          15       0.00000     22.36      1.00     2   3.3140
#          16       0.00000     22.12      1.00     2   3.3267
#          17       0.00000     21.93      1.00     2   3.3467
#          18       0.00000      8.38      2.00     3   3.4026
#          19       0.00000     10.81      2.00     3   3.4341
#          20       0.00000      9.66      2.00     3   3.4621
#          21       0.00000      9.80      2.00     3   3.4798
#          22       0.00000     19.27      1.00     2   3.4965
#          23       0.00000     19.64      2.00     3   3.5012
#          24       0.00000     11.84      2.00     3   3.5120
#          25       0.00000     18.96      1.00     2   3.5171
#          26       0.00000      9.14      2.00     3   3.5341
#          27       0.00000      8.72      2.00     3   3.5434
#          28       0.00000     16.89      2.00     3   3.5445
#          29       0.00000      8.14      2.00     3   3.5610
#          30       0.00000      9.01      2.00     3   3.5620
#          31       0.00000      8.33      2.00     3   3.5696
#          32       0.00000     18.40      1.00     2   3.5951
#          33       0.00000      8.93      2.00     3   3.5969
#          34       0.00000      8.88      2.00     3   3.6066
#          35       0.00000      7.44      2.00     3   3.6167
#          36       0.00000      9.22      2.00     3   3.6174
#          37       0.00000     13.93      2.00     3   3.6622
#          38       0.00000     17.44      1.00     2   3.6727
#          39       0.00000      6.12      1.00     4   3.7001
#          40       0.00000      6.91      2.00     3   3.7109
#          41       0.00000      7.41      2.00     3   3.7328
#          42       0.00000     16.46      1.00     2   3.7578
#          43       0.00000      6.67      2.00     3   3.7740
#          44       0.00000     12.06      1.00     4   3.7783
#          45       0.00000      6.28      2.00     3   3.7836
#          46       0.00000      6.36      2.00     4   3.7913
#          47       0.00000     11.60      1.00     4   3.8043
#          48       0.00000      4.79      1.00     4   3.8189
#          49       0.00000     14.97      1.00     2   3.8257
#          50       0.00000     12.91      2.00     3   3.8401
#          51       0.00000     14.46      2.00     3   3.8513
#          52       0.00000     15.32      1.00     2   3.8644
#          54       0.00000     14.93      1.00     2   3.9032
#          55       0.00000     14.70      1.00     2   3.9270
#          56       0.00000      9.58      2.00     3   3.9284
#          57       0.00000     13.76      1.00     2   3.9402
#          58       0.00000      9.49      1.00     4   3.9455
#          59       0.00000      5.30      1.00     4   3.9468
#          61       0.00000     13.19      1.00     2   3.9995
#          62       0.00000      8.43      2.00     3   4.0056
#          63       0.00000      4.87      1.00     4   4.0106
#          64       0.00000      4.81      1.00     4   4.0208
#          65       0.00000      5.97      1.00     4   4.0300
#          66       0.00000      7.93      2.00     3   4.0394
#          67       0.00000      8.04      2.00     3   4.0423
#          68       0.00000      7.95      2.00     3   4.0589
#          69       0.00000      8.62      2.00     3   4.0644
#          70       0.00000     11.77      2.00     3   4.0692
#          71       0.00000      7.83      2.00     3   4.0720
#          72       0.00000     12.19      2.00     3   4.0778
#          73       0.00000      4.39      1.00     4   4.0852
#          74       0.00000     12.03      2.00     3   4.1017
#          75       0.00000      7.67      2.00     3   4.1492
#          76       0.00000      7.45      2.00     3   4.1625
#          77       0.00000      7.57      2.00     3   4.1663
#          78       0.00000     18.19      2.00     3   4.1750
#          79       0.00000     18.03      2.00     3   4.1853
#          80       0.00000     17.46      2.00     3   4.2210
#          81       0.00000     11.14      1.00     2   4.2400
#          82       0.00000     15.41      2.00     4   4.2475
#          83       0.00000      8.82      2.00     3   4.2526
#          84       0.00000      4.93      1.00     4   4.2523
#          85       0.00000     15.30      2.00     4   4.2595
#          87       0.00000      4.68      1.00     4   4.2763
#          88       0.00000     14.74      2.00     4   4.2949
#          89       0.00000     21.98      2.00     3   4.3291
#          90       0.00000     10.47      1.00     2   4.3325
#          91       0.00000     10.11      1.00     2   4.3844
#          92       0.00000     10.03      1.00     2   4.3964
#          93       0.00000     13.41      1.00     4   4.4183
#          94       0.00000      7.13      2.00     3   4.4215
#          95       0.00000      9.68      1.00     2   4.4492
#          96       0.00000      9.61      1.00     2   4.4595
#          97       0.00000     16.60      2.00     3   4.4662
#          98       0.00000      6.63      2.00     3   4.4898
#          99       0.00000      9.32      1.00     2   4.5063
#         100       0.00000      9.18      1.00     2   4.5297
#         101       0.00000      9.17      1.00     2   4.5318
#         102       0.00000      4.41      1.00     4   4.5494
#         103       0.00000      8.92      1.00     2   4.5738
#         104       0.00000      4.60      2.00     3   4.5793
#         105       0.00000      9.20      1.00     4   4.5999
#         106       0.00000     14.11      2.00     3   4.6085
#         107       0.00000      8.57      1.00     2   4.6366
#         108       0.00000      4.56      2.00     3   4.6388
#         109       0.00000     15.76      2.00     3   4.6423
#         110       0.00000     18.34      2.00     3   4.6439
#         111       0.00000     14.93      2.00     3   4.6536
#         113       0.00000      8.33      1.00     2   4.6814
#         114       0.00000      8.27      1.00     2   4.6915
#         115       0.00000      4.27      2.00     3   4.7016
#         116       0.00000      4.08      2.00     3   4.7035
#         117       0.00000     11.09      1.00     4   4.7141
#         118       0.00000      4.18      2.00     3   4.7175
#         119       0.00000      7.36      2.00     3   4.7283
#         121       0.00000      6.07      2.00     3   4.7429
#         122       0.00000      7.12      2.00     3   4.7479
#         123       0.00000      7.58      2.00     3   4.7512
#         124       0.00000      8.88      1.00     4   4.7527
#         125       0.00000      7.52      1.00     4   4.7575
#         126       0.00000      8.79      2.00     3   4.7605
#         127       0.00000     16.94      2.00     3   4.7612
#         128       0.00000      6.48      2.00     3   4.7712
#         129       0.00000      7.84      1.00     2   4.7773
#         130       0.00000      8.30      1.00     4   4.7776
#         133       0.00000      7.77      1.00     2   4.7906
#         134       0.00000      7.00      2.00     3   4.7951
#         135       0.00000      7.73      1.00     2   4.7986
#         136       0.00000      7.33      2.00     4   4.8105
#         137       0.00000      5.89      2.00     3   4.8150
#         138       0.00000     10.23      1.00     4   4.8308
#         139       0.00000     11.71      2.00     3   4.8367
#         140       0.00000      7.07      2.00     3   4.8366
#         141       0.00000      5.34      2.00     4   4.8408
#         142       0.00000      8.52      2.00     3   4.8464
#         143       0.00000      5.93      2.00     3   4.8525
#         144       0.00000      7.40      1.00     2   4.8692
#         145       0.00000      5.67      2.00     3   4.8713
#         146       0.00000      7.34      1.00     2   4.8820
#         149       0.00000      7.54      2.00     3   4.9196
#         154       0.00000      6.09      1.00     4   4.9920
#         155       0.00000      8.51      2.00     3   4.9978
#         156       0.00000      7.56      1.00     2   5.0105
#         157       0.00000      4.46      2.00     4   5.0440
#         158       0.00000      7.37      1.00     2   5.0561
#         160       0.00000      6.58      1.00     2   5.0628
#         161       0.00000     16.66      2.00     3   5.0643
#         162       0.00000     10.65      1.00     4   5.0657
#         164       0.00000      7.22      1.00     2   5.0917
#         165       0.00000      7.21      1.00     2   5.0936
#         167       0.00000      6.43      1.00     2   5.1017
#         168       0.00000     16.13      2.00     3   5.1045
#         169       0.00000     10.25      1.00     4   5.1074
#         170       0.00000      9.73      2.00     3   5.1114
#         171       0.00000      8.36      2.00     3   5.1227
#         173       0.00000      5.76      2.00     3   5.1345
#         174       0.00000      5.63      2.00     3   5.1358
#         176       0.00000      7.01      1.00     2   5.1437
#         177       0.00000      7.35      2.00     3   5.1498
#         179       0.00000      6.27      2.00     3   5.1627
#         183       0.00000      8.49      2.00     3   5.1730
#         185       0.00000      6.86      1.00     2   5.1833
#         186       0.00000      5.92      2.00     3   5.1916
#         188       0.00000      9.17      2.00     3   5.1965
#         189       0.00000      7.89      2.00     3   5.1961
#         190       0.00000      6.39      2.00     4   5.2031
#         192       0.00000      4.84      1.00     4   5.2123
#         195       0.00000      6.59      1.00     2   5.2561
#         196       0.00000      5.11      2.00     4   5.2580
#         197       0.00000      6.56      1.00     2   5.2647
#         198       0.00000      5.82      1.00     2   5.2676
#         199       0.00000     14.15      2.00     3   5.2699
#         200       0.00000      6.69      2.00     3   5.2698
#         201       0.00000      8.70      1.00     4   5.2721
#         203       0.00000      5.76      1.00     2   5.2881
#         204       0.00000      4.11      1.00     4   5.2899
#         205       0.00000      4.55      1.00     4   5.2993
#         207       0.00000      5.69      1.00     2   5.3074
#         209       0.00000      6.41      2.00     3   5.3108
#         211       0.00000      7.17      2.00     3   5.3133
#         213       0.00000      6.37      1.00     2   5.3175
#         215       0.00000      5.60      1.00     2   5.3352
#         217       0.00000      6.32      2.00     3   5.3809
#         218       0.00000      6.44      2.00     3   5.3858
#         219       0.00000      4.00      2.00     3   5.3878
#         222       0.00000      5.32      2.00     4   5.3987
#         223       0.00000      4.07      2.00     3   5.4125
#         226       0.00000      5.30      1.00     2   5.4309
#         230       0.00000      5.13      2.00     3   5.4718
#         231       0.00000      5.16      1.00     2   5.4761
#         233       0.00000      5.85      2.00     3   5.4842
#         234       0.00000      5.12      1.00     2   5.4898
#         236       0.00000      5.09      1.00     2   5.5034
#         238       0.00000      5.08      1.00     2   5.5060
#         241       0.00000      6.42      2.00     3   5.5089
#         243       0.00000      4.07      2.00     3   5.5157
#         244       0.00000      4.44      2.00     3   5.5234
#         245       0.00000      5.21      2.00     3   5.5407
#         247       0.00000      4.98      2.00     3   5.5722
#         250       0.00000      4.19      2.00     3   5.5863
#         251       0.00000      5.30      2.00     3   5.5891
#         254       0.00000      4.98      2.00     3   5.6027
#         258       0.00000      4.01      2.00     3   5.6541
#         259       0.00000      4.60      2.00     3   5.6567
#         265       0.00000      5.27      1.00     2   5.6739
#         269       0.00000      4.37      2.00     3   5.6844
#         271       0.00000      5.84      2.00     3   5.6889
#         272       0.00000      4.57      1.00     2   5.6945
#         278       0.00000      5.03      2.00     3   5.7208
#         280       0.00000      5.11      1.00     2   5.7337
#         281       0.00000      5.10      1.00     2   5.7348
#         283       0.00000      4.18      2.00     3   5.7418
#         288       0.00000      4.97      1.00     2   5.7837
#         292       0.00000      5.37      2.00     3   5.8024
#         297       0.00000      4.87      1.00     2   5.8236
#         300       0.00000     10.19      2.00     3   5.8351
#         302       0.00000      6.01      2.00     3   5.8360
#         304       0.00000      4.20      1.00     2   5.8461
#         305       0.00000      5.24      1.00     4   5.8467
#         306       0.00000      4.19      1.00     2   5.8520
#         307       0.00000      5.46      2.00     3   5.8548
#         311       0.00000      4.14      1.00     2   5.8747
#         322       0.00000      4.11      2.00     3   5.9020
#         324       0.00000      4.64      1.00     2   5.9219
#   224/ 291 paths used
#  -----------------------------------------------------------------------
#       k          chi          mag           phase @#
    -0.7000   -4.542909E-01  4.667857E-01 -1.802693E+00
    -0.6500   -4.589531E-01  4.686361E-01 -1.774431E+00
    -0.6000   -4.650997E-01  4.718536E-01 -1.740194E+00
    -0.5500   -4.714230E-01  4.754967E-01 -1.701789E+00
    -0.5000   -4.770383E-01  4.791329E-01 -1.664336E+00
    -0.4500   -4.818600E-01  4.826478E-01 -1.627940E+00
    -0.4000   -4.856085E-01  4.857488E-01 -1.594840E+00
    -0.3500   -4.889055E-01  4.889210E-01 -1.562829E+00
    -0.3000   -4.912463E-01  4.915613E-01 -1.534994E+00
    -0.2500   -4.928258E-01  4.936965E-01 -1.511397E+00
    -0.2000   -4.938335E-01  4.953677E-01 -1.492073E+00
    -0.1500   -4.947409E-01  4.969582E-01 -1.476297E+00
    -0.1000   -4.953728E-01  4.981690E-01 -1.464794E+00
    -0.0500   -4.957086E-01  4.988855E-01 -1.457884E+00
     0.0000   -4.958133E-01  4.991225E-01 -1.455580E+00
     0.0500   -4.959143E-01  4.993588E-01 -1.453275E+00
     0.1000   -4.961953E-01  5.000621E-01 -1.446357E+00
     0.1500   -4.965894E-01  5.012161E-01 -1.434817E+00
     0.2000   -4.969835E-01  5.027922E-01 -1.418644E+00
     0.2500   -4.972160E-01  5.047477E-01 -1.397828E+00
     0.3000   -4.970759E-01  5.070252E-01 -1.372366E+00
     0.3500   -4.964936E-01  5.097982E-01 -1.341832E+00
     0.4000   -4.956663E-01  5.137288E-01 -1.304835E+00
     0.4500   -4.935016E-01  5.178693E-01 -1.262811E+00
     0.5000   -4.895355E-01  5.220876E-01 -1.215807E+00
     0.5500   -4.836618E-01  5.268587E-01 -1.163034E+00
     0.6000   -4.756228E-01  5.327964E-01 -1.103283E+00
     0.6500   -4.639155E-01  5.384486E-01 -1.038370E+00
     0.7000   -4.480908E-01  5.440994E-01 -9.676339E-01
     0.7500   -4.275794E-01  5.508276E-01 -8.886940E-01
     0.8000   -4.011863E-01  5.566913E-01 -8.047570E-01
     0.8500   -3.686048E-01  5.625914E-01 -7.144353E-01
     0.9000   -3.291134E-01  5.685777E-01 -6.173009E-01
     0.9500   -2.826338E-01  5.730958E-01 -5.157302E-01
     1.0000   -2.283933E-01  5.778708E-01 -4.063210E-01
     1.0500   -1.674787E-01  5.810643E-01 -2.923752E-01
     1.1000   -1.004783E-01  5.830967E-01 -1.731827E-01
     1.1500   -2.817361E-02  5.841421E-01 -4.824947E-02
     1.2000    4.650224E-02  5.830540E-01  7.984112E-02
     1.2500    1.236764E-01  5.813136E-01  2.143919E-01
     1.3000    1.986948E-01  5.772722E-01  3.513823E-01
     1.3500    2.708170E-01  5.720075E-01  4.932034E-01
     1.4000    3.364191E-01  5.648668E-01  6.379780E-01
     1.4500    3.935713E-01  5.561376E-01  7.862190E-01
     1.5000    4.402282E-01  5.459136E-01  9.380499E-01
     1.5500    4.739689E-01  5.339464E-01  1.092263E+00
     1.6000    4.942818E-01  5.207359E-01  1.250680E+00
     1.6500    4.992949E-01  5.057610E-01  1.410719E+00
     1.7000    4.896401E-01  4.896463E-01  1.575809E+00
     1.7500    4.649164E-01  4.718461E-01  1.742392E+00
     1.8000    4.263858E-01  4.527295E-01  1.913614E+00
     1.8500    3.758013E-01  4.320549E-01  2.086796E+00
     1.9000    3.147925E-01  4.098022E-01  2.265635E+00
     1.9500    2.469149E-01  3.859182E-01  2.447340E+00
     2.0000    1.765409E-01  3.606049E-01  2.629997E+00
     2.0500    1.077148E-01  3.340873E-01  2.813313E+00
     2.1000    4.338218E-02  3.055903E-01  2.999150E+00
     2.1500   -1.220343E-02  2.751254E-01  3.185963E+00
     2.2000   -5.512797E-02  2.443391E-01  3.369173E+00
     2.2500   -8.425077E-02  2.137252E-01  3.546791E+00
     2.3000   -9.898176E-02  1.828781E-01  3.713509E+00
     2.3500   -9.857974E-02  1.509833E-01  3.853023E+00
     2.4000   -8.938933E-02  1.224408E-01  3.960005E+00
     2.4500   -7.595855E-02  9.845232E-02  4.022829E+00
     2.5000   -6.227722E-02  8.007504E-02  4.032648E+00
     2.5500   -5.145296E-02  6.921830E-02  3.979647E+00
     2.6000   -4.454613E-02  6.480812E-02  3.899433E+00
     2.6500   -4.247911E-02  6.528223E-02  3.850098E+00
     2.7000   -4.435920E-02  6.772216E-02  3.855798E+00
     2.7500   -4.924329E-02  7.089294E-02  3.909477E+00
     2.8000   -5.583853E-02  7.420226E-02  3.993470E+00
     2.8500   -6.307681E-02  7.709890E-02  4.099742E+00
     2.9000   -6.995090E-02  7.930633E-02  4.221755E+00
     2.9500   -7.587781E-02  8.081485E-02  4.361040E+00
     3.0000   -7.963973E-02  8.134381E-02  4.507340E+00
     3.0500   -8.072016E-02  8.085103E-02  4.655483E+00
     3.1000   -7.910454E-02  7.943483E-02  4.803612E+00
     3.1500   -7.486245E-02  7.714641E-02  4.956326E+00
     3.2000   -6.849719E-02  7.429261E-02  5.109992E+00
     3.2500   -6.063390E-02  7.104454E-02  5.260591E+00
     3.3000   -5.188484E-02  6.750118E-02  5.406456E+00
     3.3500   -4.272864E-02  6.363017E-02  5.546933E+00
     3.4000   -3.377958E-02  5.962830E-02  5.680930E+00
     3.4500   -2.553509E-02  5.576268E-02  5.807526E+00
     3.5000   -1.816302E-02  5.212254E-02  5.927250E+00
     3.5500   -1.175240E-02  4.861810E-02  6.039038E+00
     3.6000   -6.392195E-03  4.532232E-02  6.141675E+00
     3.6500   -1.910121E-03  4.240327E-02  6.238124E+00
     3.7000    1.855188E-03  3.981779E-02  6.329794E+00
     3.7500    4.926666E-03  3.748183E-02  6.415008E+00
     3.8000    7.274037E-03  3.542011E-02  6.490022E+00
     3.8500    9.119072E-03  3.369850E-02  6.557210E+00
     3.9000    1.057447E-02  3.233954E-02  6.616294E+00
     3.9500    1.170023E-02  3.140176E-02  6.664992E+00
     4.0000    1.266036E-02  3.107520E-02  6.702802E+00
     4.0500    1.395122E-02  3.147797E-02  6.742357E+00
     4.1000    1.589410E-02  3.262007E-02  6.792122E+00
     4.1500    1.875760E-02  3.451023E-02  6.857831E+00
     4.2000    2.281205E-02  3.720231E-02  6.943277E+00
     4.2500    2.807133E-02  4.025242E-02  7.054924E+00
     4.3000    3.420330E-02  4.341269E-02  7.190518E+00
     4.3500    4.067943E-02  4.653830E-02  7.346778E+00
     4.4000    4.695155E-02  4.967674E-02  7.521212E+00
     4.4500    5.176157E-02  5.229901E-02  7.710496E+00
     4.5000    5.415909E-02  5.424900E-02  7.911563E+00
     4.5500    5.346535E-02  5.544573E-02  8.122057E+00
     4.6000    4.949037E-02  5.598207E-02  8.340343E+00
     4.6500    4.213987E-02  5.557561E-02  8.564163E+00
     4.7000    3.205847E-02  5.420650E-02  8.791967E+00
     4.7500    2.033301E-02  5.191264E-02  9.022324E+00
     4.8000    8.345005E-03  4.891821E-02  9.253349E+00
     4.8500   -2.650623E-03  4.506474E-02  9.483630E+00
     4.9000   -1.142128E-02  4.044773E-02  9.711043E+00
     4.9500   -1.710978E-02  3.520162E-02  9.932343E+00
     5.0000   -1.945198E-02  2.963540E-02  1.014078E+01
     5.0500   -1.863990E-02  2.375294E-02  1.032706E+01
     5.1000   -1.537610E-02  1.778976E-02  1.046858E+01
     5.1500   -1.071039E-02  1.214126E-02  1.050518E+01
     5.2000   -5.962388E-03  7.969422E-03  1.027006E+01
     5.2500   -2.091957E-03  7.541099E-03  9.705873E+00
     5.3000    7.261828E-05  1.093016E-02  9.418134E+00
     5.3500    6.320968E-05  1.545756E-02  9.420689E+00
     5.4000   -2.304931E-03  2.000345E-02  9.540261E+00
     5.4500   -6.617695E-03  2.425522E-02  9.701117E+00
     5.5000   -1.235099E-02  2.812140E-02  9.879489E+00
     5.5500   -1.887388E-02  3.158837E-02  1.006515E+01
     5.6000   -2.561698E-02  3.468449E-02  1.025573E+01
     5.6500   -3.196244E-02  3.748755E-02  1.044575E+01
     5.7000   -3.748930E-02  4.007324E-02  1.063450E+01
     5.7500   -4.187989E-02  4.251596E-02  1.082238E+01
     5.8000   -4.491338E-02  4.491926E-02  1.101177E+01
     5.8500   -4.630088E-02  4.730950E-02  1.120244E+01
     5.9000   -4.577074E-02  4.969501E-02  1.139565E+01
     5.9500   -4.305230E-02  5.205654E-02  1.159257E+01
     6.0000   -3.789859E-02  5.445979E-02  1.179670E+01
     6.0500   -3.016390E-02  5.676059E-02  1.200609E+01
     6.1000   -1.996630E-02  5.886373E-02  1.222031E+01
     6.1500   -7.712563E-03  6.068824E-02  1.243894E+01
     6.2000    5.894028E-03  6.216182E-02  1.266133E+01
     6.2500    1.990734E-02  6.322738E-02  1.288667E+01
     6.3000    3.324783E-02  6.384754E-02  1.311409E+01
     6.3500    4.484612E-02  6.400700E-02  1.334267E+01
     6.4000    5.379042E-02  6.371310E-02  1.357155E+01
     6.4500    5.944626E-02  6.299465E-02  1.379993E+01
     6.5000    6.164996E-02  6.200870E-02  1.402955E+01
     6.5500    6.028216E-02  6.072064E-02  1.425742E+01
     6.6000    5.568344E-02  5.917590E-02  1.448244E+01
     6.6500    4.845401E-02  5.745156E-02  1.470440E+01
     6.7000    3.930043E-02  5.562269E-02  1.492335E+01
     6.7500    2.893286E-02  5.375583E-02  1.513963E+01
     6.8000    1.799469E-02  5.190322E-02  1.535392E+01
     6.8500    7.032854E-03  5.009886E-02  1.556712E+01
     6.9000   -3.495912E-03  4.835686E-02  1.578032E+01
     6.9500   -1.319785E-02  4.667278E-02  1.599465E+01
     7.0000   -2.175827E-02  4.513302E-02  1.621100E+01
     7.0500   -2.882890E-02  4.363413E-02  1.642971E+01
     7.1000   -3.408806E-02  4.210996E-02  1.665126E+01
     7.1500   -3.728837E-02  4.053269E-02  1.687594E+01
     7.2000   -3.828803E-02  3.888205E-02  1.710374E+01
     7.2500   -3.709073E-02  3.714840E-02  1.733448E+01
     7.3000   -3.386744E-02  3.533400E-02  1.756788E+01
     7.3500   -2.895002E-02  3.345262E-02  1.780360E+01
     7.4000   -2.279570E-02  3.152770E-02  1.804137E+01
     7.4500   -1.592980E-02  2.958963E-02  1.828107E+01
     7.5000   -8.938008E-03  2.773144E-02  1.852139E+01
     7.5500   -2.237534E-03  2.594466E-02  1.876321E+01
     7.6000    3.825647E-03  2.423099E-02  1.900810E+01
     7.6500    8.973715E-03  2.261181E-02  1.925765E+01
     7.7000    1.300977E-02  2.110096E-02  1.951391E+01
     7.7500    1.579398E-02  1.970581E-02  1.977934E+01
     7.8000    1.722433E-02  1.843007E-02  2.005663E+01
     7.8500    1.723329E-02  1.727791E-02  2.034847E+01
     7.9000    1.580419E-02  1.625823E-02  2.065724E+01
     7.9500    1.300295E-02  1.538780E-02  2.098455E+01
     8.0000    9.015977E-03  1.468858E-02  2.133027E+01
     8.0500    4.149330E-03  1.417906E-02  2.169416E+01
     8.1000   -1.138046E-03  1.389054E-02  2.207317E+01
     8.1500   -6.273877E-03  1.384502E-02  2.246144E+01
     8.2000   -1.064783E-02  1.404345E-02  2.285171E+01
     8.2500   -1.370386E-02  1.446132E-02  2.323686E+01
     8.3000   -1.503405E-02  1.505248E-02  2.361142E+01
     8.3500   -1.445135E-02  1.575869E-02  2.397215E+01
     8.4000   -1.202293E-02  1.652027E-02  2.431768E+01
     8.4500   -8.055342E-03  1.728445E-02  2.464793E+01
     8.5000   -3.010691E-03  1.799841E-02  2.496468E+01
     8.5500    2.524153E-03  1.864198E-02  2.526856E+01
     8.6000    7.953695E-03  1.921241E-02  2.555957E+01
     8.6500    1.278565E-02  1.971366E-02  2.583844E+01
     8.7000    1.666941E-02  2.016238E-02  2.610606E+01
     8.7500    1.940678E-02  2.058483E-02  2.636359E+01
     8.8000    2.092539E-02  2.101229E-02  2.661256E+01
     8.8500    2.122972E-02  2.147547E-02  2.685497E+01
     8.9000    2.035008E-02  2.199858E-02  2.709313E+01
     8.9500    1.830937E-02  2.259415E-02  2.732957E+01
     9.0000    1.510578E-02  2.326552E-02  2.756770E+01
     9.0500    1.076262E-02  2.399586E-02  2.780923E+01
     9.1000    5.386903E-03  2.475180E-02  2.805494E+01
     9.1500   -8.014904E-04  2.549407E-02  2.830578E+01
     9.2000   -7.430001E-03  2.617882E-02  2.856211E+01
     9.2500   -1.397722E-02  2.676212E-02  2.882385E+01
     9.3000   -1.982078E-02  2.720389E-02  2.909061E+01
     9.3500   -2.432369E-02  2.747080E-02  2.936177E+01
     9.4000   -2.694169E-02  2.753833E-02  2.963659E+01
     9.4500   -2.732644E-02  2.739190E-02  2.991428E+01
     9.5000   -2.541663E-02  2.704317E-02  3.019372E+01
     9.5500   -2.142905E-02  2.650553E-02  3.047437E+01
     9.6000   -1.580760E-02  2.577903E-02  3.075583E+01
     9.6500   -9.194603E-03  2.488035E-02  3.103740E+01
     9.7000   -2.321248E-03  2.383361E-02  3.131838E+01
     9.7500    4.106176E-03  2.266942E-02  3.159806E+01
     9.8000    9.509109E-03  2.142352E-02  3.187583E+01
     9.8500    1.350623E-02  2.013464E-02  3.215121E+01
     9.9000    1.593651E-02  1.884188E-02  3.242399E+01
     9.9500    1.683573E-02  1.758159E-02  3.269440E+01
    10.0000    1.642656E-02  1.643087E-02  3.296381E+01
    10.0500    1.492979E-02  1.539740E-02  3.323381E+01
    10.1000    1.254318E-02  1.444565E-02  3.350575E+01
    10.1500    9.505755E-03  1.357589E-02  3.378185E+01
    10.2000    6.049435E-03  1.278118E-02  3.406448E+01
    10.2500    2.412233E-03  1.204989E-02  3.435597E+01
    10.3000   -1.145405E-03  1.136874E-02  3.465844E+01
    10.3500   -4.335554E-03  1.072575E-02  3.497364E+01
    10.4000   -6.858911E-03  1.011250E-02  3.530291E+01
    10.4500   -8.443595E-03  9.525268E-03  3.564712E+01
    10.5000   -8.898798E-03  8.965083E-03  3.600664E+01
    10.5500   -8.168170E-03  8.436637E-03  3.638127E+01
    10.6000   -6.365191E-03  7.946341E-03  3.677011E+01
    10.6500   -3.775890E-03  7.499843E-03  3.717151E+01
    10.7000   -8.223771E-04  7.099535E-03  3.758302E+01
    10.7500    2.008534E-03  6.742673E-03  3.800159E+01
    10.8000    4.257049E-03  6.420716E-03  3.842395E+01
    10.8500    5.581194E-03  6.120136E-03  3.884710E+01
    10.9000    5.824473E-03  5.824477E-03  3.926868E+01
    10.9500    5.043374E-03  5.517022E-03  3.968730E+01
    11.0000    3.495857E-03  5.191766E-03  4.010198E+01
    11.0500    1.560331E-03  4.838439E-03  4.051235E+01
    11.1000   -3.515341E-04  4.440860E-03  4.091995E+01
    11.1500   -1.867701E-03  3.997468E-03  4.132685E+01
    11.2000   -2.742286E-03  3.512436E-03  4.173655E+01
    11.2500   -2.897736E-03  2.995833E-03  4.215489E+01
    11.3000   -2.424079E-03  2.464222E-03  4.259225E+01
    11.3500   -1.538650E-03  1.942935E-03  4.306835E+01
    11.4000   -5.197104E-04  1.473183E-03  4.362176E+01
    11.4500    3.668038E-04  1.128526E-03  4.431334E+01
    11.5000    9.279383E-04  1.013660E-03  4.513888E+01
    11.5500    1.077477E-03  1.146426E-03  4.590168E+01
    11.6000    8.372023E-04  1.406696E-03  4.648643E+01
    11.6500    3.096848E-04  1.690584E-03  4.693967E+01
    11.7000   -3.657398E-04  1.952460E-03  4.731233E+01
    11.7500   -1.058537E-03  2.179495E-03  4.763103E+01
    11.8000   -1.680072E-03  2.376672E-03  4.790900E+01
    11.8500   -2.195590E-03  2.560405E-03  4.815431E+01
    11.9000   -2.614040E-03  2.754003E-03  4.837450E+01
    11.9500   -2.962051E-03  2.982113E-03  4.857862E+01
    12.0000   -3.254916E-03  3.266205E-03  4.877785E+01
    12.0500   -3.470262E-03  3.617845E-03  4.898130E+01
    12.1000   -3.540380E-03  4.033887E-03  4.919453E+01
    12.1500   -3.366894E-03  4.503104E-03  4.942092E+01
    12.2000   -2.846562E-03  5.007647E-03  4.966087E+01
    12.2500   -1.908037E-03  5.526629E-03  4.991298E+01
    12.3000   -5.452319E-04  6.038818E-03  5.017507E+01
    12.3500    1.163636E-03  6.524438E-03  5.044479E+01
    12.4000    3.058043E-03  6.966318E-03  5.071994E+01
    12.4500    4.918708E-03  7.350639E-03  5.099855E+01
    12.5000    6.506954E-03  7.667407E-03  5.127891E+01
    12.5500    7.609710E-03  7.910703E-03  5.155954E+01
    12.6000    8.078714E-03  8.078747E-03  5.183915E+01
    12.6500    7.854570E-03  8.173738E-03  5.211665E+01
    12.7000    6.970972E-03  8.201478E-03  5.239116E+01
    12.7500    5.540097E-03  8.170758E-03  5.266198E+01
    12.8000    3.725113E-03  8.092495E-03  5.292872E+01
    12.8500    1.708440E-03  7.978646E-03  5.319128E+01
    12.9000   -3.357516E-04  7.840956E-03  5.344991E+01
    12.9500   -2.259047E-03  7.689658E-03  5.370525E+01
    13.0000   -3.957068E-03  7.540518E-03  5.395952E+01
    13.0500   -5.346854E-03  7.401177E-03  5.421439E+01
    13.1000   -6.341288E-03  7.260332E-03  5.446925E+01
    13.1500   -6.889825E-03  7.115517E-03  5.472533E+01
    13.2000   -6.961257E-03  6.961374E-03  5.498365E+01
    13.2500   -6.550210E-03  6.790766E-03  5.524484E+01
    13.3000   -5.687223E-03  6.596103E-03  5.550905E+01
    13.3500   -4.447144E-03  6.370649E-03  5.577597E+01
    13.4000   -2.950084E-03  6.109670E-03  5.604476E+01
    13.4500   -1.351026E-03  5.811329E-03  5.631404E+01
    13.5000    1.820377E-04  5.477338E-03  5.658191E+01
    13.5500    1.497306E-03  5.113433E-03  5.684584E+01
    13.6000    2.488171E-03  4.729726E-03  5.710264E+01
    13.6500    3.113387E-03  4.341012E-03  5.734845E+01
    13.7000    3.401520E-03  3.966966E-03  5.757898E+01
    13.7500    3.437036E-03  3.631870E-03  5.779043E+01
    13.8000    3.330912E-03  3.362934E-03  5.798135E+01
    13.8500    3.183762E-03  3.185836E-03  5.815554E+01
    13.9000    3.052410E-03  3.117200E-03  5.832370E+01
    13.9500    2.930530E-03  3.157569E-03  5.850099E+01
    14.0000    2.750637E-03  3.293832E-03  5.870197E+01
    14.0500    2.402312E-03  3.499308E-03  5.893358E+01
    14.1000    1.782295E-03  3.742316E-03  5.919387E+01
    14.1500    8.358840E-04  4.001704E-03  5.947983E+01
    14.2000   -4.129184E-04  4.261540E-03  5.978731E+01
    14.2500   -1.847112E-03  4.510717E-03  6.011216E+01
    14.3000   -3.268175E-03  4.741896E-03  6.045066E+01
    14.3500   -4.432512E-03  4.950376E-03  6.079956E+01
    14.4000   -5.104802E-03  5.133090E-03  6.115602E+01
    14.4500   -5.114875E-03  5.287813E-03  6.151751E+01
    14.5000   -4.403039E-03  5.412590E-03  6.188174E+01
    14.5500   -3.041269E-03  5.505411E-03  6.224660E+01
    14.6000   -1.223791E-03  5.564135E-03  6.261010E+01
    14.6500    7.712967E-04  5.586644E-03  6.297036E+01
    14.7000    2.639982E-03  5.571220E-03  6.332552E+01
    14.7500    4.115173E-03  5.517084E-03  6.367373E+01
    14.8000    5.018527E-03  5.425085E-03  6.401305E+01
    14.8500    5.288533E-03  5.298471E-03  6.434139E+01
    14.9000    4.978795E-03  5.143711E-03  6.465656E+01
    14.9500    4.228749E-03  4.971277E-03  6.495625E+01
    15.0000    3.220111E-03  4.804188E-03  6.523887E+01
    15.0500    2.113547E-03  4.670889E-03  6.550389E+01
    15.1000    1.009596E-03  4.579394E-03  6.575115E+01
    15.1500   -4.719929E-05  4.551394E-03  6.598382E+01
    15.2000   -1.068694E-03  4.604248E-03  6.620769E+01
    15.2500   -2.093823E-03  4.746410E-03  6.643031E+01
    15.3000   -3.149530E-03  4.974981E-03  6.665896E+01
    15.3500   -4.215446E-03  5.276642E-03  6.689889E+01
    15.4000   -5.204772E-03  5.631105E-03  6.715262E+01
    15.4500   -5.968961E-03  6.015053E-03  6.742037E+01
    15.5000   -6.326684E-03  6.405166E-03  6.770095E+01
    15.5500   -6.110068E-03  6.779935E-03  6.799251E+01
    15.6000   -5.215674E-03  7.120567E-03  6.829308E+01
    15.6500   -3.645596E-03  7.411365E-03  6.860078E+01
    15.7000   -1.526195E-03  7.639863E-03  6.891392E+01
    15.7500    9.023349E-04  7.796857E-03  6.923103E+01
    15.8000    3.324644E-03  7.876376E-03  6.955080E+01
    15.8500    5.408639E-03  7.875622E-03  6.987206E+01
    15.9000    6.869761E-03  7.794871E-03  7.019368E+01
    15.9500    7.525643E-03  7.637339E-03  7.051460E+01
    16.0000    7.330300E-03  7.411194E-03  7.083372E+01
    16.0500    6.373915E-03  7.126877E-03  7.114966E+01
    16.1000    4.851030E-03  6.791218E-03  7.146099E+01
    16.1500    3.021857E-03  6.417888E-03  7.176638E+01
    16.2000    1.150655E-03  6.022166E-03  7.206438E+01
    16.2500   -5.440241E-04  5.620478E-03  7.235358E+01
    16.3000   -1.920904E-03  5.229797E-03  7.263274E+01
    16.3500   -2.923940E-03  4.866800E-03  7.290112E+01
    16.4000   -3.568083E-03  4.546680E-03  7.315895E+01
    16.4500   -3.910155E-03  4.281571E-03  7.340783E+01
    16.5000   -4.015510E-03  4.078816E-03  7.365101E+01
    16.5500   -3.931122E-03  3.939622E-03  7.389313E+01
    16.6000   -3.672681E-03  3.858825E-03  7.413930E+01
    16.6500   -3.228243E-03  3.826116E-03  7.439401E+01
    16.7000   -2.575514E-03  3.828310E-03  7.466030E+01
    16.7500   -1.705718E-03  3.851774E-03  7.493946E+01
    16.8000   -6.451860E-04  3.884229E-03  7.523135E+01
    16.8500    5.331415E-04  3.915692E-03  7.553480E+01
    16.9000    1.712809E-03  3.938684E-03  7.584812E+01
    16.9500    2.751425E-03  3.948000E-03  7.616931E+01
    17.0000    3.510268E-03  3.940860E-03  7.649719E+01
    17.0500    3.877558E-03  3.914845E-03  7.683089E+01
    17.1000    3.791997E-03  3.867147E-03  7.716649E+01
    17.1500    3.271344E-03  3.797776E-03  7.750183E+01
    17.2000    2.402672E-03  3.707562E-03  7.783480E+01
    17.2500    1.323066E-03  3.598146E-03  7.816327E+01
    17.3000    1.899084E-04  3.472073E-03  7.848509E+01
    17.3500   -8.512022E-04  3.332942E-03  7.879807E+01
    17.4000   -1.692661E-03  3.185589E-03  7.910001E+01
    17.4500   -2.279081E-03  3.036212E-03  7.938884E+01
    17.5000   -2.607178E-03  2.892358E-03  7.966281E+01
    17.5500   -2.713087E-03  2.762625E-03  7.992095E+01
    17.6000   -2.652202E-03  2.655923E-03  8.016355E+01
    17.6500   -2.478246E-03  2.580220E-03  8.039269E+01
    17.7000   -2.227734E-03  2.540929E-03  8.061237E+01
    17.7500   -1.913763E-03  2.539475E-03  8.082788E+01
    17.8000   -1.529798E-03  2.572726E-03  8.104461E+01
    17.8500   -1.060961E-03  2.633629E-03  8.126678E+01
    17.9000   -4.982305E-04  2.712757E-03  8.149670E+01
    17.9500    1.496033E-04  2.800060E-03  8.173486E+01
    18.0000    8.511686E-04  2.885715E-03  8.198082E+01
    18.0500    1.553816E-03  2.961580E-03  8.223372E+01
    18.1000    2.188242E-03  3.023190E-03  8.249073E+01
    18.1500    2.687687E-03  3.066690E-03  8.274977E+01
    18.2000    2.999512E-03  3.090601E-03  8.300882E+01
    18.2500    3.095464E-03  3.095759E-03  8.326600E+01
    18.3000    2.975343E-03  3.085105E-03  8.351975E+01
    18.3500    2.663459E-03  3.063353E-03  8.376890E+01
    18.4000    2.199650E-03  3.036474E-03  8.401282E+01
    18.4500    1.628231E-03  3.010986E-03  8.425166E+01
    18.5000    9.886981E-04  2.993070E-03  8.448635E+01
    18.5500    3.111291E-04  2.987606E-03  8.471867E+01
    18.6000   -3.826358E-04  2.997327E-03  8.495101E+01
    18.6500   -1.073098E-03  3.022320E-03  8.518598E+01
    18.7000   -1.735333E-03  3.060015E-03  8.542598E+01
    18.7500   -2.332950E-03  3.105667E-03  8.567287E+01
    18.8000   -2.816863E-03  3.153156E-03  8.592774E+01
    18.8500   -3.130368E-03  3.195864E-03  8.619100E+01
    18.9000   -3.219871E-03  3.227471E-03  8.646244E+01
    18.9500   -3.048528E-03  3.242535E-03  8.674147E+01
    19.0000   -2.610486E-03  3.238214E-03  8.702698E+01
    19.0500   -1.937879E-03  3.215095E-03  8.731766E+01
    19.1000   -1.090176E-03  3.168876E-03  8.761339E+01
    19.1500   -1.590097E-04  3.099410E-03  8.791327E+01
    19.2000    7.493495E-04  3.007847E-03  8.821638E+01
    19.2500    1.531790E-03  2.896500E-03  8.852183E+01
    19.3000    2.105706E-03  2.768666E-03  8.882875E+01
    19.3500    2.421860E-03  2.628414E-03  8.913630E+01
    19.4000    2.469933E-03  2.480361E-03  8.944366E+01
    19.4500    2.275953E-03  2.329431E-03  8.975008E+01
    19.5000    1.892887E-03  2.180613E-03  9.005492E+01
    19.5500    1.387382E-03  2.038715E-03  9.035772E+01
    19.6000    8.263278E-04  1.908122E-03  9.065830E+01
    19.6500    2.665950E-04  1.792566E-03  9.095691E+01
    19.7000   -2.500492E-04  1.694917E-03  9.125426E+01
    19.7500   -6.965860E-04  1.617021E-03  9.155155E+01
    19.8000   -1.056411E-03  1.559615E-03  9.185035E+01
    19.8500   -1.317563E-03  1.522349E-03  9.215230E+01
    19.9000   -1.468245E-03  1.503905E-03  9.245878E+01
    19.9500   -1.495609E-03  1.502192E-03  9.277064E+01