# # tequil.ion_motion                                            FEFF 9.05   
# # POT  SCF  30  5.5000   1, core-hole, AFOLP (folp(0)= 1.150)
# # Abs   Z=30 Rmt= 1.328 Rnm= 1.434 K  shell
# # Pot 1 Z=26 Rmt= 1.253 Rnm= 1.378
# # Pot 2 Z= 8 Rmt= 0.991 Rnm= 1.098
# # Gam_ch=1.897E+00 H-L exch
# # Mu=-1.172E+01 kf=2.163E+00 Vint=-1.829E+01 Rs_int= 1.677
# # PATH  Rmax= 8.500,  Keep_limit= 0.00, Heap_limit 0.00  Pwcrit= 2.50%
#  S02=1.000                                        Global_sig2= 0.00000
#  Energy zero shift, vr, vi   -2.00000E+00   0.00000E+00
#  Curved wave amplitude ratio filter   4.000%
#     file         sig2 tot  cw amp ratio   deg  nlegs   reff  inp sig2
#           1       0.00000    100.00      1.00     2   1.9799
#           2       0.00000     96.40      1.00     2   2.0076
#           3       0.00000     94.00      1.00     2   2.0268
#           4       0.00000     65.99      1.00     2   2.3168
#           5       0.00000     62.11      1.00     2   2.3704
#           6       0.00000     60.06      1.00     2   2.4004
#           7       0.00000     32.09      1.00     2   3.0000
#           8       0.00000     31.07      1.00     2   3.0429
#           9       0.00000     30.63      1.00     2   3.0617
#          10       0.00000     29.68      1.00     2   3.1035
#          11       0.00000     29.38      1.00     2   3.1172
#          12       0.00000     25.50      1.00     2   3.2941
#          13       0.00000     24.60      1.00     2   3.3372
#          14       0.00000     24.27      1.00     2   3.3783
#          15       0.00000     23.66      1.00     2   3.4139
#          16       0.00000     22.93      1.00     2   3.4225
#          17       0.00000     22.30      1.00     2   3.4569
#          18       0.00000     14.20      2.00     3   3.5041
#          19       0.00000     15.80      2.00     3   3.5139
#          20       0.00000     20.77      1.00     2   3.5462
#          21       0.00000     11.42      2.00     3   3.5673
#          22       0.00000     21.16      1.00     2   3.5717
#          23       0.00000     20.29      1.00     2   3.5760
#          24       0.00000     11.00      2.00     3   3.5928
#          25       0.00000      8.94      2.00     3   3.6054
#          26       0.00000     10.90      2.00     3   3.6132
#          27       0.00000     20.51      1.00     2   3.6160
#          28       0.00000      7.06      2.00     3   3.6183
#          29       0.00000      9.60      2.00     3   3.6290
#          30       0.00000      9.55      2.00     3   3.6290
#          31       0.00000      8.21      2.00     3   3.6531
#          32       0.00000      9.94      2.00     3   3.6612
#          33       0.00000     10.27      2.00     3   3.6822
#          34       0.00000     15.17      2.00     3   3.7044
#          35       0.00000      8.76      2.00     3   3.7042
#          36       0.00000      8.39      2.00     3   3.7099
#          37       0.00000      8.43      2.00     3   3.7097
#          38       0.00000      7.67      2.00     3   3.7201
#          39       0.00000      7.65      2.00     3   3.7392
#          40       0.00000     14.36      2.00     3   3.7440
#          41       0.00000      7.39      2.00     3   3.7436
#          42       0.00000     18.22      1.00     2   3.7889
#          43       0.00000     15.94      2.00     3   3.8029
#          44       0.00000     16.79      2.00     3   3.8103
#          45       0.00000     16.90      1.00     2   3.8150
#          46       0.00000     17.51      1.00     2   3.8480
#          47       0.00000     17.45      1.00     2   3.8526
#          48       0.00000     16.21      1.00     2   3.8711
#          49       0.00000      5.59      1.00     4   3.9105
#          50       0.00000     15.66      1.00     2   3.9181
#          51       0.00000      5.66      1.00     4   3.9465
#          52       0.00000     10.13      2.00     3   3.9524
#          53       0.00000     10.48      1.00     4   3.9598
#          54       0.00000      5.08      2.00     4   3.9875
#          55       0.00000      6.34      1.00     4   4.0046
#          57       0.00000      9.71      1.00     4   4.0152
#          58       0.00000     15.61      1.00     2   4.0205
#          59       0.00000      4.14      1.00     4   4.0305
#          60       0.00000      9.77      2.00     3   4.0310
#          61       0.00000      5.27      1.00     4   4.0342
#          62       0.00000     13.81      2.00     3   4.0461
#          63       0.00000     13.98      2.00     3   4.0514
#          64       0.00000      9.21      1.00     4   4.0536
#          66       0.00000      8.47      2.00     3   4.0898
#          67       0.00000      4.46      1.00     4   4.1230
#          68       0.00000      9.15      2.00     3   4.1377
#          69       0.00000      8.16      2.00     3   4.1546
#          70       0.00000     14.57      2.00     3   4.1679
#          71       0.00000      4.19      1.00     4   4.2109
#          72       0.00000      4.54      1.00     4   4.2189
#          73       0.00000      7.46      2.00     3   4.2214
#          74       0.00000     12.57      1.00     2   4.2277
#          75       0.00000     20.00      2.00     3   4.2302
#          76       0.00000     10.00      2.00     3   4.2436
#          77       0.00000      5.04      1.00     4   4.2442
#          78       0.00000      4.81      1.00     4   4.2502
#          79       0.00000      7.02      2.00     3   4.2936
#          80       0.00000     17.20      2.00     4   4.2967
#          81       0.00000      6.45      1.00     4   4.3154
#          82       0.00000     18.94      2.00     3   4.3190
#          83       0.00000      6.86      2.00     3   4.3193
#          84       0.00000     11.75      1.00     2   4.3264
#          85       0.00000      8.77      2.00     3   4.3354
#          86       0.00000     17.59      2.00     3   4.3579
#          87       0.00000     11.38      1.00     2   4.3745
#          88       0.00000     16.42      2.00     4   4.3779
#          89       0.00000      7.79      2.00     3   4.4188
#          90       0.00000     11.02      1.00     2   4.4225
#          91       0.00000     14.65      2.00     4   4.4272
#          92       0.00000     10.78      1.00     2   4.4554
#          93       0.00000     10.57      1.00     2   4.4847
#          94       0.00000     10.54      1.00     2   4.4895
#          95       0.00000     22.20      2.00     3   4.5038
#          96       0.00000     10.39      1.00     2   4.5105
#          97       0.00000     10.36      1.00     2   4.5150
#          98       0.00000     14.72      2.00     3   4.5192
#          99       0.00000     10.24      1.00     2   4.5332
#         100       0.00000     23.23      2.00     3   4.5462
#         101       0.00000     18.48      2.00     3   4.5711
#         102       0.00000     13.56      1.00     4   4.5851
#         103       0.00000      4.61      2.00     3   4.5944
#         104       0.00000      4.91      2.00     3   4.6052
#         105       0.00000      5.28      2.00     3   4.6077
#         106       0.00000     14.71      1.00     4   4.6077
#         107       0.00000      5.02      2.00     3   4.6220
#         108       0.00000      4.47      1.00     4   4.6336
#         109       0.00000      9.58      1.00     2   4.6363
#         110       0.00000      5.02      2.00     3   4.6438
#         111       0.00000      7.27      2.00     3   4.6564
#         112       0.00000     16.44      2.00     3   4.6619
#         114       0.00000     14.19      2.00     3   4.6787
#         115       0.00000      4.57      2.00     3   4.6800
#         116       0.00000      9.28      1.00     2   4.6845
#         117       0.00000     10.55      1.00     4   4.6868
#         118       0.00000      6.63      2.00     3   4.6927
#         119       0.00000      9.23      1.00     2   4.6933
#         120       0.00000      7.34      1.00     4   4.7119
#         121       0.00000      9.11      1.00     2   4.7137
#         122       0.00000     12.49      2.00     3   4.7146
#         123       0.00000      8.97      1.00     2   4.7386
#         125       0.00000      8.93      1.00     2   4.7452
#         127       0.00000      6.98      2.00     3   4.7817
#         129       0.00000      9.09      1.00     4   4.7905
#         132       0.00000     11.88      2.00     3   4.8265
#         133       0.00000      6.19      2.00     3   4.8270
#         134       0.00000      5.56      2.00     3   4.8286
#         135       0.00000      5.77      2.00     3   4.8311
#         136       0.00000      8.46      1.00     2   4.8323
#         137       0.00000      7.33      1.00     4   4.8470
#         138       0.00000      8.37      1.00     2   4.8481
#         139       0.00000     12.95      2.00     3   4.8514
#         140       0.00000      6.62      2.00     3   4.8883
#         141       0.00000      4.17      2.00     3   4.8998
#         142       0.00000      6.31      2.00     3   4.9056
#         143       0.00000      6.10      1.00     4   4.9142
#         145       0.00000      7.08      2.00     3   4.9215
#         146       0.00000      8.89      1.00     2   4.9364
#         147       0.00000      8.82      1.00     2   4.9497
#         148       0.00000      4.28      2.00     3   4.9544
#         149       0.00000      6.61      2.00     3   4.9640
#         150       0.00000      7.87      2.00     3   4.9833
#         151       0.00000      7.48      2.00     3   4.9897
#         152       0.00000      6.73      1.00     4   5.0094
#         153       0.00000      7.73      2.00     3   5.0118
#         154       0.00000      5.85      1.00     4   5.0166
#         155       0.00000      4.61      2.00     4   5.0267
#         156       0.00000      8.42      1.00     2   5.0296
#         157       0.00000      7.86      2.00     3   5.0320
#         158       0.00000      7.19      2.00     3   5.0547
#         159       0.00000      8.97      2.00     3   5.0623
#         160       0.00000     10.32      2.00     3   5.0657
#         161       0.00000      5.33      2.00     4   5.0693
#         162       0.00000      8.84      2.00     3   5.0794
#         163       0.00000      4.22      2.00     4   5.0834
#         167       0.00000      7.15      2.00     3   5.0999
#         168       0.00000      7.09      1.00     2   5.1217
#         169       0.00000     11.44      2.00     3   5.1222
#         172       0.00000      7.82      1.00     2   5.1612
#         173       0.00000      6.91      1.00     2   5.1644
#         174       0.00000      6.88      1.00     2   5.1707
#         175       0.00000     17.04      2.00     3   5.1704
#         177       0.00000     10.73      1.00     4   5.1763
#         178       0.00000     16.91      2.00     3   5.1776
#         179       0.00000      4.06      2.00     3   5.1821
#         180       0.00000      5.07      1.00     4   5.1817
#         181       0.00000     10.62      1.00     4   5.1845
#         183       0.00000      5.16      2.00     3   5.1949
#         184       0.00000      4.44      2.00     4   5.2064
#         185       0.00000      5.72      1.00     4   5.2148
#         186       0.00000      7.99      2.00     3   5.2195
#         187       0.00000      7.51      1.00     2   5.2342
#         188       0.00000      4.26      2.00     3   5.2507
#         189       0.00000      7.39      1.00     2   5.2632
#         191       0.00000      7.38      1.00     2   5.2651
#         195       0.00000      4.01      1.00     4   5.2923
#         199       0.00000      5.59      2.00     4   5.3209
#         201       0.00000      7.13      1.00     2   5.3281
#         202       0.00000      7.52      2.00     3   5.3341
#         203       0.00000      6.25      1.00     2   5.3348
#         204       0.00000      6.22      1.00     2   5.3432
#         205       0.00000      6.22      1.00     2   5.3435
#         206       0.00000      5.43      2.00     3   5.3472
#         208       0.00000      5.56      2.00     3   5.3562
#         209       0.00000     14.45      2.00     3   5.3574
#         210       0.00000      6.99      2.00     3   5.3661
#         213       0.00000      8.71      1.00     4   5.3716
#         214       0.00000      6.92      1.00     2   5.3835
#         215       0.00000      7.32      2.00     3   5.3872
#         218       0.00000      4.93      2.00     3   5.4009
#         219       0.00000      7.44      2.00     3   5.4048
#         220       0.00000      5.21      2.00     3   5.4052
#         222       0.00000      5.32      2.00     4   5.4301
#         224       0.00000      5.89      1.00     2   5.4362
#         225       0.00000      5.86      1.00     2   5.4461
#         226       0.00000      7.07      2.00     3   5.4672
#         227       0.00000      5.85      2.00     3   5.4822
#         230       0.00000      5.72      1.00     2   5.4895
#         231       0.00000      5.70      1.00     2   5.4952
#         233       0.00000      5.46      2.00     3   5.5057
#         234       0.00000      4.79      2.00     3   5.5098
#         237       0.00000      5.46      2.00     3   5.5464
#         240       0.00000      5.09      2.00     4   5.5558
#         243       0.00000      5.47      2.00     3   5.5770
#         246       0.00000      6.14      1.00     2   5.6070
#         248       0.00000      5.33      1.00     2   5.6133
#         249       0.00000      5.27      1.00     2   5.6317
#         255       0.00000      4.65      2.00     3   5.6618
#         257       0.00000      5.94      1.00     2   5.6691
#         258       0.00000      4.30      2.00     3   5.6733
#         260       0.00000      4.70      2.00     3   5.6860
#         261       0.00000      4.32      2.00     3   5.6909
#         262       0.00000      5.51      2.00     3   5.7051
#         265       0.00000      4.18      2.00     3   5.7120
#         266       0.00000      4.06      2.00     3   5.7161
#         267       0.00000      5.11      2.00     3   5.7199
#         268       0.00000      4.87      2.00     3   5.7210
#         269       0.00000      4.46      2.00     3   5.7283
#         270       0.00000      5.75      1.00     2   5.7299
#         275       0.00000      5.25      2.00     3   5.7746
#         278       0.00000      5.58      1.00     2   5.7887
#         281       0.00000      4.48      2.00     3   5.7968
#         282       0.00000      4.80      1.00     2   5.8002
#         283       0.00000      5.55      2.00     3   5.8168
#         290       0.00000      5.46      1.00     2   5.8309
#         291       0.00000      4.82      2.00     3   5.8319
#         292       0.00000      5.57      2.00     3   5.8546
#         294       0.00000      4.66      1.00     2   5.8580
#         298       0.00000      5.59      2.00     3   5.8713
#         299       0.00000      5.34      1.00     2   5.8760
#         302       0.00000      5.33      1.00     2   5.8788
#         305       0.00000      4.38      2.00     3   5.8989
#         306       0.00000      7.84      2.00     3   5.8997
#         311       0.00000      9.31      2.00     3   5.9104
#         312       0.00000      4.03      2.00     3   5.9135
#         315       0.00000      4.50      1.00     4   5.9419
#   235/ 299 paths used
#  -----------------------------------------------------------------------
#       k          chi          mag           phase @#
    -0.7000   -4.829754E-01  4.832530E-01 -1.604692E+00
    -0.6500   -4.675663E-01  4.675953E-01 -1.559658E+00
    -0.6000   -4.554167E-01  4.560042E-01 -1.520029E+00
    -0.5500   -4.455458E-01  4.472636E-01 -1.483124E+00
    -0.5000   -4.381159E-01  4.412700E-01 -1.451162E+00
    -0.4500   -4.324384E-01  4.372528E-01 -1.422263E+00
    -0.4000   -4.282209E-01  4.347496E-01 -1.397274E+00
    -0.3500   -4.252526E-01  4.336414E-01 -1.373780E+00
    -0.3000   -4.230360E-01  4.332113E-01 -1.353629E+00
    -0.2500   -4.213487E-01  4.331690E-01 -1.336647E+00
    -0.2000   -4.200615E-01  4.333227E-01 -1.322760E+00
    -0.1500   -4.193397E-01  4.338597E-01 -1.311353E+00
    -0.1000   -4.189134E-01  4.343977E-01 -1.302993E+00
    -0.0500   -4.186636E-01  4.347450E-01 -1.297957E+00
     0.0000   -4.185812E-01  4.348646E-01 -1.296276E+00
     0.0500   -4.184990E-01  4.349861E-01 -1.294592E+00
     0.1000   -4.182543E-01  4.353617E-01 -1.289532E+00
     0.1500   -4.178495E-01  4.360229E-01 -1.281063E+00
     0.2000   -4.172822E-01  4.370166E-01 -1.269131E+00
     0.2500   -4.165357E-01  4.383981E-01 -1.253657E+00
     0.3000   -4.155678E-01  4.402225E-01 -1.234535E+00
     0.3500   -4.144817E-01  4.427952E-01 -1.211252E+00
     0.4000   -4.136541E-01  4.469615E-01 -1.182302E+00
     0.4500   -4.122010E-01  4.518673E-01 -1.148663E+00
     0.5000   -4.097880E-01  4.574800E-01 -1.110117E+00
     0.5500   -4.063734E-01  4.643965E-01 -1.065553E+00
     0.6000   -4.016837E-01  4.733686E-01 -1.013266E+00
     0.6500   -3.941418E-01  4.828847E-01 -9.548437E-01
     0.7000   -3.830705E-01  4.932430E-01 -8.893086E-01
     0.7500   -3.674565E-01  5.055708E-01 -8.136734E-01
     0.8000   -3.458266E-01  5.177662E-01 -7.314108E-01
     0.8500   -3.172370E-01  5.306869E-01 -6.407362E-01
     0.9000   -2.803085E-01  5.442859E-01 -5.410103E-01
     0.9500   -2.346915E-01  5.568192E-01 -4.350835E-01
     1.0000   -1.786839E-01  5.698863E-01 -3.189219E-01
     1.0500   -1.134999E-01  5.814746E-01 -1.964544E-01
     1.1000   -3.956665E-02  5.918325E-01 -6.690438E-02
     1.1500    4.218469E-02  6.009551E-01  7.025386E-02
     1.2000    1.278105E-01  6.075316E-01  2.119604E-01
     1.2500    2.169575E-01  6.128490E-01  3.618603E-01
     1.3000    3.031387E-01  6.151111E-01  5.153270E-01
     1.3500    3.844063E-01  6.152418E-01  6.748820E-01
     1.4000    4.553612E-01  6.124505E-01  8.382994E-01
     1.4500    5.126468E-01  6.069321E-01  1.005916E+00
     1.5000    5.530229E-01  5.987041E-01  1.177628E+00
     1.5500    5.734731E-01  5.874948E-01  1.351879E+00
     1.6000    5.733622E-01  5.738333E-01  1.530273E+00
     1.6500    5.518852E-01  5.572561E-01  1.709747E+00
     1.7000    5.107541E-01  5.385486E-01  1.893473E+00
     1.7500    4.523399E-01  5.173085E-01  2.077373E+00
     1.8000    3.800198E-01  4.941580E-01  2.264278E+00
     1.8500    2.988037E-01  4.690969E-01  2.451023E+00
     1.9000    2.120812E-01  4.424072E-01  2.641645E+00
     1.9500    1.260362E-01  4.143215E-01  2.832495E+00
     2.0000    4.632303E-02  3.853192E-01  3.021081E+00
     2.0500   -2.322295E-02  3.558715E-01  3.206896E+00
     2.1000   -7.926955E-02  3.253654E-01  3.387702E+00
     2.1500   -1.200137E-01  2.943530E-01  3.561549E+00
     2.2000   -1.468211E-01  2.646352E-01  3.729722E+00
     2.2500   -1.612778E-01  2.365024E-01  3.891989E+00
     2.3000   -1.650130E-01  2.095386E-01  4.048345E+00
     2.3500   -1.584679E-01  1.823024E-01  4.195293E+00
     2.4000   -1.456408E-01  1.571729E-01  4.326935E+00
     2.4500   -1.299924E-01  1.349094E-01  4.441574E+00
     2.5000   -1.140411E-01  1.157707E-01  4.539312E+00
     2.5500   -1.014386E-01  1.020118E-01  4.606332E+00
     2.6000   -9.087906E-02  9.106929E-02  4.647742E+00
     2.6500   -8.337835E-02  8.346331E-02  4.667263E+00
     2.7000   -7.933563E-02  7.938000E-02  4.678953E+00
     2.7500   -7.799041E-02  7.799444E-02  4.722560E+00
     2.8000   -7.789535E-02  7.807726E-02  4.780666E+00
     2.8500   -7.840475E-02  7.919757E-02  4.854004E+00
     2.9000   -7.882947E-02  8.098697E-02  4.943729E+00
     2.9500   -7.809865E-02  8.269136E-02  5.047239E+00
     3.0000   -7.598005E-02  8.444034E-02  5.163857E+00
     3.0500   -7.207147E-02  8.619128E-02  5.292904E+00
     3.1000   -6.595854E-02  8.780766E-02  5.433352E+00
     3.1500   -5.743965E-02  8.902346E-02  5.581875E+00
     3.2000   -4.650258E-02  8.988674E-02  5.739438E+00
     3.2500   -3.321962E-02  9.028517E-02  5.906392E+00
     3.3000   -1.809304E-02  9.007428E-02  6.080941E+00
     3.3500   -2.024253E-03  8.926955E-02  6.260508E+00
     3.4000    1.415277E-02  8.795294E-02  6.444801E+00
     3.4500    2.959934E-02  8.608323E-02  6.634194E+00
     3.5000    4.337096E-02  8.363619E-02  6.828359E+00
     3.5500    5.453438E-02  8.054578E-02  7.026947E+00
     3.6000    6.228400E-02  7.682757E-02  7.228530E+00
     3.6500    6.620343E-02  7.256701E-02  7.432069E+00
     3.7000    6.621295E-02  6.780518E-02  7.636842E+00
     3.7500    6.250692E-02  6.251184E-02  7.841439E+00
     3.8000    5.572446E-02  5.674337E-02  8.043773E+00
     3.8500    4.696374E-02  5.074588E-02  8.242506E+00
     3.9000    3.732962E-02  4.464344E-02  8.434511E+00
     3.9500    2.790400E-02  3.854480E-02  8.615286E+00
     4.0000    1.962680E-02  3.255479E-02  8.777666E+00
     4.0500    1.322188E-02  2.699234E-02  8.912874E+00
     4.1000    8.935912E-03  2.209270E-02  9.008375E+00
     4.1500    6.676266E-03  1.809835E-02  9.046965E+00
     4.2000    6.133300E-03  1.532497E-02  9.013025E+00
     4.2500    6.527567E-03  1.412773E-02  8.944485E+00
     4.3000    7.068068E-03  1.422544E-02  8.904800E+00
     4.3500    7.151013E-03  1.501432E-02  8.928360E+00
     4.4000    6.555919E-03  1.606786E-02  9.004500E+00
     4.4500    4.789242E-03  1.685798E-02  9.136717E+00
     4.5000    2.006231E-03  1.711477E-02  9.307286E+00
     4.5500   -1.298716E-03  1.674682E-02  9.502406E+00
     4.6000   -4.459463E-03  1.591564E-02  9.708774E+00
     4.6500   -6.960977E-03  1.440182E-02  9.929244E+00
     4.7000   -8.200357E-03  1.222550E-02  1.016001E+01
     4.7500   -7.821108E-03  9.463417E-03  1.039756E+01
     4.8000   -5.943496E-03  6.365258E-03  1.062950E+01
     4.8500   -2.788919E-03  2.816556E-03  1.085537E+01
     4.9000    1.068738E-03  1.088877E-03  8.046608E+00
     4.9500    4.843797E-03  5.229731E-03  8.240562E+00
     5.0000    7.582246E-03  9.418758E-03  8.489076E+00
     5.0500    8.687710E-03  1.366879E-02  8.736009E+00
     5.1000    7.656543E-03  1.787385E-02  8.982095E+00
     5.1500    4.311806E-03  2.193706E-02  9.226936E+00
     5.2000   -1.245052E-03  2.576049E-02  9.473129E+00
     5.2500   -8.434272E-03  2.932174E-02  9.716546E+00
     5.3000   -1.652389E-02  3.256699E-02  9.956921E+00
     5.3500   -2.466260E-02  3.546054E-02  1.019389E+01
     5.4000   -3.206370E-02  3.798706E-02  1.042960E+01
     5.4500   -3.793410E-02  4.016153E-02  1.066096E+01
     5.5000   -4.175956E-02  4.200386E-02  1.088767E+01
     5.5500   -4.326846E-02  4.355136E-02  1.110962E+01
     5.6000   -4.241696E-02  4.488152E-02  1.132851E+01
     5.6500   -3.930948E-02  4.603663E-02  1.154299E+01
     5.7000   -3.418812E-02  4.707821E-02  1.175359E+01
     5.7500   -2.734090E-02  4.806588E-02  1.196130E+01
     5.8000   -1.902253E-02  4.906360E-02  1.216822E+01
     5.8500   -9.540634E-03  5.009543E-02  1.237475E+01
     5.9000    8.124468E-04  5.117103E-02  1.258225E+01
     5.9500    1.169979E-02  5.227891E-02  1.279208E+01
     6.0000    2.274466E-02  5.340299E-02  1.300633E+01
     6.0500    3.333332E-02  5.449281E-02  1.322458E+01
     6.1000    4.279653E-02  5.548982E-02  1.344717E+01
     6.1500    5.040512E-02  5.633220E-02  1.367432E+01
     6.2000    5.544372E-02  5.695957E-02  1.390595E+01
     6.2500    5.731796E-02  5.731857E-02  1.414179E+01
     6.3000    5.566405E-02  5.736704E-02  1.438144E+01
     6.3500    5.043500E-02  5.707689E-02  1.462440E+01
     6.4000    4.194201E-02  5.643565E-02  1.487015E+01
     6.4500    3.083879E-02  5.544677E-02  1.511817E+01
     6.5000    1.810807E-02  5.420631E-02  1.536736E+01
     6.5500    4.786273E-03  5.267921E-02  1.561698E+01
     6.6000   -8.045141E-03  5.088928E-02  1.586672E+01
     6.6500   -1.941356E-02  4.888679E-02  1.611633E+01
     6.7000   -2.856685E-02  4.672564E-02  1.636576E+01
     6.7500   -3.502470E-02  4.445953E-02  1.661517E+01
     6.8000   -3.858257E-02  4.213823E-02  1.686501E+01
     6.8500   -3.927839E-02  3.980454E-02  1.711599E+01
     6.9000   -3.733923E-02  3.749222E-02  1.736913E+01
     6.9500   -3.312588E-02  3.522528E-02  1.762575E+01
     7.0000   -2.713901E-02  3.302812E-02  1.788518E+01
     7.0500   -1.989005E-02  3.088074E-02  1.814972E+01
     7.1000   -1.193592E-02  2.877860E-02  1.842189E+01
     7.1500   -3.881878E-03  2.672318E-02  1.870378E+01
     7.2000    3.647843E-03  2.472092E-02  1.899766E+01
     7.2500    1.004329E-02  2.278792E-02  1.930597E+01
     7.3000    1.476155E-02  2.095394E-02  1.963124E+01
     7.3500    1.739286E-02  1.926475E-02  1.997587E+01
     7.4000    1.772629E-02  1.778154E-02  2.034150E+01
     7.4500    1.579743E-02  1.657538E-02  2.072794E+01
     7.5000    1.185535E-02  1.565020E-02  2.113164E+01
     7.5500    6.468043E-03  1.508468E-02  2.154800E+01
     7.6000    3.537787E-04  1.492703E-02  2.196745E+01
     7.6500   -5.727130E-03  1.515243E-02  2.237875E+01
     7.7000   -1.105832E-02  1.569534E-02  2.277295E+01
     7.7500   -1.506174E-02  1.647129E-02  2.314523E+01
     7.8000   -1.735996E-02  1.739946E-02  2.349455E+01
     7.8500   -1.779627E-02  1.841672E-02  2.382226E+01
     7.9000   -1.641386E-02  1.948232E-02  2.413083E+01
     7.9500   -1.340604E-02  2.057636E-02  2.442315E+01
     8.0000   -9.010485E-03  2.170580E-02  2.470467E+01
     8.0500   -3.546484E-03  2.288386E-02  2.497714E+01
     8.1000    2.629361E-03  2.411407E-02  2.524200E+01
     8.1500    9.164043E-03  2.539963E-02  2.550186E+01
     8.2000    1.567258E-02  2.673594E-02  2.575910E+01
     8.2500    2.171722E-02  2.810765E-02  2.601574E+01
     8.3000    2.680113E-02  2.948774E-02  2.627336E+01
     8.3500    3.039166E-02  3.083859E-02  2.653308E+01
     8.4000    3.197861E-02  3.211454E-02  2.679557E+01
     8.4500    3.116118E-02  3.326522E-02  2.706111E+01
     8.5000    2.773056E-02  3.423540E-02  2.733019E+01
     8.5500    2.178654E-02  3.498691E-02  2.760214E+01
     8.6000    1.375928E-02  3.548087E-02  2.787610E+01
     8.6500    4.374897E-03  3.568166E-02  2.815142E+01
     8.7000   -5.419054E-03  3.556380E-02  2.842731E+01
     8.7500   -1.459011E-02  3.511375E-02  2.870284E+01
     8.8000   -2.218493E-02  3.433126E-02  2.897693E+01
     8.8500   -2.748599E-02  3.323025E-02  2.924833E+01
     8.9000   -3.012580E-02  3.183938E-02  2.951556E+01
     8.9500   -3.013199E-02  3.020232E-02  2.977688E+01
     9.0000   -2.791870E-02  2.840524E-02  3.003048E+01
     9.0500   -2.411468E-02  2.651531E-02  3.027394E+01
     9.1000   -1.944151E-02  2.459931E-02  3.050458E+01
     9.1500   -1.458631E-02  2.275474E-02  3.072010E+01
     9.2000   -1.005278E-02  2.108572E-02  3.091896E+01
     9.2500   -6.089721E-03  1.969285E-02  3.110154E+01
     9.3000   -2.691730E-03  1.865637E-02  3.127114E+01
     9.3500    3.330486E-04  1.801581E-02  3.143441E+01
     9.4000    3.250353E-03  1.775519E-02  3.160003E+01
     9.4500    6.275685E-03  1.780464E-02  3.177614E+01
     9.5000    9.498449E-03  1.808930E-02  3.196874E+01
     9.5500    1.278847E-02  1.848903E-02  3.217974E+01
     9.6000    1.580297E-02  1.887628E-02  3.240805E+01
     9.6500    1.810218E-02  1.916803E-02  3.265167E+01
     9.7000    1.924466E-02  1.930422E-02  3.290815E+01
     9.7500    1.890651E-02  1.924664E-02  3.317500E+01
     9.8000    1.697626E-02  1.897628E-02  3.344997E+01
     9.8500    1.360014E-02  1.849038E-02  3.373108E+01
     9.9000    9.166315E-03  1.779951E-02  3.401654E+01
     9.9500    4.232751E-03  1.692500E-02  3.430475E+01
    10.0000   -5.990043E-04  1.593162E-02  3.459513E+01
    10.0500   -4.788805E-03  1.484618E-02  3.488595E+01
    10.1000   -7.914755E-03  1.367438E-02  3.517478E+01
    10.1500   -9.777477E-03  1.245798E-02  3.545995E+01
    10.2000   -1.040188E-02  1.123992E-02  3.573972E+01
    10.2500   -9.995063E-03  1.006274E-02  3.601227E+01
    10.3000   -8.869230E-03  8.966843E-03  3.627600E+01
    10.3500   -7.352814E-03  7.988541E-03  3.652996E+01
    10.4000   -5.713885E-03  7.157434E-03  3.677462E+01
    10.4500   -4.114561E-03  6.493218E-03  3.701282E+01
    10.5000   -2.604868E-03  6.002661E-03  3.725024E+01
    10.5500   -1.152808E-03  5.678637E-03  3.749468E+01
    10.6000    3.025352E-04  5.503025E-03  3.775412E+01
    10.6500    1.793600E-03  5.453046E-03  3.803427E+01
    10.7000    3.281270E-03  5.507954E-03  3.833729E+01
    10.7500    4.639413E-03  5.652818E-03  3.866179E+01
    10.8000    5.671565E-03  5.878459E-03  3.900381E+01
    10.8500    6.154806E-03  6.178794E-03  3.935805E+01
    10.9000    5.898274E-03  6.547604E-03  3.971903E+01
    10.9500    4.800059E-03  6.976227E-03  4.008189E+01
    11.0000    2.877822E-03  7.458639E-03  4.044459E+01
    11.0500    2.865876E-04  7.982768E-03  4.080480E+01
    11.1000   -2.669443E-03  8.527977E-03  4.115908E+01
    11.1500   -5.608722E-03  9.079192E-03  4.150659E+01
    11.2000   -8.129588E-03  9.622163E-03  4.184705E+01
    11.2500   -9.875006E-03  1.014440E-02  4.218053E+01
    11.3000   -1.058696E-02  1.063575E-02  4.250732E+01
    11.3500   -1.014127E-02  1.108859E-02  4.282786E+01
    11.4000   -8.559039E-03  1.149778E-02  4.314265E+01
    11.4500   -5.996117E-03  1.186030E-02  4.345226E+01
    11.5000   -2.716063E-03  1.217473E-02  4.375731E+01
    11.5500    9.464205E-04  1.244071E-02  4.405845E+01
    11.6000    4.624892E-03  1.265825E-02  4.435632E+01
    11.6500    7.958651E-03  1.282724E-02  4.465161E+01
    11.7000    1.062579E-02  1.294701E-02  4.494496E+01
    11.7500    1.237106E-02  1.301611E-02  4.523695E+01
    11.8000    1.302826E-02  1.303233E-02  4.552812E+01
    11.8500    1.253667E-02  1.299288E-02  4.581887E+01
    11.9000    1.094951E-02  1.289480E-02  4.610953E+01
    11.9500    8.432171E-03  1.273541E-02  4.640027E+01
    12.0000    5.248171E-03  1.253075E-02  4.669174E+01
    12.0500    1.713005E-03  1.228555E-02  4.698400E+01
    12.1000   -1.815191E-03  1.197777E-02  4.727602E+01
    12.1500   -4.982729E-03  1.161025E-02  4.756746E+01
    12.2000   -7.494084E-03  1.118829E-02  4.785785E+01
    12.2500   -9.149663E-03  1.071968E-02  4.814663E+01
    12.3000   -9.867406E-03  1.021474E-02  4.843316E+01
    12.3500   -9.683711E-03  9.686072E-03  4.871677E+01
    12.4000   -8.733810E-03  9.148154E-03  4.899681E+01
    12.4500   -7.216557E-03  8.616741E-03  4.927278E+01
    12.5000   -5.352388E-03  8.108005E-03  4.954448E+01
    12.5500   -3.344733E-03  7.637424E-03  4.981218E+01
    12.6000   -1.353836E-03  7.218467E-03  5.007681E+01
    12.6500    5.118615E-04  6.861201E-03  5.034015E+01
    12.7000    2.186880E-03  6.571136E-03  5.060475E+01
    12.7500    3.627834E-03  6.348653E-03  5.087373E+01
    12.8000    4.789518E-03  6.189356E-03  5.115035E+01
    12.8500    5.607869E-03  6.085315E-03  5.143751E+01
    12.9000    5.997445E-03  6.026886E-03  5.173739E+01
    12.9500    5.866350E-03  6.004531E-03  5.205123E+01
    13.0000    5.150806E-03  6.019470E-03  5.238019E+01
    13.0500    3.831151E-03  6.070839E-03  5.272414E+01
    13.1000    1.969731E-03  6.141501E-03  5.308058E+01
    13.1500   -2.539115E-04  6.229162E-03  5.344785E+01
    13.2000   -2.563790E-03  6.332020E-03  5.382394E+01
    13.2500   -4.623597E-03  6.447818E-03  5.420668E+01
    13.3000   -6.094452E-03  6.573068E-03  5.459390E+01
    13.3500   -6.702481E-03  6.702591E-03  5.498359E+01
    13.4000   -6.300577E-03  6.829435E-03  5.537400E+01
    13.4500   -4.908820E-03  6.945159E-03  5.576371E+01
    13.5000   -2.722256E-03  7.040370E-03  5.615166E+01
    13.5500   -8.206669E-05  7.105394E-03  5.653712E+01
    13.6000    2.585143E-03  7.130977E-03  5.691964E+01
    13.6500    4.847441E-03  7.108927E-03  5.729900E+01
    13.7000    6.349720E-03  7.032638E-03  5.767512E+01
    13.7500    6.879901E-03  6.897482E-03  5.804805E+01
    13.8000    6.404870E-03  6.701068E-03  5.841790E+01
    13.8500    5.068966E-03  6.443353E-03  5.878482E+01
    13.9000    3.156538E-03  6.126649E-03  5.914900E+01
    13.9500    1.028207E-03  5.755501E-03  5.951065E+01
    14.0000   -9.508702E-04  5.341571E-03  5.986923E+01
    14.0500   -2.490404E-03  4.895269E-03  6.022398E+01
    14.1000   -3.420624E-03  4.416869E-03  6.057610E+01
    14.1500   -3.698575E-03  3.916655E-03  6.092578E+01
    14.2000   -3.405360E-03  3.405616E-03  6.127334E+01
    14.2500   -2.711196E-03  2.895037E-03  6.161935E+01
    14.3000   -1.826701E-03  2.396103E-03  6.196490E+01
    14.3500   -9.532022E-04  1.919541E-03  6.231220E+01
    14.4000   -2.435781E-04  1.475373E-03  6.266600E+01
    14.4500    2.188566E-04  1.072999E-03  6.303726E+01
    14.5000    4.213782E-04  7.224334E-04  6.345461E+01
    14.5500    4.060649E-04  4.405934E-04  6.400412E+01
    14.6000    2.443117E-04  2.787701E-04  6.490513E+01
    14.6500    1.025966E-05  3.107069E-04  6.594042E+01
    14.7000   -2.392693E-04  4.422970E-04  6.654504E+01
    14.7500   -4.737275E-04  5.870786E-04  6.691237E+01
    14.8000   -6.860209E-04  7.333355E-04  6.718306E+01
    14.8500   -8.809294E-04  8.888253E-04  6.741085E+01
    14.9000   -1.060200E-03  1.063514E-03  6.762321E+01
    14.9500   -1.210303E-03  1.263926E-03  6.783658E+01
    15.0000   -1.295661E-03  1.490472E-03  6.806126E+01
    15.0500   -1.265055E-03  1.738999E-03  6.830042E+01
    15.1000   -1.071311E-03  2.005387E-03  6.855146E+01
    15.1500   -6.780927E-04  2.282063E-03  6.881334E+01
    15.2000   -7.861996E-05  2.560738E-03  6.908433E+01
    15.2500    6.941439E-04  2.833163E-03  6.936256E+01
    15.3000    1.566373E-03  3.091628E-03  6.964633E+01
    15.3500    2.432215E-03  3.329299E-03  6.993416E+01
    15.4000    3.170835E-03  3.540445E-03  7.022482E+01
    15.4500    3.667850E-03  3.720566E-03  7.051730E+01
    15.5000    3.836335E-03  3.866462E-03  7.081075E+01
    15.5500    3.632827E-03  3.976240E-03  7.110450E+01
    15.6000    3.065128E-03  4.049271E-03  7.139799E+01
    15.6500    2.190695E-03  4.086091E-03  7.169078E+01
    15.7000    1.106539E-03  4.088273E-03  7.198255E+01
    15.7500   -6.674712E-05  4.058252E-03  7.227308E+01
    15.8000   -1.203315E-03  3.999130E-03  7.256226E+01
    15.8500   -2.189191E-03  3.914459E-03  7.285012E+01
    15.9000   -2.935458E-03  3.808016E-03  7.313683E+01
    15.9500   -3.385989E-03  3.683580E-03  7.342270E+01
    16.0000   -3.521044E-03  3.546337E-03  7.370792E+01
    16.0500   -3.354659E-03  3.401248E-03  7.399313E+01
    16.1000   -2.920028E-03  3.247279E-03  7.428023E+01
    16.1500   -2.272599E-03  3.085994E-03  7.457045E+01
    16.2000   -1.482994E-03  2.918583E-03  7.486522E+01
    16.2500   -6.315324E-04  2.746077E-03  7.516617E+01
    16.3000    1.976110E-04  2.569620E-03  7.547520E+01
    16.3500    9.229402E-04  2.390787E-03  7.579456E+01
    16.4000    1.472924E-03  2.211951E-03  7.612691E+01
    16.4500    1.793585E-03  2.036668E-03  7.647545E+01
    16.5000    1.855446E-03  1.870092E-03  7.684379E+01
    16.5500    1.658598E-03  1.719320E-03  7.723558E+01
    16.6000    1.234620E-03  1.593439E-03  7.765339E+01
    16.6500    6.444945E-04  1.502771E-03  7.809657E+01
    16.7000   -2.777965E-05  1.456775E-03  7.855889E+01
    16.7500   -6.853676E-04  1.460801E-03  7.902817E+01
    16.8000   -1.231347E-03  1.513564E-03  7.949003E+01
    16.8500   -1.582246E-03  1.607414E-03  7.993342E+01
    16.9000   -1.680324E-03  1.731103E-03  8.035342E+01
    16.9500   -1.502614E-03  1.872786E-03  8.075020E+01
    17.0000   -1.064608E-03  2.023102E-03  8.112725E+01
    17.0500   -4.161980E-04  2.174493E-03  8.148882E+01
    17.1000    3.575508E-04  2.316432E-03  8.183638E+01
    17.1500    1.151989E-03  2.442928E-03  8.217247E+01
    17.2000    1.859610E-03  2.549236E-03  8.249897E+01
    17.2500    2.386603E-03  2.631707E-03  8.281719E+01
    17.3000    2.666998E-03  2.687711E-03  8.312798E+01
    17.3500    2.671961E-03  2.715600E-03  8.343172E+01
    17.4000    2.412623E-03  2.714716E-03  8.372846E+01
    17.4500    1.936044E-03  2.685441E-03  8.401784E+01
    17.5000    1.315156E-03  2.629261E-03  8.429917E+01
    17.5500    6.346881E-04  2.548868E-03  8.457135E+01
    17.6000   -2.413692E-05  2.448281E-03  8.483286E+01
    17.6500   -5.971123E-04  2.332991E-03  8.508182E+01
    17.7000   -1.046115E-03  2.210082E-03  8.531608E+01
    17.7500   -1.362026E-03  2.088266E-03  8.553352E+01
    17.8000   -1.561122E-03  1.977651E-03  8.573280E+01
    17.8500   -1.676036E-03  1.888967E-03  8.591441E+01
    17.9000   -1.743580E-03  1.831994E-03  8.608186E+01
    17.9500   -1.792494E-03  1.813316E-03  8.624211E+01
    18.0000   -1.833978E-03  1.834090E-03  8.640482E+01
    18.0500   -1.856624E-03  1.888946E-03  8.657906E+01
    18.1000   -1.832469E-03  1.969443E-03  8.676895E+01
    18.1500   -1.723955E-03  2.065011E-03  8.697675E+01
    18.2000   -1.495327E-03  2.164947E-03  8.720214E+01
    18.2500   -1.125097E-03  2.259609E-03  8.744340E+01
    18.3000   -6.160078E-04  2.340940E-03  8.769831E+01
    18.3500    1.973167E-07  2.402582E-03  8.796468E+01
    18.4000    6.647321E-04  2.439817E-03  8.824053E+01
    18.4500    1.300391E-03  2.449442E-03  8.852425E+01
    18.5000    1.825167E-03  2.429640E-03  8.881449E+01
    18.5500    2.167942E-03  2.379855E-03  8.911019E+01
    18.6000    2.282759E-03  2.300668E-03  8.941054E+01
    18.6500    2.158431E-03  2.193683E-03  8.971491E+01
    18.7000    1.821275E-03  2.061396E-03  9.002287E+01
    18.7500    1.330307E-03  1.907072E-03  9.033419E+01
    18.8000    7.659499E-04  1.734605E-03  9.064884E+01
    18.8500    2.147334E-04  1.548381E-03  9.096706E+01
    18.9000   -2.466509E-04  1.353137E-03  9.128949E+01
    18.9500   -5.645501E-04  1.153834E-03  9.161745E+01
    19.0000   -7.171947E-04  9.566450E-04  9.195379E+01
    19.0500   -7.153121E-04  7.680319E-04  9.230431E+01
    19.1000   -5.901469E-04  5.901472E-04  9.267809E+01
    19.1500   -3.918270E-04  4.290276E-04  9.309649E+01
    19.2000   -1.748698E-04  2.932875E-04  9.360897E+01
    19.2500    1.351671E-05  1.993829E-04  9.431562E+01
    19.3000    1.421051E-04  1.722442E-04  9.521802E+01
    19.3500    1.996096E-04  2.020113E-04  9.597293E+01
    19.4000    1.934690E-04  2.460040E-04  9.648434E+01
    19.4500    1.442330E-04  2.823049E-04  9.685313E+01
    19.5000    7.733018E-05  3.059028E-04  9.713381E+01
    19.5500    1.451519E-05  3.193321E-04  9.734390E+01
    19.6000   -3.276180E-05  3.301540E-04  9.748877E+01
    19.6500   -6.640870E-05  3.497692E-04  9.758040E+01
    19.7000   -1.004780E-04  3.900104E-04  9.764994E+01
    19.7500   -1.560930E-04  4.577470E-04  9.773736E+01
    19.8000   -2.538914E-04  5.527016E-04  9.786665E+01
    19.8500   -4.059883E-04  6.701158E-04  9.804020E+01
    19.9000   -6.095993E-04  8.039746E-04  9.824997E+01
    19.9500   -8.440951E-04  9.484812E-04  9.848659E+01