# # tequil.ion_motion                                            FEFF 9.05   
# # POT  SCF  30  5.5000   1, core-hole, AFOLP (folp(0)= 1.150)
# # Abs   Z=30 Rmt= 1.273 Rnm= 1.396 K  shell
# # Pot 1 Z=26 Rmt= 1.331 Rnm= 1.420
# # Pot 2 Z= 8 Rmt= 0.953 Rnm= 1.082
# # Gam_ch=1.897E+00 H-L exch
# # Mu=-1.169E+01 kf=2.165E+00 Vint=-1.825E+01 Rs_int= 1.675
# # PATH  Rmax= 8.500,  Keep_limit= 0.00, Heap_limit 0.00  Pwcrit= 2.50%
#  S02=1.000                                        Global_sig2= 0.00000
#  Energy zero shift, vr, vi   -2.00000E+00   0.00000E+00
#  Curved wave amplitude ratio filter   4.000%
#     file         sig2 tot  cw amp ratio   deg  nlegs   reff  inp sig2
#           1       0.00000    100.00      1.00     2   1.8567
#           2       0.00000     89.89      1.00     2   1.9330
#           3       0.00000     72.53      1.00     2   2.0966
#           4       0.00000     64.04      1.00     2   2.1977
#           5       0.00000     55.56      1.00     2   2.3188
#           6       0.00000     49.43      1.00     2   2.4231
#           7       0.00000     32.08      1.00     2   2.7787
#           8       0.00000     26.53      1.00     2   3.0175
#           9       0.00000     25.83      1.00     2   3.0524
#          10       0.00000     23.59      1.00     2   3.1725
#          11       0.00000     23.13      1.00     2   3.1988
#          12       0.00000     21.66      1.00     2   3.2859
#          13       0.00000     21.62      1.00     2   3.2909
#          14       0.00000     21.44      1.00     2   3.2981
#          15       0.00000     10.01      2.00     3   3.3665
#          16       0.00000     19.43      1.00     2   3.4409
#          17       0.00000     14.69      2.00     3   3.4411
#          18       0.00000     17.26      2.00     3   3.4722
#          19       0.00000     18.43      1.00     2   3.4823
#          20       0.00000     18.17      1.00     2   3.5001
#          21       0.00000     11.21      2.00     3   3.5100
#          22       0.00000      8.04      2.00     3   3.5181
#          23       0.00000      8.51      2.00     3   3.5219
#          24       0.00000     17.82      1.00     2   3.5246
#          25       0.00000     10.74      2.00     3   3.5247
#          26       0.00000      9.97      2.00     3   3.5263
#          27       0.00000      6.58      2.00     3   3.5327
#          28       0.00000      9.96      2.00     3   3.5418
#          29       0.00000     10.81      2.00     3   3.5508
#          30       0.00000     17.94      1.00     2   3.5558
#          31       0.00000     16.05      2.00     3   3.5753
#          32       0.00000      7.94      2.00     3   3.5802
#          33       0.00000      8.85      2.00     3   3.5852
#          34       0.00000      7.43      2.00     3   3.6305
#          35       0.00000      7.63      2.00     3   3.7046
#          36       0.00000     12.84      1.00     4   3.7134
#          37       0.00000     13.38      2.00     3   3.7444
#          38       0.00000      6.62      2.00     3   3.7458
#          39       0.00000     15.00      1.00     2   3.7475
#          40       0.00000      7.78      2.00     3   3.7532
#          41       0.00000     15.53      1.00     2   3.7708
#          42       0.00000      5.35      1.00     4   3.7720
#          43       0.00000     15.35      1.00     2   3.7893
#          44       0.00000      6.28      2.00     4   3.7897
#          45       0.00000      7.08      2.00     3   3.7916
#          46       0.00000     15.21      1.00     2   3.8025
#          47       0.00000     14.16      1.00     2   3.8242
#          48       0.00000      5.60      1.00     4   3.8299
#          49       0.00000     12.38      2.00     3   3.8327
#          50       0.00000     14.78      1.00     2   3.8463
#          51       0.00000      4.61      1.00     4   3.8597
#          52       0.00000     10.23      1.00     4   3.8660
#          53       0.00000     13.45      1.00     2   3.8933
#          54       0.00000      5.27      2.00     3   3.9186
#          55       0.00000      5.82      1.00     4   3.9544
#          56       0.00000     20.37      2.00     3   3.9739
#          57       0.00000     12.58      1.00     2   3.9848
#          58       0.00000     13.29      1.00     2   4.0128
#          59       0.00000      7.89      2.00     3   4.0203
#          60       0.00000      7.93      2.00     3   4.0274
#          62       0.00000     11.51      2.00     3   4.0326
#          63       0.00000     12.08      2.00     3   4.0356
#          64       0.00000      7.54      2.00     3   4.0479
#          66       0.00000     17.95      2.00     4   4.0544
#          67       0.00000      4.61      1.00     4   4.0661
#          68       0.00000      8.89      2.00     3   4.1049
#          70       0.00000      4.28      1.00     4   4.1528
#          71       0.00000     12.13      2.00     3   4.1681
#          72       0.00000      6.54      1.00     4   4.1931
#          73       0.00000      6.40      2.00     3   4.2054
#          74       0.00000      6.66      2.00     3   4.2109
#          75       0.00000      4.86      1.00     4   4.2250
#          76       0.00000      6.71      2.00     3   4.2310
#          77       0.00000     10.38      1.00     2   4.2580
#          79       0.00000      7.39      2.00     3   4.2703
#          80       0.00000     10.28      1.00     2   4.2731
#          81       0.00000      5.93      2.00     3   4.2740
#          82       0.00000      8.88      2.00     3   4.2792
#          83       0.00000     12.71      2.00     3   4.2916
#          84       0.00000     16.77      2.00     3   4.3065
#          86       0.00000      5.19      1.00     4   4.3233
#          87       0.00000      9.91      1.00     2   4.3259
#          88       0.00000      6.89      2.00     3   4.3436
#          89       0.00000     15.32      2.00     4   4.3561
#          90       0.00000      9.61      1.00     2   4.3716
#          91       0.00000      5.07      1.00     4   4.3954
#          92       0.00000     15.99      2.00     3   4.4009
#          93       0.00000      7.55      2.00     3   4.4024
#          94       0.00000     15.99      2.00     3   4.4139
#          95       0.00000      9.27      2.00     4   4.4153
#          97       0.00000      9.05      1.00     2   4.4624
#          98       0.00000      8.97      1.00     2   4.4759
#          99       0.00000     17.42      2.00     3   4.4760
#         100       0.00000      5.00      2.00     3   4.4812
#         101       0.00000      8.91      1.00     2   4.4845
#         102       0.00000      8.79      1.00     2   4.5064
#         103       0.00000      4.90      2.00     3   4.5160
#         104       0.00000      8.71      1.00     2   4.5198
#         105       0.00000      8.66      1.00     2   4.5282
#         106       0.00000     20.55      2.00     3   4.5364
#         107       0.00000      8.76      1.00     4   4.5439
#         108       0.00000      8.84      1.00     4   4.5547
#         109       0.00000      8.49      1.00     2   4.5590
#         110       0.00000      4.45      2.00     3   4.5679
#         111       0.00000      8.41      1.00     2   4.5735
#         112       0.00000     10.18      1.00     4   4.5804
#         113       0.00000     13.30      1.00     4   4.5884
#         114       0.00000      4.72      2.00     3   4.6212
#         115       0.00000     14.17      2.00     3   4.6323
#         117       0.00000     11.29      2.00     3   4.6520
#         119       0.00000      4.23      2.00     3   4.6717
#         120       0.00000      8.91      1.00     2   4.6760
#         121       0.00000      6.91      2.00     3   4.6869
#         122       0.00000     11.39      2.00     3   4.6964
#         123       0.00000     12.39      2.00     3   4.7092
#         124       0.00000      6.23      2.00     3   4.7332
#         125       0.00000      7.57      1.00     2   4.7381
#         126       0.00000      7.76      1.00     4   4.7581
#         127       0.00000      7.44      1.00     2   4.7640
#         128       0.00000      5.39      2.00     3   4.7776
#         129       0.00000      7.31      2.00     3   4.7852
#         130       0.00000      9.62      2.00     3   4.8071
#         131       0.00000      7.42      2.00     3   4.8073
#         132       0.00000      7.20      1.00     2   4.8168
#         135       0.00000      7.20      2.00     3   4.8309
#         136       0.00000      5.57      1.00     4   4.8417
#         137       0.00000      4.34      2.00     3   4.8578
#         138       0.00000      6.62      1.00     4   4.8593
#         139       0.00000      6.97      1.00     2   4.8691
#         140       0.00000      5.68      1.00     4   4.8731
#         141       0.00000      4.15      2.00     4   4.8742
#         142       0.00000      5.57      2.00     4   4.8753
#         143       0.00000      6.85      1.00     2   4.8976
#         145       0.00000      4.99      2.00     3   4.9184
#         146       0.00000      7.28      2.00     3   4.9218
#         147       0.00000      6.05      2.00     3   4.9234
#         149       0.00000      5.35      2.00     3   4.9316
#         150       0.00000      4.10      2.00     3   4.9366
#         151       0.00000      4.79      1.00     4   4.9381
#         152       0.00000     12.35      2.00     3   4.9638
#         153       0.00000      6.57      1.00     2   4.9644
#         154       0.00000      7.53      1.00     2   4.9714
#         155       0.00000      5.79      2.00     4   4.9854
#         157       0.00000      6.76      2.00     3   5.0173
#         160       0.00000      6.85      1.00     4   5.0586
#         162       0.00000      6.97      2.00     3   5.0715
#         163       0.00000      7.12      1.00     2   5.0737
#         165       0.00000      7.62      2.00     3   5.0894
#         166       0.00000      4.71      2.00     4   5.0945
#         168       0.00000      5.43      2.00     3   5.1090
#         169       0.00000      6.91      1.00     2   5.1284
#         172       0.00000      5.89      1.00     2   5.1448
#         175       0.00000     10.29      2.00     3   5.1588
#         176       0.00000      6.19      2.00     3   5.1727
#         177       0.00000      6.69      1.00     2   5.1864
#         179       0.00000      5.67      1.00     2   5.2097
#         180       0.00000     14.11      2.00     3   5.2108
#         181       0.00000      8.87      1.00     4   5.2120
#         182       0.00000      6.57      1.00     2   5.2224
#         183       0.00000      5.61      1.00     2   5.2283
#         184       0.00000     13.66      2.00     3   5.2322
#         185       0.00000      8.46      1.00     4   5.2361
#         186       0.00000      6.85      2.00     3   5.2388
#         187       0.00000      5.28      1.00     4   5.2439
#         188       0.00000      5.71      2.00     3   5.2515
#         190       0.00000      6.42      1.00     2   5.2625
#         192       0.00000      5.44      1.00     2   5.2781
#         193       0.00000      5.42      1.00     2   5.2850
#         194       0.00000     13.20      2.00     3   5.2911
#         195       0.00000     10.09      2.00     3   5.2911
#         196       0.00000      5.16      2.00     3   5.2967
#         198       0.00000      8.19      1.00     4   5.2971
#         199       0.00000      5.15      2.00     3   5.3065
#         201       0.00000      5.03      2.00     3   5.3327
#         202       0.00000      5.08      2.00     4   5.3390
#         203       0.00000      7.08      2.00     3   5.3413
#         204       0.00000      8.04      2.00     3   5.3463
#         206       0.00000      5.16      2.00     3   5.3549
#         208       0.00000      4.98      1.00     4   5.3598
#         210       0.00000      5.95      2.00     3   5.3898
#         211       0.00000      5.57      2.00     4   5.3947
#         212       0.00000      5.08      1.00     2   5.3972
#         213       0.00000      5.02      1.00     2   5.4179
#         214       0.00000      5.01      1.00     2   5.4220
#         215       0.00000      5.89      1.00     2   5.4265
#         217       0.00000      8.08      2.00     3   5.4321
#         219       0.00000      4.21      1.00     4   5.4422
#         225       0.00000      4.11      2.00     4   5.4836
#         228       0.00000      4.81      1.00     2   5.4935
#         229       0.00000      5.62      1.00     2   5.5154
#         230       0.00000      6.79      2.00     3   5.5196
#         233       0.00000      4.70      1.00     2   5.5308
#         236       0.00000      4.26      2.00     3   5.5473
#         237       0.00000      4.64      1.00     2   5.5536
#         240       0.00000      5.44      1.00     2   5.5784
#         242       0.00000      5.46      2.00     3   5.5882
#         245       0.00000      4.16      2.00     3   5.6012
#         249       0.00000      5.36      2.00     3   5.6212
#         251       0.00000      4.46      1.00     2   5.6243
#         252       0.00000      4.56      2.00     3   5.6252
#         254       0.00000      5.34      2.00     3   5.6369
#         257       0.00000      4.94      2.00     3   5.6649
#         258       0.00000      5.18      1.00     2   5.6719
#         262       0.00000      6.28      2.00     3   5.6842
#         264       0.00000      4.53      2.00     3   5.7122
#         267       0.00000      5.03      1.00     2   5.7282
#         270       0.00000      4.65      2.00     3   5.7566
#         276       0.00000      4.06      1.00     2   5.7933
#         279       0.00000      4.82      1.00     2   5.8106
#         282       0.00000      6.58      2.00     3   5.8149
#         284       0.00000      5.11      2.00     5   5.8306
#         285       0.00000      4.27      2.00     3   5.8341
#         289       0.00000      4.73      1.00     2   5.8511
#         296       0.00000      4.59      1.00     2   5.9087
#         299       0.00000      8.77      2.00     3   5.9238
#         300       0.00000      4.55      1.00     2   5.9270
#         304       0.00000      4.43      1.00     4   5.9390
#         306       0.00000      4.51      1.00     2   5.9429
#   218/ 278 paths used
#  -----------------------------------------------------------------------
#       k          chi          mag           phase @#
    -0.7000   -5.184737E-01  5.310854E-01 -1.789162E+00
    -0.6500   -5.111533E-01  5.177726E-01 -1.730868E+00
    -0.6000   -5.029349E-01  5.058770E-01 -1.678698E+00
    -0.5500   -4.943691E-01  4.952639E-01 -1.630916E+00
    -0.5000   -4.863884E-01  4.864808E-01 -1.590288E+00
    -0.4500   -4.792112E-01  4.792729E-01 -1.554750E+00
    -0.4000   -4.731103E-01  4.735986E-01 -1.525383E+00
    -0.3500   -4.682412E-01  4.694450E-01 -1.499166E+00
    -0.3000   -4.643310E-01  4.663519E-01 -1.477668E+00
    -0.2500   -4.612478E-01  4.640824E-01 -1.460214E+00
    -0.2000   -4.588754E-01  4.624512E-01 -1.446359E+00
    -0.1500   -4.573459E-01  4.615796E-01 -1.435251E+00
    -0.1000   -4.563761E-01  4.611181E-01 -1.427260E+00
    -0.0500   -4.558173E-01  4.608754E-01 -1.422504E+00
     0.0000   -4.556347E-01  4.608002E-01 -1.420924E+00
     0.0500   -4.554540E-01  4.607277E-01 -1.419348E+00
     0.1000   -4.549228E-01  4.605268E-01 -1.414634E+00
     0.1500   -4.540729E-01  4.602461E-01 -1.406828E+00
     0.2000   -4.529541E-01  4.599637E-01 -1.395992E+00
     0.2500   -4.516286E-01  4.597822E-01 -1.382189E+00
     0.3000   -4.501628E-01  4.598224E-01 -1.365461E+00
     0.3500   -4.488314E-01  4.604637E-01 -1.345545E+00
     0.4000   -4.483421E-01  4.626503E-01 -1.321448E+00
     0.4500   -4.479591E-01  4.657140E-01 -1.293781E+00
     0.5000   -4.475771E-01  4.697624E-01 -1.262241E+00
     0.5500   -4.474781E-01  4.755348E-01 -1.225573E+00
     0.6000   -4.478122E-01  4.839567E-01 -1.181864E+00
     0.6500   -4.469029E-01  4.936096E-01 -1.132268E+00
     0.7000   -4.442863E-01  5.049230E-01 -1.075671E+00
     0.7500   -4.395991E-01  5.193319E-01 -1.009321E+00
     0.8000   -4.300671E-01  5.343890E-01 -9.353096E-01
     0.8500   -4.145668E-01  5.509985E-01 -8.516856E-01
     0.9000   -3.910117E-01  5.690216E-01 -7.575794E-01
     0.9500   -3.574312E-01  5.862925E-01 -6.556146E-01
     1.0000   -3.118773E-01  6.046057E-01 -5.419832E-01
     1.0500   -2.535979E-01  6.213395E-01 -4.204234E-01
     1.1000   -1.822011E-01  6.366084E-01 -2.902648E-01
     1.1500   -9.789031E-02  6.502189E-01 -1.511243E-01
     1.2000   -4.123183E-03  6.603678E-01 -6.243807E-03
     1.2500    9.846080E-02  6.684727E-01  1.478300E-01
     1.3000    2.026415E-01  6.721909E-01  3.062280E-01
     1.3500    3.053861E-01  6.725375E-01  4.713397E-01
     1.4000    3.995447E-01  6.684936E-01  6.406031E-01
     1.4500    4.800920E-01  6.602789E-01  8.140953E-01
     1.5000    5.422153E-01  6.479640E-01  9.914095E-01
     1.5500    5.815075E-01  6.313696E-01  1.170705E+00
     1.6000    5.968763E-01  6.112742E-01  1.353325E+00
     1.6500    5.870426E-01  5.874030E-01  1.535764E+00
     1.7000    5.545564E-01  5.608553E-01  1.720809E+00
     1.7500    5.023822E-01  5.316389E-01  1.904094E+00
     1.8000    4.351574E-01  5.007388E-01  2.088353E+00
     1.8500    3.586309E-01  4.685939E-01  2.270032E+00
     1.9000    2.770432E-01  4.358010E-01  2.452664E+00
     1.9500    1.962691E-01  4.030065E-01  2.632927E+00
     2.0000    1.211297E-01  3.709323E-01  2.808937E+00
     2.0500    5.438984E-02  3.401091E-01  2.980984E+00
     2.1000   -3.044418E-03  3.098428E-01  3.151418E+00
     2.1500   -4.988564E-02  2.802661E-01  3.320540E+00
     2.2000   -8.563943E-02  2.526657E-01  3.487387E+00
     2.2500   -1.111055E-01  2.268018E-01  3.653544E+00
     2.3000   -1.264242E-01  2.015998E-01  3.819424E+00
     2.3500   -1.303684E-01  1.751080E-01  3.981383E+00
     2.4000   -1.253989E-01  1.493030E-01  4.138683E+00
     2.4500   -1.131106E-01  1.242495E-01  4.285722E+00
     2.5000   -9.593973E-02  1.004713E-01  4.410904E+00
     2.5500   -7.953641E-02  8.170016E-02  4.481730E+00
     2.6000   -6.455383E-02  6.622346E-02  4.487362E+00
     2.6500   -5.351083E-02  5.599131E-02  4.413618E+00
     2.7000   -4.797658E-02  5.249837E-02  4.294304E+00
     2.7500   -4.681184E-02  5.275616E-02  4.233103E+00
     2.8000   -4.912879E-02  5.590192E-02  4.215016E+00
     2.8500   -5.439155E-02  6.082150E-02  4.248416E+00
     2.9000   -6.154897E-02  6.638900E-02  4.328182E+00
     2.9500   -6.900678E-02  7.169512E-02  4.437676E+00
     3.0000   -7.574665E-02  7.650921E-02  4.571085E+00
     3.0500   -8.056162E-02  8.056684E-02  4.723767E+00
     3.1000   -8.233753E-02  8.367236E-02  4.891250E+00
     3.1500   -8.032887E-02  8.573883E-02  5.069525E+00
     3.2000   -7.437953E-02  8.690364E-02  5.255925E+00
     3.2500   -6.445632E-02  8.711771E-02  5.450299E+00
     3.3000   -5.091175E-02  8.622726E-02  5.651585E+00
     3.3500   -3.476045E-02  8.426873E-02  5.857994E+00
     3.4000   -1.737822E-02  8.140142E-02  6.068042E+00
     3.4500   -2.062643E-04  7.766427E-02  6.280529E+00
     3.5000    1.537173E-02  7.317217E-02  6.494838E+00
     3.5500    2.818072E-02  6.793018E-02  6.710961E+00
     3.6000    3.723012E-02  6.200695E-02  6.927210E+00
     3.6500    4.213742E-02  5.567517E-02  7.141656E+00
     3.7000    4.307122E-02  4.910248E-02  7.353122E+00
     3.7500    4.061051E-02  4.242576E-02  7.560400E+00
     3.8000    3.560739E-02  3.576510E-02  7.760037E+00
     3.8500    2.918251E-02  2.930868E-02  7.946804E+00
     3.9000    2.242675E-02  2.320234E-02  8.113269E+00
     3.9500    1.622224E-02  1.754748E-02  8.245117E+00
     4.0000    1.121115E-02  1.248834E-02  8.310189E+00
     4.0500    7.826961E-03  8.443220E-03  8.238414E+00
     4.1000    6.112441E-03  6.125479E-03  7.919239E+00
     4.1500    5.881552E-03  6.294595E-03  7.489704E+00
     4.2000    6.832457E-03  8.122843E-03  7.282575E+00
     4.2500    8.557424E-03  1.029968E-02  7.263808E+00
     4.3000    1.069040E-02  1.235425E-02  7.328977E+00
     4.3500    1.296206E-02  1.420637E-02  7.432325E+00
     4.4000    1.523852E-02  1.593566E-02  7.557098E+00
     4.4500    1.726829E-02  1.749488E-02  7.692861E+00
     4.5000    1.892091E-02  1.892378E-02  7.836558E+00
     4.5500    2.008755E-02  2.026892E-02  7.987860E+00
     4.6000    2.066742E-02  2.160692E-02  8.149956E+00
     4.6500    2.036596E-02  2.279037E-02  8.319428E+00
     4.7000    1.908499E-02  2.381548E-02  8.495198E+00
     4.7500    1.677974E-02  2.468830E-02  8.677474E+00
     4.8000    1.343244E-02  2.544323E-02  8.868607E+00
     4.8500    9.129481E-03  2.595251E-02  9.065310E+00
     4.9000    4.126039E-03  2.619863E-02  9.266629E+00
     4.9500   -1.233018E-03  2.617885E-02  9.471895E+00
     5.0000   -6.615582E-03  2.594319E-02  9.682628E+00
     5.0500   -1.155934E-02  2.543517E-02  9.896547E+00
     5.1000   -1.566855E-02  2.465802E-02  1.011335E+01
     5.1500   -1.862112E-02  2.362315E-02  1.033275E+01
     5.2000   -2.025857E-02  2.239280E-02  1.055543E+01
     5.2500   -2.044982E-02  2.093111E-02  1.078071E+01
     5.3000   -1.925135E-02  1.925306E-02  1.100891E+01
     5.3500   -1.685639E-02  1.737472E-02  1.124045E+01
     5.4000   -1.358481E-02  1.531559E-02  1.147558E+01
     5.4500   -9.847750E-03  1.308399E-02  1.171428E+01
     5.5000   -6.126541E-03  1.070484E-02  1.195704E+01
     5.5500   -2.905189E-03  8.210063E-03  1.220468E+01
     5.6000   -6.185418E-04  5.600827E-03  1.245571E+01
     5.6500    4.269925E-04  2.948642E-03  1.271169E+01
     5.7000    1.370532E-04  3.101206E-04  1.302413E+01
     5.7500   -1.354365E-03  2.256694E-03  1.006847E+01
     5.8000   -3.768828E-03  4.747211E-03  1.034198E+01
     5.8500   -6.534464E-03  7.050569E-03  1.061058E+01
     5.9000   -9.032195E-03  9.094895E-03  1.087809E+01
     5.9500   -1.070013E-02  1.082023E-02  1.114471E+01
     6.0000   -1.121307E-02  1.229200E-02  1.141769E+01
     6.0500   -1.029584E-02  1.337847E-02  1.168818E+01
     6.1000   -8.070145E-03  1.403638E-02  1.195383E+01
     6.1500   -4.938732E-03  1.425681E-02  1.221263E+01
     6.2000   -1.470736E-03  1.405307E-02  1.246152E+01
     6.2500    1.740791E-03  1.346451E-02  1.269602E+01
     6.3000    4.226261E-03  1.256198E-02  1.290950E+01
     6.3500    5.752820E-03  1.145635E-02  1.309246E+01
     6.4000    6.372622E-03  1.031063E-02  1.323265E+01
     6.4500    6.392104E-03  9.349128E-03  1.331921E+01
     6.5000    6.369863E-03  8.882941E-03  1.336599E+01
     6.5500    6.670469E-03  9.030231E-03  1.339748E+01
     6.6000    7.586386E-03  9.773761E-03  1.345499E+01
     6.6500    9.183551E-03  1.093343E-02  1.356357E+01
     6.7000    1.123701E-02  1.227348E-02  1.372325E+01
     6.7500    1.327895E-02  1.358871E-02  1.392324E+01
     6.8000    1.472222E-02  1.472390E-02  1.415229E+01
     6.8500    1.502609E-02  1.556744E-02  1.440166E+01
     6.9000    1.385835E-02  1.604250E-02  1.466510E+01
     6.9500    1.120716E-02  1.610090E-02  1.493807E+01
     7.0000    7.414744E-03  1.577260E-02  1.521856E+01
     7.0500    3.078825E-03  1.502859E-02  1.550164E+01
     7.1000   -1.046787E-03  1.386853E-02  1.578351E+01
     7.1500   -4.250257E-03  1.232717E-02  1.605998E+01
     7.2000   -6.044070E-03  1.045820E-02  1.632415E+01
     7.2500   -6.287686E-03  8.337799E-03  1.656227E+01
     7.3000   -5.221718E-03  6.082281E-03  1.674033E+01
     7.3500   -3.404286E-03  3.936246E-03  1.675283E+01
     7.4000   -1.566350E-03  2.715921E-03  1.632268E+01
     7.4500   -4.241895E-04  3.663638E-03  1.582401E+01
     7.5000   -5.368939E-04  5.737370E-03  1.580168E+01
     7.5500   -2.075059E-03  7.978563E-03  1.597107E+01
     7.6000   -4.842565E-03  1.012469E-02  1.620667E+01
     7.6500   -8.339225E-03  1.207201E-02  1.647054E+01
     7.7000   -1.186845E-02  1.376265E-02  1.674789E+01
     7.7500   -1.470219E-02  1.516264E-02  1.703169E+01
     7.8000   -1.624352E-02  1.625606E-02  1.731804E+01
     7.8500   -1.614671E-02  1.704280E-02  1.760448E+01
     7.9000   -1.436944E-02  1.753715E-02  1.788924E+01
     7.9500   -1.115101E-02  1.776628E-02  1.817102E+01
     8.0000   -6.942267E-03  1.778889E-02  1.844864E+01
     8.0500   -2.259075E-03  1.764547E-02  1.872118E+01
     8.1000    2.406375E-03  1.737648E-02  1.898849E+01
     8.1500    6.654914E-03  1.703287E-02  1.925096E+01
     8.2000    1.021668E-02  1.666164E-02  1.950964E+01
     8.2500    1.293703E-02  1.630121E-02  1.976630E+01
     8.3000    1.473475E-02  1.597769E-02  2.002331E+01
     8.3500    1.555598E-02  1.570293E-02  2.028344E+01
     8.4000    1.534624E-02  1.547510E-02  2.054949E+01
     8.4500    1.405379E-02  1.528170E-02  2.082396E+01
     8.5000    1.167023E-02  1.511118E-02  2.110871E+01
     8.5500    8.262086E-03  1.493493E-02  2.140494E+01
     8.6000    4.040177E-03  1.472950E-02  2.171330E+01
     8.6500   -6.183243E-04  1.448324E-02  2.203385E+01
     8.7000   -5.199834E-03  1.419184E-02  2.236628E+01
     8.7500   -9.124638E-03  1.385810E-02  2.270988E+01
     8.8000   -1.184978E-02  1.349043E-02  2.306362E+01
     8.8500   -1.297986E-02  1.310061E-02  2.342607E+01
     8.9000   -1.235657E-02  1.270115E-02  2.379541E+01
     8.9500   -1.010175E-02  1.230269E-02  2.416940E+01
     9.0000   -6.602178E-03  1.191606E-02  2.454551E+01
     9.0500   -2.428008E-03  1.154112E-02  2.492078E+01
     9.1000    1.774091E-03  1.117235E-02  2.529221E+01
     9.1500    5.407724E-03  1.080423E-02  2.565694E+01
     9.2000    8.035953E-03  1.043021E-02  2.601229E+01
     9.2500    9.444236E-03  1.004540E-02  2.635583E+01
     9.3000    9.647498E-03  9.649082E-03  2.668541E+01
     9.3500    8.845126E-03  9.246480E-03  2.699925E+01
     9.4000    7.341248E-03  8.849609E-03  2.729602E+01
     9.4500    5.455536E-03  8.476614E-03  2.757514E+01
     9.5000    3.456050E-03  8.159806E-03  2.783698E+01
     9.5500    1.497582E-03  7.919372E-03  2.808408E+01
     9.6000   -3.609765E-04  7.761779E-03  2.832086E+01
     9.6500   -2.113329E-03  7.689725E-03  2.855274E+01
     9.7000   -3.762087E-03  7.691357E-03  2.878543E+01
     9.7500   -5.273162E-03  7.741537E-03  2.902367E+01
     9.8000   -6.552770E-03  7.806374E-03  2.927054E+01
     9.8500   -7.455961E-03  7.848961E-03  2.952734E+01
     9.9000   -7.824181E-03  7.834404E-03  2.979404E+01
     9.9500   -7.539093E-03  7.733290E-03  3.006971E+01
    10.0000   -6.579807E-03  7.535890E-03  3.035434E+01
    10.0500   -5.028862E-03  7.224106E-03  3.064594E+01
    10.1000   -3.097120E-03  6.779743E-03  3.094151E+01
    10.1500   -1.090579E-03  6.204433E-03  3.123923E+01
    10.2000    6.655396E-04  5.507082E-03  3.153707E+01
    10.2500    1.902339E-03  4.703031E-03  3.183235E+01
    10.3000    2.470581E-03  3.813159E-03  3.212076E+01
    10.3500    2.373951E-03  2.863241E-03  3.239345E+01
    10.4000    1.763152E-03  1.885099E-03  3.262506E+01
    10.4500    8.930663E-04  9.332607E-04  3.269217E+01
    10.5000    5.571301E-05  4.418994E-04  3.154234E+01
    10.5500   -4.918672E-04  1.167058E-03  3.098087E+01
    10.6000   -5.851177E-04  2.009330E-03  3.112045E+01
    10.6500   -1.804912E-04  2.789513E-03  3.135118E+01
    10.7000    6.500645E-04  3.481854E-03  3.160373E+01
    10.7500    1.753402E-03  4.078954E-03  3.186027E+01
    10.8000    2.944913E-03  4.583613E-03  3.211367E+01
    10.8500    4.056946E-03  5.007552E-03  3.236036E+01
    10.9000    4.971207E-03  5.370487E-03  3.259868E+01
    10.9500    5.627148E-03  5.698304E-03  3.282852E+01
    11.0000    6.013454E-03  6.027188E-03  3.305424E+01
    11.0500    6.115475E-03  6.383701E-03  3.327763E+01
    11.1000    5.912072E-03  6.783026E-03  3.349907E+01
    11.1500    5.364486E-03  7.239834E-03  3.372301E+01
    11.2000    4.405680E-03  7.756812E-03  3.395348E+01
    11.2500    2.965209E-03  8.324873E-03  3.419334E+01
    11.3000    1.010381E-03  8.925624E-03  3.444408E+01
    11.3500   -1.410264E-03  9.534869E-03  3.470597E+01
    11.4000   -4.137533E-03  1.012606E-02  3.497844E+01
    11.4500   -6.899565E-03  1.067308E-02  3.526044E+01
    11.5000   -9.342986E-03  1.115230E-02  3.555069E+01
    11.5500   -1.109312E-02  1.154396E-02  3.584792E+01
    11.6000   -1.182993E-02  1.183294E-02  3.615089E+01
    11.6500   -1.136078E-02  1.200932E-02  3.645846E+01
    11.7000   -9.670842E-03  1.206844E-02  3.676959E+01
    11.7500   -6.937308E-03  1.201085E-02  3.708334E+01
    11.8000   -3.502660E-03  1.184201E-02  3.739884E+01
    11.8500    1.868564E-04  1.157182E-02  3.771526E+01
    11.9000    3.662772E-03  1.121400E-02  3.803184E+01
    11.9500    6.516383E-03  1.078532E-02  3.834786E+01
    12.0000    8.486602E-03  1.032569E-02  3.866384E+01
    12.0500    9.447852E-03  9.860205E-03  3.897969E+01
    12.1000    9.379200E-03  9.381812E-03  3.929350E+01
    12.1500    8.414404E-03  8.910148E-03  3.960506E+01
    12.2000    6.765880E-03  8.463500E-03  3.991438E+01
    12.2500    4.674224E-03  8.057826E-03  4.022187E+01
    12.3000    2.368001E-03  7.705878E-03  4.052835E+01
    12.3500    4.209292E-05  7.416490E-03  4.083503E+01
    12.4000   -2.144478E-03  7.194193E-03  4.114339E+01
    12.4500   -4.057237E-03  7.039223E-03  4.145499E+01
    12.5000   -5.571662E-03  6.947940E-03  4.177120E+01
    12.5500   -6.565754E-03  6.913542E-03  4.209296E+01
    12.6000   -6.926589E-03  6.926881E-03  4.242069E+01
    12.6500   -6.571482E-03  6.977228E-03  4.275421E+01
    12.7000   -5.477850E-03  7.052858E-03  4.309291E+01
    12.7500   -3.711206E-03  7.141501E-03  4.343584E+01
    12.8000   -1.439613E-03  7.230684E-03  4.378186E+01
    12.8500    1.074128E-03  7.308067E-03  4.412981E+01
    12.9000    3.505173E-03  7.361810E-03  4.447854E+01
    12.9500    5.519314E-03  7.380988E-03  4.482700E+01
    13.0000    6.841002E-03  7.362690E-03  4.517439E+01
    13.0500    7.298553E-03  7.302585E-03  4.551986E+01
    13.1000    6.844523E-03  7.185216E-03  4.586227E+01
    13.1500    5.588266E-03  7.007252E-03  4.620075E+01
    13.2000    3.762650E-03  6.768077E-03  4.653440E+01
    13.2500    1.674037E-03  6.469934E-03  4.686217E+01
    13.3000   -3.607154E-04  6.117950E-03  4.718288E+01
    13.3500   -2.074885E-03  5.720068E-03  4.749509E+01
    13.4000   -3.296111E-03  5.286866E-03  4.779704E+01
    13.4500   -3.965169E-03  4.831278E-03  4.808658E+01
    13.5000   -4.127448E-03  4.368222E-03  4.836112E+01
    13.5500   -3.902486E-03  3.914072E-03  4.861772E+01
    13.6000   -3.442099E-03  3.485884E-03  4.885335E+01
    13.6500   -2.889434E-03  3.100165E-03  4.906552E+01
    13.7000   -2.349440E-03  2.770916E-03  4.925348E+01
    13.7500   -1.876573E-03  2.506905E-03  4.941959E+01
    13.8000   -1.479722E-03  2.308893E-03  4.956984E+01
    13.8500   -1.139146E-03  2.168597E-03  4.971242E+01
    13.9000   -8.273203E-04  2.070989E-03  4.985453E+01
    13.9500   -5.255984E-04  1.999384E-03  4.999948E+01
    14.0000   -2.291035E-04  1.943220E-03  5.014731E+01
    14.0500    5.448360E-05  1.896608E-03  5.029421E+01
    14.1000    3.078953E-04  1.858477E-03  5.043192E+01
    14.1500    5.284679E-04  1.841791E-03  5.055650E+01
    14.2000    7.342074E-04  1.865530E-03  5.066999E+01
    14.2500    9.624932E-04  1.948039E-03  5.078226E+01
    14.3000    1.257701E-03  2.099089E-03  5.090794E+01
    14.3500    1.651274E-03  2.315739E-03  5.105934E+01
    14.4000    2.141193E-03  2.584499E-03  5.124186E+01
    14.4500    2.678863E-03  2.886589E-03  5.145459E+01
    14.5000    3.169667E-03  3.202307E-03  5.169338E+01
    14.5500    3.489345E-03  3.513359E-03  5.195326E+01
    14.6000    3.513210E-03  3.803784E-03  5.222968E+01
    14.6500    3.150669E-03  4.060262E-03  5.251881E+01
    14.7000    2.375184E-03  4.272204E-03  5.281756E+01
    14.7500    1.240401E-03  4.431780E-03  5.312340E+01
    14.8000   -1.232272E-04  4.533914E-03  5.343426E+01
    14.8500   -1.531570E-03  4.576261E-03  5.374834E+01
    14.9000   -2.784244E-03  4.559131E-03  5.406401E+01
    14.9500   -3.706667E-03  4.485386E-03  5.437974E+01
    15.0000   -4.190592E-03  4.365720E-03  5.469367E+01
    15.0500   -4.209886E-03  4.211331E-03  5.500407E+01
    15.1000   -3.801361E-03  4.020824E-03  5.530979E+01
    15.1500   -3.072069E-03  3.805086E-03  5.560901E+01
    15.2000   -2.160975E-03  3.576525E-03  5.589989E+01
    15.2500   -1.204111E-03  3.348611E-03  5.618084E+01
    15.3000   -3.060749E-04  3.135176E-03  5.645089E+01
    15.3500    4.746134E-04  2.949346E-03  5.671029E+01
    15.4000    1.123516E-03  2.802028E-03  5.696124E+01
    15.4500    1.654277E-03  2.700168E-03  5.720809E+01
    15.5000    2.085588E-03  2.645386E-03  5.745685E+01
    15.5500    2.420051E-03  2.633774E-03  5.771383E+01
    15.6000    2.632843E-03  2.657164E-03  5.798406E+01
    15.6500    2.674525E-03  2.705281E-03  5.827040E+01
    15.7000    2.487355E-03  2.767823E-03  5.857354E+01
    15.7500    2.029718E-03  2.835824E-03  5.889257E+01
    15.8000    1.300337E-03  2.902193E-03  5.922567E+01
    15.8500    3.536213E-04  2.961674E-03  5.957058E+01
    15.9000   -6.999755E-04  3.010516E-03  5.992492E+01
    15.9500   -1.710207E-03  3.046053E-03  6.028640E+01
    16.0000   -2.520333E-03  3.068328E-03  6.065413E+01
    16.0500   -2.994410E-03  3.078097E-03  6.102734E+01
    16.1000   -3.039624E-03  3.069835E-03  6.140147E+01
    16.1500   -2.649504E-03  3.042133E-03  6.177475E+01
    16.2000   -1.897116E-03  2.993849E-03  6.214556E+01
    16.2500   -9.183850E-04  2.924295E-03  6.251239E+01
    16.3000    1.187508E-04  2.833441E-03  6.287378E+01
    16.3500    1.050999E-03  2.722127E-03  6.322825E+01
    16.4000    1.752576E-03  2.592246E-03  6.357429E+01
    16.4500    2.156205E-03  2.446865E-03  6.391027E+01
    16.5000    2.257955E-03  2.290277E-03  6.423445E+01
    16.5500    2.106415E-03  2.127940E-03  6.454500E+01
    16.6000    1.781001E-03  1.966276E-03  6.484024E+01
    16.6500    1.366818E-03  1.812236E-03  6.511899E+01
    16.7000    9.336608E-04  1.672564E-03  6.538121E+01
    16.7500    5.245958E-04  1.552699E-03  6.562880E+01
    16.8000    1.559219E-04  1.455474E-03  6.586611E+01
    16.8500   -1.735791E-04  1.380033E-03  6.609956E+01
    16.9000   -4.690867E-04  1.321610E-03  6.633629E+01
    16.9500   -7.278427E-04  1.272429E-03  6.658240E+01
    17.0000   -9.337789E-04  1.224710E-03  6.684054E+01
    17.0500   -1.063694E-03  1.172309E-03  6.711038E+01
    17.1000   -1.092900E-03  1.105268E-03  6.739450E+01
    17.1500   -1.006961E-03  1.018039E-03  6.769190E+01
    17.2000   -8.142285E-04  9.073147E-04  6.800119E+01
    17.2500   -5.504862E-04  7.719873E-04  6.832116E+01
    17.3000   -2.741234E-04  6.129454E-04  6.865138E+01
    17.3500   -5.236077E-05  4.328162E-04  6.899376E+01
    17.4000    5.767230E-05  2.357411E-04  6.936219E+01
    17.4500    2.711333E-05  3.063999E-05  7.020132E+01
    17.5000   -1.332943E-04  1.903365E-04  7.303246E+01
    17.5500   -3.729437E-04  4.051664E-04  7.342591E+01
    17.6000   -6.131048E-04  6.135453E-04  7.378953E+01
    17.6500   -7.678176E-04  8.089543E-04  7.414770E+01
    17.7000   -7.680996E-04  9.854896E-04  7.450450E+01
    17.7500   -5.823863E-04  1.137969E-03  7.486097E+01
    17.8000   -2.270546E-04  1.262127E-03  7.521734E+01
    17.8500    2.362742E-04  1.354776E-03  7.557352E+01
    17.9000    7.160571E-04  1.413932E-03  7.592926E+01
    17.9500    1.114445E-03  1.438873E-03  7.628419E+01
    18.0000    1.352716E-03  1.430146E-03  7.663845E+01
    18.0500    1.389945E-03  1.390320E-03  7.699224E+01
    18.1000    1.231345E-03  1.322823E-03  7.734309E+01
    18.1500    9.252092E-04  1.231614E-03  7.768991E+01
    18.2000    5.462651E-04  1.121511E-03  7.803107E+01
    18.2500    1.743845E-04  9.980311E-04  7.836419E+01
    18.3000   -1.260619E-04  8.672554E-04  7.868569E+01
    18.3500   -3.203004E-04  7.357122E-04  7.899026E+01
    18.4000   -4.071287E-04  6.103273E-04  7.927008E+01
    18.4500   -4.125128E-04  4.984027E-04  7.951476E+01
    18.5000   -3.757828E-04  4.073691E-04  7.971423E+01
    18.5500   -3.335375E-04  3.434591E-04  7.986967E+01
    18.6000   -3.067720E-04  3.083438E-04  8.000960E+01
    18.6500   -2.953488E-04  2.961500E-04  8.018419E+01
    18.7000   -2.812496E-04  2.963355E-04  8.043107E+01
    18.7500   -2.389904E-04  3.002649E-04  8.076086E+01
    18.8000   -1.491449E-04  3.047407E-04  8.116999E+01
    18.8500   -9.908454E-06  3.119812E-04  8.164964E+01
    18.9000    1.576703E-04  3.278493E-04  8.218312E+01
    18.9500    3.129954E-04  3.586356E-04  8.274219E+01
    19.0000    4.081567E-04  4.085769E-04  8.329756E+01
    19.0500    4.007752E-04  4.785546E-04  8.383036E+01
    19.1000    2.657512E-04  5.610450E-04  8.432955E+01
    19.1500    1.503873E-05  6.501193E-04  8.479987E+01
    19.2000   -3.051461E-04  7.400364E-04  8.524802E+01
    19.2500   -6.240167E-04  8.256690E-04  8.567983E+01
    19.3000   -8.638659E-04  9.026264E-04  8.609968E+01
    19.3500   -9.606928E-04  9.672931E-04  8.651069E+01
    19.4000   -8.818220E-04  1.016850E-03  8.691502E+01
    19.4500   -6.353563E-04  1.049284E-03  8.731418E+01
    19.5000   -2.686899E-04  1.063386E-03  8.770915E+01
    19.5500    1.434828E-04  1.058726E-03  8.810054E+01
    19.6000    5.181943E-04  1.035612E-03  8.848863E+01
    19.6500    7.848469E-04  9.950192E-04  8.887341E+01
    19.7000    9.017436E-04  9.385128E-04  8.925455E+01
    19.7500    8.641615E-04  8.681504E-04  8.963129E+01
    19.8000    7.022149E-04  7.863849E-04  9.000230E+01
    19.8500    4.697453E-04  6.959761E-04  9.036530E+01
    19.9000    2.279463E-04  5.999338E-04  9.071644E+01
    19.9500    2.868322E-05  5.015387E-04  9.104897E+01