# # tequil.ion_motion                                            FEFF 9.05   
# # POT  SCF  30  5.5000   1, core-hole, AFOLP (folp(0)= 1.150)
# # Abs   Z=30 Rmt= 1.308 Rnm= 1.421 K  shell
# # Pot 1 Z=26 Rmt= 1.258 Rnm= 1.370
# # Pot 2 Z= 8 Rmt= 0.970 Rnm= 1.087
# # Gam_ch=1.897E+00 H-L exch
# # Mu=-1.176E+01 kf=2.199E+00 Vint=-1.858E+01 Rs_int= 1.649
# # PATH  Rmax= 8.500,  Keep_limit= 0.00, Heap_limit 0.00  Pwcrit= 2.50%
#  S02=1.000                                        Global_sig2= 0.00000
#  Energy zero shift, vr, vi   -2.00000E+00   0.00000E+00
#  Curved wave amplitude ratio filter   4.000%
#     file         sig2 tot  cw amp ratio   deg  nlegs   reff  inp sig2
#           1       0.00000    100.00      1.00     2   1.9102
#           2       0.00000     89.66      1.00     2   1.9915
#           3       0.00000     81.48      1.00     2   2.0656
#           4       0.00000     62.81      1.00     2   2.2810
#           5       0.00000     60.70      1.00     2   2.3108
#           6       0.00000     48.66      1.00     2   2.5124
#           7       0.00000     31.21      1.00     2   2.9257
#           8       0.00000     28.63      1.00     2   3.0394
#           9       0.00000     27.77      1.00     2   3.0801
#          10       0.00000     26.48      1.00     2   3.1439
#          11       0.00000     26.45      1.00     2   3.1456
#          12       0.00000     24.93      1.00     2   3.2258
#          13       0.00000     23.24      1.00     2   3.3041
#          14       0.00000     22.30      1.00     2   3.3539
#          15       0.00000     22.29      1.00     2   3.3803
#          16       0.00000     21.64      1.00     2   3.3907
#          17       0.00000     20.93      1.00     2   3.4322
#          18       0.00000     11.21      2.00     3   3.4453
#          19       0.00000     12.10      2.00     3   3.4648
#          20       0.00000     12.85      2.00     3   3.4843
#          21       0.00000     18.31      2.00     3   3.5072
#          22       0.00000     19.47      1.00     2   3.5222
#          23       0.00000     14.36      2.00     3   3.5333
#          24       0.00000     10.26      2.00     3   3.5417
#          25       0.00000      9.22      2.00     3   3.5423
#          26       0.00000     18.91      1.00     2   3.5600
#          27       0.00000     19.58      1.00     2   3.5638
#          28       0.00000      7.46      2.00     3   3.6132
#          29       0.00000     11.48      2.00     3   3.6254
#          30       0.00000      9.78      2.00     3   3.6462
#          31       0.00000      8.66      2.00     3   3.6576
#          32       0.00000      8.25      2.00     3   3.6642
#          33       0.00000      6.51      2.00     3   3.6675
#          34       0.00000      7.66      2.00     3   3.6822
#          35       0.00000     14.70      2.00     3   3.6890
#          36       0.00000      7.21      2.00     3   3.6976
#          37       0.00000     17.81      1.00     2   3.7004
#          38       0.00000      7.32      2.00     3   3.7574
#          39       0.00000     17.03      1.00     2   3.7669
#          40       0.00000      5.18      1.00     4   3.7885
#          41       0.00000      6.64      2.00     3   3.7922
#          42       0.00000      7.06      2.00     3   3.7984
#          43       0.00000     11.30      1.00     4   3.8204
#          44       0.00000     13.55      2.00     3   3.8249
#          45       0.00000     16.30      1.00     2   3.8310
#          46       0.00000     15.33      1.00     2   3.8354
#          47       0.00000     15.13      1.00     2   3.8532
#          48       0.00000      5.98      2.00     4   3.9017
#          49       0.00000      4.85      1.00     4   3.9227
#          50       0.00000      5.20      1.00     4   3.9291
#          51       0.00000     15.17      1.00     2   3.9392
#          52       0.00000     15.11      1.00     2   3.9453
#          53       0.00000     12.42      2.00     3   3.9465
#          54       0.00000     14.09      1.00     2   3.9514
#          55       0.00000      9.09      2.00     3   3.9635
#          56       0.00000      5.53      1.00     4   3.9650
#          58       0.00000      8.98      1.00     4   3.9831
#          60       0.00000     13.11      2.00     3   4.0182
#          61       0.00000      4.18      1.00     4   4.0860
#          62       0.00000     14.31      2.00     3   4.0895
#          63       0.00000     18.26      2.00     3   4.0910
#          64       0.00000      7.34      2.00     3   4.1285
#          65       0.00000      7.37      1.00     4   4.1312
#          66       0.00000      7.46      2.00     3   4.1596
#          67       0.00000     11.39      2.00     3   4.1595
#          68       0.00000      7.82      2.00     3   4.1623
#          69       0.00000      6.91      2.00     3   4.1838
#          70       0.00000     13.90      2.00     4   4.1911
#          71       0.00000      4.14      1.00     4   4.1926
#          72       0.00000      4.97      1.00     4   4.2055
#          73       0.00000      6.59      2.00     3   4.2200
#          74       0.00000      7.01      2.00     3   4.2254
#          75       0.00000      6.28      1.00     4   4.2338
#          76       0.00000      4.02      1.00     4   4.2351
#          77       0.00000     18.16      2.00     3   4.2356
#          78       0.00000      8.42      2.00     3   4.3000
#          79       0.00000     14.85      2.00     4   4.3023
#          80       0.00000      9.71      2.00     3   4.3162
#          81       0.00000      6.39      2.00     3   4.3182
#          82       0.00000      7.39      2.00     3   4.3438
#          83       0.00000     10.65      1.00     2   4.3534
#          84       0.00000     10.61      1.00     2   4.3593
#          86       0.00000     10.37      1.00     2   4.3938
#          87       0.00000     10.36      1.00     2   4.3947
#          88       0.00000     10.09      1.00     2   4.4348
#          89       0.00000     21.05      2.00     3   4.4440
#          90       0.00000      9.84      1.00     2   4.4731
#          91       0.00000      9.73      1.00     2   4.4910
#          92       0.00000     14.74      2.00     3   4.5259
#          93       0.00000      9.48      1.00     2   4.5292
#          94       0.00000     12.78      1.00     4   4.5287
#          95       0.00000      9.35      1.00     2   4.5507
#          96       0.00000      4.97      2.00     3   4.5511
#          97       0.00000     14.66      2.00     3   4.5541
#          98       0.00000     14.42      2.00     3   4.5576
#          99       0.00000      4.34      1.00     4   4.5619
#         100       0.00000      4.94      2.00     3   4.5636
#         101       0.00000     12.03      2.00     4   4.5780
#         102       0.00000     17.12      2.00     3   4.5990
#         103       0.00000      4.88      2.00     3   4.6187
#         104       0.00000      4.05      1.00     4   4.6216
#         105       0.00000      8.91      1.00     2   4.6261
#         106       0.00000     17.69      2.00     3   4.6394
#         107       0.00000      8.83      1.00     2   4.6403
#         108       0.00000     15.80      2.00     3   4.6469
#         110       0.00000      8.53      1.00     2   4.6944
#         111       0.00000      9.87      1.00     4   4.7070
#         112       0.00000      7.49      2.00     3   4.7091
#         114       0.00000      7.69      1.00     4   4.7134
#         115       0.00000      7.55      1.00     4   4.7214
#         116       0.00000     10.34      1.00     4   4.7282
#         117       0.00000      8.34      1.00     2   4.7305
#         118       0.00000     16.27      2.00     3   4.7348
#         121       0.00000      8.17      1.00     2   4.7622
#         122       0.00000      8.41      2.00     3   4.7639
#         123       0.00000      8.79      1.00     4   4.7646
#         124       0.00000      8.11      1.00     2   4.7746
#         125       0.00000      8.10      1.00     2   4.7772
#         126       0.00000      6.07      2.00     3   4.7839
#         127       0.00000      7.05      2.00     3   4.7924
#         128       0.00000     11.46      2.00     3   4.8049
#         129       0.00000      7.84      1.00     2   4.8279
#         130       0.00000      9.48      1.00     4   4.8292
#         131       0.00000      6.11      2.00     4   4.8359
#         132       0.00000      6.61      2.00     3   4.8437
#         133       0.00000      7.76      1.00     2   4.8450
#         134       0.00000      5.24      2.00     3   4.8661
#         135       0.00000      8.43      1.00     2   4.8883
#         136       0.00000     11.52      2.00     3   4.8888
#         137       0.00000      8.40      1.00     2   4.8941
#         141       0.00000      5.93      2.00     3   4.9045
#         142       0.00000      5.07      2.00     3   4.9423
#         143       0.00000      6.41      2.00     3   4.9684
#         144       0.00000     12.19      2.00     3   4.9710
#         145       0.00000      4.33      2.00     3   4.9812
#         146       0.00000      7.42      2.00     3   4.9821
#         147       0.00000      5.72      1.00     4   4.9837
#         148       0.00000      8.37      2.00     3   5.0104
#         149       0.00000      4.21      2.00     3   5.0110
#         150       0.00000      6.36      2.00     3   5.0119
#         151       0.00000      7.98      2.00     3   5.0147
#         152       0.00000      8.97      2.00     3   5.0234
#         153       0.00000      7.80      1.00     2   5.0235
#         154       0.00000      5.87      1.00     4   5.0470
#         155       0.00000      6.16      1.00     4   5.0536
#         158       0.00000      6.89      2.00     3   5.0705
#         159       0.00000      4.06      2.00     4   5.0716
#         160       0.00000     12.16      2.00     3   5.0961
#         161       0.00000      7.04      2.00     3   5.1044
#         162       0.00000      4.07      2.00     4   5.1050
#         165       0.00000      4.31      1.00     4   5.1527
#         166       0.00000      6.14      2.00     3   5.1607
#         167       0.00000      9.28      2.00     3   5.1659
#         168       0.00000      6.30      1.00     4   5.1688
#         169       0.00000      7.18      1.00     2   5.1702
#         171       0.00000      4.06      2.00     4   5.1873
#         172       0.00000      6.26      1.00     2   5.2012
#         173       0.00000      6.26      1.00     2   5.2025
#         174       0.00000     15.62      2.00     3   5.2027
#         175       0.00000      9.86      1.00     4   5.2042
#         176       0.00000      7.01      1.00     2   5.2130
#         177       0.00000      7.36      2.00     4   5.2143
#         180       0.00000     14.47      2.00     3   5.2189
#         182       0.00000      8.72      1.00     4   5.2353
#         185       0.00000      6.08      1.00     2   5.2514
#         186       0.00000      9.06      2.00     3   5.2543
#         189       0.00000      6.74      1.00     2   5.2859
#         190       0.00000      6.71      1.00     2   5.2927
#         191       0.00000      6.68      1.00     2   5.3005
#         192       0.00000      6.64      1.00     2   5.3109
#         193       0.00000      5.87      1.00     2   5.3104
#         194       0.00000      7.73      2.00     3   5.3169
#         195       0.00000      5.80      1.00     2   5.3309
#         198       0.00000      4.16      1.00     4   5.3384
#         200       0.00000      5.77      1.00     2   5.3406
#         204       0.00000      4.99      2.00     3   5.3719
#         205       0.00000      6.21      2.00     3   5.3812
#         207       0.00000      4.37      2.00     3   5.3845
#         209       0.00000      7.72      2.00     3   5.3886
#         210       0.00000      5.60      1.00     2   5.3935
#         211       0.00000      5.58      1.00     2   5.3994
#         212       0.00000     13.13      2.00     3   5.4018
#         214       0.00000      7.90      1.00     4   5.4102
#         216       0.00000      5.97      2.00     3   5.4259
#         217       0.00000      5.47      1.00     2   5.4332
#         219       0.00000      6.11      2.00     3   5.4434
#         220       0.00000      5.43      2.00     3   5.4527
#         223       0.00000      5.40      1.00     2   5.4553
#         226       0.00000      6.69      2.00     3   5.4732
#         228       0.00000      5.98      2.00     3   5.4800
#         229       0.00000      5.31      1.00     2   5.4847
#         231       0.00000      4.72      2.00     3   5.4890
#         232       0.00000      5.30      2.00     3   5.5013
#         234       0.00000      5.06      2.00     3   5.5206
#         236       0.00000      4.66      2.00     3   5.5335
#         237       0.00000      4.69      2.00     4   5.5515
#         241       0.00000      5.32      2.00     3   5.6037
#         242       0.00000      4.20      2.00     3   5.6055
#         243       0.00000      4.96      1.00     2   5.6080
#         244       0.00000      4.09      2.00     3   5.6161
#         246       0.00000      4.47      2.00     3   5.6321
#         248       0.00000      5.58      2.00     3   5.6469
#         252       0.00000      4.79      2.00     3   5.6839
#         253       0.00000      5.44      1.00     2   5.6866
#         257       0.00000      5.38      1.00     2   5.7052
#         268       0.00000      5.20      1.00     2   5.7726
#         269       0.00000      4.39      2.00     3   5.7732
#         271       0.00000      5.18      1.00     2   5.7819
#         272       0.00000      6.76      2.00     3   5.7822
#         277       0.00000      5.12      1.00     2   5.8029
#         280       0.00000      4.03      2.00     3   5.8080
#         283       0.00000      9.41      2.00     3   5.8299
#         287       0.00000      4.62      1.00     4   5.8569
#         288       0.00000      4.72      2.00     3   5.8681
#         294       0.00000      4.38      2.00     3   5.8827
#         303       0.00000      4.80      1.00     2   5.9290
#         304       0.00000      4.16      1.00     2   5.9309
#         306       0.00000      4.74      1.00     2   5.9550
#         307       0.00000      4.10      1.00     2   5.9551
#         308       0.00000      4.26      2.00     3   5.9546
#         309       0.00000      4.09      1.00     2   5.9610
#   221/ 282 paths used
#  -----------------------------------------------------------------------
#       k          chi          mag           phase @#
    -0.7000   -4.624815E-01  4.649508E-01 -1.673903E+00
    -0.6500   -4.569812E-01  4.581298E-01 -1.641625E+00
    -0.6000   -4.545154E-01  4.548344E-01 -1.608255E+00
    -0.5500   -4.537913E-01  4.537923E-01 -1.572887E+00
    -0.5000   -4.539224E-01  4.541509E-01 -1.539069E+00
    -0.4500   -4.544661E-01  4.554149E-01 -1.506236E+00
    -0.4000   -4.549074E-01  4.569398E-01 -1.476444E+00
    -0.3500   -4.556451E-01  4.591541E-01 -1.447087E+00
    -0.3000   -4.560221E-01  4.611516E-01 -1.421505E+00
    -0.2500   -4.561101E-01  4.628629E-01 -1.399772E+00
    -0.2000   -4.560064E-01  4.642610E-01 -1.381941E+00
    -0.1500   -4.560813E-01  4.657061E-01 -1.367137E+00
    -0.1000   -4.561393E-01  4.668414E-01 -1.356262E+00
    -0.0500   -4.561423E-01  4.675207E-01 -1.349722E+00
     0.0000   -4.561379E-01  4.677467E-01 -1.347539E+00
     0.0500   -4.561307E-01  4.679725E-01 -1.345355E+00
     0.1000   -4.560927E-01  4.686484E-01 -1.338797E+00
     0.1500   -4.559730E-01  4.697691E-01 -1.327845E+00
     0.2000   -4.556843E-01  4.713235E-01 -1.312469E+00
     0.2500   -4.550992E-01  4.732916E-01 -1.292636E+00
     0.3000   -4.540473E-01  4.756416E-01 -1.268313E+00
     0.3500   -4.524612E-01  4.785722E-01 -1.238942E+00
     0.4000   -4.504362E-01  4.827621E-01 -1.202771E+00
     0.4500   -4.470515E-01  4.872966E-01 -1.161526E+00
     0.5000   -4.418792E-01  4.920659E-01 -1.115221E+00
     0.5500   -4.347023E-01  4.975261E-01 -1.062814E+00
     0.6000   -4.250666E-01  5.042528E-01 -1.002768E+00
     0.6500   -4.117620E-01  5.108866E-01 -9.373214E-01
     0.7000   -3.942257E-01  5.176823E-01 -8.656558E-01
     0.7500   -3.715031E-01  5.256079E-01 -7.849736E-01
     0.8000   -3.428742E-01  5.328789E-01 -6.989803E-01
     0.8500   -3.077143E-01  5.402701E-01 -6.059660E-01
     0.9000   -2.652166E-01  5.477872E-01 -5.054028E-01
     0.9500   -2.157749E-01  5.540310E-01 -4.000491E-01
     1.0000   -1.581031E-01  5.604583E-01 -2.859783E-01
     1.0500   -9.393774E-02  5.654205E-01 -1.669118E-01
     1.1000   -2.390359E-02  5.692270E-01 -4.200543E-02
     1.1500    5.101852E-02  5.719545E-01  8.931902E-02
     1.2000    1.273071E-01  5.725771E-01  2.242144E-01
     1.2500    2.049578E-01  5.722620E-01  3.662897E-01
     1.3000    2.786234E-01  5.695741E-01  5.111476E-01
     1.3500    3.472097E-01  5.653479E-01  6.613113E-01
     1.4000    4.066778E-01  5.589991E-01  8.146867E-01
     1.4500    4.548247E-01  5.507469E-01  9.716769E-01
     1.5000    4.894866E-01  5.406519E-01  1.132235E+00
     1.5500    5.085607E-01  5.285425E-01  1.294948E+00
     1.6000    5.117822E-01  5.148605E-01  1.461390E+00
     1.6500    4.984370E-01  4.992759E-01  1.628775E+00
     1.7000    4.697702E-01  4.824001E-01  1.800128E+00
     1.7500    4.271210E-01  4.639235E-01  1.971796E+00
     1.8000    3.726931E-01  4.443046E-01  2.146474E+00
     1.8500    3.096906E-01  4.235109E-01  2.321446E+00
     1.9000    2.403081E-01  4.017278E-01  2.500357E+00
     1.9500    1.687661E-01  3.790787E-01  2.680194E+00
     2.0000    9.919151E-02  3.558336E-01  2.859092E+00
     2.0500    3.470776E-02  3.322447E-01  3.036937E+00
     2.1000   -2.195464E-02  3.077630E-01  3.212989E+00
     2.1500   -6.843802E-02  2.826446E-01  3.386158E+00
     2.2000   -1.041230E-01  2.580864E-01  3.556868E+00
     2.2500   -1.290455E-01  2.342237E-01  3.725095E+00
     2.3000   -1.435263E-01  2.105985E-01  3.891425E+00
     2.3500   -1.473915E-01  1.861094E-01  4.055608E+00
     2.4000   -1.428087E-01  1.626781E-01  4.212969E+00
     2.4500   -1.320109E-01  1.405874E-01  4.361289E+00
     2.5000   -1.173423E-01  1.201228E-01  4.496808E+00
     2.5500   -1.018854E-01  1.026200E-01  4.592663E+00
     2.6000   -8.775500E-02  8.790798E-02  4.653386E+00
     2.6500   -7.682801E-02  7.686867E-02  4.679864E+00
     2.7000   -6.967134E-02  6.969897E-02  4.684228E+00
     2.7500   -6.522067E-02  6.522067E-02  4.712242E+00
     2.8000   -6.270178E-02  6.272404E-02  4.739031E+00
     2.8500   -6.195053E-02  6.206049E-02  4.771925E+00
     2.9000   -6.250926E-02  6.287822E-02  4.820773E+00
     2.9500   -6.313547E-02  6.410697E-02  4.886704E+00
     3.0000   -6.368862E-02  6.585514E-02  4.969606E+00
     3.0500   -6.368708E-02  6.800706E-02  5.070737E+00
     3.1000   -6.244324E-02  7.029141E-02  5.189450E+00
     3.1500   -5.922975E-02  7.219377E-02  5.321027E+00
     3.2000   -5.389494E-02  7.382713E-02  5.464841E+00
     3.2500   -4.623979E-02  7.515042E-02  5.620423E+00
     3.3000   -3.627912E-02  7.598141E-02  5.785408E+00
     3.3500   -2.444637E-02  7.618649E-02  5.956532E+00
     3.4000   -1.127830E-02  7.583496E-02  6.133910E+00
     3.4500    2.622418E-03  7.490400E-02  6.318203E+00
     3.5000    1.640209E-02  7.333963E-02  6.508739E+00
     3.5500    2.899728E-02  7.112104E-02  6.703138E+00
     3.6000    3.948802E-02  6.828826E-02  6.899773E+00
     3.6500    4.725759E-02  6.486146E-02  7.099450E+00
     3.7000    5.181579E-02  6.087820E-02  7.301336E+00
     3.7500    5.292535E-02  5.636279E-02  7.502932E+00
     3.8000    5.078727E-02  5.138300E-02  7.701559E+00
     3.8500    4.601952E-02  4.606358E-02  7.897728E+00
     3.9000    3.938399E-02  4.049487E-02  8.088753E+00
     3.9500    3.184653E-02  3.480416E-02  8.269219E+00
     4.0000    2.444475E-02  2.914071E-02  8.429607E+00
     4.0500    1.803169E-02  2.369020E-02  8.559700E+00
     4.1000    1.324263E-02  1.870798E-02  8.638314E+00
     4.1500    1.044671E-02  1.459406E-02  8.626981E+00
     4.2000    9.765314E-03  1.209300E-02  8.484846E+00
     4.2500    1.069734E-02  1.178958E-02  8.287828E+00
     4.3000    1.260676E-02  1.327425E-02  8.172453E+00
     4.3500    1.481924E-02  1.562095E-02  8.175750E+00
     4.4000    1.675909E-02  1.829156E-02  8.266235E+00
     4.4500    1.750594E-02  2.061621E-02  8.410433E+00
     4.5000    1.666444E-02  2.238169E-02  8.584907E+00
     4.5500    1.419122E-02  2.351592E-02  8.776928E+00
     4.6000    1.036046E-02  2.412585E-02  8.980912E+00
     4.6500    5.619099E-03  2.401027E-02  9.188558E+00
     4.7000    6.992220E-04  2.319523E-02  9.394628E+00
     4.7500   -3.656892E-03  2.176089E-02  9.593628E+00
     4.8000   -6.943347E-03  1.995444E-02  9.780172E+00
     4.8500   -8.764523E-03  1.771766E-02  9.942241E+00
     4.9000   -9.081512E-03  1.525886E-02  1.006225E+01
     4.9500   -8.216110E-03  1.292467E-02  1.011368E+01
     5.0000   -6.901881E-03  1.135506E-02  1.007810E+01
     5.0500   -5.733835E-03  1.099086E-02  9.973610E+00
     5.1000   -5.388308E-03  1.208541E-02  9.886904E+00
     5.1500   -6.367986E-03  1.429817E-02  9.886366E+00
     5.2000   -8.975842E-03  1.708028E-02  9.978091E+00
     5.2500   -1.289977E-02  1.998481E-02  1.012643E+01
     5.3000   -1.761500E-02  2.275132E-02  1.031029E+01
     5.3500   -2.236768E-02  2.520960E-02  1.051617E+01
     5.4000   -2.633491E-02  2.722505E-02  1.073916E+01
     5.4500   -2.872583E-02  2.873572E-02  1.096934E+01
     5.5000   -2.906885E-02  2.970324E-02  1.120262E+01
     5.5500   -2.724946E-02  3.012088E-02  1.143577E+01
     5.6000   -2.347879E-02  2.999930E-02  1.166747E+01
     5.6500   -1.833918E-02  2.939828E-02  1.189275E+01
     5.7000   -1.255805E-02  2.840278E-02  1.210839E+01
     5.7500   -6.850668E-03  2.712902E-02  1.231109E+01
     5.8000   -1.773802E-03  2.570173E-02  1.249730E+01
     5.8500    2.369146E-03  2.432367E-02  1.266393E+01
     5.9000    5.614123E-03  2.318890E-02  1.281090E+01
     5.9500    8.252730E-03  2.247122E-02  1.294243E+01
     6.0000    1.065738E-02  2.231632E-02  1.306425E+01
     6.0500    1.331585E-02  2.275646E-02  1.319143E+01
     6.1000    1.647770E-02  2.368952E-02  1.333558E+01
     6.1500    2.008752E-02  2.494194E-02  1.350267E+01
     6.2000    2.377331E-02  2.632036E-02  1.369361E+01
     6.2500    2.691521E-02  2.764902E-02  1.390626E+01
     6.3000    2.878635E-02  2.878635E-02  1.413743E+01
     6.3500    2.873084E-02  2.962824E-02  1.438392E+01
     6.4000    2.633519E-02  3.010563E-02  1.464302E+01
     6.4500    2.155120E-02  3.018031E-02  1.491265E+01
     6.5000    1.482616E-02  2.994219E-02  1.518994E+01
     6.5500    6.798146E-03  2.930544E-02  1.547386E+01
     6.6000   -1.576793E-03  2.827101E-02  1.576377E+01
     6.6500   -9.250326E-03  2.688062E-02  1.605927E+01
     6.7000   -1.529186E-02  2.518776E-02  1.636039E+01
     6.7500   -1.904514E-02  2.325460E-02  1.666760E+01
     6.8000   -2.022456E-02  2.114926E-02  1.698196E+01
     6.8500   -1.893705E-02  1.894369E-02  1.730524E+01
     6.9000   -1.563245E-02  1.671235E-02  1.764021E+01
     6.9500   -1.099965E-02  1.453199E-02  1.799096E+01
     7.0000   -5.888151E-03  1.246656E-02  1.835764E+01
     7.0500   -1.051540E-03  1.058197E-02  1.875002E+01
     7.1000    2.901763E-03  8.970579E-03  1.917896E+01
     7.1500    5.555479E-03  7.732298E-03  1.965117E+01
     7.2000    6.724074E-03  6.956140E-03  2.016132E+01
     7.2500    6.440893E-03  6.670970E-03  2.068375E+01
     7.3000    4.920248E-03  6.804573E-03  2.118290E+01
     7.3500    2.504472E-03  7.212514E-03  2.163652E+01
     7.4000   -3.948502E-04  7.747716E-03  2.204213E+01
     7.4500   -3.354888E-03  8.299685E-03  2.240727E+01
     7.5000   -6.022785E-03  8.811739E-03  2.274369E+01
     7.5500   -8.091728E-03  9.247658E-03  2.305659E+01
     7.6000   -9.362361E-03  9.577700E-03  2.334949E+01
     7.6500   -9.769913E-03  9.789520E-03  2.362525E+01
     7.7000   -9.370808E-03  9.882569E-03  2.388517E+01
     7.7500   -8.321185E-03  9.867769E-03  2.412940E+01
     7.8000   -6.838101E-03  9.768177E-03  2.435729E+01
     7.8500   -5.149410E-03  9.619683E-03  2.456788E+01
     7.9000   -3.442442E-03  9.470490E-03  2.476073E+01
     7.9500   -1.823914E-03  9.377630E-03  2.493700E+01
     8.0000   -2.815064E-04  9.418261E-03  2.510285E+01
     8.0500    1.256867E-03  9.625843E-03  2.526369E+01
     8.1000    2.901449E-03  1.001345E-02  2.542671E+01
     8.1500    4.762500E-03  1.057476E-02  2.559992E+01
     8.2000    6.877738E-03  1.127519E-02  2.578879E+01
     8.2500    9.163454E-03  1.206117E-02  2.599567E+01
     8.3000    1.139748E-02  1.287079E-02  2.622038E+01
     8.3500    1.324381E-02  1.364219E-02  2.646128E+01
     8.4000    1.431748E-02  1.431862E-02  2.671617E+01
     8.4500    1.427595E-02  1.485133E-02  2.698281E+01
     8.5000    1.292353E-02  1.520934E-02  2.725890E+01
     8.5500    1.027051E-02  1.536535E-02  2.754225E+01
     8.6000    6.556480E-03  1.529644E-02  2.783136E+01
     8.6500    2.232664E-03  1.499343E-02  2.812487E+01
     8.7000   -2.120100E-03  1.445674E-02  2.842152E+01
     8.7500   -5.904548E-03  1.369605E-02  2.872006E+01
     8.8000   -8.628821E-03  1.272974E-02  2.901916E+01
     8.8500   -1.000717E-02  1.158406E-02  2.931725E+01
     8.9000   -1.001431E-02  1.029224E-02  2.961221E+01
     8.9500   -8.879695E-03  8.893567E-03  2.990099E+01
     9.0000   -7.036058E-03  7.444580E-03  3.017795E+01
     9.0500   -4.984132E-03  5.991969E-03  3.043358E+01
     9.1000   -3.180687E-03  4.588116E-03  3.064995E+01
     9.1500   -1.950648E-03  3.318462E-03  3.078757E+01
     9.2000   -1.416117E-03  2.336183E-03  3.076469E+01
     9.2500   -1.489846E-03  1.914550E-03  3.052418E+01
     9.3000   -1.923132E-03  2.155974E-03  3.031417E+01
     9.3500   -2.392383E-03  2.701953E-03  3.032851E+01
     9.4000   -2.598911E-03  3.247461E-03  3.048815E+01
     9.4500   -2.354155E-03  3.669462E-03  3.071941E+01
     9.5000   -1.626198E-03  3.929186E-03  3.098922E+01
     9.5500   -5.406988E-04  4.011992E-03  3.128074E+01
     9.6000    6.590061E-04  3.914321E-03  3.158509E+01
     9.6500    1.692093E-03  3.647310E-03  3.189835E+01
     9.7000    2.322971E-03  3.229140E-03  3.221883E+01
     9.7500    2.427866E-03  2.683300E-03  3.254685E+01
     9.8000    2.027005E-03  2.037260E-03  3.288634E+01
     9.8500    1.275118E-03  1.321903E-03  3.325357E+01
     9.9000    4.151044E-04  5.776095E-04  3.375565E+01
     9.9500   -2.902473E-04  2.911205E-04  3.620579E+01
    10.0000   -6.244160E-04  1.002795E-03  3.702695E+01
    10.0500   -4.701725E-04  1.722519E-03  3.742265E+01
    10.1000    1.572022E-04  2.388072E-03  3.776499E+01
    10.1500    1.127954E-03  2.977621E-03  3.808762E+01
    10.2000    2.237045E-03  3.476769E-03  3.839808E+01
    10.2500    3.260704E-03  3.877146E-03  3.869825E+01
    10.3000    4.011757E-03  4.176476E-03  3.898812E+01
    10.3500    4.378722E-03  4.378743E-03  3.926677E+01
    10.4000    4.339779E-03  4.494221E-03  3.953283E+01
    10.4500    3.950848E-03  4.539257E-03  3.978474E+01
    10.5000    3.314618E-03  4.535629E-03  4.002122E+01
    10.5500    2.542259E-03  4.509175E-03  4.024173E+01
    10.6000    1.720334E-03  4.487341E-03  4.044726E+01
    10.6500    8.924575E-04  4.495485E-03  4.064085E+01
    10.7000    5.952954E-05  4.552497E-03  4.082763E+01
    10.7500   -8.038858E-04  4.667215E-03  4.101381E+01
    10.8000   -1.724378E-03  4.837366E-03  4.120519E+01
    10.8500   -2.705164E-03  5.051573E-03  4.140582E+01
    10.9000   -3.710580E-03  5.293284E-03  4.161750E+01
    10.9500   -4.664300E-03  5.544816E-03  4.184020E+01
    11.0000   -5.474767E-03  5.802986E-03  4.207356E+01
    11.0500   -6.031701E-03  6.059427E-03  4.231580E+01
    11.1000   -6.219865E-03  6.293049E-03  4.256416E+01
    11.1500   -5.972462E-03  6.499614E-03  4.281703E+01
    11.2000   -5.269107E-03  6.678416E-03  4.307316E+01
    11.2500   -4.137521E-03  6.831455E-03  4.333171E+01
    11.3000   -2.647258E-03  6.962415E-03  4.359226E+01
    11.3500   -8.994745E-04  7.075540E-03  4.385483E+01
    11.4000    9.831264E-04  7.174534E-03  4.411976E+01
    11.4500    2.863746E-03  7.261635E-03  4.438768E+01
    11.5000    4.596542E-03  7.336977E-03  4.465934E+01
    11.5500    6.031820E-03  7.398348E-03  4.493553E+01
    11.6000    7.024865E-03  7.441338E-03  4.521695E+01
    11.6500    7.450872E-03  7.459824E-03  4.550410E+01
    11.7000    7.225753E-03  7.446684E-03  4.579729E+01
    11.7500    6.329065E-03  7.394598E-03  4.609659E+01
    11.8000    4.822505E-03  7.296812E-03  4.640186E+01
    11.8500    2.856486E-03  7.147807E-03  4.671278E+01
    11.9000    6.590670E-04  6.943794E-03  4.702883E+01
    11.9500   -1.494319E-03  6.683052E-03  4.734939E+01
    12.0000   -3.338096E-03  6.379129E-03  4.767459E+01
    12.0500   -4.652375E-03  6.036778E-03  4.800378E+01
    12.1000   -5.281225E-03  5.643073E-03  4.833463E+01
    12.1500   -5.202328E-03  5.204528E-03  4.866561E+01
    12.2000   -4.518369E-03  4.729682E-03  4.899474E+01
    12.2500   -3.430666E-03  4.229012E-03  4.931924E+01
    12.3000   -2.189567E-03  3.715002E-03  4.963518E+01
    12.3500   -1.034152E-03  3.202513E-03  4.993667E+01
    12.4000   -1.372696E-04  2.709770E-03  5.021480E+01
    12.4500    4.291972E-04  2.260307E-03  5.045653E+01
    12.5000    6.994522E-04  1.885769E-03  5.064547E+01
    12.5500    7.883751E-04  1.626218E-03  5.077161E+01
    12.6000    8.435937E-04  1.516875E-03  5.085522E+01
    12.6500    9.898031E-04  1.558050E-03  5.095386E+01
    12.7000    1.282539E-03  1.706801E-03  5.111571E+01
    12.7500    1.685897E-03  1.908721E-03  5.134825E+01
    12.8000    2.081513E-03  2.123353E-03  5.163743E+01
    12.8500    2.306557E-03  2.326605E-03  5.196765E+01
    12.9000    2.209399E-03  2.505552E-03  5.232741E+01
    12.9500    1.705763E-03  2.653997E-03  5.270904E+01
    13.0000    8.134727E-04  2.772770E-03  5.310932E+01
    13.0500   -3.389747E-04  2.864729E-03  5.352568E+01
    13.1000   -1.519716E-03  2.927650E-03  5.395286E+01
    13.1500   -2.464313E-03  2.963806E-03  5.438882E+01
    13.2000   -2.943709E-03  2.975390E-03  5.483181E+01
    13.2500   -2.829566E-03  2.964051E-03  5.528026E+01
    13.3000   -2.134521E-03  2.930550E-03  5.573273E+01
    13.3500   -1.014584E-03  2.874585E-03  5.618795E+01
    13.4000    2.683905E-04  2.794770E-03  5.664485E+01
    13.4500    1.414595E-03  2.688786E-03  5.710269E+01
    13.5000    2.165865E-03  2.553670E-03  5.756113E+01
    13.5500    2.374513E-03  2.386203E-03  5.802044E+01
    13.6000    2.041644E-03  2.183391E-03  5.848178E+01
    13.6500    1.313671E-03  1.943010E-03  5.894780E+01
    13.7000    4.377082E-04  1.664333E-03  5.942414E+01
    13.7500   -3.116768E-04  1.349434E-03  5.992333E+01
    13.8000   -7.134271E-04  1.006826E-03  6.047776E+01
    13.8500   -6.654072E-04  6.670789E-04  6.119025E+01
    13.9000   -2.152511E-04  4.646935E-04  6.235024E+01
    13.9500    4.525580E-04  6.503041E-04  6.360155E+01
    14.0000    1.070302E-03  1.071308E-03  6.435932E+01
    14.0500    1.365293E-03  1.566881E-03  6.491551E+01
    14.1000    1.139076E-03  2.092862E-03  6.539793E+01
    14.1500    3.342437E-04  2.629725E-03  6.584600E+01
    14.2000   -9.385703E-04  3.163505E-03  6.627467E+01
    14.2500   -2.420161E-03  3.681853E-03  6.669070E+01
    14.3000   -3.763754E-03  4.173170E-03  6.709758E+01
    14.3500   -4.621409E-03  4.626523E-03  6.749722E+01
    14.4000   -4.732776E-03  5.031818E-03  6.789073E+01
    14.4500   -3.992752E-03  5.380048E-03  6.827878E+01
    14.5000   -2.480495E-03  5.663564E-03  6.866169E+01
    14.5500   -4.428929E-04  5.876330E-03  6.903960E+01
    14.6000    1.762322E-03  6.014154E-03  6.941243E+01
    14.6500    3.748233E-03  6.074869E-03  6.977997E+01
    14.7000    5.183873E-03  6.058482E-03  7.014182E+01
    14.7500    5.861642E-03  5.967270E-03  7.049740E+01
    14.8000    5.731622E-03  5.805840E-03  7.084590E+01
    14.8500    4.896830E-03  5.581158E-03  7.118624E+01
    14.9000    3.573917E-03  5.302557E-03  7.151702E+01
    14.9500    2.032286E-03  4.981745E-03  7.183643E+01
    15.0000    5.279888E-04  4.635263E-03  7.214248E+01
    15.0500   -7.486414E-04  4.279346E-03  7.243248E+01
    15.1000   -1.694595E-03  3.927783E-03  7.270272E+01
    15.1500   -2.303584E-03  3.602506E-03  7.295040E+01
    15.2000   -2.642053E-03  3.326458E-03  7.317441E+01
    15.2500   -2.809596E-03  3.120493E-03  7.337725E+01
    15.3000   -2.896877E-03  2.998367E-03  7.356650E+01
    15.3500   -2.953697E-03  2.961702E-03  7.375389E+01
    15.4000   -2.975598E-03  2.998598E-03  7.395136E+01
    15.4500   -2.911191E-03  3.087556E-03  7.416706E+01
    15.5000   -2.686076E-03  3.203997E-03  7.440397E+01
    15.5500   -2.234727E-03  3.325477E-03  7.466132E+01
    15.6000   -1.530004E-03  3.434171E-03  7.493646E+01
    15.6500   -6.014560E-04  3.517312E-03  7.522638E+01
    15.7000    4.626634E-04  3.566686E-03  7.552831E+01
    15.7500    1.529807E-03  3.577858E-03  7.584003E+01
    15.8000    2.449632E-03  3.549421E-03  7.615992E+01
    15.8500    3.085358E-03  3.482339E-03  7.648687E+01
    15.9000    3.342101E-03  3.379404E-03  7.682030E+01
    15.9500    3.185738E-03  3.244780E-03  7.716008E+01
    16.0000    2.651063E-03  3.085247E-03  7.750597E+01
    16.0500    1.831591E-03  2.907716E-03  7.785838E+01
    16.1000    8.537462E-04  2.714687E-03  7.821990E+01
    16.1500   -1.320524E-04  2.512775E-03  7.859239E+01
    16.2000   -9.804597E-04  2.309202E-03  7.897832E+01
    16.2500   -1.573720E-03  2.111900E-03  7.938060E+01
    16.3000   -1.838583E-03  1.929600E-03  7.980225E+01
    16.3500   -1.755619E-03  1.771713E-03  8.024550E+01
    16.4000   -1.360171E-03  1.647660E-03  8.071029E+01
    16.4500   -7.352666E-04  1.565276E-03  8.119242E+01
    16.5000    2.326778E-06  1.528483E-03  8.168293E+01
    16.5500    7.209776E-04  1.535401E-03  8.217021E+01
    16.6000    1.295389E-03  1.578437E-03  8.264401E+01
    16.6500    1.627012E-03  1.646451E-03  8.309838E+01
    16.7000    1.660342E-03  1.727469E-03  8.353189E+01
    16.7500    1.392095E-03  1.810565E-03  8.394592E+01
    16.8000    8.711901E-04  1.886681E-03  8.434303E+01
    16.8500    1.891158E-04  1.948761E-03  8.472580E+01
    16.9000   -5.378225E-04  1.991633E-03  8.509644E+01
    16.9500   -1.190950E-03  2.011851E-03  8.545650E+01
    17.0000   -1.673370E-03  2.008785E-03  8.580756E+01
    17.0500   -1.925157E-03  1.983574E-03  8.615051E+01
    17.1000   -1.926765E-03  1.934573E-03  8.648368E+01
    17.1500   -1.707971E-03  1.864375E-03  8.680633E+01
    17.2000   -1.331992E-03  1.777063E-03  8.711722E+01
    17.2500   -8.770213E-04  1.678173E-03  8.741469E+01
    17.3000   -4.163997E-04  1.574577E-03  8.769696E+01
    17.3500   -2.880279E-06  1.474200E-03  8.796264E+01
    17.4000    3.389274E-04  1.385416E-03  8.821174E+01
    17.4500    6.103885E-04  1.315945E-03  8.844692E+01
    17.5000    8.284403E-04  1.271285E-03  8.867436E+01
    17.5500    1.011005E-03  1.253191E-03  8.890322E+01
    17.6000    1.163561E-03  1.259121E-03  8.914328E+01
    17.6500    1.271804E-03  1.283157E-03  8.940227E+01
    17.7000    1.303317E-03  1.317923E-03  8.968441E+01
    17.7500    1.218144E-03  1.356443E-03  8.999089E+01
    17.8000    9.850822E-04  1.393340E-03  9.032095E+01
    17.8500    5.983410E-04  1.425328E-03  9.067297E+01
    17.9000    8.870866E-05  1.451222E-03  9.104502E+01
    17.9500   -4.752641E-04  1.471660E-03  9.143503E+01
    18.0000   -9.988284E-04  1.489885E-03  9.184094E+01
    18.0500   -1.381271E-03  1.510453E-03  9.226039E+01
    18.1000   -1.532943E-03  1.533061E-03  9.268940E+01
    18.1500   -1.406319E-03  1.559688E-03  9.312417E+01
    18.2000   -1.009149E-03  1.591067E-03  9.356073E+01
    18.2500   -4.063579E-04  1.626392E-03  9.399525E+01
    18.3000    2.923410E-04  1.663370E-03  9.442445E+01
    18.3500    9.562625E-04  1.698570E-03  9.484577E+01
    18.4000    1.462926E-03  1.727954E-03  9.525739E+01
    18.4500    1.724990E-03  1.747453E-03  9.565806E+01
    18.5000    1.707982E-03  1.753484E-03  9.604688E+01
    18.5500    1.434484E-03  1.743381E-03  9.642302E+01
    18.6000    9.742508E-04  1.715736E-03  9.678550E+01
    18.6500    4.235985E-04  1.670659E-03  9.713302E+01
    18.7000   -1.197495E-04  1.610001E-03  9.746382E+01
    18.7500   -5.792473E-04  1.537536E-03  9.777564E+01
    18.8000   -9.135633E-04  1.459082E-03  9.806594E+01
    18.8500   -1.118936E-03  1.382465E-03  9.833246E+01
    18.9000   -1.220342E-03  1.317075E-03  9.857452E+01
    18.9500   -1.255292E-03  1.272650E-03  9.879482E+01
    19.0000   -1.256156E-03  1.257200E-03  9.900092E+01
    19.0500   -1.236750E-03  1.274447E-03  9.920400E+01
    19.1000   -1.187656E-03  1.322368E-03  9.941547E+01
    19.1500   -1.081128E-03  1.394415E-03  9.964373E+01
    19.2000   -8.830786E-04  1.481350E-03  9.989229E+01
    19.2500   -5.692433E-04  1.573511E-03  1.001608E+02
    19.3000   -1.395841E-04  1.662220E-03  1.004469E+02
    19.3500    3.740154E-04  1.740372E-03  1.007476E+02
    19.4000    9.096266E-04  1.802547E-03  1.010599E+02
    19.4500    1.386668E-03  1.844910E-03  1.013815E+02
    19.5000    1.723857E-03  1.865062E-03  1.017101E+02
    19.5500    1.858790E-03  1.861877E-03  1.020442E+02
    19.6000    1.763684E-03  1.835335E-03  1.023821E+02
    19.6500    1.452950E-03  1.786371E-03  1.027227E+02
    19.7000    9.805237E-04  1.716715E-03  1.030646E+02
    19.7500    4.277776E-04  1.628741E-03  1.034068E+02
    19.8000   -1.146844E-04  1.525321E-03  1.037478E+02
    19.8500   -5.665112E-04  1.409683E-03  1.040861E+02
    19.9000   -8.734401E-04  1.285301E-03  1.044197E+02
    19.9500   -1.015790E-03  1.155816E-03  1.047460E+02