# # tequil.ion_motion                                            FEFF 9.05   
# # POT  SCF  30  5.5000   1, core-hole, AFOLP (folp(0)= 1.150)
# # Abs   Z=30 Rmt= 1.347 Rnm= 1.426 K  shell
# # Pot 1 Z=26 Rmt= 1.288 Rnm= 1.386
# # Pot 2 Z= 8 Rmt= 0.984 Rnm= 1.072
# # Gam_ch=1.897E+00 H-L exch
# # Mu=-1.170E+01 kf=2.209E+00 Vint=-1.958E+01 Rs_int= 1.642
# # PATH  Rmax= 8.500,  Keep_limit= 0.00, Heap_limit 0.00  Pwcrit= 2.50%
#  S02=1.000                                        Global_sig2= 0.00000
#  Energy zero shift, vr, vi   -2.00000E+00   0.00000E+00
#  Curved wave amplitude ratio filter   4.000%
#     file         sig2 tot  cw amp ratio   deg  nlegs   reff  inp sig2
#           1       0.00000    100.00      1.00     2   1.9707
#           2       0.00000     97.43      1.00     2   1.9911
#           3       0.00000     83.00      1.00     2   2.1206
#           4       0.00000     76.75      1.00     2   2.1866
#           5       0.00000     75.88      1.00     2   2.1963
#           6       0.00000     57.77      1.00     2   2.4414
#           7       0.00000     37.62      1.00     2   2.8292
#           8       0.00000     33.15      1.00     2   2.9965
#           9       0.00000     32.40      1.00     2   3.0271
#          10       0.00000     28.44      1.00     2   3.2045
#          11       0.00000     27.13      1.00     2   3.2696
#          12       0.00000     25.72      1.00     2   3.3132
#          13       0.00000     26.21      1.00     2   3.3177
#          14       0.00000     25.87      1.00     2   3.3359
#          15       0.00000     24.29      1.00     2   3.3836
#          16       0.00000     10.90      2.00     3   3.3845
#          17       0.00000     23.97      1.00     2   3.4000
#          18       0.00000     11.58      2.00     3   3.4607
#          19       0.00000     22.36      1.00     2   3.4878
#          20       0.00000      8.84      2.00     3   3.4893
#          21       0.00000     22.02      1.00     2   3.5072
#          22       0.00000     21.78      1.00     2   3.5215
#          23       0.00000      9.58      2.00     3   3.5276
#          24       0.00000     11.00      2.00     3   3.5309
#          25       0.00000      8.52      2.00     3   3.5627
#          26       0.00000     10.43      2.00     3   3.5753
#          27       0.00000     17.26      2.00     3   3.5779
#          28       0.00000      9.55      2.00     3   3.5835
#          29       0.00000     17.67      2.00     3   3.6032
#          30       0.00000      9.08      2.00     3   3.6068
#          31       0.00000      8.15      2.00     3   3.6165
#          32       0.00000     10.31      2.00     3   3.6495
#          33       0.00000     19.63      1.00     2   3.6568
#          34       0.00000     20.63      1.00     2   3.6606
#          35       0.00000     10.26      2.00     3   3.6629
#          36       0.00000     14.98      2.00     3   3.6794
#          37       0.00000      6.46      2.00     3   3.6863
#          38       0.00000      8.43      2.00     3   3.7043
#          39       0.00000      7.11      2.00     3   3.7076
#          40       0.00000      6.41      2.00     3   3.7135
#          41       0.00000      8.94      2.00     3   3.7175
#          42       0.00000      9.03      2.00     3   3.7282
#          43       0.00000     19.41      1.00     2   3.7502
#          44       0.00000      8.42      2.00     3   3.7639
#          45       0.00000     19.00      1.00     2   3.7824
#          46       0.00000      8.08      2.00     3   3.7841
#          47       0.00000     18.44      1.00     2   3.8269
#          48       0.00000     18.24      1.00     2   3.8435
#          49       0.00000     17.03      1.00     2   3.8482
#          50       0.00000     14.54      2.00     3   3.8783
#          51       0.00000      4.60      1.00     4   3.8863
#          52       0.00000      4.55      1.00     4   3.8887
#          53       0.00000     17.50      1.00     2   3.9062
#          54       0.00000     16.31      1.00     2   3.9081
#          55       0.00000     10.23      2.00     3   3.9145
#          56       0.00000     15.44      2.00     3   3.9244
#          57       0.00000      5.98      1.00     4   3.9398
#          58       0.00000      9.15      1.00     4   3.9414
#          60       0.00000      8.67      1.00     4   3.9822
#          61       0.00000     15.56      2.00     3   3.9838
#          63       0.00000      4.69      1.00     4   4.0347
#          64       0.00000     12.46      2.00     3   4.0565
#          65       0.00000     12.23      2.00     3   4.0687
#          66       0.00000      8.05      2.00     3   4.0946
#          67       0.00000      5.16      1.00     4   4.0960
#          68       0.00000      5.74      1.00     4   4.0986
#          69       0.00000     14.12      1.00     2   4.1124
#          70       0.00000     21.74      2.00     3   4.1180
#          71       0.00000      8.09      2.00     3   4.1198
#          72       0.00000      4.43      1.00     4   4.1399
#          73       0.00000      6.27      1.00     4   4.1407
#          74       0.00000      7.47      2.00     3   4.1535
#          75       0.00000      7.23      2.00     3   4.1580
#          76       0.00000     14.31      2.00     4   4.1874
#          77       0.00000      6.58      2.00     3   4.2130
#          78       0.00000      7.13      2.00     3   4.2356
#          79       0.00000      7.80      2.00     3   4.2401
#          80       0.00000      7.02      2.00     3   4.2415
#          81       0.00000      6.26      1.00     4   4.2412
#          82       0.00000     20.01      2.00     3   4.2487
#          84       0.00000      6.58      2.00     3   4.2774
#          85       0.00000      6.53      2.00     3   4.2904
#          86       0.00000     12.50      1.00     2   4.2915
#          87       0.00000      4.36      1.00     4   4.2938
#          88       0.00000     13.34      2.00     4   4.3072
#          89       0.00000     12.33      1.00     2   4.3120
#          90       0.00000      9.41      2.00     3   4.3130
#          91       0.00000     12.18      1.00     2   4.3308
#          92       0.00000      6.05      2.00     3   4.3308
#          94       0.00000      7.86      2.00     3   4.3420
#          95       0.00000      6.23      2.00     3   4.3548
#          96       0.00000     11.91      1.00     2   4.3644
#          97       0.00000     11.88      1.00     2   4.3678
#          98       0.00000     19.10      2.00     3   4.3678
#          99       0.00000      5.36      1.00     4   4.3732
#         100       0.00000      5.24      1.00     4   4.3926
#         101       0.00000      5.83      2.00     3   4.3991
#         102       0.00000     13.28      2.00     4   4.4121
#         103       0.00000     11.50      1.00     2   4.4177
#         104       0.00000     23.10      2.00     3   4.4465
#         105       0.00000     21.06      2.00     3   4.4683
#         106       0.00000      5.69      2.00     3   4.5050
#         107       0.00000     13.88      2.00     3   4.5166
#         108       0.00000     13.54      1.00     4   4.5286
#         109       0.00000     10.56      1.00     2   4.5487
#         110       0.00000      5.07      2.00     3   4.5592
#         111       0.00000     16.46      2.00     3   4.5635
#         112       0.00000      7.16      2.00     3   4.5635
#         113       0.00000     11.86      1.00     4   4.5688
#         114       0.00000      6.76      2.00     3   4.5837
#         115       0.00000     10.31      1.00     2   4.5858
#         117       0.00000      5.46      2.00     3   4.6142
#         118       0.00000     10.08      1.00     2   4.6221
#         119       0.00000      4.93      2.00     3   4.6262
#         120       0.00000      9.47      2.00     3   4.6360
#         121       0.00000      5.22      2.00     3   4.6490
#         122       0.00000      9.70      1.00     2   4.6820
#         123       0.00000      9.67      1.00     2   4.6879
#         124       0.00000     14.78      2.00     3   4.6976
#         125       0.00000      7.13      2.00     3   4.6982
#         126       0.00000      9.59      1.00     2   4.7017
#         127       0.00000      8.47      1.00     4   4.7093
#         129       0.00000      9.47      1.00     2   4.7202
#         130       0.00000      6.41      1.00     4   4.7211
#         131       0.00000      4.39      2.00     3   4.7224
#         132       0.00000      6.62      2.00     3   4.7257
#         133       0.00000      7.11      2.00     3   4.7270
#         134       0.00000      4.67      2.00     3   4.7300
#         135       0.00000      9.35      1.00     2   4.7419
#         136       0.00000     13.72      2.00     3   4.7452
#         137       0.00000      9.23      2.00     3   4.7551
#         139       0.00000     17.05      2.00     3   4.8071
#         140       0.00000      5.68      2.00     3   4.8144
#         141       0.00000      5.59      2.00     4   4.8203
#         144       0.00000      5.24      2.00     3   4.8449
#         145       0.00000      7.50      1.00     4   4.8464
#         146       0.00000     11.97      2.00     3   4.8586
#         147       0.00000      9.64      1.00     2   4.8768
#         149       0.00000      8.53      1.00     2   4.8907
#         150       0.00000      9.36      1.00     4   4.8940
#         151       0.00000      6.73      1.00     4   4.9046
#         152       0.00000      9.47      1.00     2   4.9084
#         153       0.00000      8.21      2.00     3   4.9126
#         154       0.00000     10.04      2.00     3   4.9207
#         155       0.00000      9.02      2.00     3   4.9389
#         157       0.00000      8.20      1.00     2   4.9551
#         158       0.00000      9.63      2.00     3   4.9648
#         159       0.00000      9.71      2.00     3   5.0102
#         161       0.00000      7.93      1.00     2   5.0118
#         162       0.00000      5.92      2.00     3   5.0137
#         163       0.00000     11.14      2.00     3   5.0137
#         167       0.00000      8.85      1.00     2   5.0268
#         168       0.00000      5.66      1.00     4   5.0351
#         172       0.00000     12.92      2.00     3   5.0688
#         173       0.00000      6.61      2.00     3   5.0724
#         174       0.00000      7.39      2.00     3   5.0849
#         176       0.00000      5.17      1.00     4   5.1189
#         177       0.00000      4.39      1.00     4   5.1397
#         178       0.00000      4.56      1.00     4   5.1437
#         180       0.00000      8.25      1.00     2   5.1539
#         183       0.00000      7.23      1.00     2   5.1676
#         184       0.00000      7.25      2.00     3   5.1714
#         185       0.00000     17.59      2.00     3   5.1726
#         187       0.00000     10.82      1.00     4   5.1776
#         188       0.00000      7.19      1.00     2   5.1779
#         189       0.00000      7.18      1.00     2   5.1792
#         190       0.00000      6.95      2.00     3   5.1815
#         191       0.00000      6.73      1.00     4   5.1824
#         192       0.00000      4.17      1.00     4   5.1878
#         193       0.00000     16.72      2.00     3   5.1887
#         196       0.00000      7.10      1.00     2   5.1984
#         197       0.00000      9.95      1.00     4   5.1995
#         199       0.00000      8.41      2.00     3   5.2093
#         200       0.00000     16.71      2.00     3   5.2100
#         201       0.00000     10.07      1.00     4   5.2216
#         202       0.00000     12.04      2.00     3   5.2289
#         204       0.00000      5.52      2.00     3   5.2708
#         205       0.00000      7.68      1.00     2   5.2829
#         206       0.00000      6.85      2.00     3   5.2840
#         208       0.00000      6.74      1.00     2   5.2905
#         210       0.00000      7.60      1.00     2   5.3025
#         211       0.00000      4.55      2.00     4   5.3042
#         212       0.00000      5.85      1.00     4   5.3039
#         216       0.00000      7.28      2.00     3   5.3476
#         219       0.00000      5.56      2.00     3   5.3731
#         220       0.00000      4.66      2.00     3   5.3766
#         222       0.00000      7.07      2.00     3   5.4021
#         223       0.00000      8.11      2.00     3   5.4026
#         224       0.00000      6.91      2.00     3   5.4106
#         225       0.00000      6.24      1.00     2   5.4237
#         227       0.00000      5.80      2.00     3   5.4297
#         228       0.00000      5.61      2.00     3   5.4293
#         229       0.00000      6.21      1.00     2   5.4325
#         230       0.00000      7.05      1.00     2   5.4430
#         231       0.00000      6.17      1.00     2   5.4440
#         232       0.00000      7.02      1.00     2   5.4509
#         234       0.00000      7.01      1.00     2   5.4530
#         236       0.00000      5.69      2.00     3   5.4595
#         238       0.00000      6.50      2.00     3   5.4814
#         239       0.00000      6.83      2.00     3   5.4890
#         249       0.00000      6.69      1.00     2   5.5411
#         251       0.00000      6.67      1.00     2   5.5481
#         252       0.00000      6.66      1.00     2   5.5497
#         254       0.00000      5.77      1.00     2   5.5648
#         255       0.00000      6.73      2.00     3   5.5688
#         256       0.00000      5.75      1.00     2   5.5717
#         258       0.00000      5.91      2.00     3   5.5858
#         260       0.00000      5.97      2.00     3   5.5956
#         261       0.00000      5.48      2.00     3   5.5954
#         262       0.00000      5.52      2.00     3   5.6027
#         265       0.00000      4.72      2.00     3   5.6234
#         266       0.00000      5.55      1.00     2   5.6362
#         269       0.00000      6.14      2.00     3   5.6606
#         270       0.00000      5.04      2.00     3   5.6661
#         271       0.00000      4.18      2.00     3   5.6670
#         273       0.00000      4.04      2.00     3   5.6830
#         275       0.00000      6.21      2.00     3   5.6854
#         276       0.00000      6.46      2.00     3   5.6861
#         277       0.00000      4.16      2.00     3   5.6867
#         278       0.00000      6.18      2.00     3   5.6871
#         279       0.00000      5.32      2.00     3   5.6948
#         280       0.00000      6.15      2.00     3   5.6949
#         283       0.00000      5.33      1.00     2   5.7080
#         291       0.00000      4.19      2.00     3   5.7626
#         292       0.00000      4.48      2.00     3   5.7650
#         294       0.00000      4.04      2.00     3   5.7817
#         295       0.00000      4.19      2.00     3   5.7851
#         297       0.00000      4.63      2.00     3   5.8028
#         307       0.00000      5.73      1.00     2   5.8414
#         308       0.00000      5.73      1.00     2   5.8436
#         310       0.00000     11.07      2.00     3   5.8557
#         313       0.00000      5.68      1.00     2   5.8610
#         314       0.00000      5.42      1.00     4   5.8700
#         317       0.00000      4.86      1.00     2   5.8797
#         319       0.00000      4.85      1.00     2   5.8840
#         322       0.00000      4.91      2.00     3   5.8953
#         325       0.00000      8.44      2.00     3   5.9074
#         328       0.00000      4.78      1.00     2   5.9113
#         331       0.00000      6.19      2.00     3   5.9188
#         333       0.00000     11.02      2.00     2   5.9208
#   240/ 309 paths used
#  -----------------------------------------------------------------------
#       k          chi          mag           phase @#
    -0.7000   -4.170439E-01  4.376462E-01 -1.262740E+00
    -0.6500   -4.064482E-01  4.221754E-01 -1.296985E+00
    -0.6000   -4.058398E-01  4.192019E-01 -1.317633E+00
    -0.5500   -4.095296E-01  4.224106E-01 -1.323206E+00
    -0.5000   -4.149229E-01  4.285467E-01 -1.317970E+00
    -0.4500   -4.204463E-01  4.357295E-01 -1.305157E+00
    -0.4000   -4.255046E-01  4.429411E-01 -1.289278E+00
    -0.3500   -4.294940E-01  4.496553E-01 -1.270209E+00
    -0.3000   -4.326831E-01  4.556600E-01 -1.251876E+00
    -0.2500   -4.350819E-01  4.607821E-01 -1.235233E+00
    -0.2000   -4.367934E-01  4.649596E-01 -1.220941E+00
    -0.1500   -4.378944E-01  4.682700E-01 -1.208632E+00
    -0.1000   -4.385662E-01  4.706532E-01 -1.199408E+00
    -0.0500   -4.389277E-01  4.720796E-01 -1.193801E+00
     0.0000   -4.390411E-01  4.725543E-01 -1.191920E+00
     0.0500   -4.391508E-01  4.730286E-01 -1.190033E+00
     0.1000   -4.394580E-01  4.744487E-01 -1.184338E+00
     0.1500   -4.398945E-01  4.768045E-01 -1.174738E+00
     0.2000   -4.403414E-01  4.800747E-01 -1.161083E+00
     0.2500   -4.406228E-01  4.842210E-01 -1.143193E+00
     0.3000   -4.404998E-01  4.891826E-01 -1.120875E+00
     0.3500   -4.396611E-01  4.949781E-01 -1.093507E+00
     0.4000   -4.376783E-01  5.018504E-01 -1.059537E+00
     0.4500   -4.340919E-01  5.093306E-01 -1.020327E+00
     0.5000   -4.283779E-01  5.172590E-01 -9.758329E-01
     0.5500   -4.199223E-01  5.257898E-01 -9.250495E-01
     0.6000   -4.078991E-01  5.351954E-01 -8.666273E-01
     0.6500   -3.917196E-01  5.446090E-01 -8.027476E-01
     0.7000   -3.706869E-01  5.541279E-01 -7.328026E-01
     0.7500   -3.436420E-01  5.644339E-01 -6.545797E-01
     0.8000   -3.104493E-01  5.742253E-01 -5.711979E-01
     0.8500   -2.702209E-01  5.840696E-01 -4.809840E-01
     0.9000   -2.222373E-01  5.939960E-01 -3.834686E-01
     0.9500   -1.673964E-01  6.028749E-01 -2.813612E-01
     1.0000   -1.040284E-01  6.120269E-01 -1.708028E-01
     1.0500   -3.430588E-02  6.200137E-01 -5.535911E-02
     1.1000    4.136746E-02  6.271388E-01  6.601013E-02
     1.1500    1.221585E-01  6.335108E-01  1.940433E-01
     1.2000    2.042696E-01  6.380869E-01  3.258649E-01
     1.2500    2.883108E-01  6.420978E-01  4.656613E-01
     1.3000    3.682135E-01  6.439540E-01  6.086993E-01
     1.3500    4.431741E-01  6.445287E-01  7.581702E-01
     1.4000    5.083896E-01  6.430476E-01  9.117784E-01
     1.4500    5.611329E-01  6.396229E-01  1.070181E+00
     1.5000    5.984553E-01  6.341851E-01  1.233522E+00
     1.5500    6.172455E-01  6.263318E-01  1.400254E+00
     1.6000    6.164359E-01  6.164368E-01  1.572527E+00
     1.6500    5.944959E-01  6.038371E-01  1.746919E+00
     1.7000    5.521123E-01  5.891614E-01  1.927321E+00
     1.7500    4.908553E-01  5.717304E-01  2.109171E+00
     1.8000    4.130234E-01  5.519521E-01  2.296103E+00
     1.8500    3.235082E-01  5.295946E-01  2.484446E+00
     1.9000    2.253523E-01  5.048608E-01  2.678893E+00
     1.9500    1.256504E-01  4.777176E-01  2.875439E+00
     2.0000    3.154713E-02  4.484467E-01  3.071187E+00
     2.0500   -5.153461E-02  4.174377E-01  3.265363E+00
     2.1000   -1.193531E-01  3.839825E-01  3.457658E+00
     2.1500   -1.685431E-01  3.484089E-01  3.646528E+00
     2.2000   -1.985075E-01  3.127228E-01  3.829306E+00
     2.2500   -2.107481E-01  2.775809E-01  4.003724E+00
     2.3000   -2.078005E-01  2.428169E-01  4.168670E+00
     2.3500   -1.915414E-01  2.071200E-01  4.322063E+00
     2.4000   -1.682860E-01  1.742808E-01  4.449344E+00
     2.4500   -1.436339E-01  1.457674E-01  4.541087E+00
     2.5000   -1.224216E-01  1.233473E-01  4.589796E+00
     2.5500   -1.106859E-01  1.113730E-01  4.601248E+00
     2.6000   -1.043689E-01  1.049972E-01  4.602936E+00
     2.6500   -1.027421E-01  1.032236E-01  4.615768E+00
     2.7000   -1.042756E-01  1.044475E-01  4.655018E+00
     2.7500   -1.054165E-01  1.054376E-01  4.732414E+00
     2.8000   -1.061774E-01  1.068687E-01  4.826191E+00
     2.8500   -1.058424E-01  1.084780E-01  4.933276E+00
     2.9000   -1.037153E-01  1.099777E-01  5.051478E+00
     2.9500   -9.912827E-02  1.109670E-01  5.178523E+00
     3.0000   -9.208219E-02  1.115091E-01  5.311599E+00
     3.0500   -8.274095E-02  1.116853E-01  5.448865E+00
     3.1000   -7.136023E-02  1.115658E-01  5.589175E+00
     3.1500   -5.815829E-02  1.110305E-01  5.731874E+00
     3.2000   -4.350333E-02  1.102143E-01  5.877427E+00
     3.2500   -2.783741E-02  1.091407E-01  6.025276E+00
     3.3000   -1.174655E-02  1.078482E-01  6.174051E+00
     3.3500    4.320861E-03  1.065364E-01  6.323754E+00
     3.4000    2.008098E-02  1.052622E-01  6.475133E+00
     3.4500    3.521909E-02  1.040142E-01  6.628613E+00
     3.5000    4.944576E-02  1.027754E-01  6.785100E+00
     3.5500    6.240348E-02  1.015300E-01  6.945104E+00
     3.6000    7.361862E-02  1.001819E-01  7.108630E+00
     3.6500    8.257304E-02  9.858447E-02  7.276036E+00
     3.7000    8.876000E-02  9.664909E-02  7.447137E+00
     3.7500    9.178536E-02  9.432889E-02  7.621231E+00
     3.8000    9.146584E-02  9.161356E-02  7.797187E+00
     3.8500    8.780806E-02  8.844693E-02  7.974247E+00
     3.9000    8.111153E-02  8.483003E-02  8.151164E+00
     3.9500    7.199628E-02  8.086735E-02  8.326772E+00
     4.0000    6.128295E-02  7.673322E-02  8.499730E+00
     4.0500    4.971727E-02  7.240287E-02  8.667872E+00
     4.1000    3.811472E-02  6.799738E-02  8.829750E+00
     4.1500    2.720224E-02  6.368739E-02  8.983471E+00
     4.2000    1.751346E-02  5.974394E-02  9.127266E+00
     4.2500    9.128873E-03  5.625569E-02  9.261783E+00
     4.3000    1.924979E-03  5.336553E-02  9.388699E+00
     4.3500   -4.414885E-03  5.118345E-02  9.511141E+00
     4.4000   -1.030502E-02  4.980574E-02  9.633188E+00
     4.4500   -1.618662E-02  4.901124E-02  9.761361E+00
     4.5000   -2.223311E-02  4.860996E-02  9.899822E+00
     4.5500   -2.836801E-02  4.840059E-02  1.005103E+01
     4.6000   -3.434521E-02  4.828209E-02  1.021619E+01
     4.6500   -3.946506E-02  4.788921E-02  1.039337E+01
     4.7000   -4.306740E-02  4.706729E-02  1.058033E+01
     4.7500   -4.462065E-02  4.573567E-02  1.077431E+01
     4.8000   -4.397300E-02  4.398444E-02  1.097276E+01
     4.8500   -4.102579E-02  4.166424E-02  1.117086E+01
     4.9000   -3.624331E-02  3.885014E-02  1.136399E+01
     4.9500   -3.040184E-02  3.568325E-02  1.154659E+01
     5.0000   -2.446035E-02  3.245190E-02  1.171263E+01
     5.0500   -1.917929E-02  2.932398E-02  1.185345E+01
     5.1000   -1.511661E-02  2.664478E-02  1.196310E+01
     5.1500   -1.239969E-02  2.478560E-02  1.204245E+01
     5.2000   -1.070089E-02  2.410781E-02  1.210645E+01
     5.2500   -9.290505E-03  2.460165E-02  1.217913E+01
     5.3000   -7.272865E-03  2.604878E-02  1.228341E+01
     5.3500   -3.838220E-03  2.806816E-02  1.242919E+01
     5.4000    1.533460E-03  3.032644E-02  1.261696E+01
     5.4500    8.725286E-03  3.245344E-02  1.283858E+01
     5.5000    1.704121E-02  3.422274E-02  1.308760E+01
     5.5500    2.527446E-02  3.548780E-02  1.335900E+01
     5.6000    3.199918E-02  3.620515E-02  1.365036E+01
     5.6500    3.571856E-02  3.629866E-02  1.395815E+01
     5.7000    3.540945E-02  3.578013E-02  1.428124E+01
     5.7500    3.074628E-02  3.470508E-02  1.461947E+01
     5.8000    2.220893E-02  3.314773E-02  1.497376E+01
     5.8500    1.109182E-02  3.122459E-02  1.534481E+01
     5.9000   -7.667999E-04  2.908516E-02  1.573433E+01
     5.9500   -1.136204E-02  2.689903E-02  1.614405E+01
     6.0000   -1.886992E-02  2.473220E-02  1.657586E+01
     6.0500   -2.211872E-02  2.282842E-02  1.702875E+01
     6.1000   -2.083025E-02  2.134196E-02  1.749818E+01
     6.1500   -1.560725E-02  2.034062E-02  1.797494E+01
     6.2000   -7.759666E-03  1.979381E-02  1.844672E+01
     6.2500    1.023163E-03  1.958045E-02  1.890183E+01
     6.3000    9.065987E-03  1.953059E-02  1.933228E+01
     6.3500    1.506780E-02  1.947597E-02  1.973416E+01
     6.4000    1.834186E-02  1.928670E-02  2.010605E+01
     6.4500    1.888315E-02  1.888993E-02  2.044714E+01
     6.5000    1.722155E-02  1.829513E-02  2.076463E+01
     6.5500    1.420726E-02  1.757654E-02  2.104988E+01
     6.6000    1.075710E-02  1.684389E-02  2.129843E+01
     6.6500    7.529704E-03  1.626603E-02  2.150987E+01
     6.7000    4.765153E-03  1.604328E-02  2.168958E+01
     6.7500    2.276984E-03  1.634835E-02  2.185142E+01
     6.8000   -4.084707E-04  1.725494E-02  2.201482E+01
     6.8500   -3.814789E-03  1.870722E-02  2.219651E+01
     6.9000   -8.257774E-03  2.055363E-02  2.240459E+01
     6.9500   -1.365012E-02  2.260665E-02  2.263942E+01
     7.0000   -1.951851E-02  2.468213E-02  2.290326E+01
     7.0500   -2.476497E-02  2.661934E-02  2.318648E+01
     7.1000   -2.820927E-02  2.829749E-02  2.348296E+01
     7.1500   -2.886066E-02  2.962386E-02  2.378943E+01
     7.2000   -2.616546E-02  3.053153E-02  2.410333E+01
     7.2500   -2.019496E-02  3.097779E-02  2.442263E+01
     7.3000   -1.167944E-02  3.094258E-02  2.474569E+01
     7.3500   -1.874745E-03  3.042692E-02  2.507109E+01
     7.4000    7.705771E-03  2.945124E-02  2.539747E+01
     7.4500    1.562427E-02  2.805344E-02  2.572345E+01
     7.5000    2.086206E-02  2.628892E-02  2.604939E+01
     7.5500    2.289968E-02  2.421896E-02  2.637195E+01
     7.6000    2.191738E-02  2.192014E-02  2.668767E+01
     7.6500    1.867124E-02  1.948159E-02  2.699298E+01
     7.7000    1.422999E-02  1.700362E-02  2.728278E+01
     7.7500    9.675919E-03  1.459982E-02  2.754986E+01
     7.8000    5.832729E-03  1.240122E-02  2.778466E+01
     7.8500    3.093220E-03  1.055959E-02  2.797704E+01
     7.9000    1.388107E-03  9.235701E-03  2.812346E+01
     7.9500    2.948657E-04  8.545919E-03  2.823982E+01
     8.0000   -7.527908E-04  8.473373E-03  2.836329E+01
     8.0500   -2.229197E-03  8.857872E-03  2.852873E+01
     8.1000   -4.330750E-03  9.481853E-03  2.874866E+01
     8.1500   -6.879800E-03  1.016392E-02  2.901786E+01
     8.2000   -9.365452E-03  1.078705E-02  2.932592E+01
     8.2500   -1.110099E-02  1.128660E-02  2.966352E+01
     8.3000   -1.144775E-02  1.163264E-02  3.002366E+01
     8.3500   -1.003543E-02  1.181646E-02  3.040131E+01
     8.4000   -6.909840E-03  1.184146E-02  3.079286E+01
     8.4500   -2.561100E-03  1.171703E-02  3.119557E+01
     8.5000    2.173360E-03  1.144409E-02  3.160700E+01
     8.5500    6.318469E-03  1.103510E-02  3.202557E+01
     8.6000    9.029589E-03  1.050548E-02  3.245024E+01
     8.6500    9.806839E-03  9.862780E-03  3.288016E+01
     8.7000    8.626175E-03  9.112957E-03  3.331505E+01
     8.7500    5.938869E-03  8.261577E-03  3.375537E+01
     8.8000    2.540787E-03  7.315513E-03  3.420281E+01
     8.8500   -6.507380E-04  6.285145E-03  3.466124E+01
     8.9000   -2.848660E-03  5.187554E-03  3.513885E+01
     8.9500   -3.605385E-03  4.052967E-03  3.565392E+01
     9.0000   -2.913220E-03  2.935728E-03  3.625222E+01
     9.0500   -1.204976E-03  2.005284E-03  3.705448E+01
     9.1000    7.927891E-04  1.710607E-03  3.818100E+01
     9.1500    2.297276E-03  2.304974E-03  3.918816E+01
     9.2000    2.699289E-03  3.297586E-03  3.988180E+01
     9.2500    1.742808E-03  4.361982E-03  4.042968E+01
     9.3000   -4.010129E-04  5.381385E-03  4.091529E+01
     9.3500   -3.184429E-03  6.301360E-03  4.137050E+01
     9.4000   -5.841401E-03  7.088897E-03  4.180918E+01
     9.4500   -7.606547E-03  7.722053E-03  4.223832E+01
     9.5000   -7.935037E-03  8.190527E-03  4.266193E+01
     9.5500   -6.646083E-03  8.485048E-03  4.308239E+01
     9.6000   -3.977746E-03  8.602003E-03  4.350157E+01
     9.6500   -5.234888E-04  8.547603E-03  4.392101E+01
     9.7000    2.934050E-03  8.334077E-03  4.434206E+01
     9.7500    5.632401E-03  7.978955E-03  4.476600E+01
     9.8000    7.025771E-03  7.504109E-03  4.519412E+01
     9.8500    6.915228E-03  6.934539E-03  4.562774E+01
     9.9000    5.479681E-03  6.296915E-03  4.606825E+01
     9.9500    3.203819E-03  5.617893E-03  4.651703E+01
    10.0000    7.242182E-04  4.922048E-03  4.697622E+01
    10.0500   -1.343884E-03  4.227507E-03  4.744739E+01
    10.1000   -2.565477E-03  3.549973E-03  4.793155E+01
    10.1500   -2.798700E-03  2.899168E-03  4.843066E+01
    10.2000   -2.204194E-03  2.277077E-03  4.894838E+01
    10.2500   -1.169100E-03  1.678989E-03  4.949524E+01
    10.3000   -1.699909E-04  1.099688E-03  5.011028E+01
    10.3500    3.824045E-04  5.705668E-04  5.099999E+01
    10.4000    2.706306E-04  4.769061E-04  5.280364E+01
    10.4500   -4.658340E-04  1.032140E-03  5.387533E+01
    10.5000   -1.546705E-03  1.748687E-03  5.449249E+01
    10.5500   -2.539295E-03  2.540015E-03  5.500168E+01
    10.6000   -2.991356E-03  3.386551E-03  5.546580E+01
    10.6500   -2.569069E-03  4.272301E-03  5.590350E+01
    10.7000   -1.161031E-03  5.178904E-03  5.632256E+01
    10.7500    1.079778E-03  6.085650E-03  5.672704E+01
    10.8000    3.765700E-03  6.970589E-03  5.711937E+01
    10.8500    6.365432E-03  7.811839E-03  5.750113E+01
    10.9000    8.330048E-03  8.588866E-03  5.787335E+01
    10.9500    9.219896E-03  9.283641E-03  5.823672E+01
    11.0000    8.811357E-03  9.898361E-03  5.859251E+01
    11.0500    7.105316E-03  1.043034E-02  5.894084E+01
    11.1000    4.322903E-03  1.085778E-02  5.928077E+01
    11.1500    8.706467E-04  1.117995E-02  5.961231E+01
    11.2000   -2.766711E-03  1.140109E-02  5.993538E+01
    11.2500   -6.121575E-03  1.153009E-02  6.024995E+01
    11.3000   -8.819269E-03  1.157976E-02  6.055606E+01
    11.3500   -1.062028E-02  1.156577E-02  6.085390E+01
    11.4000   -1.142637E-02  1.150521E-02  6.114392E+01
    11.4500   -1.125831E-02  1.141481E-02  6.142684E+01
    11.5000   -1.021908E-02  1.130911E-02  6.170372E+01
    11.5500   -8.457387E-03  1.119875E-02  6.197588E+01
    11.6000   -6.142083E-03  1.108927E-02  6.224484E+01
    11.6500   -3.451302E-03  1.098061E-02  6.251212E+01
    11.7000   -5.729004E-04  1.086753E-02  6.277911E+01
    11.7500    2.291753E-03  1.074079E-02  6.304688E+01
    11.8000    4.929453E-03  1.058895E-02  6.331608E+01
    11.8500    7.128032E-03  1.040022E-02  6.358697E+01
    11.9000    8.700675E-03  1.016434E-02  6.385934E+01
    11.9500    9.516194E-03  9.874026E-03  6.413261E+01
    12.0000    9.540030E-03  9.540096E-03  6.440638E+01
    12.0500    8.818690E-03  9.168018E-03  6.467959E+01
    12.1000    7.466968E-03  8.745751E-03  6.495024E+01
    12.1500    5.686613E-03  8.283910E-03  6.521683E+01
    12.2000    3.708104E-03  7.797239E-03  6.547784E+01
    12.2500    1.747120E-03  7.303640E-03  6.573189E+01
    12.3000   -3.131761E-05  6.822710E-03  6.597804E+01
    12.3500   -1.531551E-03  6.373699E-03  6.621611E+01
    12.4000   -2.724844E-03  5.972903E-03  6.644717E+01
    12.4500   -3.628676E-03  5.630806E-03  6.667373E+01
    12.5000   -4.276452E-03  5.349714E-03  6.689971E+01
    12.5500   -4.689202E-03  5.122848E-03  6.712982E+01
    12.6000   -4.859710E-03  4.935581E-03  6.736868E+01
    12.6500   -4.754859E-03  4.768514E-03  6.761994E+01
    12.7000   -4.335209E-03  4.601296E-03  6.788599E+01
    12.7500   -3.584362E-03  4.415967E-03  6.816801E+01
    12.8000   -2.536647E-03  4.199181E-03  6.846643E+01
    12.8500   -1.291554E-03  3.943263E-03  6.878135E+01
    12.9000   -7.331822E-06  3.646370E-03  6.911303E+01
    12.9500    1.127044E-03  3.312128E-03  6.946225E+01
    13.0000    1.939844E-03  2.951574E-03  6.983217E+01
    13.0500    2.309535E-03  2.576026E-03  7.022696E+01
    13.1000    2.195535E-03  2.196961E-03  7.064980E+01
    13.1500    1.672503E-03  1.833787E-03  7.110838E+01
    13.2000    9.057238E-04  1.507887E-03  7.161231E+01
    13.2500    1.081176E-04  1.240024E-03  7.216933E+01
    13.3000   -5.176025E-04  1.043802E-03  7.277548E+01
    13.3500   -8.348738E-04  9.150153E-04  7.340578E+01
    13.4000   -8.104328E-04  8.265675E-04  7.402534E+01
    13.4500   -5.208655E-04  7.395665E-04  7.461681E+01
    13.5000   -1.257101E-04  6.206229E-04  7.519426E+01
    13.5500    1.855649E-04  4.528756E-04  7.582040E+01
    13.6000    2.571242E-04  2.621997E-04  7.677194E+01
    13.6500    2.153067E-05  2.945688E-04  7.846666E+01
    13.7000   -4.715869E-04  6.343428E-04  7.937799E+01
    13.7500   -1.062874E-03  1.080588E-03  7.992930E+01
    13.8000   -1.525893E-03  1.586038E-03  8.038689E+01
    13.8500   -1.633645E-03  2.128802E-03  8.080663E+01
    13.9000   -1.229953E-03  2.689239E-03  8.120638E+01
    13.9500   -2.845968E-04  3.247532E-03  8.159366E+01
    14.0000    1.090578E-03  3.788799E-03  8.197338E+01
    14.0500    2.658924E-03  4.300353E-03  8.234799E+01
    14.1000    4.090344E-03  4.756743E-03  8.271649E+01
    14.1500    5.064380E-03  5.140878E-03  8.307948E+01
    14.2000    5.345206E-03  5.437929E-03  8.343714E+01
    14.2500    4.842416E-03  5.635967E-03  8.378930E+01
    14.3000    3.634366E-03  5.726537E-03  8.413544E+01
    14.3500    1.947632E-03  5.705191E-03  8.447462E+01
    14.4000    9.846142E-05  5.571993E-03  8.480533E+01
    14.4500   -1.587395E-03  5.332073E-03  8.512529E+01
    14.5000   -2.854240E-03  4.996367E-03  8.543105E+01
    14.5500   -3.573696E-03  4.582790E-03  8.571736E+01
    14.6000   -3.764688E-03  4.118291E-03  8.597638E+01
    14.6500   -3.571961E-03  3.642392E-03  8.619683E+01
    14.7000   -3.210793E-03  3.212127E-03  8.636498E+01
    14.7500   -2.894912E-03  2.903874E-03  8.647238E+01
    14.8000   -2.768993E-03  2.796478E-03  8.653412E+01
    14.8500   -2.865214E-03  2.925173E-03  8.659662E+01
    14.9000   -3.095926E-03  3.251990E-03  8.670486E+01
    14.9500   -3.283807E-03  3.698222E-03  8.687174E+01
    15.0000   -3.224227E-03  4.194458E-03  8.708781E+01
    15.0500   -2.744430E-03  4.689536E-03  8.733944E+01
    15.1000   -1.756895E-03  5.134582E-03  8.761537E+01
    15.1500   -3.143732E-04  5.502859E-03  8.790743E+01
    15.2000    1.403758E-03  5.776609E-03  8.821006E+01
    15.2500    3.131403E-03  5.944972E-03  8.851934E+01
    15.3000    4.579624E-03  6.002790E-03  8.883241E+01
    15.3500    5.506557E-03  5.949863E-03  8.914693E+01
    15.4000    5.774335E-03  5.790407E-03  8.946087E+01
    15.4500    5.378253E-03  5.532621E-03  8.977217E+01
    15.5000    4.441582E-03  5.188301E-03  9.007856E+01
    15.5500    3.179032E-03  4.772548E-03  9.037721E+01
    15.6000    1.840165E-03  4.303606E-03  9.066437E+01
    15.6500    6.487487E-04  3.802986E-03  9.093476E+01
    15.7000   -2.458545E-04  3.296074E-03  9.118085E+01
    15.7500   -7.935529E-04  2.813429E-03  9.139213E+01
    15.8000   -1.040135E-03  2.392498E-03  9.155595E+01
    15.8500   -1.099090E-03  2.077000E-03  9.166381E+01
    15.9000   -1.108511E-03  1.906108E-03  9.172683E+01
    15.9500   -1.186169E-03  1.889378E-03  9.178492E+01
    16.0000   -1.396441E-03  1.994824E-03  9.188163E+01
    16.0500   -1.736495E-03  2.168672E-03  9.203468E+01
    16.1000   -2.133146E-03  2.356003E-03  9.223853E+01
    16.1500   -2.474322E-03  2.523047E-03  9.248014E+01
    16.2000   -2.643672E-03  2.650413E-03  9.274832E+01
    16.2500   -2.555374E-03  2.728532E-03  9.303516E+01
    16.3000   -2.178704E-03  2.754358E-03  9.333533E+01
    16.3500   -1.546476E-03  2.729282E-03  9.364538E+01
    16.4000   -7.465068E-04  2.657758E-03  9.396307E+01
    16.4500    1.000725E-04  2.546344E-03  9.428709E+01
    16.5000    8.667545E-04  2.402955E-03  9.461680E+01
    16.5500    1.448108E-03  2.236261E-03  9.495215E+01
    16.6000    1.778472E-03  2.055189E-03  9.529364E+01
    16.6500    1.839558E-03  1.868519E-03  9.564228E+01
    16.7000    1.657049E-03  1.684570E-03  9.599958E+01
    16.7500    1.289071E-03  1.510966E-03  9.636739E+01
    16.8000    8.108862E-04  1.354440E-03  9.674751E+01
    16.8500    3.000845E-04  1.220599E-03  9.714098E+01
    16.9000   -1.747428E-04  1.113546E-03  9.754695E+01
    16.9500   -5.606926E-04  1.035301E-03  9.796168E+01
    17.0000   -8.231167E-04  9.851667E-04  9.837843E+01
    17.0500   -9.444664E-04  9.584918E-04  9.878889E+01
    17.1000   -9.250596E-04  9.490950E-04  9.918570E+01
    17.1500   -7.820770E-04  9.501007E-04  9.956403E+01
    17.2000   -5.464247E-04  9.544963E-04  9.992144E+01
    17.2500   -2.587169E-04  9.559801E-04  1.002569E+02
    17.3000    3.653037E-05  9.495428E-04  1.005694E+02
    17.3500    2.983925E-04  9.319906E-04  1.008569E+02
    17.4000    4.976516E-04  9.026611E-04  1.011149E+02
    17.4500    6.235608E-04  8.645616E-04  1.013366E+02
    17.5000    6.869197E-04  8.260403E-04  1.015129E+02
    17.5500    7.176186E-04  8.024202E-04  1.016379E+02
    17.6000    7.561658E-04  8.150190E-04  1.017194E+02
    17.6500    8.406013E-04  8.837151E-04  1.017881E+02
    17.7000    9.919974E-04  1.016325E-03  1.018825E+02
    17.7500    1.202820E-03  1.206514E-03  1.020235E+02
    17.8000    1.432251E-03  1.440798E-03  1.022107E+02
    17.8500    1.611056E-03  1.704747E-03  1.024348E+02
    17.9000    1.656020E-03  1.985110E-03  1.026858E+02
    17.9500    1.491089E-03  2.269945E-03  1.029559E+02
    18.0000    1.069660E-03  2.548726E-03  1.032395E+02
    18.0500    3.917290E-04  2.811884E-03  1.035328E+02
    18.1000   -4.852064E-04  3.049487E-03  1.038323E+02
    18.1500   -1.453968E-03  3.253628E-03  1.041358E+02
    18.2000   -2.376239E-03  3.417673E-03  1.044414E+02
    18.2500   -3.110298E-03  3.536488E-03  1.047473E+02
    18.3000   -3.540987E-03  3.606661E-03  1.050522E+02
    18.3500   -3.604358E-03  3.626726E-03  1.053545E+02
    18.4000   -3.300581E-03  3.597372E-03  1.056524E+02
    18.4500   -2.691762E-03  3.521644E-03  1.059441E+02
    18.5000   -1.885293E-03  3.405138E-03  1.062274E+02
    18.5500   -1.007287E-03  3.256205E-03  1.064996E+02
    18.6000   -1.732926E-04  3.086117E-03  1.067580E+02
    18.6500    5.358675E-04  2.909118E-03  1.069994E+02
    18.7000    1.086839E-03  2.742095E-03  1.072217E+02
    18.7500    1.492124E-03  2.603381E-03  1.074245E+02
    18.8000    1.795303E-03  2.510138E-03  1.076111E+02
    18.8500    2.048084E-03  2.474349E-03  1.077892E+02
    18.9000    2.286446E-03  2.498989E-03  1.079695E+02
    18.9500    2.513324E-03  2.576915E-03  1.081623E+02
    19.0000    2.694521E-03  2.694673E-03  1.083743E+02
    19.0500    2.766243E-03  2.836479E-03  1.086079E+02
    19.1000    2.648900E-03  2.981797E-03  1.088620E+02
    19.1500    2.282043E-03  3.115897E-03  1.091339E+02
    19.2000    1.645057E-03  3.227292E-03  1.094209E+02
    19.2500    7.720928E-04  3.307718E-03  1.097201E+02
    19.3000   -2.469006E-04  3.351842E-03  1.100295E+02
    19.3500   -1.280026E-03  3.356914E-03  1.103470E+02
    19.4000   -2.179063E-03  3.322426E-03  1.106711E+02
    19.4500   -2.810504E-03  3.249783E-03  1.110006E+02
    19.5000   -3.084125E-03  3.141993E-03  1.113343E+02
    19.5500   -2.971905E-03  3.003366E-03  1.116714E+02
    19.6000   -2.512654E-03  2.839213E-03  1.120109E+02
    19.6500   -1.801539E-03  2.655559E-03  1.123517E+02
    19.7000   -9.675780E-04  2.458860E-03  1.126929E+02
    19.7500   -1.451439E-04  2.255751E-03  1.130329E+02
    19.8000    5.532240E-04  2.052829E-03  1.133702E+02
    19.8500    1.056155E-03  1.856490E-03  1.137025E+02
    19.9000    1.340846E-03  1.672840E-03  1.140272E+02
    19.9500    1.427854E-03  1.507675E-03  1.143413E+02