# # tequil.ion_motion                                            FEFF 9.05   
# # POT  SCF  30  5.5000   1, core-hole, AFOLP (folp(0)= 1.150)
# # Abs   Z=30 Rmt= 1.298 Rnm= 1.399 K  shell
# # Pot 1 Z=26 Rmt= 1.322 Rnm= 1.405
# # Pot 2 Z= 8 Rmt= 0.928 Rnm= 1.068
# # Gam_ch=1.897E+00 H-L exch
# # Mu=-1.163E+01 kf=2.218E+00 Vint=-1.872E+01 Rs_int= 1.635
# # PATH  Rmax= 8.500,  Keep_limit= 0.00, Heap_limit 0.00  Pwcrit= 2.50%
#  S02=1.000                                        Global_sig2= 0.00000
#  Energy zero shift, vr, vi   -2.00000E+00   0.00000E+00
#  Curved wave amplitude ratio filter   4.000%
#     file         sig2 tot  cw amp ratio   deg  nlegs   reff  inp sig2
#           1       0.00000    100.00      1.00     2   1.8808
#           2       0.00000     87.77      1.00     2   1.9786
#           3       0.00000     77.22      1.00     2   2.0796
#           4       0.00000     75.49      1.00     2   2.0980
#           5       0.00000     61.26      1.00     2   2.2749
#           6       0.00000     51.24      1.00     2   2.4370
#           7       0.00000     33.32      1.00     2   2.8069
#           8       0.00000     29.34      1.00     2   2.9680
#           9       0.00000     28.46      1.00     2   3.0073
#          10       0.00000     25.24      1.00     2   3.1662
#          11       0.00000     23.78      1.00     2   3.2474
#          12       0.00000     14.49      2.00     3   3.2634
#          13       0.00000     23.47      1.00     2   3.2655
#          14       0.00000     23.22      1.00     2   3.2793
#          15       0.00000     22.08      1.00     2   3.3503
#          16       0.00000      9.66      2.00     3   3.4042
#          17       0.00000     20.78      1.00     2   3.4145
#          18       0.00000     13.22      2.00     3   3.4195
#          19       0.00000     21.01      2.00     3   3.4593
#          20       0.00000      8.86      2.00     3   3.4871
#          21       0.00000     10.76      2.00     3   3.4887
#          22       0.00000      7.43      2.00     3   3.4926
#          23       0.00000     18.94      1.00     2   3.5308
#          24       0.00000     10.46      2.00     3   3.5328
#          25       0.00000     11.03      2.00     3   3.5574
#          26       0.00000      9.11      2.00     3   3.5681
#          27       0.00000     10.73      2.00     3   3.5709
#          28       0.00000      7.86      2.00     3   3.6095
#          29       0.00000      9.00      2.00     3   3.6121
#          30       0.00000      5.98      2.00     3   3.6283
#          31       0.00000      5.92      2.00     3   3.6280
#          32       0.00000     13.39      2.00     3   3.6320
#          33       0.00000     17.49      1.00     2   3.6330
#          34       0.00000     18.05      1.00     2   3.6427
#          35       0.00000     17.86      1.00     2   3.6584
#          36       0.00000      7.70      2.00     3   3.6713
#          37       0.00000      6.32      1.00     4   3.6713
#          38       0.00000     16.97      1.00     2   3.6720
#          39       0.00000     16.84      1.00     2   3.6819
#          40       0.00000      8.41      2.00     3   3.7079
#          41       0.00000     16.20      1.00     2   3.7333
#          42       0.00000     11.69      2.00     3   3.7399
#          43       0.00000     16.88      1.00     2   3.7436
#          44       0.00000      7.48      2.00     3   3.7501
#          45       0.00000     11.68      1.00     4   3.7616
#          46       0.00000      5.74      2.00     3   3.7653
#          47       0.00000     17.84      2.00     3   3.8004
#          48       0.00000     16.23      1.00     2   3.8032
#          49       0.00000      6.31      2.00     3   3.8171
#          50       0.00000     14.19      2.00     3   3.8511
#          51       0.00000      5.12      2.00     4   3.8594
#          52       0.00000      5.83      2.00     3   3.8667
#          53       0.00000     15.57      1.00     2   3.8674
#          54       0.00000      5.74      1.00     4   3.8710
#          55       0.00000     13.53      2.00     3   3.9353
#          56       0.00000      7.96      1.00     4   3.9424
#          57       0.00000      8.89      2.00     3   3.9533
#          58       0.00000      8.86      1.00     4   3.9572
#          59       0.00000     13.41      1.00     2   3.9900
#          60       0.00000      4.02      1.00     4   3.9984
#          61       0.00000      5.36      1.00     4   4.0015
#          62       0.00000      8.68      2.00     3   4.0083
#          63       0.00000      5.11      1.00     4   4.0093
#          64       0.00000     11.93      2.00     3   4.0305
#          65       0.00000      5.01      1.00     4   4.0595
#          66       0.00000     13.72      1.00     2   4.0670
#          67       0.00000     12.56      1.00     2   4.0822
#          68       0.00000     19.89      2.00     3   4.0860
#          69       0.00000     19.49      2.00     3   4.1109
#          70       0.00000      7.86      2.00     3   4.1217
#          71       0.00000      5.30      1.00     4   4.1271
#          72       0.00000     10.72      2.00     3   4.1293
#          73       0.00000      4.22      1.00     4   4.1290
#          75       0.00000     16.30      2.00     4   4.1557
#          76       0.00000      6.79      1.00     4   4.1591
#          77       0.00000     15.89      2.00     4   4.1775
#          78       0.00000      6.48      1.00     4   4.1959
#          79       0.00000      7.14      2.00     3   4.2446
#          80       0.00000      7.07      2.00     3   4.2491
#          83       0.00000     10.90      1.00     2   4.2861
#          84       0.00000      5.91      2.00     3   4.2931
#          85       0.00000     10.76      1.00     2   4.3050
#          86       0.00000      5.94      2.00     3   4.3306
#          87       0.00000     10.56      1.00     2   4.3335
#          88       0.00000      6.43      2.00     3   4.3332
#          89       0.00000      6.11      2.00     3   4.3456
#          90       0.00000     10.36      1.00     2   4.3617
#          91       0.00000     17.01      2.00     3   4.3767
#          92       0.00000      5.98      2.00     3   4.3878
#          94       0.00000     10.14      1.00     2   4.3938
#          95       0.00000     10.12      1.00     2   4.3970
#          96       0.00000      5.54      2.00     3   4.3977
#          97       0.00000      9.52      2.00     3   4.4049
#          98       0.00000     14.67      2.00     4   4.4156
#          99       0.00000      9.82      1.00     2   4.4424
#         100       0.00000      4.96      2.00     3   4.4507
#         101       0.00000      9.68      1.00     2   4.4636
#         102       0.00000     19.27      2.00     3   4.4850
#         103       0.00000      9.52      1.00     2   4.4890
#         104       0.00000      9.51      1.00     2   4.4906
#         105       0.00000     16.02      2.00     3   4.5217
#         106       0.00000      5.86      2.00     3   4.5291
#         107       0.00000     18.13      2.00     3   4.5345
#         108       0.00000      4.23      1.00     4   4.5498
#         109       0.00000     11.39      1.00     4   4.5730
#         110       0.00000      9.01      2.00     3   4.5965
#         111       0.00000     15.52      2.00     3   4.6102
#         112       0.00000     14.75      2.00     3   4.6186
#         113       0.00000      7.84      2.00     3   4.6253
#         114       0.00000     10.48      1.00     4   4.6266
#         115       0.00000      9.91      2.00     3   4.6371
#         116       0.00000      8.61      1.00     2   4.6437
#         117       0.00000      8.68      1.00     4   4.6496
#         118       0.00000      8.57      1.00     2   4.6511
#         119       0.00000      8.14      2.00     3   4.6728
#         121       0.00000      8.41      1.00     2   4.6799
#         122       0.00000      4.86      2.00     3   4.6842
#         123       0.00000      7.97      2.00     4   4.6877
#         124       0.00000      4.18      2.00     3   4.6975
#         125       0.00000      6.83      2.00     3   4.7092
#         126       0.00000      8.20      1.00     2   4.7197
#         128       0.00000     16.36      2.00     3   4.7287
#         129       0.00000      8.56      1.00     4   4.7297
#         130       0.00000      8.09      1.00     2   4.7422
#         131       0.00000      6.14      2.00     3   4.7465
#         132       0.00000      7.84      1.00     4   4.7481
#         133       0.00000      8.02      1.00     2   4.7557
#         134       0.00000      5.43      2.00     3   4.7603
#         135       0.00000      4.15      2.00     3   4.7672
#         136       0.00000      6.03      2.00     3   4.7748
#         137       0.00000      4.85      2.00     3   4.7858
#         138       0.00000      9.39      1.00     4   4.8063
#         139       0.00000      8.82      1.00     2   4.8101
#         141       0.00000      6.77      2.00     3   4.8113
#         142       0.00000      7.72      1.00     2   4.8166
#         143       0.00000     14.98      2.00     3   4.8395
#         144       0.00000      7.58      1.00     2   4.8462
#         146       0.00000      6.17      2.00     3   4.8556
#         148       0.00000      8.53      2.00     3   4.8852
#         150       0.00000      4.97      2.00     3   4.8907
#         151       0.00000      6.43      2.00     3   4.9176
#         152       0.00000      8.63      1.00     4   4.9233
#         154       0.00000      8.22      1.00     2   4.9373
#         156       0.00000      7.52      2.00     3   4.9520
#         158       0.00000      8.26      2.00     3   4.9742
#         159       0.00000      8.01      1.00     2   4.9835
#         164       0.00000      5.71      2.00     3   5.0502
#         167       0.00000      6.60      1.00     2   5.0712
#         168       0.00000     16.50      2.00     3   5.0777
#         169       0.00000      7.00      2.00     3   5.0831
#         170       0.00000     10.46      1.00     4   5.0841
#         172       0.00000      6.51      1.00     2   5.0950
#         173       0.00000      5.34      2.00     3   5.0948
#         174       0.00000      7.20      2.00     3   5.1003
#         175       0.00000     15.93      2.00     3   5.1009
#         176       0.00000      9.89      1.00     4   5.1067
#         179       0.00000      6.34      2.00     3   5.1382
#         180       0.00000      6.22      2.00     3   5.1507
#         184       0.00000      7.10      1.00     2   5.2036
#         187       0.00000      7.76      2.00     3   5.2118
#         191       0.00000      5.96      2.00     3   5.2283
#         195       0.00000      6.91      1.00     2   5.2538
#         196       0.00000      5.92      1.00     2   5.2544
#         197       0.00000     13.80      2.00     3   5.2631
#         199       0.00000      5.89      1.00     2   5.2644
#         200       0.00000      8.22      1.00     4   5.2719
#         202       0.00000     10.72      2.00     3   5.2786
#         205       0.00000      5.48      2.00     4   5.2952
#         208       0.00000      5.40      1.00     4   5.3536
#         211       0.00000      5.64      2.00     3   5.3719
#         212       0.00000      5.52      1.00     2   5.3748
#         213       0.00000      6.47      1.00     2   5.3773
#         215       0.00000      6.35      2.00     3   5.3838
#         216       0.00000      5.47      1.00     2   5.3911
#         217       0.00000      6.39      1.00     2   5.4012
#         218       0.00000      4.43      2.00     3   5.4120
#         219       0.00000      5.40      1.00     2   5.4132
#         220       0.00000      5.82      2.00     3   5.4216
#         221       0.00000      4.09      2.00     4   5.4299
#         227       0.00000      6.21      1.00     2   5.4555
#         229       0.00000      4.06      2.00     3   5.4689
#         230       0.00000      6.15      1.00     2   5.4754
#         232       0.00000      4.74      2.00     3   5.4930
#         235       0.00000      4.18      2.00     3   5.5156
#         236       0.00000      6.01      1.00     2   5.5173
#         237       0.00000      6.15      2.00     3   5.5196
#         239       0.00000      5.11      2.00     3   5.5329
#         240       0.00000      6.12      2.00     3   5.5339
#         241       0.00000      5.04      1.00     2   5.5351
#         243       0.00000      5.96      1.00     2   5.5361
#         246       0.00000      7.05      2.00     3   5.5603
#         247       0.00000      6.91      2.00     3   5.5688
#         248       0.00000      4.08      2.00     3   5.5771
#         249       0.00000      5.79      1.00     2   5.5907
#         250       0.00000      5.06      2.00     3   5.6029
#         251       0.00000      4.13      2.00     4   5.6103
#         254       0.00000      4.36      2.00     3   5.6400
#         255       0.00000      6.64      2.00     3   5.6436
#         256       0.00000      4.71      1.00     2   5.6550
#         257       0.00000      5.77      2.00     3   5.6566
#         258       0.00000      4.86      2.00     3   5.6577
#         259       0.00000      4.69      1.00     2   5.6612
#         262       0.00000      8.40      2.00     3   5.6630
#         264       0.00000      4.68      1.00     2   5.6684
#         266       0.00000      4.66      2.00     3   5.6836
#         268       0.00000      6.73      2.00     3   5.6853
#         270       0.00000      6.27      2.00     3   5.6951
#         273       0.00000      5.04      2.00     4   5.7023
#         274       0.00000      4.20      2.00     4   5.7104
#         276       0.00000      4.53      1.00     2   5.7269
#         282       0.00000      4.49      1.00     2   5.7432
#         287       0.00000      4.44      1.00     2   5.7617
#         292       0.00000      4.37      2.00     3   5.7826
#         293       0.00000      6.12      2.00     3   5.7845
#         295       0.00000      4.18      2.00     3   5.7986
#         297       0.00000      4.83      2.00     3   5.8137
#         298       0.00000      5.15      1.00     2   5.8187
#         304       0.00000      5.11      1.00     2   5.8340
#         307       0.00000      9.55      2.00     3   5.8506
#         308       0.00000      4.53      2.00     5   5.8524
#         309       0.00000      5.44      2.00     3   5.8531
#         312       0.00000      4.68      1.00     4   5.8672
#         313       0.00000      4.19      1.00     2   5.8681
#         315       0.00000      5.02      1.00     2   5.8711
#         321       0.00000      4.97      1.00     2   5.8925
#         322       0.00000      7.32      2.00     3   5.8924
#         326       0.00000      4.10      1.00     2   5.9074
#   227/ 295 paths used
#  -----------------------------------------------------------------------
#       k          chi          mag           phase @#
    -0.7000   -3.091129E-01  3.091198E-01 -1.564139E+00
    -0.6500   -3.011455E-01  3.034084E-01 -1.693006E+00
    -0.6000   -3.086300E-01  3.158356E-01 -1.784814E+00
    -0.5500   -3.259150E-01  3.377528E-01 -1.836335E+00
    -0.5000   -3.476982E-01  3.622420E-01 -1.855124E+00
    -0.4500   -3.715287E-01  3.868663E-01 -1.853323E+00
    -0.4000   -3.941924E-01  4.089206E-01 -1.840001E+00
    -0.3500   -4.167833E-01  4.299935E-01 -1.819314E+00
    -0.3000   -4.362594E-01  4.476546E-01 -1.796911E+00
    -0.2500   -4.524354E-01  4.620807E-01 -1.775475E+00
    -0.2000   -4.653542E-01  4.735032E-01 -1.756589E+00
    -0.1500   -4.760180E-01  4.829251E-01 -1.740130E+00
    -0.1000   -4.837295E-01  4.897432E-01 -1.727669E+00
    -0.0500   -4.882874E-01  4.937768E-01 -1.720046E+00
     0.0000   -4.897947E-01  4.951117E-01 -1.717483E+00
     0.0500   -4.912957E-01  4.964418E-01 -1.714908E+00
     0.1000   -4.957604E-01  5.004030E-01 -1.707119E+00
     0.1500   -5.030689E-01  5.069074E-01 -1.693939E+00
     0.2000   -5.130040E-01  5.158078E-01 -1.675111E+00
     0.2500   -5.252305E-01  5.268970E-01 -1.650353E+00
     0.3000   -5.392725E-01  5.399103E-01 -1.619406E+00
     0.3500   -5.549123E-01  5.549433E-01 -1.581356E+00
     0.4000   -5.724400E-01  5.728329E-01 -1.533758E+00
     0.4500   -5.892314E-01  5.917233E-01 -1.478991E+00
     0.5000   -6.039538E-01  6.111489E-01 -1.417197E+00
     0.5500   -6.157218E-01  6.314646E-01 -1.347034E+00
     0.6000   -6.231486E-01  6.531213E-01 -1.266669E+00
     0.6500   -6.229909E-01  6.738695E-01 -1.179716E+00
     0.7000   -6.136881E-01  6.937981E-01 -1.085494E+00
     0.7500   -5.933355E-01  7.139009E-01 -9.811141E-01
     0.8000   -5.598048E-01  7.316071E-01 -8.713073E-01
     0.8500   -5.118896E-01  7.476751E-01 -7.541121E-01
     0.9000   -4.484246E-01  7.618967E-01 -6.292808E-01
     0.9500   -3.706808E-01  7.725224E-01 -5.004631E-01
     1.0000   -2.777230E-01  7.811518E-01 -3.634812E-01
     1.0500   -1.736118E-01  7.858883E-01 -2.227490E-01
     1.1000   -6.090433E-02  7.871383E-01 -7.745178E-02
     1.1500    5.711542E-02  7.850645E-01  7.281685E-02
     1.2000    1.736248E-01  7.787290E-01  2.248490E-01
     1.2500    2.870709E-01  7.695715E-01  3.822693E-01
     1.3000    3.890972E-01  7.563601E-01  5.403473E-01
     1.3500    4.778455E-01  7.403000E-01  7.016456E-01
     1.4000    5.483049E-01  7.211211E-01  8.638527E-01
     1.4500    5.986421E-01  6.994270E-01  1.027296E+00
     1.5000    6.277435E-01  6.756715E-01  1.191880E+00
     1.5500    6.351633E-01  6.500678E-01  1.356247E+00
     1.6000    6.227194E-01  6.234576E-01  1.522128E+00
     1.6500    5.917146E-01  5.957223E-01  1.686857E+00
     1.7000    5.451457E-01  5.677142E-01  1.853708E+00
     1.7500    4.858776E-01  5.392566E-01  2.019492E+00
     1.8000    4.167692E-01  5.109218E-01  2.187620E+00
     1.8500    3.413278E-01  4.825163E-01  2.355792E+00
     1.9000    2.613566E-01  4.541142E-01  2.528340E+00
     1.9500    1.807170E-01  4.255086E-01  2.702953E+00
     2.0000    1.032968E-01  3.966039E-01  2.878101E+00
     2.0500    3.220641E-02  3.673306E-01  3.053803E+00
     2.1000   -3.051083E-02  3.368327E-01  3.232299E+00
     2.1500   -8.175634E-02  3.048260E-01  3.413124E+00
     2.2000   -1.184865E-01  2.723520E-01  3.591685E+00
     2.2500   -1.400213E-01  2.396642E-01  3.765535E+00
     2.3000   -1.464163E-01  2.064248E-01  3.930092E+00
     2.3500   -1.381253E-01  1.719260E-01  4.074576E+00
     2.4000   -1.209889E-01  1.398280E-01  4.187279E+00
     2.4500   -1.000391E-01  1.118312E-01  4.249026E+00
     2.5000   -8.043569E-02  9.037661E-02  4.238950E+00
     2.5500   -6.824824E-02  7.946543E-02  4.174597E+00
     2.6000   -6.146613E-02  7.573638E-02  4.088444E+00
     2.6500   -6.058177E-02  7.799369E-02  4.031085E+00
     2.7000   -6.511079E-02  8.386278E-02  4.030521E+00
     2.7500   -7.199825E-02  8.911340E-02  4.082240E+00
     2.8000   -8.089079E-02  9.472951E-02  4.165052E+00
     2.8500   -9.068718E-02  1.002552E-01  4.271946E+00
     2.9000   -1.000836E-01  1.052825E-01  4.396817E+00
     2.9500   -1.080042E-01  1.097314E-01  4.534728E+00
     3.0000   -1.132996E-01  1.133519E-01  4.682013E+00
     3.0500   -1.151776E-01  1.160606E-01  4.835827E+00
     3.1000   -1.132410E-01  1.178920E-01  4.994217E+00
     3.1500   -1.075525E-01  1.191227E-01  5.156784E+00
     3.2000   -9.812609E-02  1.197628E-01  5.322931E+00
     3.2500   -8.522358E-02  1.197483E-01  5.491285E+00
     3.3000   -6.944706E-02  1.191357E-01  5.660863E+00
     3.3500   -5.147157E-02  1.182540E-01  5.832855E+00
     3.4000   -3.178834E-02  1.171156E-01  6.008310E+00
     3.4500   -1.117472E-02  1.155525E-01  6.186327E+00
     3.5000    9.513044E-03  1.135677E-01  6.367049E+00
     3.5500    2.948703E-02  1.112268E-01  6.551500E+00
     3.6000    4.785468E-02  1.084698E-01  6.740098E+00
     3.6500    6.353357E-02  1.051627E-01  6.931878E+00
     3.7000    7.565043E-02  1.012785E-01  7.126655E+00
     3.7500    8.367671E-02  9.692457E-02  7.324993E+00
     3.8000    8.724749E-02  9.213026E-02  7.526954E+00
     3.8500    8.603529E-02  8.669583E-02  7.730460E+00
     3.9000    8.039270E-02  8.065248E-02  7.934264E+00
     3.9500    7.112755E-02  7.408143E-02  8.137323E+00
     4.0000    5.937235E-02  6.708740E-02  8.338284E+00
     4.0500    4.653945E-02  5.979833E-02  8.532867E+00
     4.1000    3.406002E-02  5.238586E-02  8.716962E+00
     4.1500    2.316433E-02  4.503528E-02  8.884517E+00
     4.2000    1.475857E-02  3.797776E-02  9.025654E+00
     4.2500    9.234921E-03  3.161532E-02  9.128353E+00
     4.3000    6.411430E-03  2.635528E-02  9.179043E+00
     4.3500    5.715464E-03  2.266687E-02  9.169876E+00
     4.4000    6.354118E-03  2.100090E-02  9.117396E+00
     4.4500    7.183844E-03  2.117652E-02  9.078673E+00
     4.5000    7.305105E-03  2.251600E-02  9.094358E+00
     4.5500    6.140838E-03  2.427814E-02  9.169063E+00
     4.6000    3.520972E-03  2.602216E-02  9.289055E+00
     4.6500   -3.791511E-04  2.728448E-02  9.438675E+00
     4.7000   -4.990592E-03  2.790868E-02  9.604564E+00
     4.7500   -9.605343E-03  2.787017E-02  9.776640E+00
     4.8000   -1.363898E-02  2.732850E-02  9.947309E+00
     4.8500   -1.661736E-02  2.631792E-02  1.010815E+01
     4.9000   -1.843106E-02  2.503219E-02  1.025236E+01
     4.9500   -1.929764E-02  2.373471E-02  1.037416E+01
     5.0000   -1.979205E-02  2.284589E-02  1.047258E+01
     5.0500   -2.039100E-02  2.255019E-02  1.055440E+01
     5.1000   -2.155281E-02  2.303042E-02  1.063542E+01
     5.1500   -2.345973E-02  2.428161E-02  1.073465E+01
     5.2000   -2.599138E-02  2.620901E-02  1.086662E+01
     5.2500   -2.841177E-02  2.843136E-02  1.103270E+01
     5.3000   -2.982993E-02  3.066876E-02  1.123000E+01
     5.3500   -2.931440E-02  3.268384E-02  1.145364E+01
     5.4000   -2.619349E-02  3.438408E-02  1.170030E+01
     5.4500   -2.012042E-02  3.554546E-02  1.196467E+01
     5.5000   -1.143107E-02  3.608302E-02  1.224402E+01
     5.5500   -1.067686E-03  3.595844E-02  1.253667E+01
     5.6000    9.621852E-03  3.522055E-02  1.284308E+01
     5.6500    1.898242E-02  3.384574E-02  1.316178E+01
     5.7000    2.551879E-02  3.190208E-02  1.349352E+01
     5.7500    2.820252E-02  2.949452E-02  1.384009E+01
     5.8000    2.671534E-02  2.677644E-02  1.420473E+01
     5.8500    2.145150E-02  2.387468E-02  1.459161E+01
     5.9000    1.353285E-02  2.098000E-02  1.500689E+01
     5.9500    4.538872E-03  1.831729E-02  1.545756E+01
     6.0000   -3.827776E-03  1.607148E-02  1.594845E+01
     6.0500   -1.007493E-02  1.449359E-02  1.647656E+01
     6.1000   -1.326163E-02  1.371141E-02  1.702192E+01
     6.1500   -1.313898E-02  1.364774E-02  1.755266E+01
     6.2000   -1.013698E-02  1.404968E-02  1.804358E+01
     6.2500   -5.197916E-03  1.461748E-02  1.848600E+01
     6.3000    4.948439E-04  1.511042E-02  1.888231E+01
     6.3500    5.818265E-03  1.538023E-02  1.923751E+01
     6.4000    9.963317E-03  1.536679E-02  1.955499E+01
     6.4500    1.257932E-02  1.508786E-02  1.983540E+01
     6.5000    1.385475E-02  1.467733E-02  2.008397E+01
     6.5500    1.415374E-02  1.426609E-02  2.029477E+01
     6.6000    1.402164E-02  1.403796E-02  2.046858E+01
     6.6500    1.392360E-02  1.419325E-02  2.061559E+01
     6.7000    1.404931E-02  1.487119E-02  2.075437E+01
     6.7500    1.423964E-02  1.609265E-02  2.090497E+01
     6.8000    1.403433E-02  1.776307E-02  2.108020E+01
     6.8500    1.282383E-02  1.972473E-02  2.128338E+01
     6.9000    1.005898E-02  2.180908E-02  2.151177E+01
     6.9500    5.455798E-03  2.386502E-02  2.176050E+01
     7.0000   -9.781420E-04  2.580612E-02  2.202906E+01
     7.0500   -8.611027E-03  2.750791E-02  2.230954E+01
     7.1000   -1.645492E-02  2.888952E-02  2.259714E+01
     7.1500   -2.339335E-02  2.990701E-02  2.288934E+01
     7.2000   -2.838436E-02  3.053860E-02  2.318409E+01
     7.2500   -3.067894E-02  3.078304E-02  2.347968E+01
     7.3000   -2.996711E-02  3.065787E-02  2.377462E+01
     7.3500   -2.641894E-02  3.019746E-02  2.406757E+01
     7.4000   -2.061737E-02  2.945083E-02  2.435726E+01
     7.4500   -1.340803E-02  2.847906E-02  2.464254E+01
     7.5000   -5.681848E-03  2.738671E-02  2.492376E+01
     7.5500    1.732197E-03  2.622963E-02  2.519883E+01
     7.6000    8.222074E-03  2.507253E-02  2.546685E+01
     7.6500    1.345928E-02  2.399024E-02  2.572837E+01
     7.7000    1.734671E-02  2.304542E-02  2.598492E+01
     7.7500    1.992112E-02  2.228117E-02  2.623911E+01
     7.8000    2.124233E-02  2.171556E-02  2.649439E+01
     7.8500    2.131258E-02  2.134033E-02  2.675454E+01
     7.9000    2.005557E-02  2.112453E-02  2.702302E+01
     7.9500    1.736291E-02  2.102234E-02  2.730249E+01
     8.0000    1.318768E-02  2.099738E-02  2.759527E+01
     8.0500    7.642611E-03  2.099129E-02  2.790168E+01
     8.1000    1.113555E-03  2.095324E-02  2.822116E+01
     8.1500   -5.735841E-03  2.085122E-02  2.855301E+01
     8.2000   -1.203833E-02  2.066419E-02  2.889622E+01
     8.2500   -1.687270E-02  2.038094E-02  2.924963E+01
     8.3000   -1.945701E-02  1.999805E-02  2.961199E+01
     8.3500   -1.933506E-02  1.951762E-02  2.998201E+01
     8.4000   -1.650418E-02  1.894506E-02  3.035837E+01
     8.4500   -1.144521E-02  1.828714E-02  3.073969E+01
     8.5000   -5.022749E-03  1.755019E-02  3.112567E+01
     8.5500    1.650696E-03  1.674061E-02  3.151469E+01
     8.6000    7.447684E-03  1.586455E-02  3.190460E+01
     8.6500    1.148436E-02  1.492694E-02  3.229378E+01
     8.7000    1.328422E-02  1.393240E-02  3.268049E+01
     8.7500    1.284896E-02  1.288621E-02  3.306277E+01
     8.8000    1.061313E-02  1.179563E-02  3.343832E+01
     8.8500    7.299434E-03  1.067137E-02  3.380426E+01
     8.9000    3.717265E-03  9.529307E-03  3.415679E+01
     8.9500    5.606681E-04  8.392664E-03  3.449066E+01
     9.0000   -1.752166E-03  7.292427E-03  3.480017E+01
     9.0500   -3.106374E-03  6.274285E-03  3.507546E+01
     9.1000   -3.670569E-03  5.405782E-03  3.530393E+01
     9.1500   -3.800002E-03  4.773024E-03  3.547841E+01
     9.2000   -3.875449E-03  4.460698E-03  3.561029E+01
     9.2500   -4.159861E-03  4.499732E-03  3.573716E+01
     9.3000   -4.707250E-03  4.832512E-03  3.590013E+01
     9.3500   -5.349144E-03  5.349544E-03  3.611609E+01
     9.4000   -5.759401E-03  5.947245E-03  3.638032E+01
     9.4500   -5.574348E-03  6.550763E-03  3.668133E+01
     9.5000   -4.533036E-03  7.117469E-03  3.700866E+01
     9.5500   -2.571683E-03  7.616068E-03  3.735468E+01
     9.6000    1.187405E-04  8.022021E-03  3.771391E+01
     9.6500    3.113124E-03  8.323234E-03  3.808246E+01
     9.7000    5.854523E-03  8.512875E-03  3.845746E+01
     9.7500    7.794623E-03  8.587794E-03  3.883674E+01
     9.8000    8.536202E-03  8.547492E-03  3.921850E+01
     9.8500    7.937041E-03  8.393469E-03  3.960121E+01
     9.9000    6.146217E-03  8.128835E-03  3.998337E+01
     9.9500    3.563411E-03  7.758156E-03  4.036348E+01
    10.0000    7.284668E-04  7.295537E-03  4.074069E+01
    10.0500   -1.812217E-03  6.745544E-03  4.111270E+01
    10.1000   -3.624519E-03  6.109806E-03  4.147577E+01
    10.1500   -4.499684E-03  5.401048E-03  4.182542E+01
    10.2000   -4.484258E-03  4.636822E-03  4.215427E+01
    10.2500   -3.840416E-03  3.843131E-03  4.244909E+01
    10.3000   -2.949803E-03  3.063265E-03  4.268452E+01
    10.3500   -2.191005E-03  2.380138E-03  4.281284E+01
    10.4000   -1.826858E-03  1.956783E-03  4.277796E+01
    10.4500   -1.933240E-03  1.990187E-03  4.265130E+01
    10.5000   -2.387585E-03  2.450451E-03  4.263851E+01
    10.5500   -2.917334E-03  3.124681E-03  4.277785E+01
    10.6000   -3.191372E-03  3.861725E-03  4.300959E+01
    10.6500   -2.925968E-03  4.585446E-03  4.329027E+01
    10.7000   -1.974080E-03  5.254780E-03  4.359717E+01
    10.7500   -3.731959E-04  5.844649E-03  4.391840E+01
    10.8000    1.659945E-03  6.338835E-03  4.424726E+01
    10.8500    3.783734E-03  6.727305E-03  4.457964E+01
    10.9000    5.617562E-03  7.005175E-03  4.491279E+01
    10.9500    6.833880E-03  7.172255E-03  4.524470E+01
    11.0000    7.246353E-03  7.248012E-03  4.557449E+01
    11.0500    6.809423E-03  7.242041E-03  4.590049E+01
    11.1000    5.615993E-03  7.149489E-03  4.622037E+01
    11.1500    3.892418E-03  6.985750E-03  4.653289E+01
    11.2000    1.915908E-03  6.769241E-03  4.683694E+01
    11.2500   -5.098945E-05  6.520493E-03  4.713171E+01
    11.3000   -1.808452E-03  6.260836E-03  4.741692E+01
    11.3500   -3.239388E-03  6.010622E-03  4.769307E+01
    11.4000   -4.301021E-03  5.787045E-03  4.796175E+01
    11.4500   -4.996954E-03  5.601864E-03  4.822568E+01
    11.5000   -5.343970E-03  5.459661E-03  4.848846E+01
    11.5500   -5.347862E-03  5.357294E-03  4.875403E+01
    11.6000   -4.997555E-03  5.284922E-03  4.902597E+01
    11.6500   -4.278735E-03  5.228289E-03  4.930689E+01
    11.7000   -3.200137E-03  5.171502E-03  4.959827E+01
    11.7500   -1.820300E-03  5.099491E-03  4.990047E+01
    11.8000   -2.618802E-04  4.999730E-03  5.021308E+01
    11.8500    1.295254E-03  4.863135E-03  5.053508E+01
    11.9000    2.643444E-03  4.684310E-03  5.086509E+01
    11.9500    3.592184E-03  4.461361E-03  5.120146E+01
    12.0000    4.023897E-03  4.202061E-03  5.154404E+01
    12.0500    3.903576E-03  3.909426E-03  5.189099E+01
    12.1000    3.296067E-03  3.579480E-03  5.223689E+01
    12.1500    2.374955E-03  3.219511E-03  5.257745E+01
    12.2000    1.362660E-03  2.838874E-03  5.290642E+01
    12.2500    4.699167E-04  2.450040E-03  5.321408E+01
    12.3000   -1.611349E-04  2.071311E-03  5.348495E+01
    12.3500   -4.927770E-04  1.732567E-03  5.369548E+01
    12.4000   -5.949912E-04  1.483841E-03  5.381966E+01
    12.4500   -6.146012E-04  1.392866E-03  5.386407E+01
    12.5000   -7.193614E-04  1.500137E-03  5.390719E+01
    12.5500   -1.034229E-03  1.774166E-03  5.402942E+01
    12.6000   -1.590054E-03  2.150136E-03  5.423942E+01
    12.6500   -2.301667E-03  2.576490E-03  5.451179E+01
    12.7000   -2.983734E-03  3.019826E-03  5.482311E+01
    12.7500   -3.401194E-03  3.457224E-03  5.515815E+01
    12.8000   -3.340263E-03  3.870777E-03  5.550760E+01
    12.8500   -2.679019E-03  4.244979E-03  5.586569E+01
    12.9000   -1.435907E-03  4.565703E-03  5.622874E+01
    12.9500    2.197010E-04  4.819971E-03  5.659426E+01
    13.0000    2.003549E-03  4.999359E-03  5.696102E+01
    13.0500    3.580838E-03  5.095383E-03  5.732794E+01
    13.1000    4.638656E-03  5.094736E-03  5.769311E+01
    13.1500    4.980928E-03  4.991201E-03  5.805529E+01
    13.2000    4.576928E-03  4.781435E-03  5.841299E+01
    13.2500    3.569213E-03  4.465417E-03  5.876413E+01
    13.3000    2.234227E-03  4.046987E-03  5.910541E+01
    13.3500    9.059908E-04  3.534708E-03  5.943105E+01
    13.4000   -1.159489E-04  2.943812E-03  5.972966E+01
    13.4500   -6.483865E-04  2.301860E-03  5.997580E+01
    13.5000   -6.728624E-04  1.668734E-03  6.010529E+01
    13.5500   -3.366842E-04  1.210465E-03  5.997212E+01
    13.6000    9.395860E-05  1.261783E-03  5.961573E+01
    13.6500    3.156977E-04  1.816287E-03  5.951556E+01
    13.7000    8.149363E-05  2.565703E-03  5.965849E+01
    13.7500   -7.204848E-04  3.361563E-03  5.990627E+01
    13.8000   -2.024997E-03  4.144356E-03  6.020076E+01
    13.8500   -3.596960E-03  4.881250E-03  6.051872E+01
    13.9000   -5.086209E-03  5.549437E-03  6.084957E+01
    13.9500   -6.115150E-03  6.131569E-03  6.118786E+01
    14.0000   -6.381782E-03  6.621158E-03  6.153077E+01
    14.0500   -5.728175E-03  7.015952E-03  6.187662E+01
    14.1000   -4.171375E-03  7.299218E-03  6.222354E+01
    14.1500   -1.929861E-03  7.467447E-03  6.257045E+01
    14.2000    6.351571E-04  7.520581E-03  6.291641E+01
    14.2500    3.101785E-03  7.461944E-03  6.326054E+01
    14.3000    5.080975E-03  7.298128E-03  6.360195E+01
    14.3500    6.297602E-03  7.038792E-03  6.393961E+01
    14.4000    6.639663E-03  6.696424E-03  6.427235E+01
    14.4500    6.165576E-03  6.286052E-03  6.459875E+01
    14.5000    5.071208E-03  5.824939E-03  6.491702E+01
    14.5500    3.628634E-03  5.332268E-03  6.522499E+01
    14.6000    2.115110E-03  4.828820E-03  6.552005E+01
    14.6500    7.516427E-04  4.336570E-03  6.579924E+01
    14.7000   -3.340020E-04  3.878025E-03  6.605968E+01
    14.7500   -1.113232E-03  3.474913E-03  6.629956E+01
    14.8000   -1.634332E-03  3.145666E-03  6.651977E+01
    14.8500   -1.982509E-03  2.901499E-03  6.672568E+01
    14.9000   -2.236845E-03  2.742311E-03  6.692735E+01
    14.9500   -2.438062E-03  2.655310E-03  6.713692E+01
    15.0000   -2.577599E-03  2.619976E-03  6.736414E+01
    15.0500   -2.606093E-03  2.612518E-03  6.761439E+01
    15.1000   -2.453089E-03  2.606859E-03  6.788943E+01
    15.1500   -2.068281E-03  2.585407E-03  6.818777E+01
    15.2000   -1.449260E-03  2.537049E-03  6.850702E+01
    15.2500   -6.555139E-04  2.456490E-03  6.884492E+01
    15.3000    1.983555E-04  2.343182E-03  6.919979E+01
    15.3500    9.683967E-04  2.200255E-03  6.957078E+01
    15.4000    1.518062E-03  2.033587E-03  6.995782E+01
    15.4500    1.754548E-03  1.850993E-03  7.036160E+01
    15.5000    1.653591E-03  1.661508E-03  7.078349E+01
    15.5500    1.265325E-03  1.474669E-03  7.122519E+01
    15.6000    6.997799E-04  1.299719E-03  7.168808E+01
    15.6500    9.674298E-05  1.144558E-03  7.217201E+01
    15.7000   -4.107919E-04  1.014410E-03  7.267356E+01
    15.7500   -7.288811E-04  9.104353E-04  7.318490E+01
    15.8000   -8.217461E-04  8.290660E-04  7.369445E+01
    15.8500   -7.133279E-04  7.628984E-04  7.418990E+01
    15.9000   -4.723703E-04  7.030263E-04  7.466144E+01
    15.9500   -1.869381E-04  6.416008E-04  7.510257E+01
    16.0000    6.725232E-05  5.750486E-04  7.551544E+01
    16.0500    2.431603E-04  5.018167E-04  7.590408E+01
    16.1000    3.138697E-04  4.187306E-04  7.624564E+01
    16.1500    2.969002E-04  3.299976E-04  7.651731E+01
    16.2000    2.342935E-04  2.455217E-04  7.666543E+01
    16.2500    1.737698E-04  1.865767E-04  7.659635E+01
    16.3000    1.508321E-04  1.833451E-04  7.636431E+01
    16.3500    1.778390E-04  2.302543E-04  7.628077E+01
    16.4000    2.431502E-04  2.919182E-04  7.638262E+01
    16.4500    3.196560E-04  3.466152E-04  7.657201E+01
    16.5000    3.786649E-04  3.848668E-04  7.678925E+01
    16.5500    4.033626E-04  4.035542E-04  7.699984E+01
    16.6000    3.964297E-04  4.050818E-04  7.717607E+01
    16.6500    3.787353E-04  3.993006E-04  7.729136E+01
    16.7000    3.794490E-04  4.060611E-04  7.733307E+01
    16.7500    4.212293E-04  4.513598E-04  7.733647E+01
    16.8000    5.061814E-04  5.513589E-04  7.737665E+01
    16.8500    6.082969E-04  7.032954E-04  7.749482E+01
    16.9000    6.760672E-04  8.948906E-04  7.768344E+01
    16.9500    6.455333E-04  1.113303E-03  7.792129E+01
    17.0000    4.616206E-04  1.349125E-03  7.819060E+01
    17.0500    9.691955E-05  1.596391E-03  7.847907E+01
    17.1000   -4.389375E-04  1.842236E-03  7.878039E+01
    17.1500   -1.085943E-03  2.077716E-03  7.908979E+01
    17.2000   -1.744950E-03  2.294531E-03  7.940387E+01
    17.2500   -2.298163E-03  2.485258E-03  7.972011E+01
    17.3000   -2.636355E-03  2.643623E-03  8.003644E+01
    17.3500   -2.685285E-03  2.764802E-03  8.035103E+01
    17.4000   -2.423810E-03  2.845706E-03  8.066211E+01
    17.4500   -1.888482E-03  2.885268E-03  8.096785E+01
    17.5000   -1.163407E-03  2.884716E-03  8.126629E+01
    17.5500   -3.584351E-04  2.847818E-03  8.155521E+01
    17.6000    4.178256E-04  2.781101E-03  8.183222E+01
    17.6500    1.082311E-03  2.693970E-03  8.209484E+01
    17.7000    1.592271E-03  2.598596E-03  8.234094E+01
    17.7500    1.946802E-03  2.509322E-03  8.256944E+01
    17.8000    2.175606E-03  2.441211E-03  8.278139E+01
    17.8500    2.319469E-03  2.407527E-03  8.298091E+01
    17.9000    2.409381E-03  2.416568E-03  8.317506E+01
    17.9500    2.451468E-03  2.469239E-03  8.337225E+01
    18.0000    2.424503E-03  2.560217E-03  8.357926E+01
    18.0500    2.288010E-03  2.679784E-03  8.379975E+01
    18.1000    1.990637E-03  2.810234E-03  8.403584E+01
    18.1500    1.501444E-03  2.937025E-03  8.428641E+01
    18.2000    8.242428E-04  3.047253E-03  8.454910E+01
    18.2500    5.941408E-06  3.130498E-03  8.482110E+01
    18.3000   -8.678960E-04  3.179156E-03  8.509951E+01
    18.3500   -1.689562E-03  3.188532E-03  8.538147E+01
    18.4000   -2.353231E-03  3.156844E-03  8.566419E+01
    18.4500   -2.779473E-03  3.085203E-03  8.594485E+01
    18.5000   -2.932987E-03  2.977598E-03  8.622048E+01
    18.5500   -2.828309E-03  2.840880E-03  8.648791E+01
    18.6000   -2.521970E-03  2.684728E-03  8.674379E+01
    18.6500   -2.093737E-03  2.521480E-03  8.698484E+01
    18.7000   -1.622949E-03  2.365619E-03  8.720854E+01
    18.7500   -1.167380E-03  2.232514E-03  8.741435E+01
    18.8000   -7.511544E-04  2.135994E-03  8.760525E+01
    18.8500   -3.652146E-04  2.084907E-03  8.778852E+01
    18.9000    2.028914E-05  2.080043E-03  8.797435E+01
    18.9500    4.362450E-04  2.113480E-03  8.817250E+01
    19.0000    8.947798E-04  2.171411E-03  8.838932E+01
    19.0500    1.376769E-03  2.238306E-03  8.862710E+01
    19.1000    1.828073E-03  2.297455E-03  8.888475E+01
    19.1500    2.172528E-03  2.335452E-03  8.915966E+01
    19.2000    2.333226E-03  2.342021E-03  8.944870E+01
    19.2500    2.257645E-03  2.310040E-03  8.974878E+01
    19.3000    1.938098E-03  2.235316E-03  9.005697E+01
    19.3500    1.420364E-03  2.116314E-03  9.037043E+01
    19.4000    7.968021E-04  1.953895E-03  9.068614E+01
    19.4500    1.849459E-04  1.751121E-03  9.100037E+01
    19.5000   -3.027476E-04  1.513175E-03  9.130762E+01
    19.5500   -5.893174E-04  1.247585E-03  9.159816E+01
    19.6000   -6.547005E-04  9.653988E-04  9.185145E+01
    19.6500   -5.412909E-04  6.859983E-04  9.201546E+01
    19.7000   -3.413556E-04  4.580236E-04  9.194714E+01
    19.7500   -1.693980E-04  4.080108E-04  9.153433E+01
    19.8000   -1.272000E-04  5.792331E-04  9.132759E+01
    19.8500   -2.717233E-04  8.311114E-04  9.143925E+01
    19.9000   -5.955192E-04  1.090094E-03  9.168413E+01
    19.9500   -1.025865E-03  1.331046E-03  9.198616E+01