# # tequil.ion_motion                                            FEFF 9.05   
# # POT  SCF  30  5.5000   1, core-hole, AFOLP (folp(0)= 1.150)
# # Abs   Z=30 Rmt= 1.321 Rnm= 1.415 K  shell
# # Pot 1 Z=26 Rmt= 1.291 Rnm= 1.395
# # Pot 2 Z= 8 Rmt= 0.978 Rnm= 1.077
# # Gam_ch=1.897E+00 H-L exch
# # Mu=-1.172E+01 kf=2.192E+00 Vint=-1.925E+01 Rs_int= 1.655
# # PATH  Rmax= 8.500,  Keep_limit= 0.00, Heap_limit 0.00  Pwcrit= 2.50%
#  S02=1.000                                        Global_sig2= 0.00000
#  Energy zero shift, vr, vi   -2.00000E+00   0.00000E+00
#  Curved wave amplitude ratio filter   4.000%
#     file         sig2 tot  cw amp ratio   deg  nlegs   reff  inp sig2
#           1       0.00000    100.00      1.00     2   1.9328
#           2       0.00000     95.84      1.00     2   1.9652
#           3       0.00000     79.61      1.00     2   2.1125
#           4       0.00000     72.23      1.00     2   2.1937
#           5       0.00000     68.72      1.00     2   2.2364
#           6       0.00000     52.37      1.00     2   2.4826
#           7       0.00000     33.54      1.00     2   2.8883
#           8       0.00000     33.34      1.00     2   2.8958
#           9       0.00000     30.04      1.00     2   3.0317
#          10       0.00000     29.37      1.00     2   3.0615
#          11       0.00000     24.81      1.00     2   3.2906
#          12       0.00000     24.47      1.00     2   3.3102
#          13       0.00000     24.38      1.00     2   3.3152
#          14       0.00000     23.41      1.00     2   3.3556
#          15       0.00000     21.69      1.00     2   3.4501
#          16       0.00000     10.61      2.00     3   3.4523
#          17       0.00000     21.38      1.00     2   3.4684
#          18       0.00000      9.22      2.00     3   3.4740
#          19       0.00000     10.11      2.00     3   3.4941
#          20       0.00000      8.44      2.00     3   3.5091
#          21       0.00000      7.98      2.00     3   3.5191
#          22       0.00000     20.17      1.00     2   3.5423
#          23       0.00000     18.75      2.00     3   3.5558
#          24       0.00000      7.14      2.00     3   3.5581
#          25       0.00000      8.52      2.00     3   3.5621
#          26       0.00000     10.50      2.00     3   3.5734
#          27       0.00000      7.84      2.00     3   3.6006
#          28       0.00000     16.00      2.00     3   3.6022
#          29       0.00000      9.09      2.00     3   3.6083
#          30       0.00000      9.14      2.00     3   3.6101
#          31       0.00000     16.87      2.00     3   3.6177
#          32       0.00000     18.93      1.00     2   3.6245
#          33       0.00000      6.38      2.00     3   3.6289
#          34       0.00000      8.15      2.00     3   3.6312
#          35       0.00000     18.64      1.00     2   3.6443
#          36       0.00000      8.32      2.00     3   3.6483
#          37       0.00000     19.36      1.00     2   3.6488
#          38       0.00000     18.87      1.00     2   3.6870
#          39       0.00000      6.32      2.00     3   3.7174
#          40       0.00000     18.44      1.00     2   3.7220
#          41       0.00000      6.22      2.00     3   3.7427
#          42       0.00000      7.35      2.00     3   3.7463
#          43       0.00000     17.91      1.00     2   3.7665
#          44       0.00000      5.13      1.00     4   3.8014
#          45       0.00000     16.51      1.00     2   3.8066
#          46       0.00000     17.15      1.00     2   3.8331
#          47       0.00000     16.14      1.00     2   3.8369
#          48       0.00000     18.07      2.00     3   3.8608
#          49       0.00000     15.85      1.00     2   3.8617
#          50       0.00000     15.73      2.00     3   3.8654
#          51       0.00000     10.12      1.00     4   3.8657
#          52       0.00000     14.10      2.00     3   3.8663
#          53       0.00000     16.57      1.00     2   3.8858
#          55       0.00000      4.77      2.00     3   3.9111
#          56       0.00000      4.34      1.00     4   3.9139
#          57       0.00000      4.18      1.00     4   3.9201
#          58       0.00000      9.26      1.00     4   3.9304
#          59       0.00000      8.08      1.00     4   3.9997
#          60       0.00000      5.84      1.00     4   4.0162
#          61       0.00000      8.71      2.00     3   4.0177
#          62       0.00000      5.39      1.00     4   4.0438
#          63       0.00000     11.93      2.00     3   4.0577
#          64       0.00000      4.76      1.00     4   4.0596
#          65       0.00000     11.28      2.00     3   4.0731
#          66       0.00000      8.36      2.00     3   4.0783
#          67       0.00000      5.17      1.00     4   4.0838
#          68       0.00000     24.46      2.00     3   4.0954
#          69       0.00000      8.00      2.00     3   4.1141
#          70       0.00000      8.37      2.00     3   4.1211
#          71       0.00000     20.49      2.00     4   4.1266
#          72       0.00000      7.76      2.00     3   4.1400
#          74       0.00000     22.85      2.00     3   4.1725
#          75       0.00000      7.82      2.00     3   4.2004
#          76       0.00000     19.00      2.00     4   4.2017
#          77       0.00000     12.42      1.00     2   4.2069
#          78       0.00000     12.38      1.00     2   4.2121
#          79       0.00000      6.34      1.00     4   4.2250
#          80       0.00000     12.22      1.00     2   4.2311
#          82       0.00000     12.12      1.00     2   4.2437
#          83       0.00000      7.34      2.00     3   4.2443
#          84       0.00000      6.87      2.00     3   4.2630
#          85       0.00000      6.05      2.00     3   4.2705
#          86       0.00000      6.36      2.00     3   4.2776
#          87       0.00000      4.14      1.00     4   4.2823
#          88       0.00000      6.94      2.00     3   4.3702
#          89       0.00000     18.97      2.00     3   4.3765
#          91       0.00000      5.21      1.00     4   4.3875
#          92       0.00000      6.43      2.00     3   4.4149
#          93       0.00000      6.41      2.00     3   4.4423
#          94       0.00000     10.40      1.00     2   4.4734
#          95       0.00000      4.72      1.00     4   4.4729
#          96       0.00000     10.38      1.00     2   4.4758
#          97       0.00000     10.34      1.00     2   4.4823
#          98       0.00000      5.61      2.00     3   4.4991
#          99       0.00000     10.35      1.00     4   4.5093
#         100       0.00000      5.34      2.00     3   4.5124
#         101       0.00000     10.10      1.00     2   4.5184
#         102       0.00000      5.09      2.00     3   4.5286
#         103       0.00000      9.99      1.00     2   4.5346
#         104       0.00000      9.98      1.00     2   4.5369
#         105       0.00000     15.03      2.00     3   4.5440
#         106       0.00000      5.58      2.00     3   4.5444
#         107       0.00000      5.34      2.00     3   4.5662
#         108       0.00000      8.27      2.00     3   4.5714
#         109       0.00000      9.76      1.00     2   4.5721
#         110       0.00000      4.62      2.00     3   4.5730
#         111       0.00000     18.43      2.00     3   4.5745
#         112       0.00000      8.09      2.00     3   4.5746
#         113       0.00000      4.82      2.00     3   4.5830
#         114       0.00000      9.61      1.00     2   4.5951
#         115       0.00000     10.81      2.00     4   4.5951
#         116       0.00000     19.48      2.00     3   4.6136
#         119       0.00000     16.87      2.00     3   4.6297
#         120       0.00000      7.11      2.00     3   4.6380
#         121       0.00000     16.00      2.00     3   4.6580
#         122       0.00000      6.42      2.00     3   4.6588
#         123       0.00000     12.70      2.00     3   4.6672
#         124       0.00000     10.45      1.00     4   4.6757
#         125       0.00000     11.67      2.00     3   4.6830
#         126       0.00000      9.08      1.00     2   4.6849
#         127       0.00000     11.41      1.00     4   4.6926
#         128       0.00000      5.95      2.00     3   4.7044
#         129       0.00000     15.57      2.00     3   4.7114
#         130       0.00000      8.80      1.00     2   4.7351
#         131       0.00000      9.21      1.00     4   4.7409
#         132       0.00000      8.74      2.00     3   4.7492
#         133       0.00000      5.16      2.00     3   4.7518
#         134       0.00000      8.63      1.00     2   4.7654
#         135       0.00000      8.67      1.00     4   4.7792
#         136       0.00000      8.56      1.00     2   4.7798
#         137       0.00000      5.66      2.00     4   4.8212
#         138       0.00000      8.35      1.00     4   4.8277
#         139       0.00000      8.22      1.00     2   4.8452
#         141       0.00000      5.52      2.00     3   4.8462
#         142       0.00000      8.39      2.00     3   4.8525
#         143       0.00000      6.16      1.00     4   4.8522
#         145       0.00000      9.12      1.00     2   4.8823
#         146       0.00000      6.42      2.00     3   4.8894
#         147       0.00000      5.42      1.00     4   4.8901
#         148       0.00000      6.25      2.00     3   4.8924
#         149       0.00000      5.07      2.00     3   4.8977
#         150       0.00000      4.57      2.00     3   4.9007
#         151       0.00000      7.92      1.00     2   4.9056
#         156       0.00000      9.89      2.00     3   4.9754
#         157       0.00000      9.01      2.00     3   4.9889
#         158       0.00000      7.78      2.00     3   5.0072
#         161       0.00000      8.41      1.00     2   5.0270
#         162       0.00000      6.41      2.00     3   5.0272
#         164       0.00000      9.11      2.00     3   5.0514
#         165       0.00000      8.25      1.00     2   5.0626
#         167       0.00000      7.18      2.00     3   5.0648
#         171       0.00000      7.98      1.00     2   5.1244
#         173       0.00000      6.86      1.00     2   5.1454
#         174       0.00000      6.85      1.00     2   5.1468
#         175       0.00000     16.35      2.00     3   5.1575
#         176       0.00000      7.82      1.00     2   5.1613
#         177       0.00000      9.99      1.00     4   5.1682
#         178       0.00000      4.54      1.00     4   5.1709
#         179       0.00000     14.96      2.00     3   5.1738
#         180       0.00000      6.74      1.00     2   5.1745
#         181       0.00000     16.33      2.00     3   5.1818
#         182       0.00000      6.80      2.00     3   5.1840
#         183       0.00000     10.07      1.00     4   5.1892
#         184       0.00000      8.66      1.00     4   5.2021
#         185       0.00000      5.98      2.00     3   5.2048
#         188       0.00000      6.59      1.00     2   5.2140
#         189       0.00000      6.92      2.00     3   5.2328
#         192       0.00000      7.32      2.00     3   5.2474
#         194       0.00000      6.98      2.00     3   5.2573
#         195       0.00000      4.12      1.00     4   5.2576
#         197       0.00000      5.02      2.00     3   5.2999
#         198       0.00000      7.26      1.00     2   5.3005
#         199       0.00000      6.11      2.00     3   5.3218
#         200       0.00000      6.14      2.00     3   5.3420
#         201       0.00000      7.09      1.00     2   5.3431
#         206       0.00000      5.96      1.00     2   5.3860
#         207       0.00000      6.87      1.00     2   5.4021
#         209       0.00000      5.84      1.00     2   5.4218
#         212       0.00000      5.26      2.00     3   5.4275
#         213       0.00000      5.20      2.00     3   5.4350
#         216       0.00000      5.34      2.00     3   5.4646
#         217       0.00000      6.65      1.00     2   5.4654
#         219       0.00000      6.38      2.00     3   5.4714
#         221       0.00000      4.06      2.00     3   5.4828
#         222       0.00000      5.84      2.00     3   5.4842
#         223       0.00000      5.04      2.00     3   5.4935
#         225       0.00000      4.60      2.00     3   5.5063
#         228       0.00000      6.43      1.00     2   5.5291
#         229       0.00000      6.08      2.00     3   5.5313
#         231       0.00000      5.46      1.00     2   5.5419
#         233       0.00000      5.41      1.00     2   5.5585
#         234       0.00000      4.29      2.00     3   5.5677
#         235       0.00000      5.44      2.00     3   5.5804
#         236       0.00000      4.19      2.00     3   5.5848
#         238       0.00000      6.24      1.00     2   5.5888
#         239       0.00000      4.44      2.00     3   5.5913
#         241       0.00000      5.49      2.00     3   5.6031
#         242       0.00000      5.27      1.00     2   5.6060
#         243       0.00000      4.87      2.00     3   5.6116
#         246       0.00000      7.73      2.00     3   5.6267
#         248       0.00000      4.70      2.00     3   5.6382
#         250       0.00000      6.01      1.00     2   5.6587
#         252       0.00000      5.09      1.00     2   5.6669
#         253       0.00000      5.99      1.00     2   5.6680
#         255       0.00000      4.83      2.00     3   5.6728
#         258       0.00000      4.72      2.00     3   5.6822
#         259       0.00000      5.03      1.00     2   5.6889
#         260       0.00000      4.85      2.00     3   5.7055
#         264       0.00000      4.95      1.00     2   5.7180
#         265       0.00000      4.95      1.00     2   5.7181
#         269       0.00000      4.22      2.00     3   5.7256
#         270       0.00000      5.96      2.00     3   5.7255
#         276       0.00000      4.86      1.00     2   5.7523
#         278       0.00000      5.93      2.00     3   5.7590
#         280       0.00000      6.24      2.00     3   5.7746
#         282       0.00000      4.47      2.00     3   5.7811
#         284       0.00000      4.57      2.00     3   5.7834
#         286       0.00000      4.42      2.00     3   5.7860
#         289       0.00000      4.85      2.00     3   5.8049
#         290       0.00000      4.33      2.00     3   5.8057
#         293       0.00000      4.46      2.00     3   5.8171
#         295       0.00000      4.67      1.00     2   5.8284
#         296       0.00000      5.52      1.00     2   5.8292
#         305       0.00000      9.08      2.00     3   5.8632
#         309       0.00000      5.40      1.00     2   5.8717
#         317       0.00000      4.22      1.00     4   5.8972
#         318       0.00000      4.49      1.00     2   5.9005
#         319       0.00000      4.48      1.00     2   5.9024
#         320       0.00000      5.31      1.00     2   5.9043
#         324       0.00000      4.41      2.00     3   5.9106
#         326       0.00000      5.29      1.00     2   5.9139
#         327       0.00000      5.47      2.00     3   5.9167
#         328       0.00000      4.24      2.00     4   5.9248
#         330       0.00000      5.02      2.00     3   5.9450
#   234/ 294 paths used
#  -----------------------------------------------------------------------
#       k          chi          mag           phase @#
    -0.7000   -3.193305E-01  3.756497E-01 -1.016128E+00
    -0.6500   -2.918854E-01  3.296500E-01 -1.087440E+00
    -0.6000   -2.829188E-01  3.066750E-01 -1.174601E+00
    -0.5500   -2.846339E-01  2.991120E-01 -1.258389E+00
    -0.5000   -2.926306E-01  3.019089E-01 -1.322237E+00
    -0.4500   -3.037158E-01  3.102314E-01 -1.365485E+00
    -0.4000   -3.156952E-01  3.208948E-01 -1.390532E+00
    -0.3500   -3.277015E-01  3.323739E-01 -1.402922E+00
    -0.3000   -3.386065E-01  3.432330E-01 -1.406421E+00
    -0.2500   -3.479532E-01  3.528004E-01 -1.404841E+00
    -0.2000   -3.555663E-01  3.607634E-01 -1.400852E+00
    -0.1500   -3.616982E-01  3.672885E-01 -1.396102E+00
    -0.1000   -3.661159E-01  3.720572E-01 -1.391846E+00
    -0.0500   -3.687436E-01  3.749234E-01 -1.388981E+00
     0.0000   -3.696151E-01  3.758792E-01 -1.387976E+00
     0.0500   -3.704842E-01  3.768349E-01 -1.386947E+00
     0.1000   -3.730763E-01  3.797015E-01 -1.383717E+00
     0.1500   -3.773404E-01  3.844728E-01 -1.377878E+00
     0.2000   -3.831744E-01  3.911257E-01 -1.368813E+00
     0.2500   -3.904033E-01  3.996049E-01 -1.355782E+00
     0.3000   -3.987558E-01  4.098091E-01 -1.338013E+00
     0.3500   -4.080092E-01  4.217909E-01 -1.314461E+00
     0.4000   -4.180978E-01  4.359954E-01 -1.283276E+00
     0.4500   -4.277071E-01  4.514546E-01 -1.245005E+00
     0.5000   -4.359446E-01  4.678366E-01 -1.199426E+00
     0.5500   -4.420271E-01  4.852660E-01 -1.145452E+00
     0.6000   -4.448566E-01  5.039646E-01 -1.081607E+00
     0.6500   -4.425578E-01  5.225097E-01 -1.010288E+00
     0.7000   -4.339332E-01  5.408789E-01 -9.310953E-01
     0.7500   -4.175093E-01  5.597253E-01 -8.419124E-01
     0.8000   -3.919126E-01  5.772378E-01 -7.463244E-01
     0.8500   -3.560726E-01  5.939433E-01 -6.428837E-01
     0.9000   -3.089746E-01  6.097002E-01 -5.314278E-01
     0.9500   -2.512912E-01  6.231383E-01 -4.150844E-01
     1.0000   -1.819083E-01  6.355663E-01 -2.902738E-01
     1.0500   -1.033976E-01  6.454305E-01 -1.608926E-01
     1.1000   -1.710761E-02  6.530558E-01 -2.619924E-02
     1.1500    7.506570E-02  6.585837E-01  1.142288E-01
     1.2000    1.683099E-01  6.611033E-01  2.574231E-01
     1.2500    2.620303E-01  6.619066E-01  4.070172E-01
     1.3000    3.495879E-01  6.596908E-01  5.585143E-01
     1.3500    4.295977E-01  6.554917E-01  7.146887E-01
     1.4000    4.973347E-01  6.488327E-01  8.733844E-01
     1.4500    5.504286E-01  6.400723E-01  1.035167E+00
     1.5000    5.866752E-01  6.294055E-01  1.200196E+00
     1.5500    6.039728E-01  6.167064E-01  1.367232E+00
     1.6000    6.022234E-01  6.025408E-01  1.538335E+00
     1.6500    5.807290E-01  5.864651E-01  1.710773E+00
     1.7000    5.407488E-01  5.692050E-01  1.888334E+00
     1.7500    4.837210E-01  5.501601E-01  2.067335E+00
     1.8000    4.116715E-01  5.297209E-01  2.251472E+00
     1.8500    3.284097E-01  5.075753E-01  2.437927E+00
     1.9000    2.362093E-01  4.838073E-01  2.631532E+00
     1.9500    1.407941E-01  4.581609E-01  2.829235E+00
     2.0000    4.841878E-02  4.306400E-01  3.028920E+00
     2.0500   -3.560941E-02  4.013535E-01  3.230433E+00
     2.1000   -1.068873E-01  3.693605E-01  3.435177E+00
     2.1500   -1.607525E-01  3.345316E-01  3.642852E+00
     2.2000   -1.943089E-01  2.984652E-01  3.850529E+00
     2.2500   -2.073642E-01  2.615765E-01  4.056897E+00
     2.3000   -2.010156E-01  2.234428E-01  4.260512E+00
     2.3500   -1.765434E-01  1.824820E-01  4.456571E+00
     2.4000   -1.420016E-01  1.424790E-01  4.630506E+00
     2.4500   -1.049802E-01  1.050875E-01  4.757583E+00
     2.5000   -7.307219E-02  7.326550E-02  4.785047E+00
     2.5500   -5.518693E-02  5.524769E-02  4.665482E+00
     2.6000   -4.591712E-02  4.822635E-02  4.401679E+00
     2.6500   -4.563026E-02  5.321494E-02  4.171926E+00
     2.7000   -5.324083E-02  6.467829E-02  4.108553E+00
     2.7500   -6.238585E-02  7.376526E-02  4.149533E+00
     2.8000   -7.347462E-02  8.253668E-02  4.239389E+00
     2.8500   -8.510908E-02  9.065789E-02  4.360705E+00
     2.9000   -9.563819E-02  9.779522E-02  4.501970E+00
     2.9500   -1.035134E-01  1.036874E-01  4.654458E+00
     3.0000   -1.077850E-01  1.083512E-01  4.814666E+00
     3.0500   -1.079332E-01  1.119079E-01  4.979708E+00
     3.1000   -1.038321E-01  1.145048E-01  5.147573E+00
     3.1500   -9.545849E-02  1.160303E-01  5.317036E+00
     3.2000   -8.344454E-02  1.168250E-01  5.487605E+00
     3.2500   -6.831798E-02  1.170478E-01  5.659937E+00
     3.3000   -5.070773E-02  1.166316E-01  5.833404E+00
     3.3500   -3.167348E-02  1.157450E-01  6.006001E+00
     3.4000   -1.204533E-02  1.146603E-01  6.177939E+00
     3.4500    7.611279E-03  1.134365E-01  6.350333E+00
     3.5000    2.675647E-02  1.121274E-01  6.524136E+00
     3.5500    4.492062E-02  1.107863E-01  6.700679E+00
     3.6000    6.148312E-02  1.093606E-01  6.880236E+00
     3.6500    7.574904E-02  1.077331E-01  7.062957E+00
     3.7000    8.707256E-02  1.058331E-01  7.249391E+00
     3.7500    9.482531E-02  1.035651E-01  7.440210E+00
     3.8000    9.846174E-02  1.008655E-01  7.635227E+00
     3.8500    9.770273E-02  9.772320E-02  7.833511E+00
     3.9000    9.257674E-02  9.410907E-02  8.034686E+00
     3.9500    8.344791E-02  9.003457E-02  8.238863E+00
     4.0000    7.097395E-02  8.552220E-02  8.445869E+00
     4.0500    5.616188E-02  8.056444E-02  8.653426E+00
     4.1000    4.023001E-02  7.522775E-02  8.860535E+00
     4.1500    2.442805E-02  6.958128E-02  9.066062E+00
     4.2000    9.924604E-03  6.369674E-02  9.268330E+00
     4.2500   -2.340242E-03  5.774956E-02  9.465313E+00
     4.3000   -1.184164E-02  5.187622E-02  9.655075E+00
     4.3500   -1.842576E-02  4.619988E-02  9.835015E+00
     4.4000   -2.222940E-02  4.082084E-02  1.000064E+01
     4.4500   -2.388014E-02  3.595689E-02  1.015111E+01
     4.5000   -2.405458E-02  3.172379E-02  1.028540E+01
     4.5500   -2.340780E-02  2.819686E-02  1.040417E+01
     4.6000   -2.246015E-02  2.541399E-02  1.050864E+01
     4.6500   -2.158050E-02  2.330272E-02  1.060870E+01
     4.7000   -2.085241E-02  2.171413E-02  1.071291E+01
     4.7500   -2.017518E-02  2.046328E-02  1.082757E+01
     4.8000   -1.940795E-02  1.942631E-02  1.095210E+01
     4.8500   -1.829278E-02  1.837508E-02  1.109025E+01
     4.9000   -1.670198E-02  1.720706E-02  1.123846E+01
     4.9500   -1.466009E-02  1.588609E-02  1.139102E+01
     5.0000   -1.241545E-02  1.449326E-02  1.153766E+01
     5.0500   -1.015668E-02  1.302690E-02  1.167223E+01
     5.1000   -8.167563E-03  1.160182E-02  1.178537E+01
     5.1500   -6.653178E-03  1.036835E-02  1.186968E+01
     5.2000   -5.713095E-03  9.537159E-03  1.192407E+01
     5.2500   -5.165023E-03  9.164580E-03  1.196765E+01
     5.3000   -4.719750E-03  9.232536E-03  1.202978E+01
     5.3500   -4.015705E-03  9.597003E-03  1.213465E+01
     5.4000   -2.753836E-03  1.010934E-02  1.229048E+01
     5.4500   -7.490332E-04  1.055754E-02  1.249536E+01
     5.5000    1.914837E-03  1.082156E-02  1.274425E+01
     5.5500    4.886211E-03  1.084056E-02  1.303396E+01
     5.6000    7.607943E-03  1.063864E-02  1.336317E+01
     5.6500    9.423106E-03  1.023571E-02  1.373601E+01
     5.7000    9.744978E-03  9.747289E-03  1.415894E+01
     5.7500    8.221785E-03  9.364424E-03  1.463634E+01
     5.8000    4.856537E-03  9.298406E-03  1.515842E+01
     5.8500    7.226582E-05  9.761818E-03  1.570056E+01
     5.9000   -5.360869E-03  1.083011E-02  1.622579E+01
     5.9500   -1.045962E-02  1.241461E-02  1.670992E+01
     6.0000   -1.416300E-02  1.427409E-02  1.715392E+01
     6.0500   -1.564942E-02  1.629645E-02  1.756149E+01
     6.1000   -1.448188E-02  1.834527E-02  1.793971E+01
     6.1500   -1.068940E-02  2.030328E-02  1.829509E+01
     6.2000   -4.759526E-03  2.208114E-02  1.863230E+01
     6.2500    2.471808E-03  2.361582E-02  1.895442E+01
     6.3000    9.998488E-03  2.486965E-02  1.926330E+01
     6.3500    1.684479E-02  2.582994E-02  1.955996E+01
     6.4000    2.223904E-02  2.650857E-02  1.984488E+01
     6.4500    2.572078E-02  2.694104E-02  2.011823E+01
     6.5000    2.716294E-02  2.717924E-02  2.038572E+01
     6.5500    2.662061E-02  2.729759E-02  2.064353E+01
     6.6000    2.439371E-02  2.737339E-02  2.089128E+01
     6.6500    2.083685E-02  2.748338E-02  2.113066E+01
     6.7000    1.624877E-02  2.769446E-02  2.136415E+01
     6.7500    1.082666E-02  2.805316E-02  2.159493E+01
     6.8000    4.685658E-03  2.857798E-02  2.182644E+01
     6.8500   -2.068738E-03  2.925718E-02  2.206192E+01
     6.9000   -9.245812E-03  3.005238E-02  2.230388E+01
     6.9500   -1.649038E-02  3.090666E-02  2.255395E+01
     7.0000   -2.330786E-02  3.173792E-02  2.281591E+01
     7.0500   -2.888864E-02  3.247911E-02  2.308730E+01
     7.1000   -3.244638E-02  3.307605E-02  2.336651E+01
     7.1500   -3.334466E-02  3.348254E-02  2.365273E+01
     7.2000   -3.122636E-02  3.366619E-02  2.394500E+01
     7.2500   -2.612666E-02  3.360923E-02  2.424227E+01
     7.3000   -1.851001E-02  3.330823E-02  2.454351E+01
     7.3500   -9.216999E-03  3.277308E-02  2.484766E+01
     7.4000    6.694120E-04  3.202537E-02  2.515365E+01
     7.4500    1.000780E-02  3.109655E-02  2.546040E+01
     7.5000    1.782005E-02  3.002474E-02  2.576816E+01
     7.5500    2.334147E-02  2.885314E-02  2.607515E+01
     7.6000    2.619649E-02  2.763121E-02  2.637987E+01
     7.6500    2.640338E-02  2.640980E-02  2.668149E+01
     7.7000    2.428491E-02  2.523877E-02  2.697934E+01
     7.7500    2.034974E-02  2.416432E-02  2.727309E+01
     7.8000    1.516594E-02  2.322628E-02  2.756284E+01
     7.8500    9.261415E-03  2.245525E-02  2.784920E+01
     7.9000    3.073598E-03  2.186987E-02  2.813333E+01
     7.9500   -3.048212E-03  2.147495E-02  2.841676E+01
     8.0000   -8.828686E-03  2.127056E-02  2.870235E+01
     8.0500   -1.395080E-02  2.122966E-02  2.899135E+01
     8.1000   -1.804861E-02  2.131259E-02  2.928437E+01
     8.1500   -2.073760E-02  2.147667E-02  2.958203E+01
     8.2000   -2.165820E-02  2.167487E-02  2.988435E+01
     8.2500   -2.056537E-02  2.185908E-02  3.019090E+01
     8.3000   -1.742374E-02  2.198284E-02  3.050085E+01
     8.3500   -1.247444E-02  2.200358E-02  3.081316E+01
     8.4000   -6.244702E-03  2.188453E-02  3.112656E+01
     8.4500    5.128812E-04  2.159638E-02  3.143968E+01
     8.5000    6.950577E-03  2.110162E-02  3.175158E+01
     8.5500    1.225088E-02  2.039619E-02  3.206024E+01
     8.6000    1.582431E-02  1.949347E-02  3.236311E+01
     8.6500    1.742195E-02  1.841024E-02  3.265758E+01
     8.7000    1.716037E-02  1.717884E-02  3.294034E+01
     8.7500    1.546562E-02  1.584962E-02  3.320730E+01
     8.8000    1.294347E-02  1.449366E-02  3.345345E+01
     8.8500    1.021171E-02  1.320510E-02  3.367346E+01
     8.9000    7.741027E-03  1.209964E-02  3.386332E+01
     8.9500    5.748643E-03  1.130165E-02  3.402390E+01
     9.0000    4.179663E-03  1.091409E-02  3.416452E+01
     9.0500    2.756370E-03  1.097571E-02  3.430367E+01
     9.1000    1.100444E-03  1.142780E-02  3.446107E+01
     9.1500   -1.097711E-03  1.214423E-02  3.464803E+01
     9.2000   -3.945236E-03  1.298025E-02  3.486635E+01
     9.2500   -7.273405E-03  1.380711E-02  3.511234E+01
     9.3000   -1.065097E-02  1.452423E-02  3.538072E+01
     9.3500   -1.348209E-02  1.505922E-02  3.566656E+01
     9.4000   -1.516174E-02  1.536399E-02  3.596588E+01
     9.4500   -1.524408E-02  1.541100E-02  3.627563E+01
     9.5000   -1.359043E-02  1.520703E-02  3.659360E+01
     9.5500   -1.038669E-02  1.475178E-02  3.691796E+01
     9.6000   -6.131807E-03  1.404720E-02  3.724739E+01
     9.6500   -1.546354E-03  1.312000E-02  3.758097E+01
     9.7000    2.607882E-03  1.200590E-02  3.791807E+01
     9.7500    5.701574E-03  1.074768E-02  3.825829E+01
     9.8000    7.371851E-03  9.393211E-03  3.860150E+01
     9.8500    7.582414E-03  7.993364E-03  3.894786E+01
     9.9000    6.597391E-03  6.600005E-03  3.929805E+01
     9.9500    4.881246E-03  5.264019E-03  3.965361E+01
    10.0000    2.964065E-03  4.036948E-03  4.001617E+01
    10.0500    1.283652E-03  2.953063E-03  4.039102E+01
    10.1000    9.857141E-05  2.047088E-03  4.079253E+01
    10.1500   -5.383981E-04  1.357417E-03  4.124855E+01
    10.2000   -7.532924E-04  9.223775E-04  4.179635E+01
    10.2500   -7.625835E-04  7.628013E-04  4.238760E+01
    10.3000   -7.642461E-04  8.382653E-04  4.283490E+01
    10.3500   -8.466185E-04  1.107308E-03  4.311192E+01
    10.4000   -9.464110E-04  1.577948E-03  4.333908E+01
    10.4500   -8.703158E-04  2.252461E-03  4.358559E+01
    10.5000   -3.732364E-04  3.109380E-03  4.386197E+01
    10.5500    7.330573E-04  4.113522E-03  4.416146E+01
    10.6000    2.478002E-03  5.223006E-03  4.447662E+01
    10.6500    4.673399E-03  6.392393E-03  4.480221E+01
    10.7000    6.921593E-03  7.574633E-03  4.513481E+01
    10.7500    8.694229E-03  8.722764E-03  4.547219E+01
    10.8000    9.463032E-03  9.791547E-03  4.581286E+01
    10.8500    8.846858E-03  1.073904E-02  4.615580E+01
    10.9000    6.732468E-03  1.152803E-02  4.650023E+01
    10.9500    3.332154E-03  1.212730E-02  4.684554E+01
    11.0000   -8.482911E-04  1.253691E-02  4.719161E+01
    11.0500   -5.125511E-03  1.274690E-02  4.753770E+01
    11.1000   -8.753760E-03  1.272194E-02  4.788273E+01
    11.1500   -1.111608E-02  1.245954E-02  4.822603E+01
    11.2000   -1.186769E-02  1.196558E-02  4.856669E+01
    11.2500   -1.100980E-02  1.125424E-02  4.890349E+01
    11.3000   -8.875577E-03  1.034775E-02  4.923464E+01
    11.3500   -6.033116E-03  9.276168E-03  4.955739E+01
    11.4000   -3.132900E-03  8.077545E-03  4.986718E+01
    11.4500   -7.420154E-04  6.799151E-03  5.015613E+01
    11.5000    7.900729E-04  5.501825E-03  5.040958E+01
    11.5500    1.399225E-03  4.272520E-03  5.059913E+01
    11.6000    1.292336E-03  3.256125E-03  5.067361E+01
    11.6500    8.589090E-04  2.694860E-03  5.058986E+01
    11.7000    5.368139E-04  2.784727E-03  5.045947E+01
    11.7500    6.723779E-04  3.356036E-03  5.046720E+01
    11.8000    1.415075E-03  4.093414E-03  5.061846E+01
    11.8500    2.675693E-03  4.808951E-03  5.085553E+01
    11.9000    4.157661E-03  5.415005E-03  5.114089E+01
    11.9500    5.449839E-03  5.870750E-03  5.145531E+01
    12.0000    6.156075E-03  6.162801E-03  5.178955E+01
    12.0500    6.006318E-03  6.291361E-03  5.213845E+01
    12.1000    4.934824E-03  6.257923E-03  5.249859E+01
    12.1500    3.113901E-03  6.075713E-03  5.286896E+01
    12.2000    9.038995E-04  5.764200E-03  5.324961E+01
    12.2500   -1.242310E-03  5.347950E-03  5.364151E+01
    12.3000   -2.897720E-03  4.855558E-03  5.404656E+01
    12.3500   -3.768620E-03  4.318632E-03  5.446766E+01
    12.4000   -3.761690E-03  3.770701E-03  5.490873E+01
    12.4500   -2.994090E-03  3.245825E-03  5.537431E+01
    12.5000   -1.746786E-03  2.776247E-03  5.586816E+01
    12.5500   -3.774741E-04  2.387910E-03  5.638992E+01
    12.6000    7.799863E-04  2.093112E-03  5.693052E+01
    12.6500    1.500385E-03  1.883168E-03  5.747054E+01
    12.7000    1.713343E-03  1.728667E-03  5.798621E+01
    12.7500    1.500611E-03  1.590933E-03  5.845804E+01
    12.8000    1.049225E-03  1.437154E-03  5.887183E+01
    12.8500    5.779510E-04  1.251390E-03  5.921018E+01
    12.9000    2.613288E-04  1.044384E-03  5.943735E+01
    12.9500    1.747794E-04  8.740485E-04  5.948894E+01
    13.0000    2.723898E-04  8.658745E-04  5.937024E+01
    13.0500    4.140081E-04  1.097616E-03  5.930350E+01
    13.1000    4.264283E-04  1.502476E-03  5.940249E+01
    13.1500    1.541355E-04  1.996070E-03  5.961296E+01
    13.2000   -4.767945E-04  2.525749E-03  5.988017E+01
    13.2500   -1.426261E-03  3.057096E-03  6.017564E+01
    13.3000   -2.543788E-03  3.564020E-03  6.048509E+01
    13.3500   -3.606488E-03  4.025370E-03  6.080080E+01
    13.4000   -4.379025E-03  4.424139E-03  6.111812E+01
    13.4500   -4.676899E-03  4.747593E-03  6.143384E+01
    13.5000   -4.413999E-03  4.987707E-03  6.174541E+01
    13.5500   -3.620928E-03  5.141700E-03  6.205052E+01
    13.6000   -2.430092E-03  5.212574E-03  6.234686E+01
    13.6500   -1.033887E-03  5.209584E-03  6.263207E+01
    13.7000    3.696964E-04  5.148560E-03  6.290372E+01
    13.7500    1.626636E-03  5.051850E-03  6.315968E+01
    13.8000    2.656625E-03  4.947441E-03  6.339869E+01
    13.8500    3.455189E-03  4.866578E-03  6.362133E+01
    13.9000    4.069709E-03  4.839271E-03  6.383094E+01
    13.9500    4.559437E-03  4.888077E-03  6.403387E+01
    14.0000    4.960912E-03  5.028774E-03  6.423818E+01
    14.0500    5.255620E-03  5.261872E-03  6.445140E+01
    14.1000    5.348350E-03  5.558921E-03  6.467877E+01
    14.1500    5.115340E-03  5.893404E-03  6.492233E+01
    14.2000    4.437944E-03  6.236525E-03  6.518167E+01
    14.2500    3.251608E-03  6.561169E-03  6.545494E+01
    14.3000    1.584877E-03  6.844089E-03  6.573976E+01
    14.3500   -4.251584E-04  7.066870E-03  6.603364E+01
    14.4000   -2.547678E-03  7.216219E-03  6.633427E+01
    14.4500   -4.500681E-03  7.283954E-03  6.663950E+01
    14.5000   -6.010278E-03  7.266833E-03  6.694734E+01
    14.5500   -6.870501E-03  7.166327E-03  6.725591E+01
    14.6000   -6.987077E-03  6.988350E-03  6.756333E+01
    14.6500   -6.393332E-03  6.742963E-03  6.786768E+01
    14.7000   -5.234508E-03  6.444049E-03  6.816695E+01
    14.7500   -3.726045E-03  6.108946E-03  6.845906E+01
    14.8000   -2.098653E-03  5.757961E-03  6.874197E+01
    14.8500   -5.463963E-04  5.413634E-03  6.901394E+01
    14.9000    8.077041E-04  5.099485E-03  6.927410E+01
    14.9500    1.920045E-03  4.837941E-03  6.952315E+01
    15.0000    2.813517E-03  4.650286E-03  6.976483E+01
    15.0500    3.534809E-03  4.548634E-03  7.000511E+01
    15.1000    4.103747E-03  4.528948E-03  7.024905E+01
    15.1500    4.507490E-03  4.583909E-03  7.050298E+01
    15.2000    4.681851E-03  4.699083E-03  7.077150E+01
    15.2500    4.526363E-03  4.856719E-03  7.105680E+01
    15.3000    3.940110E-03  5.039178E-03  7.135893E+01
    15.3500    2.867101E-03  5.231017E-03  7.167654E+01
    15.4000    1.336121E-03  5.419754E-03  7.200753E+01
    15.4500   -5.190982E-04  5.595754E-03  7.234953E+01
    15.5000   -2.468212E-03  5.751694E-03  7.270016E+01
    15.5500   -4.221611E-03  5.881937E-03  7.305716E+01
    15.6000   -5.488624E-03  5.981983E-03  7.341844E+01
    15.6500   -6.041865E-03  6.048081E-03  7.378209E+01
    15.7000   -5.770670E-03  6.077031E-03  7.414631E+01
    15.7500   -4.709125E-03  6.066183E-03  7.450946E+01
    15.8000   -3.030878E-03  6.013585E-03  7.486999E+01
    15.8500   -1.011942E-03  5.918259E-03  7.522639E+01
    15.9000    1.028805E-03  5.780551E-03  7.557715E+01
    15.9500    2.795910E-03  5.602518E-03  7.592072E+01
    16.0000    4.078515E-03  5.391493E-03  7.625613E+01
    16.0500    4.775734E-03  5.156216E-03  7.658245E+01
    16.1000    4.885332E-03  4.898200E-03  7.689652E+01
    16.1500    4.509453E-03  4.628632E-03  7.719644E+01
    16.2000    3.803008E-03  4.361250E-03  7.748054E+01
    16.2500    2.926501E-03  4.111658E-03  7.774782E+01
    16.3000    2.007043E-03  3.895842E-03  7.799860E+01
    16.3500    1.117607E-03  3.727715E-03  7.823532E+01
    16.4000    2.781838E-04  3.615987E-03  7.846281E+01
    16.4500   -5.246226E-04  3.561423E-03  7.868766E+01
    16.5000   -1.308593E-03  3.555955E-03  7.891667E+01
    16.5500   -2.068933E-03  3.584319E-03  7.915513E+01
    16.6000   -2.763419E-03  3.627397E-03  7.940593E+01
    16.6500   -3.315104E-03  3.665694E-03  7.966969E+01
    16.7000   -3.631772E-03  3.681875E-03  7.994545E+01
    16.7500   -3.635461E-03  3.662136E-03  8.023139E+01
    16.8000   -3.291885E-03  3.596735E-03  8.052530E+01
    16.8500   -2.629400E-03  3.480002E-03  8.082488E+01
    16.9000   -1.740493E-03  3.310128E-03  8.112774E+01
    16.9500   -7.643560E-04  3.088836E-03  8.143135E+01
    17.0000    1.469286E-04  2.819462E-03  8.173354E+01
    17.0500    8.601582E-04  2.507459E-03  8.203156E+01
    17.1000    1.288410E-03  2.166426E-03  8.231832E+01
    17.1500    1.421529E-03  1.809369E-03  8.258515E+01
    17.2000    1.317405E-03  1.453067E-03  8.281665E+01
    17.2500    1.080997E-03  1.121088E-03  8.298397E+01
    17.3000    8.316655E-04  8.512666E-04  8.303720E+01
    17.3500    6.686909E-04  7.029052E-04  8.293891E+01
    17.4000    6.450299E-04  7.171801E-04  8.279980E+01
    17.4500    7.565777E-04  8.447565E-04  8.279122E+01
    17.5000    9.492398E-04  1.004945E-03  8.291769E+01
    17.5500    1.140653E-03  1.150081E-03  8.312407E+01
    17.6000    1.249079E-03  1.258241E-03  8.337295E+01
    17.6500    1.220134E-03  1.319976E-03  8.364365E+01
    17.7000    1.043111E-03  1.332458E-03  8.392377E+01
    17.7500    7.522841E-04  1.297224E-03  8.420437E+01
    17.8000    4.135006E-04  1.219362E-03  8.447703E+01
    17.8500    1.010697E-04  1.107445E-03  8.473161E+01
    17.9000   -1.271207E-04  9.741975E-04  8.495386E+01
    17.9500   -2.479813E-04  8.381922E-04  8.512335E+01
    18.0000   -2.790721E-04  7.271165E-04  8.521692E+01
    18.0500   -2.723025E-04  6.768192E-04  8.523706E+01
    18.1000   -2.927032E-04  7.063953E-04  8.525024E+01
    18.1500   -3.917030E-04  8.027281E-04  8.533276E+01
    18.2000   -5.867064E-04  9.337929E-04  8.550237E+01
    18.2500   -8.509703E-04  1.071810E-03  8.574029E+01
    18.3000   -1.118360E-03  1.198673E-03  8.602566E+01
    18.3500   -1.301977E-03  1.303566E-03  8.634441E+01
    18.4000   -1.321173E-03  1.380597E-03  8.668826E+01
    18.4500   -1.128667E-03  1.427478E-03  8.705269E+01
    18.5000   -7.292412E-04  1.444839E-03  8.743554E+01
    18.5500   -1.839257E-04  1.435829E-03  8.783614E+01
    18.6000    4.021610E-04  1.405781E-03  8.825472E+01
    18.6500    9.052336E-04  1.361817E-03  8.869172E+01
    18.7000    1.214490E-03  1.312224E-03  8.914700E+01
    18.7500    1.261064E-03  1.265467E-03  8.961882E+01
    18.8000    1.036134E-03  1.228747E-03  9.010290E+01
    18.8500    5.931457E-04  1.206386E-03  9.059218E+01
    18.9000    3.372877E-05  1.198647E-03  9.107804E+01
    18.9500   -5.185707E-04  1.201712E-03  9.155237E+01
    19.0000   -9.499879E-04  1.210403E-03  9.200864E+01
    19.0500   -1.185040E-03  1.218588E-03  9.244179E+01
    19.1000   -1.196013E-03  1.214524E-03  9.285180E+01
    19.1500   -1.009802E-03  1.192666E-03  9.323807E+01
    19.2000   -6.943985E-04  1.149863E-03  9.359940E+01
    19.2500   -3.362146E-04  1.085748E-03  9.393294E+01
    19.3000   -1.459539E-05  1.003197E-03  9.423323E+01
    19.3500    2.190482E-04  9.091014E-04  9.449112E+01
    19.4000    3.518637E-04  8.156603E-04  9.469381E+01
    19.4500    4.076709E-04  7.416247E-04  9.482978E+01
    19.5000    4.341118E-04  7.102623E-04  9.490535E+01
    19.5500    4.835001E-04  7.387639E-04  9.496126E+01
    19.6000    5.935836E-04  8.255398E-04  9.505018E+01
    19.6500    7.740430E-04  9.531839E-04  9.519545E+01
    19.7000    1.002457E-03  1.101472E-03  9.539132E+01
    19.7500    1.230405E-03  1.254226E-03  9.562337E+01
    19.8000    1.397334E-03  1.399885E-03  9.587896E+01
    19.8500    1.447670E-03  1.530464E-03  9.614901E+01
    19.9000    1.346045E-03  1.640670E-03  9.642722E+01
    19.9500    1.086423E-03  1.727380E-03  9.670918E+01