# # tequil.ion_motion                                            FEFF 9.05   
# # POT  SCF  30  5.5000   1, core-hole, AFOLP (folp(0)= 1.150)
# # Abs   Z=30 Rmt= 1.286 Rnm= 1.413 K  shell
# # Pot 1 Z=26 Rmt= 1.236 Rnm= 1.381
# # Pot 2 Z= 8 Rmt= 0.989 Rnm= 1.101
# # Gam_ch=1.897E+00 H-L exch
# # Mu=-1.148E+01 kf=2.155E+00 Vint=-1.783E+01 Rs_int= 1.683
# # PATH  Rmax= 8.500,  Keep_limit= 0.00, Heap_limit 0.00  Pwcrit= 2.50%
#  S02=1.000                                        Global_sig2= 0.00000
#  Energy zero shift, vr, vi   -2.00000E+00   0.00000E+00
#  Curved wave amplitude ratio filter   4.000%
#     file         sig2 tot  cw amp ratio   deg  nlegs   reff  inp sig2
#           1       0.00000    100.00      1.00     2   1.8922
#           2       0.00000     92.47      1.00     2   1.9487
#           3       0.00000     76.40      1.00     2   2.0938
#           4       0.00000     57.39      1.00     2   2.3314
#           5       0.00000     57.21      1.00     2   2.3341
#           6       0.00000     54.74      1.00     2   2.3730
#           7       0.00000     27.73      1.00     2   2.9791
#           8       0.00000     26.85      1.00     2   3.0218
#           9       0.00000     25.46      1.00     2   3.0922
#          10       0.00000     24.80      1.00     2   3.1276
#          11       0.00000     24.44      1.00     2   3.1473
#          12       0.00000     23.23      1.00     2   3.2158
#          13       0.00000     22.55      1.00     2   3.2567
#          14       0.00000     21.10      1.00     2   3.3694
#          15       0.00000     15.16      2.00     3   3.4812
#          16       0.00000     18.98      1.00     2   3.4998
#          17       0.00000      9.57      2.00     3   3.5008
#          18       0.00000     18.73      1.00     2   3.5165
#          19       0.00000      9.26      2.00     3   3.5180
#          20       0.00000     18.57      1.00     2   3.5269
#          21       0.00000     15.47      2.00     3   3.5273
#          22       0.00000     10.46      2.00     3   3.5283
#          23       0.00000     18.51      1.00     2   3.5307
#          24       0.00000      9.22      2.00     3   3.5729
#          25       0.00000      8.77      2.00     3   3.5735
#          26       0.00000      6.72      2.00     3   3.5911
#          27       0.00000     17.62      1.00     2   3.5937
#          28       0.00000      7.78      2.00     3   3.6007
#          29       0.00000      8.30      2.00     3   3.6372
#          30       0.00000     17.08      1.00     2   3.6478
#          31       0.00000      8.87      2.00     3   3.6538
#          32       0.00000     11.67      2.00     3   3.6560
#          33       0.00000      6.46      2.00     3   3.6584
#          34       0.00000     10.07      2.00     3   3.6622
#          35       0.00000      7.53      2.00     3   3.6631
#          36       0.00000      7.75      2.00     3   3.6745
#          37       0.00000      6.93      2.00     3   3.6871
#          38       0.00000      7.49      2.00     3   3.6912
#          39       0.00000     16.20      1.00     2   3.7017
#          40       0.00000      7.88      2.00     3   3.7100
#          41       0.00000      7.44      2.00     3   3.7415
#          42       0.00000     15.70      1.00     2   3.7707
#          43       0.00000     12.53      1.00     4   3.7843
#          44       0.00000     15.39      1.00     2   3.8002
#          45       0.00000     15.00      1.00     2   3.8036
#          46       0.00000      6.09      2.00     3   3.8060
#          47       0.00000      5.07      1.00     4   3.8348
#          48       0.00000      4.61      1.00     4   3.8387
#          49       0.00000      4.53      2.00     4   3.8408
#          50       0.00000     12.88      2.00     3   3.8674
#          51       0.00000     10.60      1.00     4   3.8973
#          52       0.00000     14.32      1.00     2   3.9082
#          53       0.00000      9.71      2.00     3   3.9477
#          54       0.00000     13.80      2.00     3   3.9592
#          56       0.00000     13.00      1.00     2   3.9985
#          57       0.00000     13.46      1.00     2   4.0023
#          58       0.00000      4.62      1.00     4   4.0224
#          60       0.00000     13.06      1.00     2   4.0484
#          62       0.00000      4.21      1.00     4   4.0869
#          63       0.00000     11.26      2.00     3   4.0956
#          64       0.00000      6.24      1.00     4   4.1183
#          65       0.00000     14.31      2.00     3   4.1243
#          66       0.00000      7.59      2.00     3   4.1374
#          67       0.00000      7.87      2.00     3   4.1450
#          68       0.00000      7.74      2.00     3   4.1611
#          71       0.00000      7.11      1.00     4   4.1875
#          72       0.00000     18.29      2.00     3   4.1962
#          73       0.00000     11.44      2.00     3   4.2038
#          74       0.00000      7.27      2.00     3   4.2096
#          75       0.00000     18.67      2.00     3   4.2248
#          76       0.00000      7.73      2.00     3   4.2417
#          77       0.00000      6.41      1.00     4   4.2464
#          78       0.00000      6.70      2.00     3   4.2556
#          79       0.00000      8.55      2.00     3   4.2570
#          80       0.00000     16.68      2.00     4   4.2652
#          82       0.00000     17.55      2.00     4   4.2801
#          83       0.00000      6.78      2.00     3   4.2827
#          84       0.00000      4.23      1.00     4   4.2830
#          85       0.00000     10.63      1.00     2   4.2849
#          86       0.00000      6.52      2.00     3   4.2979
#          87       0.00000     10.51      1.00     2   4.3009
#          88       0.00000      5.89      2.00     3   4.3215
#          89       0.00000     10.24      1.00     2   4.3402
#          90       0.00000      4.94      1.00     4   4.3593
#          91       0.00000     15.89      2.00     3   4.3669
#          92       0.00000     10.04      1.00     2   4.3680
#          93       0.00000      5.43      2.00     3   4.4163
#          94       0.00000     14.19      2.00     4   4.4279
#          95       0.00000     19.62      2.00     3   4.4380
#          96       0.00000      9.51      1.00     2   4.4503
#          97       0.00000      9.32      1.00     2   4.4805
#          98       0.00000      9.29      1.00     2   4.4851
#          99       0.00000      6.50      2.00     3   4.4980
#         100       0.00000      9.16      1.00     2   4.5058
#         101       0.00000      9.11      1.00     2   4.5149
#         102       0.00000      4.94      2.00     3   4.5238
#         103       0.00000     14.41      2.00     3   4.5292
#         104       0.00000      9.01      1.00     2   4.5310
#         105       0.00000     11.97      1.00     4   4.5359
#         106       0.00000      8.84      1.00     2   4.5603
#         107       0.00000     16.78      2.00     3   4.5626
#         108       0.00000     19.59      2.00     3   4.5809
#         109       0.00000     17.26      2.00     3   4.5852
#         110       0.00000      4.46      2.00     3   4.5928
#         111       0.00000     15.97      2.00     3   4.5992
#         112       0.00000      8.50      1.00     2   4.6202
#         113       0.00000      8.40      1.00     2   4.6382
#         114       0.00000     12.27      1.00     4   4.6469
#         115       0.00000      4.70      2.00     3   4.6531
#         118       0.00000      7.27      2.00     3   4.6698
#         119       0.00000      8.21      1.00     2   4.6746
#         120       0.00000      9.79      1.00     4   4.6749
#         121       0.00000     10.26      1.00     4   4.6854
#         122       0.00000      7.67      1.00     4   4.6903
#         123       0.00000     13.54      2.00     3   4.7030
#         124       0.00000      4.30      2.00     3   4.7037
#         126       0.00000      9.24      1.00     4   4.7179
#         127       0.00000      6.09      2.00     3   4.7221
#         130       0.00000      5.70      2.00     3   4.7476
#         131       0.00000      4.93      2.00     3   4.7724
#         132       0.00000      5.35      2.00     3   4.7859
#         133       0.00000      8.68      2.00     3   4.7954
#         134       0.00000      7.63      2.00     3   4.8141
#         135       0.00000      7.45      1.00     2   4.8284
#         136       0.00000      9.63      2.00     3   4.8375
#         137       0.00000      7.44      2.00     3   4.8460
#         138       0.00000      7.47      1.00     4   4.8457
#         139       0.00000      9.47      2.00     3   4.8566
#         140       0.00000      7.19      1.00     2   4.8850
#         142       0.00000      5.68      2.00     3   4.9134
#         143       0.00000      5.90      2.00     4   4.9140
#         146       0.00000      7.66      1.00     2   4.9189
#         147       0.00000      7.65      1.00     2   4.9208
#         148       0.00000      7.02      1.00     2   4.9242
#         150       0.00000      7.87      2.00     3   4.9390
#         151       0.00000      6.12      2.00     3   4.9416
#         152       0.00000      5.49      2.00     3   4.9561
#         153       0.00000      5.25      2.00     3   4.9632
#         154       0.00000      6.83      1.00     2   4.9675
#         155       0.00000      7.31      2.00     3   5.0146
#         157       0.00000      4.26      2.00     4   5.0408
#         158       0.00000      8.47      2.00     3   5.0417
#         159       0.00000      4.59      1.00     4   5.0548
#         161       0.00000      7.49      2.00     3   5.0645
#         162       0.00000      7.63      2.00     3   5.0714
#         164       0.00000      7.01      1.00     2   5.0736
#         165       0.00000      4.45      1.00     4   5.0749
#         166       0.00000      6.83      1.00     2   5.1196
#         170       0.00000      4.05      1.00     4   5.1626
#         171       0.00000      9.12      2.00     3   5.1730
#         172       0.00000      8.06      2.00     3   5.1849
#         173       0.00000      5.94      2.00     3   5.1937
#         175       0.00000      6.22      2.00     3   5.2100
#         177       0.00000      5.84      1.00     2   5.2277
#         178       0.00000      5.84      1.00     2   5.2292
#         179       0.00000     14.27      2.00     3   5.2376
#         180       0.00000      8.94      1.00     4   5.2460
#         182       0.00000      6.22      2.00     3   5.2523
#         183       0.00000      6.31      1.00     2   5.2610
#         184       0.00000      6.55      2.00     4   5.2616
#         185       0.00000      6.29      1.00     2   5.2665
#         187       0.00000      4.58      1.00     4   5.2725
#         188       0.00000      5.69      2.00     3   5.2730
#         189       0.00000      6.18      1.00     2   5.2983
#         190       0.00000      4.23      2.00     3   5.3042
#         191       0.00000      5.58      1.00     2   5.3058
#         192       0.00000     13.94      2.00     3   5.3063
#         193       0.00000      8.81      1.00     4   5.3068
#         194       0.00000      5.56      1.00     2   5.3118
#         196       0.00000      5.53      1.00     2   5.3195
#         198       0.00000      5.53      1.00     2   5.3224
#         199       0.00000      6.41      2.00     3   5.3393
#         200       0.00000      7.12      2.00     3   5.3433
#         201       0.00000      7.86      2.00     3   5.3444
#         203       0.00000      5.95      1.00     2   5.3692
#         204       0.00000      5.93      1.00     2   5.3735
#         205       0.00000      4.60      2.00     3   5.3832
#         207       0.00000      5.30      1.00     2   5.3937
#         209       0.00000      5.00      2.00     3   5.4230
#         211       0.00000      5.20      1.00     2   5.4281
#         212       0.00000     12.61      2.00     3   5.4301
#         213       0.00000      7.76      1.00     4   5.4322
#         215       0.00000      4.70      2.00     4   5.4484
#         217       0.00000      4.76      2.00     3   5.4617
#         219       0.00000      6.06      2.00     3   5.4858
#         221       0.00000      5.38      2.00     3   5.5011
#         223       0.00000      5.78      2.00     3   5.5137
#         224       0.00000      4.94      1.00     2   5.5165
#         228       0.00000      4.85      1.00     2   5.5501
#         232       0.00000      4.76      1.00     2   5.5822
#         234       0.00000      4.72      1.00     2   5.5952
#         235       0.00000      4.88      2.00     3   5.5984
#         237       0.00000      4.17      2.00     4   5.6102
#         238       0.00000      5.19      1.00     2   5.6243
#         240       0.00000      5.18      1.00     2   5.6279
#         242       0.00000      4.62      2.00     3   5.6351
#         244       0.00000      4.08      2.00     3   5.6590
#         249       0.00000      4.45      2.00     3   5.6900
#         250       0.00000      5.01      1.00     2   5.6925
#         251       0.00000      4.11      2.00     3   5.7005
#         252       0.00000      4.03      2.00     3   5.7007
#         253       0.00000      4.20      2.00     3   5.7127
#         255       0.00000      4.06      2.00     3   5.7546
#         256       0.00000      5.24      2.00     3   5.7690
#         257       0.00000      5.71      2.00     3   5.7720
#         260       0.00000      4.25      1.00     2   5.7838
#         261       0.00000      4.53      2.00     3   5.7840
#         264       0.00000      4.54      2.00     3   5.7858
#         266       0.00000      4.75      1.00     2   5.7929
#         267       0.00000      4.11      2.00     3   5.7939
#         269       0.00000      5.82      2.00     3   5.7974
#         270       0.00000      4.23      2.00     3   5.7979
#         275       0.00000      4.69      1.00     2   5.8198
#         278       0.00000      7.96      2.00     3   5.8296
#         279       0.00000      4.10      2.00     3   5.8350
#         281       0.00000      4.15      2.00     3   5.8451
#         290       0.00000      4.47      1.00     2   5.9128
#         293       0.00000      4.46      1.00     2   5.9180
#         296       0.00000      4.44      1.00     2   5.9268
#         299       0.00000      4.40      1.00     2   5.9431
#         300       0.00000      7.77      2.00     3   5.9432
#         307       0.00000      4.78      2.00     3   5.9576
#         310       0.00000      7.18      2.00     3   5.9678
#   223/ 279 paths used
#  -----------------------------------------------------------------------
#       k          chi          mag           phase @#
    -0.7000   -5.022716E-01  5.124048E-01 -1.770002E+00
    -0.6500   -4.975795E-01  5.029532E-01 -1.717107E+00
    -0.6000   -4.923172E-01  4.945429E-01 -1.665706E+00
    -0.5500   -4.859194E-01  4.864072E-01 -1.615586E+00
    -0.5000   -4.793223E-01  4.793225E-01 -1.571590E+00
    -0.4500   -4.727344E-01  4.730850E-01 -1.532295E+00
    -0.4000   -4.668345E-01  4.680318E-01 -1.499251E+00
    -0.3500   -4.614698E-01  4.638376E-01 -1.469711E+00
    -0.3000   -4.569925E-01  4.606122E-01 -1.445347E+00
    -0.2500   -4.533342E-01  4.581618E-01 -1.425500E+00
    -0.2000   -4.504301E-01  4.563371E-01 -1.409722E+00
    -0.1500   -4.483354E-01  4.551697E-01 -1.397288E+00
    -0.1000   -4.469158E-01  4.544529E-01 -1.388418E+00
    -0.0500   -4.460830E-01  4.540536E-01 -1.383147E+00
     0.0000   -4.458084E-01  4.539256E-01 -1.381398E+00
     0.0500   -4.455354E-01  4.538002E-01 -1.379653E+00
     0.1000   -4.447255E-01  4.534387E-01 -1.374441E+00
     0.1500   -4.434052E-01  4.528855E-01 -1.365825E+00
     0.2000   -4.416169E-01  4.522119E-01 -1.353903E+00
     0.2500   -4.394147E-01  4.515127E-01 -1.338784E+00
     0.3000   -4.368590E-01  4.509012E-01 -1.320574E+00
     0.3500   -4.341823E-01  4.507099E-01 -1.299148E+00
     0.4000   -4.319986E-01  4.517761E-01 -1.273810E+00
     0.4500   -4.297545E-01  4.536036E-01 -1.245084E+00
     0.5000   -4.273934E-01  4.563317E-01 -1.212755E+00
     0.5500   -4.253091E-01  4.607399E-01 -1.176066E+00
     0.6000   -4.238648E-01  4.678679E-01 -1.133618E+00
     0.6500   -4.214193E-01  4.764017E-01 -1.085610E+00
     0.7000   -4.175951E-01  4.868384E-01 -1.030914E+00
     0.7500   -4.121166E-01  5.007079E-01 -9.667918E-01
     0.8000   -4.022695E-01  5.156485E-01 -8.948632E-01
     0.8500   -3.868583E-01  5.325856E-01 -8.130369E-01
     0.9000   -3.637038E-01  5.514178E-01 -7.202590E-01
     0.9500   -3.307639E-01  5.700204E-01 -6.190563E-01
     1.0000   -2.860794E-01  5.904186E-01 -5.058332E-01
     1.0500   -2.284257E-01  6.098076E-01 -3.839508E-01
     1.1000   -1.570927E-01  6.282960E-01 -2.527110E-01
     1.1500   -7.196727E-02  6.456816E-01 -1.116915E-01
     1.2000    2.369836E-02  6.600280E-01  3.591280E-02
     1.2500    1.294344E-01  6.728190E-01  1.935831E-01
     1.3000    2.378362E-01  6.814890E-01  3.564984E-01
     1.3500    3.455929E-01  6.870454E-01  5.270816E-01
     1.4000    4.449217E-01  6.882965E-01  7.028698E-01
     1.4500    5.299812E-01  6.853451E-01  8.840385E-01
     1.5000    5.949448E-01  6.781151E-01  1.070313E+00
     1.5500    6.343027E-01  6.662273E-01  1.259971E+00
     1.6000    6.459157E-01  6.503071E-01  1.454517E+00
     1.6500    6.278735E-01  6.298800E-01  1.650637E+00
     1.7000    5.822258E-01  6.059200E-01  1.851375E+00
     1.7500    5.124170E-01  5.782045E-01  2.052470E+00
     1.8000    4.237232E-01  5.476340E-01  2.256878E+00
     1.8500    3.236957E-01  5.144684E-01  2.461089E+00
     1.9000    2.183519E-01  4.792543E-01  2.668538E+00
     1.9500    1.161249E-01  4.425757E-01  2.876101E+00
     2.0000    2.428213E-02  4.052979E-01  3.081645E+00
     2.0500   -5.258310E-02  3.682091E-01  3.284890E+00
     2.1000   -1.120604E-01  3.307766E-01  3.487212E+00
     2.1500   -1.523424E-01  2.933324E-01  3.687684E+00
     2.2000   -1.743830E-01  2.578412E-01  3.884347E+00
     2.2500   -1.809288E-01  2.246288E-01  4.078039E+00
     2.3000   -1.743920E-01  1.930031E-01  4.269625E+00
     2.3500   -1.558885E-01  1.610906E-01  4.457563E+00
     2.4000   -1.310860E-01  1.314043E-01  4.642772E+00
     2.4500   -1.032458E-01  1.038965E-01  4.824369E+00
     2.5000   -7.545314E-02  7.865330E-02  4.998626E+00
     2.5500   -5.242821E-02  5.723962E-02  5.125335E+00
     2.6000   -3.368078E-02  3.761050E-02  5.173597E+00
     2.6500   -2.120447E-02  2.198970E-02  4.980432E+00
     2.7000   -1.589431E-02  1.730344E-02  4.306024E+00
     2.7500   -1.615391E-02  2.391442E-02  3.883219E+00
     2.8000   -2.137607E-02  3.423440E-02  3.815960E+00
     2.8500   -3.059472E-02  4.475764E-02  3.894227E+00
     2.9000   -4.228671E-02  5.440241E-02  4.031947E+00
     2.9500   -5.507506E-02  6.345380E-02  4.192663E+00
     3.0000   -6.742358E-02  7.154162E-02  4.371443E+00
     3.0500   -7.751352E-02  7.838505E-02  4.563130E+00
     3.1000   -8.380535E-02  8.391703E-02  4.763987E+00
     3.1500   -8.543562E-02  8.835250E-02  4.970061E+00
     3.2000   -8.185746E-02  9.179495E-02  5.182004E+00
     3.2500   -7.269339E-02  9.409544E-02  5.400339E+00
     3.3000   -5.828449E-02  9.515583E-02  5.623945E+00
     3.3500   -3.988271E-02  9.511327E-02  5.850491E+00
     3.4000   -1.899909E-02  9.412887E-02  6.079948E+00
     3.4500    2.741180E-03  9.220288E-02  6.312920E+00
     3.5000    2.353713E-02  8.944436E-02  6.549469E+00
     3.5500    4.161171E-02  8.592875E-02  6.788701E+00
     3.6000    5.553594E-02  8.175201E-02  7.030024E+00
     3.6500    6.452336E-02  7.709563E-02  7.274828E+00
     3.7000    6.820990E-02  7.210693E-02  7.523712E+00
     3.7500    6.669762E-02  6.689215E-02  7.777700E+00
     3.8000    6.048112E-02  6.151549E-02  8.037624E+00
     3.8500    5.054106E-02  5.614842E-02  8.304703E+00
     3.9000    3.804794E-02  5.092276E-02  8.580985E+00
     3.9500    2.421323E-02  4.589278E-02  8.869000E+00
     4.0000    1.030905E-02  4.108300E-02  9.171135E+00
     4.0500   -2.387334E-03  3.678253E-02  9.489728E+00
     4.1000   -1.295351E-02  3.312253E-02  9.826581E+00
     4.1500   -2.071813E-02  3.014978E-02  1.018237E+01
     4.2000   -2.519128E-02  2.782953E-02  1.055663E+01
     4.2500   -2.637486E-02  2.641746E-02  1.093878E+01
     4.3000   -2.454165E-02  2.586392E-02  1.131672E+01
     4.3500   -2.012975E-02  2.598769E-02  1.168031E+01
     4.4000   -1.361134E-02  2.650386E-02  1.202704E+01
     4.4500   -5.966375E-03  2.741091E-02  1.234695E+01
     4.5000    2.102203E-03  2.856173E-02  1.264004E+01
     4.5500    1.004522E-02  2.984785E-02  1.290962E+01
     4.6000    1.751172E-02  3.116411E-02  1.316307E+01
     4.6500    2.410016E-02  3.261068E-02  1.339800E+01
     4.7000    2.972016E-02  3.422458E-02  1.361831E+01
     4.7500    3.435845E-02  3.605849E-02  1.382887E+01
     4.8000    3.796860E-02  3.816023E-02  1.403691E+01
     4.8500    4.027650E-02  4.050518E-02  1.424348E+01
     4.9000    4.094617E-02  4.305596E-02  1.445151E+01
     4.9500    3.956481E-02  4.575551E-02  1.466341E+01
     5.0000    3.562878E-02  4.853916E-02  1.488374E+01
     5.0500    2.887100E-02  5.126289E-02  1.510972E+01
     5.1000    1.928943E-02  5.380123E-02  1.534127E+01
     5.1500    7.266553E-03  5.603160E-02  1.557791E+01
     5.2000   -6.511009E-03  5.788654E-02  1.582068E+01
     5.2500   -2.077429E-02  5.922446E-02  1.606636E+01
     5.3000   -3.415422E-02  5.997662E-02  1.631381E+01
     5.3500   -4.530949E-02  6.010510E-02  1.656185E+01
     5.4000   -5.322675E-02  5.965416E-02  1.681028E+01
     5.4500   -5.715209E-02  5.859398E-02  1.705645E+01
     5.5000   -5.697041E-02  5.698202E-02  1.729894E+01
     5.5500   -5.309883E-02  5.490978E-02  1.753630E+01
     5.6000   -4.635016E-02  5.249834E-02  1.776758E+01
     5.6500   -3.777806E-02  4.989510E-02  1.799062E+01
     5.7000   -2.841137E-02  4.726099E-02  1.820461E+01
     5.7500   -1.905977E-02  4.475578E-02  1.840964E+01
     5.8000   -1.025900E-02  4.254687E-02  1.860603E+01
     5.8500   -2.132698E-03  4.072542E-02  1.879716E+01
     5.9000    5.414455E-03  3.932568E-02  1.898768E+01
     5.9500    1.253390E-02  3.830812E-02  1.918288E+01
     6.0000    1.923175E-02  3.765812E-02  1.938555E+01
     6.0500    2.537286E-02  3.715394E-02  1.960130E+01
     6.1000    3.046807E-02  3.660961E-02  1.983270E+01
     6.1500    3.381631E-02  3.586583E-02  2.008066E+01
     6.2000    3.469972E-02  3.479767E-02  2.034530E+01
     6.2500    3.261849E-02  3.332459E-02  2.062657E+01
     6.3000    2.750196E-02  3.141382E-02  2.092473E+01
     6.3500    1.982882E-02  2.908016E-02  2.124084E+01
     6.4000    1.061174E-02  2.638472E-02  2.157724E+01
     6.4500    1.238634E-03  2.343468E-02  2.193827E+01
     6.5000   -6.648897E-03  2.031149E-02  2.232464E+01
     6.5500   -1.184044E-02  1.719157E-02  2.275089E+01
     6.6000   -1.359775E-02  1.435690E-02  2.323530E+01
     6.6500   -1.184504E-02  1.217236E-02  2.379438E+01
     6.7000   -7.211907E-03  1.102544E-02  2.441973E+01
     6.7500   -8.786671E-04  1.106353E-02  2.505324E+01
     6.8000    5.705305E-03  1.199250E-02  2.562855E+01
     6.8500    1.115695E-02  1.331080E-02  2.612669E+01
     6.9000    1.446242E-02  1.461032E-02  2.656113E+01
     6.9500    1.517220E-02  1.564109E-02  2.694901E+01
     7.0000    1.340263E-02  1.631318E-02  2.731015E+01
     7.0500    9.774358E-03  1.658032E-02  2.764388E+01
     7.1000    5.238696E-03  1.643142E-02  2.794985E+01
     7.1500    7.448964E-04  1.591730E-02  2.822752E+01
     7.2000   -3.001609E-03  1.513932E-02  2.847392E+01
     7.2500   -5.685839E-03  1.424798E-02  2.868483E+01
     7.3000   -7.398188E-03  1.343665E-02  2.885741E+01
     7.3500   -8.524832E-03  1.291578E-02  2.899520E+01
     7.4000   -9.556952E-03  1.285348E-02  2.911267E+01
     7.4500   -1.088370E-02  1.330226E-02  2.923258E+01
     7.5000   -1.268984E-02  1.420862E-02  2.937854E+01
     7.5500   -1.473923E-02  1.537847E-02  2.955579E+01
     7.6000   -1.655282E-02  1.661105E-02  2.976137E+01
     7.6500   -1.755804E-02  1.774346E-02  2.998982E+01
     7.7000   -1.725118E-02  1.864977E-02  3.023487E+01
     7.7500   -1.536875E-02  1.924216E-02  3.049079E+01
     7.8000   -1.198723E-02  1.946833E-02  3.075261E+01
     7.8500   -7.520160E-03  1.930889E-02  3.101587E+01
     7.9000   -2.614187E-03  1.877547E-02  3.127624E+01
     7.9500    2.022876E-03  1.790985E-02  3.152912E+01
     8.0000    5.835093E-03  1.682582E-02  3.177008E+01
     8.0500    8.512366E-03  1.560849E-02  3.199275E+01
     8.1000    1.005171E-02  1.436819E-02  3.219074E+01
     8.1500    1.073965E-02  1.326246E-02  3.235970E+01
     8.2000    1.101370E-02  1.245543E-02  3.250081E+01
     8.2500    1.129213E-02  1.207409E-02  3.262485E+01
     8.3000    1.181763E-02  1.215337E-02  3.275112E+01
     8.3500    1.256574E-02  1.261469E-02  3.289859E+01
     8.4000    1.324824E-02  1.330299E-02  3.307748E+01
     8.4500    1.341108E-02  1.404644E-02  3.328864E+01
     8.5000    1.260082E-02  1.471026E-02  3.352887E+01
     8.5500    1.052019E-02  1.518043E-02  3.379186E+01
     8.6000    7.176265E-03  1.537195E-02  3.407180E+01
     8.6500    2.923556E-03  1.523792E-02  3.436446E+01
     8.7000   -1.603092E-03  1.475723E-02  3.466636E+01
     8.7500   -5.642267E-03  1.393081E-02  3.497452E+01
     8.8000   -8.507374E-03  1.277838E-02  3.528604E+01
     8.8500   -9.776240E-03  1.133574E-02  3.559756E+01
     8.9000   -9.411452E-03  9.652666E-03  3.590429E+01
     8.9500   -7.773439E-03  7.792121E-03  3.619758E+01
     9.0000   -5.530809E-03  5.840840E-03  3.645560E+01
     9.0500   -3.458351E-03  3.925426E-03  3.662111E+01
     9.1000   -2.200018E-03  2.363389E-03  3.650231E+01
     9.1500   -2.101208E-03  2.149319E-03  3.591633E+01
     9.2000   -3.105386E-03  3.391085E-03  3.571489E+01
     9.2500   -4.772878E-03  4.942912E-03  3.586526E+01
     9.3000   -6.413139E-03  6.413228E-03  3.613360E+01
     9.3500   -7.292982E-03  7.689444E-03  3.645083E+01
     9.4000   -6.860747E-03  8.723552E-03  3.679405E+01
     9.4500   -4.921317E-03  9.493163E-03  3.715413E+01
     9.5000   -1.704070E-03  1.000160E-02  3.752790E+01
     9.5500    2.176689E-03  1.025437E-02  3.791301E+01
     9.6000    5.870792E-03  1.026003E-02  3.830830E+01
     9.6500    8.532506E-03  1.004357E-02  3.871424E+01
     9.7000    9.546256E-03  9.637815E-03  3.913196E+01
     9.7500    8.694212E-03  9.081999E-03  3.956319E+01
     9.8000    6.216188E-03  8.420473E-03  4.001027E+01
     9.8500    2.745862E-03  7.701295E-03  4.047614E+01
     9.9000   -8.579430E-04  6.974686E-03  4.096402E+01
     9.9500   -3.737321E-03  6.290853E-03  4.147684E+01
    10.0000   -5.265637E-03  5.707647E-03  4.201536E+01
    10.0500   -5.185118E-03  5.256852E-03  4.257689E+01
    10.1000   -3.644481E-03  4.947542E-03  4.315423E+01
    10.1500   -1.165079E-03  4.776756E-03  4.373591E+01
    10.2000    1.519980E-03  4.718735E-03  4.431026E+01
    10.2500    3.670406E-03  4.734380E-03  4.486943E+01
    10.3000    4.734860E-03  4.783384E-03  4.541053E+01
    10.3500    4.485632E-03  4.832489E-03  4.593428E+01
    10.4000    3.058154E-03  4.858232E-03  4.644301E+01
    10.4500    8.896914E-04  4.846050E-03  4.693925E+01
    10.5000   -1.420087E-03  4.787897E-03  4.742502E+01
    10.5500   -3.283293E-03  4.679702E-03  4.790153E+01
    10.6000   -4.281975E-03  4.519265E-03  4.836919E+01
    10.6500   -4.266847E-03  4.304820E-03  4.882761E+01
    10.7000   -3.372603E-03  4.034359E-03  4.927558E+01
    10.7500   -1.951123E-03  3.705685E-03  4.971098E+01
    10.8000   -4.475229E-04  3.317181E-03  5.013016E+01
    10.8500    7.408000E-04  2.869359E-03  5.052662E+01
    10.9000    1.379242E-03  2.367804E-03  5.088728E+01
    10.9500    1.452263E-03  1.830309E-03  5.118194E+01
    11.0000    1.151921E-03  1.318664E-03  5.132793E+01
    11.0500    7.960875E-04  1.016175E-03  5.116563E+01
    11.1000    7.007516E-04  1.211906E-03  5.088203E+01
    11.1500    1.073698E-03  1.805650E-03  5.090229E+01
    11.2000    1.930614E-03  2.555709E-03  5.112177E+01
    11.2500    3.076849E-03  3.359421E-03  5.142319E+01
    11.3000    4.157569E-03  4.169443E-03  5.176079E+01
    11.3500    4.761431E-03  4.954074E-03  5.211607E+01
    11.4000    4.546915E-03  5.687218E-03  5.248062E+01
    11.4500    3.353779E-03  6.345935E-03  5.285025E+01
    11.5000    1.266541E-03  6.910102E-03  5.322274E+01
    11.5500   -1.389184E-03  7.362706E-03  5.359689E+01
    11.6000   -4.117401E-03  7.690307E-03  5.397206E+01
    11.6500   -6.370503E-03  7.883478E-03  5.434797E+01
    11.7000   -7.683900E-03  7.937151E-03  5.472458E+01
    11.7500   -7.790339E-03  7.850813E-03  5.510207E+01
    11.8000   -6.683951E-03  7.628563E-03  5.548080E+01
    11.8500   -4.618225E-03  7.278995E-03  5.586136E+01
    11.9000   -2.040177E-03  6.814964E-03  5.624464E+01
    11.9500    5.203113E-04  6.253232E-03  5.663197E+01
    12.0000    2.578832E-03  5.619955E-03  5.702539E+01
    12.0500    3.804033E-03  4.938803E-03  5.742788E+01
    12.1000    4.068506E-03  4.227540E-03  5.784430E+01
    12.1500    3.468706E-03  3.515559E-03  5.828291E+01
    12.2000    2.279266E-03  2.837781E-03  5.875764E+01
    12.2500    8.698661E-04  2.238933E-03  5.929124E+01
    12.3000   -3.922989E-04  1.779659E-03  5.991252E+01
    12.3500   -1.228679E-03  1.529182E-03  6.062339E+01
    12.4000   -1.503677E-03  1.508968E-03  6.134482E+01
    12.4500   -1.236855E-03  1.643495E-03  6.197989E+01
    12.5000   -5.747973E-04  1.826297E-03  6.251168E+01
    12.5500    2.653258E-04  1.986136E-03  6.296584E+01
    12.6000    1.062285E-03  2.087795E-03  6.336565E+01
    12.6500    1.648643E-03  2.117921E-03  6.372401E+01
    12.7000    1.945621E-03  2.076580E-03  6.404561E+01
    12.7500    1.968538E-03  1.973900E-03  6.432892E+01
    12.8000    1.805105E-03  1.829771E-03  6.456703E+01
    12.8500    1.575995E-03  1.675534E-03  6.474907E+01
    12.9000    1.390923E-03  1.555468E-03  6.486677E+01
    12.9500    1.313199E-03  1.520515E-03  6.493097E+01
    13.0000    1.343420E-03  1.608189E-03  6.498465E+01
    13.0500    1.419386E-03  1.815512E-03  6.507588E+01
    13.1000    1.437814E-03  2.104700E-03  6.522139E+01
    13.1500    1.291362E-03  2.437257E-03  6.541503E+01
    13.2000    8.999750E-04  2.781762E-03  6.564399E+01
    13.2500    2.372198E-04  3.114955E-03  6.589722E+01
    13.3000   -6.574201E-04  3.419835E-03  6.616689E+01
    13.3500   -1.682628E-03  3.683908E-03  6.644779E+01
    13.4000   -2.693999E-03  3.898017E-03  6.673648E+01
    13.4500   -3.532546E-03  4.055587E-03  6.703074E+01
    13.5000   -4.056402E-03  4.152102E-03  6.732912E+01
    13.5500   -4.169086E-03  4.184725E-03  6.763072E+01
    13.6000   -3.838966E-03  4.152003E-03  6.793504E+01
    13.6500   -3.106587E-03  4.053642E-03  6.824187E+01
    13.7000   -2.078906E-03  3.890347E-03  6.855127E+01
    13.7500   -9.116435E-04  3.663727E-03  6.886357E+01
    13.8000    2.171816E-04  3.376256E-03  6.917941E+01
    13.8500    1.138192E-03  3.031314E-03  6.949995E+01
    13.9000    1.720931E-03  2.633290E-03  6.982728E+01
    13.9500    1.898252E-03  2.187836E-03  7.016547E+01
    14.0000    1.683891E-03  1.706639E-03  7.052238E+01
    14.0500    1.167819E-03  1.200721E-03  7.092048E+01
    14.1000    4.905207E-04  6.865793E-04  7.146081E+01
    14.1500   -1.656955E-04  3.341213E-04  7.277552E+01
    14.2000   -6.171247E-04  6.629927E-04  7.420158E+01
    14.2500   -7.169958E-04  1.220583E-03  7.477036E+01
    14.3000   -3.890617E-04  1.802078E-03  7.518061E+01
    14.3500    3.512527E-04  2.375784E-03  7.554661E+01
    14.4000    1.393905E-03  2.925719E-03  7.589482E+01
    14.4500    2.551654E-03  3.439025E-03  7.623423E+01
    14.5000    3.595415E-03  3.904227E-03  7.656862E+01
    14.5500    4.300714E-03  4.311065E-03  7.689971E+01
    14.6000    4.495240E-03  4.650694E-03  7.722830E+01
    14.6500    4.096685E-03  4.915952E-03  7.755468E+01
    14.7000    3.131890E-03  5.101639E-03  7.787883E+01
    14.7500    1.732503E-03  5.204751E-03  7.820047E+01
    14.8000    1.079153E-04  5.224660E-03  7.851916E+01
    14.8500   -1.498234E-03  5.163229E-03  7.883422E+01
    14.9000   -2.857715E-03  5.024861E-03  7.914476E+01
    14.9500   -3.801875E-03  4.816485E-03  7.944956E+01
    15.0000   -4.252073E-03  4.550790E-03  7.974627E+01
    15.0500   -4.228772E-03  4.241781E-03  8.003227E+01
    15.1000   -3.822363E-03  3.896709E-03  8.030627E+01
    15.1500   -3.173787E-03  3.531559E-03  8.056463E+01
    15.2000   -2.436469E-03  3.164945E-03  8.080283E+01
    15.2500   -1.740284E-03  2.818100E-03  8.101580E+01
    15.3000   -1.165781E-03  2.514214E-03  8.119927E+01
    15.3500   -7.343384E-04  2.275969E-03  8.135288E+01
    15.4000   -4.153285E-04  2.119973E-03  8.148422E+01
    15.4500   -1.467700E-04  2.049324E-03  8.160973E+01
    15.5000    1.374608E-04  2.050033E-03  8.174851E+01
    15.5500    4.821340E-04  2.096030E-03  8.191351E+01
    15.6000    8.941017E-04  2.158744E-03  8.210845E+01
    15.6500    1.338871E-03  2.214095E-03  8.233080E+01
    15.7000    1.750498E-03  2.244853E-03  8.257573E+01
    15.7500    2.051156E-03  2.240278E-03  8.283836E+01
    15.8000    2.174186E-03  2.194908E-03  8.311469E+01
    15.8500    2.083836E-03  2.107347E-03  8.340172E+01
    15.9000    1.786281E-03  1.979258E-03  8.369746E+01
    15.9500    1.329344E-03  1.814551E-03  8.400086E+01
    16.0000    7.929698E-04  1.621301E-03  8.431195E+01
    16.0500    2.656837E-04  1.408943E-03  8.463330E+01
    16.1000   -1.734005E-04  1.179309E-03  8.497057E+01
    16.1500   -4.611203E-04  9.403194E-04  8.533554E+01
    16.2000   -5.645401E-04  7.025345E-04  8.575628E+01
    16.2500   -4.842043E-04  4.860275E-04  8.630715E+01
    16.3000   -2.512590E-04  3.463318E-04  8.715285E+01
    16.3500    7.975800E-05  3.803417E-04  8.817586E+01
    16.4000    4.403364E-04  5.517878E-04  8.888859E+01
    16.4500    7.578951E-04  7.676176E-04  8.937606E+01
    16.5000    9.652033E-04  9.927036E-04  8.977132E+01
    16.5500    1.009013E-03  1.215067E-03  9.012633E+01
    16.6000    8.578041E-04  1.428820E-03  9.046224E+01
    16.6500    5.082407E-04  1.629695E-03  9.078903E+01
    16.7000   -1.072130E-05  1.813728E-03  9.111210E+01
    16.7500   -6.376577E-04  1.976851E-03  9.143462E+01
    16.8000   -1.284043E-03  2.114868E-03  9.175866E+01
    16.8500   -1.845982E-03  2.223596E-03  9.208562E+01
    16.9000   -2.221588E-03  2.299106E-03  9.241657E+01
    16.9500   -2.331364E-03  2.338014E-03  9.275243E+01
    17.0000   -2.139902E-03  2.339911E-03  9.309345E+01
    17.0500   -1.666809E-03  2.306663E-03  9.344021E+01
    17.1000   -9.757975E-04  2.233444E-03  9.379563E+01
    17.1500   -1.827133E-04  2.121412E-03  9.416154E+01
    17.2000    5.700409E-04  1.973677E-03  9.454078E+01
    17.2500    1.142903E-03  1.795688E-03  9.493769E+01
    17.3000    1.430428E-03  1.595856E-03  9.535922E+01
    17.3500    1.386676E-03  1.386680E-03  9.581627E+01
    17.4000    1.037822E-03  1.186739E-03  9.632494E+01
    17.4500    4.779870E-04  1.023189E-03  9.690330E+01
    17.5000   -1.515092E-04  9.302436E-04  9.755297E+01
    17.5500   -6.948653E-04  9.328451E-04  9.822974E+01
    17.6000   -1.018532E-03  1.023211E-03  9.886451E+01
    17.6500   -1.042711E-03  1.167022E-03  9.942593E+01
    17.7000   -7.595553E-04  1.329095E-03  9.992265E+01
    17.7500   -2.334586E-04  1.484289E-03  1.003730E+02
    17.8000    4.164985E-04  1.616346E-03  1.007916E+02
    17.8500    1.047114E-03  1.714978E-03  1.011877E+02
    17.9000    1.526454E-03  1.773977E-03  1.015672E+02
    17.9500    1.764761E-03  1.790204E-03  1.019330E+02
    18.0000    1.733430E-03  1.763917E-03  1.022880E+02
    18.0500    1.461630E-03  1.697200E-03  1.026349E+02
    18.1000    1.028212E-03  1.590764E-03  1.029697E+02
    18.1500    5.417706E-04  1.449657E-03  1.032895E+02
    18.2000    1.072030E-04  1.280990E-03  1.035888E+02
    18.2500   -2.010773E-04  1.094434E-03  1.038573E+02
    18.3000   -3.554523E-04  9.036007E-04  1.040769E+02
    18.3500   -3.771238E-04  7.293429E-04  1.042160E+02
    18.4000   -3.242515E-04  6.049181E-04  1.042383E+02
    18.4500   -2.704825E-04  5.705457E-04  1.041665E+02
    18.5000   -2.806190E-04  6.351296E-04  1.041302E+02
    18.5500   -3.905696E-04  7.614789E-04  1.042111E+02
    18.6000   -5.970638E-04  9.090202E-04  1.043892E+02
    18.6500   -8.594675E-04  1.053332E-03  1.046269E+02
    18.7000   -1.112415E-03  1.181445E-03  1.048998E+02
    18.7500   -1.284970E-03  1.286552E-03  1.051938E+02
    18.8000   -1.320465E-03  1.365410E-03  1.055006E+02
    18.8500   -1.191419E-03  1.417135E-03  1.058155E+02
    18.9000   -9.058184E-04  1.442583E-03  1.061353E+02
    18.9500   -5.037827E-04  1.443957E-03  1.064578E+02
    19.0000   -4.609183E-05  1.424522E-03  1.067818E+02
    19.0500    4.008311E-04  1.388453E-03  1.071070E+02
    19.1000    7.763515E-04  1.340134E-03  1.074320E+02
    19.1500    1.038756E-03  1.284155E-03  1.077564E+02
    19.2000    1.168632E-03  1.225100E-03  1.080801E+02
    19.2500    1.167086E-03  1.167288E-03  1.084035E+02
    19.3000    1.049844E-03  1.114554E-03  1.087274E+02
    19.3500    8.400837E-04  1.070058E-03  1.090529E+02
    19.4000    5.627519E-04  1.036166E-03  1.093816E+02
    19.4500    2.419707E-04  1.014400E-03  1.097149E+02
    19.5000   -9.840378E-05  1.005467E-03  1.100538E+02
    19.5500   -4.324664E-04  1.009314E-03  1.103985E+02
    19.6000   -7.303500E-04  1.025197E-03  1.107487E+02
    19.6500   -9.586998E-04  1.051737E-03  1.111028E+02
    19.7000   -1.084489E-03  1.086965E-03  1.114590E+02
    19.7500   -1.081638E-03  1.128397E-03  1.118154E+02
    19.8000   -9.385350E-04  1.173146E-03  1.121700E+02
    19.8500   -6.637989E-04  1.218096E-03  1.125210E+02
    19.9000   -2.878988E-04  1.260125E-03  1.128668E+02
    19.9500    1.406437E-04  1.296352E-03  1.132060E+02