# # tequil.ion_motion                                            FEFF 9.05   
# # POT  SCF  30  5.5000   1, core-hole, AFOLP (folp(0)= 1.150)
# # Abs   Z=30 Rmt= 1.353 Rnm= 1.428 K  shell
# # Pot 1 Z=26 Rmt= 1.279 Rnm= 1.387
# # Pot 2 Z= 8 Rmt= 0.957 Rnm= 1.081
# # Gam_ch=1.897E+00 H-L exch
# # Mu=-1.158E+01 kf=2.184E+00 Vint=-1.862E+01 Rs_int= 1.660
# # PATH  Rmax= 8.500,  Keep_limit= 0.00, Heap_limit 0.00  Pwcrit= 2.50%
#  S02=1.000                                        Global_sig2= 0.00000
#  Energy zero shift, vr, vi   -2.00000E+00   0.00000E+00
#  Curved wave amplitude ratio filter   4.000%
#     file         sig2 tot  cw amp ratio   deg  nlegs   reff  inp sig2
#           1       0.00000    100.00      1.00     2   1.9734
#           2       0.00000     89.37      1.00     2   2.0604
#           3       0.00000     86.89      1.00     2   2.0828
#           4       0.00000     79.25      1.00     2   2.1576
#           5       0.00000     73.66      1.00     2   2.2188
#           6       0.00000     60.42      1.00     2   2.3929
#           7       0.00000     35.69      1.00     2   2.8814
#           8       0.00000     34.56      1.00     2   2.9233
#           9       0.00000     32.88      1.00     2   2.9890
#          10       0.00000     30.52      1.00     2   3.0898
#          11       0.00000     30.41      1.00     2   3.0931
#          12       0.00000     29.67      1.00     2   3.1264
#          13       0.00000     24.22      1.00     2   3.4058
#          14       0.00000     12.80      2.00     3   3.4059
#          15       0.00000     15.51      2.00     3   3.4261
#          16       0.00000     14.09      2.00     3   3.4292
#          17       0.00000     23.43      1.00     2   3.4520
#          18       0.00000     17.65      2.00     3   3.4872
#          19       0.00000     21.88      1.00     2   3.4880
#          20       0.00000     22.09      1.00     2   3.5360
#          21       0.00000     21.04      1.00     2   3.5375
#          22       0.00000      9.22      2.00     3   3.5384
#          23       0.00000     11.08      2.00     3   3.5674
#          24       0.00000      8.55      2.00     3   3.5700
#          25       0.00000      7.24      2.00     3   3.5710
#          26       0.00000     21.35      1.00     2   3.5847
#          27       0.00000     10.83      2.00     3   3.5928
#          28       0.00000      8.23      2.00     3   3.6041
#          29       0.00000     11.13      2.00     3   3.6094
#          30       0.00000      7.36      2.00     3   3.6156
#          31       0.00000      9.96      2.00     3   3.6380
#          32       0.00000      6.74      2.00     3   3.6402
#          33       0.00000     19.29      1.00     2   3.6492
#          34       0.00000     18.93      1.00     2   3.6743
#          35       0.00000      9.39      2.00     3   3.6770
#          36       0.00000      7.43      2.00     3   3.6862
#          37       0.00000      7.84      2.00     3   3.6858
#          38       0.00000      7.11      2.00     3   3.6912
#          39       0.00000      9.96      2.00     3   3.6935
#          40       0.00000     16.26      2.00     3   3.7007
#          41       0.00000     19.27      1.00     2   3.7336
#          42       0.00000      9.25      2.00     3   3.7389
#          43       0.00000     18.01      1.00     2   3.7396
#          44       0.00000     15.86      2.00     3   3.7398
#          45       0.00000      8.39      2.00     3   3.7553
#          46       0.00000      5.65      2.00     3   3.7597
#          47       0.00000     15.98      2.00     3   3.7941
#          48       0.00000     14.99      2.00     3   3.8390
#          49       0.00000     16.69      1.00     2   3.8422
#          50       0.00000      5.74      1.00     4   3.8480
#          51       0.00000      6.47      1.00     4   3.8631
#          52       0.00000     17.65      1.00     2   3.8638
#          53       0.00000     16.31      1.00     2   3.8733
#          54       0.00000      6.68      1.00     4   3.9304
#          55       0.00000     16.77      1.00     2   3.9414
#          56       0.00000      9.01      2.00     3   3.9415
#          57       0.00000     10.23      1.00     4   3.9469
#          58       0.00000     13.48      2.00     3   3.9794
#          59       0.00000      4.29      1.00     4   3.9956
#          60       0.00000     14.73      1.00     2   4.0140
#          61       0.00000      4.18      1.00     4   4.0275
#          62       0.00000     15.76      1.00     2   4.0353
#          63       0.00000     14.48      1.00     2   4.0383
#          64       0.00000      4.27      1.00     4   4.0522
#          65       0.00000      4.01      2.00     4   4.0562
#          66       0.00000     14.10      1.00     2   4.0761
#          67       0.00000      4.46      1.00     4   4.0934
#          68       0.00000     11.58      2.00     3   4.1161
#          69       0.00000      8.11      1.00     4   4.1209
#          70       0.00000      4.75      1.00     4   4.1256
#          71       0.00000     12.87      2.00     3   4.1353
#          72       0.00000     22.52      2.00     3   4.1372
#          73       0.00000     20.88      2.00     3   4.1464
#          74       0.00000      7.66      1.00     4   4.1656
#          75       0.00000      7.90      2.00     3   4.1791
#          76       0.00000      4.22      1.00     4   4.1829
#          77       0.00000     19.55      2.00     4   4.1922
#          78       0.00000      7.63      2.00     3   4.2054
#          79       0.00000     17.06      2.00     4   4.2181
#          80       0.00000      4.14      1.00     4   4.2251
#          81       0.00000      6.56      2.00     3   4.2950
#          82       0.00000     12.06      1.00     2   4.3027
#          83       0.00000      6.35      1.00     4   4.3152
#          84       0.00000      8.50      2.00     3   4.3229
#          85       0.00000      7.36      2.00     3   4.3283
#          86       0.00000      4.76      1.00     4   4.3292
#          87       0.00000      6.83      2.00     3   4.3301
#          88       0.00000      7.21      2.00     3   4.3426
#          89       0.00000      6.25      2.00     3   4.3478
#          90       0.00000     10.80      2.00     3   4.3522
#          91       0.00000      6.88      2.00     3   4.3520
#          92       0.00000      6.60      2.00     3   4.3547
#          94       0.00000     11.41      1.00     2   4.3842
#          95       0.00000      7.79      2.00     3   4.3842
#          96       0.00000      6.09      2.00     3   4.3974
#          97       0.00000     11.21      1.00     2   4.4116
#          98       0.00000     11.16      1.00     2   4.4181
#          99       0.00000      5.47      1.00     4   4.4375
#         100       0.00000     11.00      1.00     2   4.4396
#         101       0.00000      8.82      2.00     3   4.4409
#         102       0.00000      8.28      2.00     3   4.4460
#         103       0.00000     24.32      2.00     3   4.4505
#         104       0.00000     18.84      2.00     3   4.4543
#         105       0.00000     17.35      2.00     4   4.4757
#         106       0.00000     15.40      2.00     3   4.4851
#         107       0.00000     10.67      1.00     2   4.4862
#         109       0.00000     15.06      1.00     4   4.5168
#         110       0.00000      7.16      2.00     3   4.5496
#         111       0.00000     10.19      1.00     2   4.5563
#         112       0.00000     16.41      2.00     3   4.5646
#         113       0.00000      6.05      2.00     3   4.5947
#         114       0.00000      9.75      1.00     2   4.6254
#         115       0.00000      9.57      1.00     2   4.6545
#         116       0.00000      4.15      2.00     3   4.6585
#         117       0.00000     17.19      2.00     3   4.6668
#         118       0.00000      9.49      1.00     2   4.6676
#         119       0.00000      7.62      1.00     4   4.6674
#         120       0.00000      9.47      1.00     2   4.6715
#         121       0.00000      4.22      2.00     3   4.6848
#         124       0.00000      5.24      2.00     3   4.6989
#         125       0.00000     11.81      2.00     3   4.7021
#         126       0.00000      9.24      1.00     2   4.7092
#         127       0.00000      8.67      1.00     4   4.7111
#         128       0.00000     10.34      1.00     2   4.7147
#         129       0.00000      9.15      1.00     2   4.7248
#         130       0.00000      7.80      2.00     3   4.7406
#         131       0.00000     14.85      2.00     3   4.7584
#         132       0.00000      8.91      1.00     2   4.7676
#         133       0.00000      8.89      1.00     2   4.7702
#         134       0.00000      8.06      2.00     3   4.7759
#         135       0.00000      9.45      1.00     4   4.7773
#         136       0.00000      4.45      2.00     3   4.7834
#         138       0.00000      8.80      1.00     2   4.7865
#         139       0.00000      8.79      1.00     2   4.7882
#         141       0.00000     23.23      2.00     3   4.7926
#         142       0.00000      7.12      2.00     3   4.7969
#         143       0.00000     15.54      1.00     4   4.7987
#         144       0.00000     13.75      2.00     3   4.8010
#         147       0.00000      5.30      2.00     3   4.8291
#         149       0.00000      6.08      2.00     3   4.8559
#         150       0.00000      9.14      2.00     3   4.8762
#         153       0.00000      7.82      1.00     4   4.8915
#         154       0.00000      4.29      2.00     3   4.8924
#         155       0.00000      5.68      2.00     3   4.8936
#         157       0.00000      9.30      1.00     2   4.8959
#         158       0.00000     13.07      2.00     3   4.9082
#         159       0.00000      5.45      1.00     4   4.9181
#         162       0.00000      8.54      2.00     3   4.9394
#         164       0.00000     11.96      2.00     3   4.9454
#         165       0.00000      7.06      1.00     4   4.9475
#         166       0.00000      8.38      2.00     3   4.9492
#         167       0.00000      7.23      2.00     3   4.9500
#         168       0.00000     10.55      2.00     3   4.9614
#         169       0.00000      8.95      1.00     2   4.9624
#         171       0.00000      8.83      2.00     3   4.9644
#         172       0.00000      8.40      2.00     3   4.9919
#         173       0.00000     10.48      2.00     3   4.9983
#         174       0.00000      7.59      2.00     3   5.0009
#         177       0.00000      4.28      1.00     4   5.0378
#         178       0.00000      4.64      2.00     4   5.0390
#         179       0.00000      4.98      2.00     3   5.0426
#         180       0.00000      6.70      1.00     4   5.0462
#         183       0.00000      5.32      2.00     4   5.0718
#         185       0.00000      4.72      1.00     4   5.1008
#         186       0.00000      5.93      1.00     4   5.1026
#         187       0.00000      8.86      2.00     3   5.1057
#         189       0.00000      7.87      2.00     3   5.1265
#         191       0.00000      4.91      1.00     4   5.1553
#         193       0.00000      6.96      1.00     2   5.1719
#         195       0.00000     16.33      2.00     3   5.1872
#         196       0.00000      4.15      2.00     3   5.1910
#         197       0.00000      4.72      2.00     4   5.1916
#         198       0.00000      9.91      1.00     4   5.2025
#         202       0.00000      7.70      1.00     2   5.2311
#         203       0.00000      4.91      2.00     4   5.2474
#         204       0.00000      4.23      1.00     4   5.2490
#         205       0.00000      6.65      1.00     2   5.2500
#         207       0.00000      4.09      2.00     3   5.2548
#         209       0.00000      6.59      1.00     2   5.2650
#         210       0.00000     15.14      2.00     3   5.2662
#         211       0.00000      8.95      1.00     4   5.2825
#         212       0.00000      7.47      1.00     2   5.2860
#         213       0.00000      7.43      1.00     2   5.2951
#         216       0.00000      6.87      2.00     3   5.3140
#         217       0.00000      5.86      2.00     3   5.3423
#         218       0.00000      4.84      2.00     3   5.3423
#         219       0.00000      5.55      2.00     4   5.3452
#         220       0.00000     10.98      2.00     3   5.3688
#         221       0.00000      6.19      1.00     2   5.3730
#         223       0.00000      7.10      1.00     2   5.3776
#         224       0.00000      6.22      2.00     3   5.3851
#         225       0.00000      9.16      2.00     3   5.3875
#         227       0.00000      5.35      1.00     4   5.4425
#         228       0.00000      4.95      2.00     3   5.4553
#         229       0.00000      5.89      1.00     2   5.4596
#         231       0.00000      6.76      1.00     2   5.4696
#         232       0.00000      6.75      1.00     2   5.4733
#         233       0.00000      7.95      2.00     3   5.4763
#         235       0.00000      4.25      1.00     4   5.4890
#         236       0.00000      6.79      2.00     3   5.4981
#         238       0.00000      5.69      1.00     2   5.5212
#         239       0.00000      6.56      1.00     2   5.5257
#         241       0.00000      5.08      2.00     3   5.5411
#         242       0.00000      5.77      2.00     3   5.5442
#         243       0.00000      6.49      1.00     2   5.5462
#         246       0.00000      5.62      2.00     3   5.5772
#         247       0.00000      4.34      2.00     4   5.5964
#         248       0.00000      5.94      2.00     3   5.6039
#         249       0.00000      5.43      1.00     2   5.6065
#         251       0.00000      6.23      1.00     2   5.6241
#         254       0.00000      5.85      2.00     3   5.6473
#         257       0.00000      4.69      2.00     3   5.6616
#         258       0.00000      6.10      1.00     2   5.6626
#         259       0.00000      4.03      2.00     3   5.6685
#         260       0.00000      5.81      2.00     3   5.6730
#         261       0.00000      6.65      2.00     3   5.6773
#         262       0.00000      4.11      2.00     3   5.6777
#         263       0.00000      5.21      2.00     3   5.6811
#         264       0.00000      4.78      2.00     3   5.6831
#         266       0.00000      5.99      1.00     2   5.6979
#         268       0.00000      4.55      2.00     3   5.7042
#         269       0.00000      4.34      2.00     3   5.7047
#         270       0.00000      4.80      2.00     4   5.7071
#         274       0.00000      4.55      2.00     3   5.7101
#         275       0.00000      5.95      1.00     2   5.7108
#         276       0.00000      8.03      2.00     3   5.7140
#         277       0.00000      5.11      1.00     2   5.7150
#         279       0.00000      5.08      1.00     2   5.7256
#         280       0.00000      5.07      1.00     2   5.7278
#         281       0.00000      5.89      1.00     2   5.7325
#         282       0.00000      4.84      2.00     4   5.7347
#         286       0.00000     10.05      2.00     3   5.7477
#         287       0.00000      8.03      2.00     3   5.7528
#         289       0.00000      4.76      2.00     3   5.7594
#         290       0.00000      8.20      2.00     3   5.7627
#         291       0.00000      4.94      1.00     2   5.7777
#         292       0.00000      4.94      1.00     2   5.7780
#         294       0.00000      4.81      1.00     4   5.7846
#         296       0.00000      4.46      2.00     3   5.7959
#         297       0.00000      4.89      1.00     2   5.7966
#         302       0.00000      5.68      1.00     2   5.8028
#         304       0.00000      4.83      1.00     2   5.8167
#         308       0.00000      4.38      2.00     3   5.8406
#         310       0.00000      5.53      1.00     2   5.8538
#         316       0.00000      5.70      2.00     3   5.8779
#         318       0.00000      7.04      2.00     3   5.8812
#         319       0.00000      4.68      2.00     3   5.8847
#         330       0.00000      5.29      1.00     2   5.9402
#   248/ 312 paths used
#  -----------------------------------------------------------------------
#       k          chi          mag           phase @#
    -0.7000   -3.515521E-01  3.701593E-01 -1.889214E+00
    -0.6500   -3.821020E-01  4.032034E-01 -1.895749E+00
    -0.6000   -4.151085E-01  4.347668E-01 -1.872660E+00
    -0.5500   -4.487914E-01  4.647251E-01 -1.833414E+00
    -0.5000   -4.789965E-01  4.905217E-01 -1.787998E+00
    -0.4500   -5.058309E-01  5.131702E-01 -1.740125E+00
    -0.4000   -5.276296E-01  5.317345E-01 -1.695133E+00
    -0.3500   -5.472959E-01  5.490358E-01 -1.650430E+00
    -0.3000   -5.624285E-01  5.628887E-01 -1.611234E+00
    -0.2500   -5.738174E-01  5.738320E-01 -1.577929E+00
    -0.2000   -5.821646E-01  5.822826E-01 -1.550665E+00
    -0.1500   -5.888224E-01  5.893623E-01 -1.527988E+00
    -0.1000   -5.934344E-01  5.944845E-01 -1.511350E+00
    -0.0500   -5.960509E-01  5.974904E-01 -1.501367E+00
     0.0000   -5.968979E-01  5.984812E-01 -1.498040E+00
     0.0500   -5.977324E-01  5.994666E-01 -1.494713E+00
     0.1000   -6.001603E-01  6.023898E-01 -1.484734E+00
     0.1500   -6.039556E-01  6.071535E-01 -1.468114E+00
     0.2000   -6.087426E-01  6.136004E-01 -1.444881E+00
     0.2500   -6.140000E-01  6.215190E-01 -1.415089E+00
     0.3000   -6.190695E-01  6.306531E-01 -1.378837E+00
     0.3500   -6.234483E-01  6.411255E-01 -1.335425E+00
     0.4000   -6.268106E-01  6.538089E-01 -1.282418E+00
     0.4500   -6.269423E-01  6.669003E-01 -1.222877E+00
     0.5000   -6.226591E-01  6.800217E-01 -1.157112E+00
     0.5500   -6.129421E-01  6.936012E-01 -1.083730E+00
     0.6000   -5.962022E-01  7.081555E-01 -1.000810E+00
     0.6500   -5.707408E-01  7.216230E-01 -9.122991E-01
     0.7000   -5.354995E-01  7.341972E-01 -8.173969E-01
     0.7500   -4.885331E-01  7.469103E-01 -7.129552E-01
     0.8000   -4.301492E-01  7.574429E-01 -6.039481E-01
     0.8500   -3.595320E-01  7.665717E-01 -4.881728E-01
     0.9000   -2.765348E-01  7.741731E-01 -3.652686E-01
     0.9500   -1.843730E-01  7.787590E-01 -2.390218E-01
     1.0000   -8.187538E-02  7.817765E-01 -1.049223E-01
     1.0500    2.536239E-02  7.816286E-01  3.245383E-02
     1.1000    1.348580E-01  7.786834E-01  1.740648E-01
     1.1500    2.434957E-01  7.730889E-01  3.204195E-01
     1.2000    3.448421E-01  7.641484E-01  4.681951E-01
     1.2500    4.382897E-01  7.529690E-01  6.212868E-01
     1.3000    5.167521E-01  7.386835E-01  7.747790E-01
     1.3500    5.795378E-01  7.221763E-01  9.314534E-01
     1.4000    6.232442E-01  7.033279E-01  1.088940E+00
     1.4500    6.472759E-01  6.826103E-01  1.247635E+00
     1.5000    6.516018E-01  6.603871E-01  1.407500E+00
     1.5500    6.368711E-01  6.368752E-01  1.567202E+00
     1.6000    6.050167E-01  6.126188E-01  1.728498E+00
     1.6500    5.582203E-01  5.876936E-01  1.888839E+00
     1.7000    4.988473E-01  5.626277E-01  2.051568E+00
     1.7500    4.301234E-01  5.373457E-01  2.213531E+00
     1.8000    3.541580E-01  5.120660E-01  2.377855E+00
     1.8500    2.744829E-01  4.867342E-01  2.542458E+00
     1.9000    1.923275E-01  4.611902E-01  2.711424E+00
     1.9500    1.115862E-01  4.353387E-01  2.882379E+00
     2.0000    3.585725E-02  4.090625E-01  3.053823E+00
     2.0500   -3.209502E-02  3.821988E-01  3.225666E+00
     2.1000   -8.940408E-02  3.538079E-01  3.397053E+00
     2.1500   -1.336301E-01  3.238306E-01  3.566959E+00
     2.2000   -1.638628E-01  2.933006E-01  3.734393E+00
     2.2500   -1.798654E-01  2.623614E-01  3.896970E+00
     2.3000   -1.817309E-01  2.303873E-01  4.050457E+00
     2.3500   -1.692762E-01  1.960794E-01  4.183374E+00
     2.4000   -1.491451E-01  1.640631E-01  4.282644E+00
     2.4500   -1.268295E-01  1.366193E-01  4.331522E+00
     2.5000   -1.079991E-01  1.169242E-01  4.319137E+00
     2.5500   -1.003999E-01  1.099879E-01  4.291746E+00
     2.6000   -9.913266E-02  1.097763E-01  4.268393E+00
     2.6500   -1.042394E-01  1.149496E-01  4.277287E+00
     2.7000   -1.145071E-01  1.233336E-01  4.331768E+00
     2.7500   -1.244402E-01  1.299243E-01  4.420805E+00
     2.8000   -1.344373E-01  1.366907E-01  4.530559E+00
     2.8500   -1.431414E-01  1.433562E-01  4.657642E+00
     2.9000   -1.489505E-01  1.495055E-01  4.798587E+00
     2.9500   -1.504763E-01  1.548172E-01  4.949754E+00
     3.0000   -1.469015E-01  1.592805E-01  5.109243E+00
     3.0500   -1.376958E-01  1.628223E-01  5.275344E+00
     3.1000   -1.227883E-01  1.654009E-01  5.446588E+00
     3.1500   -1.024586E-01  1.670509E-01  5.622906E+00
     3.2000   -7.750468E-02  1.677370E-01  5.802868E+00
     3.2500   -4.917714E-02  1.674480E-01  5.985105E+00
     3.3000   -1.897803E-02  1.662214E-01  6.168763E+00
     3.3500    1.159575E-02  1.641911E-01  6.353868E+00
     3.4000    4.096109E-02  1.614395E-01  6.539714E+00
     3.4500    6.760057E-02  1.580311E-01  6.725207E+00
     3.5000    9.037846E-02  1.540771E-01  6.910014E+00
     3.5500    1.086323E-01  1.497757E-01  7.094655E+00
     3.6000    1.218791E-01  1.452285E-01  7.279038E+00
     3.6500    1.297772E-01  1.404140E-01  7.462244E+00
     3.7000    1.324324E-01  1.354015E-01  7.644180E+00
     3.7500    1.302906E-01  1.303450E-01  7.825103E+00
     3.8000    1.239085E-01  1.253436E-01  8.005449E+00
     3.8500    1.137666E-01  1.202902E-01  8.184829E+00
     3.9000    1.005965E-01  1.152152E-01  8.363216E+00
     3.9500    8.522626E-02  1.102799E-01  8.541509E+00
     4.0000    6.833713E-02  1.056148E-01  8.721080E+00
     4.0500    5.057063E-02  1.009455E-01  8.900059E+00
     4.1000    3.270321E-02  9.626848E-02  9.078171E+00
     4.1500    1.543003E-02  9.162599E-02  9.255569E+00
     4.2000   -7.180294E-04  8.707976E-02  9.433024E+00
     4.2500   -1.506206E-02  8.261311E-02  9.608124E+00
     4.3000   -2.726994E-02  7.829772E-02  9.780519E+00
     4.3500   -3.721544E-02  7.418751E-02  9.950272E+00
     4.4000   -4.487245E-02  7.027936E-02  1.011731E+01
     4.4500   -5.043793E-02  6.676409E-02  1.028114E+01
     4.5000   -5.425213E-02  6.371070E-02  1.044369E+01
     4.5500   -5.655669E-02  6.110494E-02  1.060731E+01
     4.6000   -5.746037E-02  5.891740E-02  1.077272E+01
     4.6500   -5.703196E-02  5.710899E-02  1.094363E+01
     4.7000   -5.511842E-02  5.556697E-02  1.112272E+01
     4.7500   -5.147099E-02  5.415929E-02  1.131197E+01
     4.8000   -4.591166E-02  5.278387E-02  1.151156E+01
     4.8500   -3.826931E-02  5.125556E-02  1.172338E+01
     4.9000   -2.868475E-02  4.945757E-02  1.194766E+01
     4.9500   -1.763858E-02  4.730988E-02  1.218431E+01
     5.0000   -6.003169E-03  4.477951E-02  1.243191E+01
     5.0500    5.232956E-03  4.182910E-02  1.269180E+01
     5.1000    1.491823E-02  3.848787E-02  1.296441E+01
     5.1500    2.201388E-02  3.482204E-02  1.325074E+01
     5.2000    2.570194E-02  3.088123E-02  1.354959E+01
     5.2500    2.584138E-02  2.681486E-02  1.386689E+01
     5.3000    2.271599E-02  2.277432E-02  1.420875E+01
     5.3500    1.707724E-02  1.894374E-02  1.458481E+01
     5.4000    9.981507E-03  1.542121E-02  1.500398E+01
     5.4500    2.761036E-03  1.259287E-02  1.548691E+01
     5.5000   -3.477754E-03  1.077368E-02  1.603665E+01
     5.5500   -7.959320E-03  1.012478E-02  1.661247E+01
     5.6000   -1.024236E-02  1.032534E-02  1.715190E+01
     5.6500   -1.047198E-02  1.107730E-02  1.761087E+01
     5.7000   -9.109257E-03  1.200272E-02  1.798788E+01
     5.7500   -6.768169E-03  1.290304E-02  1.829738E+01
     5.8000   -3.892488E-03  1.369291E-02  1.856131E+01
     5.8500   -9.786324E-04  1.451432E-02  1.878208E+01
     5.9000    1.874558E-03  1.552036E-02  1.897063E+01
     5.9500    4.854694E-03  1.687036E-02  1.914145E+01
     6.0000    8.395156E-03  1.858835E-02  1.931815E+01
     6.0500    1.264723E-02  2.076952E-02  1.950427E+01
     6.1000    1.765575E-02  2.336869E-02  1.970602E+01
     6.1500    2.312231E-02  2.627027E-02  1.992578E+01
     6.2000    2.836031E-02  2.932904E-02  2.016262E+01
     6.2500    3.239136E-02  3.239198E-02  2.041416E+01
     6.3000    3.414883E-02  3.531168E-02  2.067770E+01
     6.3500    3.273981E-02  3.795393E-02  2.095072E+01
     6.4000    2.769792E-02  4.020237E-02  2.123109E+01
     6.4500    1.915833E-02  4.196148E-02  2.151701E+01
     6.5000    7.709875E-03  4.312256E-02  2.181139E+01
     6.5500   -5.136901E-03  4.367487E-02  2.210904E+01
     6.6000   -1.764223E-02  4.360324E-02  2.240770E+01
     6.6500   -2.813382E-02  4.290730E-02  2.270624E+01
     6.7000   -3.528888E-02  4.161059E-02  2.300349E+01
     6.7500   -3.838389E-02  3.975954E-02  2.329812E+01
     6.8000   -3.740880E-02  3.742208E-02  2.358859E+01
     6.8500   -3.302193E-02  3.468592E-02  2.387295E+01
     6.9000   -2.636165E-02  3.165692E-02  2.414872E+01
     6.9500   -1.876595E-02  2.845768E-02  2.441268E+01
     7.0000   -1.145005E-02  2.525362E-02  2.466216E+01
     7.0500   -5.317082E-03  2.217290E-02  2.489058E+01
     7.1000   -7.913395E-04  1.937097E-02  2.509188E+01
     7.1500    2.198427E-03  1.701634E-02  2.526230E+01
     7.2000    4.086249E-03  1.525292E-02  2.540395E+01
     7.2500    5.461175E-03  1.414874E-02  2.552901E+01
     7.3000    6.843272E-03  1.364678E-02  2.565802E+01
     7.3500    8.508041E-03  1.357060E-02  2.581037E+01
     7.4000    1.040633E-02  1.369264E-02  2.599605E+01
     7.4500    1.219703E-02  1.380698E-02  2.621580E+01
     7.5000    1.338276E-02  1.377216E-02  2.646517E+01
     7.5500    1.347734E-02  1.348580E-02  2.673896E+01
     7.6000    1.220182E-02  1.289724E-02  2.703342E+01
     7.6500    9.602691E-03  1.199693E-02  2.734632E+01
     7.7000    6.072314E-03  1.080358E-02  2.767745E+01
     7.7500    2.268518E-03  9.358567E-03  2.802949E+01
     7.8000   -1.047018E-03  7.723825E-03  2.841031E+01
     7.8500   -3.205813E-03  5.987079E-03  2.883938E+01
     7.9000   -3.809451E-03  4.290453E-03  2.936707E+01
     7.9500   -2.836770E-03  2.947643E-03  3.012028E+01
     8.0000   -6.210267E-04  2.619816E-03  3.117660E+01
     8.0500    2.158228E-03  3.540151E-03  3.207154E+01
     8.1000    4.692113E-03  4.933579E-03  3.267256E+01
     8.1500    6.263627E-03  6.339060E-03  3.314115E+01
     8.2000    6.408565E-03  7.591402E-03  3.355247E+01
     8.2500    5.023412E-03  8.616525E-03  3.393511E+01
     8.3000    2.377659E-03  9.375598E-03  3.430112E+01
     8.3500   -9.691218E-04  9.849811E-03  3.465607E+01
     8.4000   -4.319704E-03  1.003521E-02  3.500252E+01
     8.4500   -7.017929E-03  9.940358E-03  3.534136E+01
     8.5000   -8.628174E-03  9.600923E-03  3.567427E+01
     8.5500   -8.964675E-03  9.040368E-03  3.599882E+01
     8.6000   -8.147167E-03  8.285188E-03  3.631110E+01
     8.6500   -6.552895E-03  7.380673E-03  3.660647E+01
     8.7000   -4.675785E-03  6.382605E-03  3.687700E+01
     8.7500   -2.981815E-03  5.361292E-03  3.710934E+01
     8.8000   -1.785866E-03  4.410768E-03  3.728226E+01
     8.8500   -1.182679E-03  3.662115E-03  3.737027E+01
     8.9000   -1.047362E-03  3.272783E-03  3.737336E+01
     8.9500   -1.100372E-03  3.324813E-03  3.736179E+01
     9.0000   -1.012242E-03  3.714366E-03  3.742310E+01
     9.0500   -5.254581E-04  4.260209E-03  3.757546E+01
     9.1000    4.694521E-04  4.822552E-03  3.779661E+01
     9.1500    1.892880E-03  5.317182E-03  3.806309E+01
     9.2000    3.494307E-03  5.698992E-03  3.835915E+01
     9.2500    4.925172E-03  5.946080E-03  3.867519E+01
     9.3000    5.840643E-03  6.051170E-03  3.900535E+01
     9.3500    5.999619E-03  6.017000E-03  3.934593E+01
     9.4000    5.333894E-03  5.853544E-03  3.969446E+01
     9.4500    3.967268E-03  5.576037E-03  4.004910E+01
     9.5000    2.182604E-03  5.207012E-03  4.040818E+01
     9.5500    3.375227E-04  4.765937E-03  4.076983E+01
     9.6000   -1.225956E-03  4.271113E-03  4.113183E+01
     9.6500   -2.266370E-03  3.744104E-03  4.149087E+01
     9.7000   -2.699250E-03  3.206122E-03  4.184151E+01
     9.7500   -2.603504E-03  2.678380E-03  4.217449E+01
     9.8000   -2.180140E-03  2.184357E-03  4.247365E+01
     9.8500   -1.677391E-03  1.755989E-03  4.271183E+01
     9.9000   -1.305931E-03  1.445247E-03  4.285419E+01
     9.9500   -1.170322E-03  1.326303E-03  4.290137E+01
    10.0000   -1.242866E-03  1.448918E-03  4.295135E+01
    10.0500   -1.363006E-03  1.769536E-03  4.310305E+01
    10.1000   -1.299535E-03  2.210690E-03  4.335391E+01
    10.1500   -8.434872E-04  2.726188E-03  4.366773E+01
    10.2000    1.144140E-04  3.291048E-03  4.401707E+01
    10.2500    1.526477E-03  3.889137E-03  4.438564E+01
    10.3000    3.175363E-03  4.506547E-03  4.476417E+01
    10.3500    4.712506E-03  5.128935E-03  4.514735E+01
    10.4000    5.739523E-03  5.740786E-03  4.553211E+01
    10.4500    5.911946E-03  6.325559E-03  4.591672E+01
    10.5000    5.037486E-03  6.866202E-03  4.630019E+01
    10.5500    3.141545E-03  7.345829E-03  4.668198E+01
    10.6000    4.806742E-04  7.748409E-03  4.706181E+01
    10.6500   -2.501896E-03  8.059412E-03  4.743954E+01
    10.7000   -5.269298E-03  8.266389E-03  4.781506E+01
    10.7500   -7.310280E-03  8.359438E-03  4.818828E+01
    10.8000   -8.255090E-03  8.331580E-03  4.855908E+01
    10.8500   -7.958886E-03  8.179019E-03  4.892722E+01
    10.9000   -6.531690E-03  7.901302E-03  4.929234E+01
    10.9500   -4.307471E-03  7.501386E-03  4.965383E+01
    11.0000   -1.758558E-03  6.998327E-03  5.001148E+01
    11.0500    6.286211E-04  6.400867E-03  5.036385E+01
    11.1000    2.440913E-03  5.706258E-03  5.070750E+01
    11.1500    3.439941E-03  4.930110E-03  5.103772E+01
    11.2000    3.610486E-03  4.093558E-03  5.134556E+01
    11.2500    3.147053E-03  3.227797E-03  5.161214E+01
    11.3000    2.386719E-03  2.388907E-03  5.179348E+01
    11.3500    1.706914E-03  1.708909E-03  5.178795E+01
    11.4000    1.415684E-03  1.489510E-03  5.152012E+01
    11.4500    1.663675E-03  1.900659E-03  5.133157E+01
    11.5000    2.401063E-03  2.639387E-03  5.140805E+01
    11.5500    3.390661E-03  3.465792E-03  5.162768E+01
    11.6000    4.273540E-03  4.286060E-03  5.191273E+01
    11.6500    4.669610E-03  5.058136E-03  5.223078E+01
    11.7000    4.286454E-03  5.757907E-03  5.256737E+01
    11.7500    3.007466E-03  6.369269E-03  5.291531E+01
    11.8000    9.358028E-04  6.880833E-03  5.327065E+01
    11.8500   -1.617906E-03  7.284655E-03  5.363104E+01
    11.9000   -4.201483E-03  7.575675E-03  5.399496E+01
    11.9500   -6.324334E-03  7.751399E-03  5.436135E+01
    12.0000   -7.581976E-03  7.822337E-03  5.472933E+01
    12.0500   -7.738297E-03  7.794578E-03  5.509811E+01
    12.1000   -6.759465E-03  7.657998E-03  5.546716E+01
    12.1500   -4.850802E-03  7.417316E-03  5.583583E+01
    12.2000   -2.395822E-03  7.078870E-03  5.620340E+01
    12.2500    1.351400E-04  6.650480E-03  5.656899E+01
    12.3000    2.293604E-03  6.141345E-03  5.693141E+01
    12.3500    3.751722E-03  5.561989E-03  5.728899E+01
    12.4000    4.367169E-03  4.924332E-03  5.763916E+01
    12.4500    4.199456E-03  4.242015E-03  5.797769E+01
    12.5000    3.475790E-03  3.531331E-03  5.829706E+01
    12.5500    2.517543E-03  2.813811E-03  5.858248E+01
    12.6000    1.648087E-03  2.123840E-03  5.880197E+01
    12.6500    1.106687E-03  1.532823E-03  5.888358E+01
    12.7000    9.906061E-04  1.206841E-03  5.872741E+01
    12.7500    1.239207E-03  1.333443E-03  5.849767E+01
    12.8000    1.662236E-03  1.786381E-03  5.849447E+01
    12.8500    2.002668E-03  2.347900E-03  5.866863E+01
    12.9000    2.015718E-03  2.917684E-03  5.892758E+01
    12.9500    1.542004E-03  3.454251E-03  5.922751E+01
    13.0000    5.511794E-04  3.942519E-03  5.955000E+01
    13.0500   -8.490469E-04  4.375212E-03  5.988556E+01
    13.1000   -2.421221E-03  4.736230E-03  6.022686E+01
    13.1500   -3.870154E-03  5.019940E-03  6.057060E+01
    13.2000   -4.912599E-03  5.223137E-03  6.091449E+01
    13.2500   -5.344886E-03  5.344936E-03  6.125671E+01
    13.3000   -5.088132E-03  5.386806E-03  6.159562E+01
    13.3500   -4.200369E-03  5.352668E-03  6.192960E+01
    13.4000   -2.854328E-03  5.249049E-03  6.225692E+01
    13.4500   -1.288907E-03  5.085257E-03  6.257560E+01
    13.5000    2.510290E-04  4.873608E-03  6.288338E+01
    13.5500    1.569607E-03  4.629633E-03  6.317774E+01
    13.6000    2.555346E-03  4.372208E-03  6.345606E+01
    13.6500    3.189152E-03  4.123308E-03  6.371611E+01
    13.7000    3.525428E-03  3.906926E-03  6.395705E+01
    13.7500    3.654580E-03  3.746464E-03  6.418072E+01
    13.8000    3.660163E-03  3.660345E-03  6.439268E+01
    13.8500    3.584770E-03  3.657026E-03  6.460177E+01
    13.9000    3.415278E-03  3.732134E-03  6.481769E+01
    13.9500    3.091632E-03  3.869883E-03  6.504799E+01
    14.0000    2.539049E-03  4.054505E-03  6.529674E+01
    14.0500    1.696332E-03  4.267567E-03  6.556466E+01
    14.1000    5.526127E-04  4.476325E-03  6.584968E+01
    14.1500   -8.153534E-04  4.662142E-03  6.614924E+01
    14.2000   -2.252184E-03  4.810262E-03  6.646070E+01
    14.2500   -3.549988E-03  4.909642E-03  6.678167E+01
    14.3000   -4.493128E-03  4.952607E-03  6.711008E+01
    14.3500   -4.909801E-03  4.934485E-03  6.744418E+01
    14.4000   -4.716254E-03  4.853275E-03  6.778243E+01
    14.4500   -3.941161E-03  4.709348E-03  6.812348E+01
    14.5000   -2.722960E-03  4.505177E-03  6.846602E+01
    14.5500   -1.280280E-03  4.245090E-03  6.880868E+01
    14.6000    1.371293E-04  3.935047E-03  6.914989E+01
    14.6500    1.304281E-03  3.582451E-03  6.948768E+01
    14.7000    2.069272E-03  3.196043E-03  6.981927E+01
    14.7500    2.381858E-03  2.785942E-03  7.014050E+01
    14.8000    2.295587E-03  2.364028E-03  7.044462E+01
    14.8500    1.943957E-03  1.945086E-03  7.071991E+01
    14.9000    1.497956E-03  1.549786E-03  7.094519E+01
    14.9500    1.116972E-03  1.211653E-03  7.108378E+01
    15.0000    9.088935E-04  9.908038E-04  7.109531E+01
    15.0500    9.005002E-04  9.545680E-04  7.102402E+01
    15.1000    1.031180E-03  1.091659E-03  7.102026E+01
    15.1500    1.187328E-03  1.325356E-03  7.114628E+01
    15.2000    1.235212E-03  1.590759E-03  7.136755E+01
    15.2500    1.063613E-03  1.853692E-03  7.164552E+01
    15.3000    6.191753E-04  2.097516E-03  7.195697E+01
    15.3500   -7.490567E-05  2.313999E-03  7.228901E+01
    15.4000   -9.213423E-04  2.499209E-03  7.263419E+01
    15.4500   -1.770975E-03  2.651675E-03  7.298797E+01
    15.5000   -2.458229E-03  2.771491E-03  7.334737E+01
    15.5500   -2.840203E-03  2.859802E-03  7.371028E+01
    15.6000   -2.829418E-03  2.918486E-03  7.407512E+01
    15.6500   -2.412550E-03  2.949918E-03  7.444058E+01
    15.7000   -1.651537E-03  2.956808E-03  7.480558E+01
    15.7500   -6.681319E-04  2.942065E-03  7.516913E+01
    15.8000    3.830982E-04  2.908699E-03  7.553032E+01
    15.8500    1.346060E-03  2.859753E-03  7.588830E+01
    15.9000    2.091274E-03  2.798241E-03  7.624229E+01
    15.9500    2.535165E-03  2.727109E-03  7.659159E+01
    16.0000    2.649407E-03  2.650850E-03  7.693602E+01
    16.0500    2.454443E-03  2.574159E-03  7.727520E+01
    16.1000    2.004121E-03  2.496358E-03  7.760781E+01
    16.1500    1.378206E-03  2.419730E-03  7.793383E+01
    16.2000    6.625426E-04  2.346112E-03  7.825352E+01
    16.2500   -6.279185E-05  2.276755E-03  7.856740E+01
    16.3000   -7.302625E-04  2.212213E-03  7.887623E+01
    16.3500   -1.287251E-03  2.152281E-03  7.918093E+01
    16.4000   -1.695872E-03  2.096008E-03  7.948243E+01
    16.4500   -1.932257E-03  2.041798E-03  7.978156E+01
    16.5000   -1.986610E-03  1.987608E-03  8.007892E+01
    16.5500   -1.864217E-03  1.931191E-03  8.037474E+01
    16.6000   -1.586436E-03  1.870379E-03  8.066885E+01
    16.6500   -1.190204E-03  1.803365E-03  8.096060E+01
    16.7000   -7.247568E-04  1.728959E-03  8.124886E+01
    16.7500   -2.452067E-04  1.646819E-03  8.153196E+01
    16.8000    1.961508E-04  1.557666E-03  8.180767E+01
    16.8500    5.588321E-04  1.463462E-03  8.207321E+01
    16.9000    8.209873E-04  1.367589E-03  8.232531E+01
    16.9500    9.819189E-04  1.274947E-03  8.256051E+01
    17.0000    1.059599E-03  1.191525E-03  8.277718E+01
    17.0500    1.080717E-03  1.123342E-03  8.297585E+01
    17.1000    1.072987E-03  1.077910E-03  8.315660E+01
    17.1500    1.057485E-03  1.060457E-03  8.332710E+01
    17.2000    1.039986E-03  1.072391E-03  8.349866E+01
    17.2500    1.009374E-03  1.110524E-03  8.368232E+01
    17.3000    9.418940E-04  1.168107E-03  8.388506E+01
    17.3500    8.100261E-04  1.236832E-03  8.410892E+01
    17.4000    5.933353E-04  1.308547E-03  8.435239E+01
    17.4500    2.879333E-04  1.376197E-03  8.461222E+01
    17.5000   -8.845308E-05  1.434133E-03  8.488472E+01
    17.5500   -4.975635E-04  1.478120E-03  8.516633E+01
    17.6000   -8.877734E-04  1.505251E-03  8.545379E+01
    17.6500   -1.205465E-03  1.513855E-03  8.574414E+01
    17.7000   -1.407441E-03  1.503438E-03  8.603451E+01
    17.7500   -1.470866E-03  1.474658E-03  8.632207E+01
    17.8000   -1.397943E-03  1.429344E-03  8.660380E+01
    17.8500   -1.214028E-03  1.370551E-03  8.687639E+01
    17.9000   -9.598301E-04  1.302658E-03  8.713623E+01
    17.9500   -6.800214E-04  1.231464E-03  8.737959E+01
    18.0000   -4.107533E-04  1.163444E-03  8.760377E+01
    18.0500   -1.729853E-04  1.105968E-03  8.780754E+01
    18.1000    2.880352E-05  1.069603E-03  8.799153E+01
    18.1500    2.095906E-04  1.061527E-03  8.816334E+01
    18.2000    3.927213E-04  1.085162E-03  8.833490E+01
    18.2500    5.988693E-04  1.139046E-03  8.851821E+01
    18.3000    8.357887E-04  1.217679E-03  8.872109E+01
    18.3500    1.091976E-03  1.313604E-03  8.894601E+01
    18.4000    1.336197E-03  1.419283E-03  8.919153E+01
    18.4500    1.523128E-03  1.528133E-03  8.945443E+01
    18.5000    1.603650E-03  1.634863E-03  8.973111E+01
    18.5500    1.537042E-03  1.735458E-03  9.001825E+01
    18.6000    1.301882E-03  1.827046E-03  9.031304E+01
    18.6500    9.028841E-04  1.907752E-03  9.061319E+01
    18.7000    3.720503E-04  1.976566E-03  9.091683E+01
    18.7500   -2.359309E-04  2.033228E-03  9.122249E+01
    18.8000   -8.527131E-04  2.078125E-03  9.152900E+01
    18.8500   -1.407434E-03  2.112185E-03  9.183548E+01
    18.9000   -1.837420E-03  2.136768E-03  9.214127E+01
    18.9500   -2.096345E-03  2.153545E-03  9.244599E+01
    19.0000   -2.159920E-03  2.165563E-03  9.274919E+01
    19.0500   -2.026842E-03  2.176982E-03  9.305055E+01
    19.1000   -1.708231E-03  2.186597E-03  9.335115E+01
    19.1500   -1.233017E-03  2.195890E-03  9.365157E+01
    19.2000   -6.418512E-04  2.205945E-03  9.395255E+01
    19.2500    1.583269E-05  2.217368E-03  9.425492E+01
    19.3000    6.841448E-04  2.230256E-03  9.455956E+01
    19.3500    1.303092E-03  2.244228E-03  9.486730E+01
    19.4000    1.811884E-03  2.258501E-03  9.517884E+01
    19.4500    2.153918E-03  2.272005E-03  9.549475E+01
    19.5000    2.283508E-03  2.283519E-03  9.581544E+01
    19.5500    2.173597E-03  2.291807E-03  9.614116E+01
    19.6000    1.822862E-03  2.295731E-03  9.647197E+01
    19.6500    1.260251E-03  2.294354E-03  9.680787E+01
    19.7000    5.451492E-04  2.287002E-03  9.714869E+01
    19.7500   -2.378921E-04  2.273303E-03  9.749421E+01
    19.8000   -9.897147E-04  2.253196E-03  9.784414E+01
    19.8500   -1.610962E-03  2.226915E-03  9.819809E+01
    19.9000   -2.017807E-03  2.194955E-03  9.855565E+01
    19.9500   -2.155942E-03  2.158017E-03  9.891631E+01