# # tequil.ion_motion                                            FEFF 9.05   
# # POT  SCF  30  5.5000   1, core-hole, AFOLP (folp(0)= 1.150)
# # Abs   Z=30 Rmt= 1.284 Rnm= 1.385 K  shell
# # Pot 1 Z=26 Rmt= 1.314 Rnm= 1.404
# # Pot 2 Z= 8 Rmt= 0.994 Rnm= 1.079
# # Gam_ch=1.897E+00 H-L exch
# # Mu=-1.184E+01 kf=2.190E+00 Vint=-1.911E+01 Rs_int= 1.656
# # PATH  Rmax= 8.500,  Keep_limit= 0.00, Heap_limit 0.00  Pwcrit= 2.50%
#  S02=1.000                                        Global_sig2= 0.00000
#  Energy zero shift, vr, vi   -2.00000E+00   0.00000E+00
#  Curved wave amplitude ratio filter   4.000%
#     file         sig2 tot  cw amp ratio   deg  nlegs   reff  inp sig2
#           1       0.00000    100.00      1.00     2   1.9012
#           2       0.00000     99.50      1.00     2   1.9049
#           3       0.00000     83.26      1.00     2   2.0413
#           4       0.00000     71.65      1.00     2   2.1632
#           5       0.00000     65.76      1.00     2   2.2359
#           6       0.00000     63.42      1.00     2   2.2673
#           7       0.00000     31.19      1.00     2   2.9155
#           8       0.00000     31.06      1.00     2   2.9211
#           9       0.00000     30.88      1.00     2   2.9286
#          10       0.00000     29.40      1.00     2   2.9919
#          11       0.00000     24.41      1.00     2   3.2467
#          12       0.00000     24.04      1.00     2   3.2624
#          13       0.00000     22.65      1.00     2   3.3456
#          14       0.00000     22.36      1.00     2   3.3641
#          15       0.00000     12.65      2.00     3   3.3958
#          16       0.00000     12.43      2.00     3   3.4169
#          17       0.00000     12.02      2.00     3   3.4176
#          18       0.00000     21.07      1.00     2   3.4261
#          19       0.00000     20.60      1.00     2   3.4540
#          20       0.00000      9.01      2.00     3   3.4598
#          21       0.00000      9.62      2.00     3   3.4618
#          22       0.00000      7.35      2.00     3   3.4945
#          23       0.00000      9.79      2.00     3   3.4998
#          24       0.00000      8.88      2.00     3   3.5062
#          25       0.00000      9.37      2.00     3   3.5074
#          26       0.00000     10.46      2.00     3   3.5089
#          27       0.00000     19.60      1.00     2   3.5170
#          28       0.00000     19.15      1.00     2   3.5464
#          29       0.00000     10.01      2.00     3   3.5464
#          30       0.00000     10.44      2.00     3   3.5532
#          31       0.00000     18.72      2.00     3   3.5630
#          32       0.00000      7.83      2.00     3   3.5671
#          33       0.00000      8.96      2.00     3   3.5763
#          34       0.00000      7.69      2.00     3   3.5809
#          35       0.00000      7.45      2.00     3   3.5874
#          36       0.00000     18.40      1.00     2   3.5981
#          37       0.00000     19.00      1.00     2   3.5997
#          38       0.00000      7.38      2.00     3   3.6069
#          39       0.00000     17.11      2.00     3   3.6081
#          40       0.00000      9.33      2.00     3   3.6154
#          41       0.00000     14.07      2.00     3   3.6216
#          42       0.00000      6.87      2.00     3   3.6317
#          43       0.00000      9.30      2.00     3   3.6396
#          44       0.00000      6.33      2.00     3   3.6663
#          45       0.00000     17.54      1.00     2   3.7192
#          46       0.00000     17.22      1.00     2   3.7471
#          47       0.00000      5.67      1.00     4   3.7803
#          48       0.00000     15.38      2.00     3   3.7927
#          49       0.00000     10.92      1.00     4   3.8024
#          51       0.00000     10.80      1.00     4   3.8098
#          52       0.00000     15.64      1.00     2   3.8134
#          53       0.00000      5.05      1.00     4   3.8521
#          54       0.00000      6.01      1.00     4   3.8706
#          55       0.00000      9.80      2.00     3   3.8832
#          56       0.00000     15.62      1.00     2   3.8977
#          57       0.00000     15.48      1.00     2   3.9118
#          59       0.00000     15.08      1.00     2   3.9530
#          60       0.00000     12.55      2.00     3   3.9632
#          61       0.00000     12.54      2.00     3   3.9730
#          62       0.00000      4.07      1.00     4   3.9808
#          63       0.00000     13.82      1.00     2   3.9840
#          64       0.00000      6.02      1.00     4   3.9856
#          65       0.00000      9.16      2.00     3   4.0005
#          66       0.00000     22.46      2.00     3   4.0016
#          67       0.00000     13.58      1.00     2   4.0087
#          68       0.00000      4.84      1.00     4   4.0259
#          69       0.00000     17.49      2.00     4   4.0681
#          70       0.00000      5.29      1.00     4   4.0785
#          71       0.00000      7.47      1.00     4   4.0825
#          72       0.00000      4.46      1.00     4   4.0838
#          73       0.00000      4.90      1.00     4   4.0863
#          74       0.00000     11.95      2.00     3   4.1033
#          75       0.00000     13.53      2.00     3   4.1050
#          76       0.00000      7.67      2.00     3   4.1251
#          77       0.00000     23.46      2.00     3   4.1502
#          78       0.00000      7.57      2.00     3   4.1597
#          79       0.00000      7.83      2.00     3   4.1615
#          80       0.00000     21.16      2.00     4   4.1685
#          81       0.00000      4.19      1.00     4   4.1989
#          82       0.00000      6.84      2.00     3   4.2047
#          84       0.00000      7.18      2.00     3   4.2077
#          85       0.00000     11.71      1.00     2   4.2207
#          86       0.00000     11.65      1.00     2   4.2287
#          87       0.00000     19.33      2.00     3   4.2290
#          88       0.00000      5.80      1.00     4   4.2570
#          89       0.00000      6.75      2.00     3   4.2709
#          90       0.00000      6.31      2.00     3   4.2722
#          91       0.00000      5.78      2.00     3   4.2768
#          92       0.00000     15.32      2.00     4   4.2772
#          93       0.00000     11.16      1.00     2   4.2915
#          94       0.00000      5.08      1.00     4   4.2948
#          95       0.00000      5.51      1.00     4   4.3265
#          96       0.00000      6.77      2.00     3   4.3725
#          97       0.00000      8.86      2.00     3   4.3815
#          98       0.00000     10.47      1.00     2   4.3867
#          99       0.00000     18.91      2.00     3   4.4085
#         100       0.00000     10.22      1.00     2   4.4228
#         101       0.00000      5.60      2.00     3   4.4563
#         102       0.00000      4.64      1.00     4   4.4718
#         103       0.00000      6.60      2.00     3   4.4799
#         104       0.00000      9.78      1.00     2   4.4913
#         105       0.00000      9.74      1.00     2   4.4971
#         106       0.00000     19.73      2.00     3   4.5095
#         107       0.00000      5.05      2.00     3   4.5159
#         109       0.00000     10.71      1.00     4   4.5255
#         110       0.00000      9.54      1.00     2   4.5293
#         111       0.00000      9.52      1.00     2   4.5313
#         112       0.00000      4.32      1.00     4   4.5345
#         113       0.00000     19.45      2.00     3   4.5727
#         114       0.00000      4.53      2.00     3   4.5792
#         115       0.00000      4.57      2.00     3   4.5815
#         116       0.00000      9.21      1.00     2   4.5836
#         117       0.00000      9.15      1.00     2   4.5931
#         118       0.00000      7.70      2.00     3   4.5951
#         119       0.00000     11.69      1.00     4   4.5962
#         120       0.00000      9.12      1.00     2   4.5977
#         121       0.00000      7.43      2.00     3   4.6015
#         122       0.00000     16.56      2.00     3   4.6358
#         123       0.00000     11.54      1.00     4   4.6483
#         124       0.00000     18.41      2.00     3   4.6589
#         125       0.00000      4.69      2.00     3   4.6590
#         126       0.00000      8.69      1.00     2   4.6736
#         127       0.00000      5.78      2.00     3   4.6966
#         128       0.00000      4.33      2.00     3   4.7054
#         129       0.00000     10.62      2.00     3   4.7096
#         130       0.00000      8.49      1.00     2   4.7118
#         131       0.00000      4.32      2.00     3   4.7116
#         132       0.00000     11.52      2.00     3   4.7217
#         133       0.00000     13.78      2.00     3   4.7287
#         134       0.00000      5.42      2.00     3   4.7291
#         135       0.00000      4.08      2.00     3   4.7326
#         136       0.00000     10.97      1.00     4   4.7342
#         137       0.00000      7.21      2.00     3   4.7392
#         138       0.00000      9.36      1.00     4   4.7424
#         140       0.00000      8.24      1.00     2   4.7591
#         141       0.00000      8.44      2.00     3   4.7620
#         142       0.00000      4.62      2.00     3   4.7996
#         143       0.00000      7.64      2.00     3   4.8017
#         144       0.00000      5.78      2.00     3   4.8085
#         145       0.00000      4.07      2.00     3   4.8130
#         146       0.00000      7.95      1.00     2   4.8156
#         148       0.00000      5.72      2.00     4   4.8335
#         149       0.00000      7.86      1.00     2   4.8343
#         150       0.00000      5.54      2.00     3   4.8343
#         152       0.00000      5.51      2.00     3   4.8569
#         153       0.00000      7.73      1.00     2   4.8627
#         154       0.00000      7.25      1.00     4   4.8644
#         157       0.00000      7.71      2.00     3   4.8861
#         158       0.00000      9.52      2.00     3   4.8879
#         159       0.00000      4.79      2.00     4   4.8931
#         160       0.00000      5.59      1.00     4   4.9121
#         162       0.00000     14.24      2.00     3   4.9251
#         163       0.00000      4.84      1.00     4   4.9280
#         164       0.00000      8.66      2.00     3   4.9450
#         167       0.00000      8.21      1.00     2   4.9796
#         169       0.00000      4.17      2.00     4   4.9855
#         170       0.00000      8.51      2.00     3   4.9885
#         171       0.00000      7.14      1.00     2   4.9909
#         172       0.00000     16.94      2.00     3   5.0103
#         174       0.00000      8.06      1.00     4   5.0159
#         175       0.00000      8.02      1.00     2   5.0219
#         176       0.00000      8.79      2.00     3   5.0254
#         177       0.00000     10.45      1.00     4   5.0298
#         178       0.00000      7.91      1.00     2   5.0468
#         179       0.00000      8.76      2.00     3   5.0645
#         180       0.00000      6.78      1.00     2   5.0793
#         183       0.00000     15.99      2.00     3   5.0961
#         186       0.00000      4.29      1.00     4   5.1022
#         187       0.00000      9.77      1.00     4   5.1128
#         188       0.00000      8.10      2.00     3   5.1186
#         189       0.00000      6.59      1.00     2   5.1270
#         190       0.00000      7.55      1.00     2   5.1323
#         191       0.00000     16.31      2.00     3   5.1334
#         192       0.00000     10.26      1.00     4   5.1398
#         193       0.00000      6.71      2.00     3   5.1410
#         194       0.00000      7.41      2.00     3   5.1491
#         195       0.00000      5.70      2.00     4   5.1516
#         197       0.00000      7.44      1.00     2   5.1590
#         200       0.00000      7.42      2.00     3   5.1981
#         201       0.00000      7.27      1.00     2   5.2032
#         205       0.00000     10.44      2.00     3   5.2441
#         213       0.00000      5.97      1.00     2   5.2953
#         214       0.00000      5.57      2.00     3   5.3079
#         215       0.00000      5.88      1.00     2   5.3200
#         216       0.00000      5.20      1.00     4   5.3291
#         218       0.00000      5.65      2.00     3   5.3420
#         219       0.00000      5.81      1.00     2   5.3427
#         220       0.00000      6.03      2.00     3   5.3477
#         222       0.00000      6.69      1.00     2   5.3586
#         223       0.00000      5.30      2.00     3   5.3632
#         225       0.00000      6.16      2.00     3   5.3739
#         227       0.00000      5.69      1.00     2   5.3793
#         228       0.00000      4.48      2.00     3   5.4008
#         230       0.00000      4.95      2.00     3   5.4153
#         232       0.00000      4.95      2.00     3   5.4227
#         233       0.00000      5.18      2.00     3   5.4303
#         235       0.00000      5.31      2.00     3   5.4420
#         237       0.00000      6.38      1.00     2   5.4465
#         238       0.00000      7.76      2.00     3   5.4482
#         239       0.00000      6.31      1.00     2   5.4702
#         247       0.00000      6.11      1.00     2   5.5298
#         248       0.00000      4.37      2.00     3   5.5300
#         250       0.00000      4.86      2.00     3   5.5389
#         251       0.00000      4.54      2.00     3   5.5490
#         252       0.00000      6.05      1.00     2   5.5494
#         253       0.00000      5.16      1.00     2   5.5513
#         254       0.00000      4.16      2.00     3   5.5522
#         255       0.00000      6.45      2.00     3   5.5552
#         257       0.00000      5.13      1.00     2   5.5613
#         258       0.00000      7.84      2.00     3   5.5653
#         259       0.00000      5.52      2.00     3   5.5704
#         261       0.00000      5.69      2.00     3   5.5809
#         263       0.00000      4.70      2.00     3   5.5983
#         267       0.00000      4.95      1.00     2   5.6260
#         270       0.00000      5.79      1.00     2   5.6346
#         273       0.00000      5.81      2.00     3   5.6482
#         282       0.00000      4.64      2.00     3   5.6709
#         283       0.00000      4.36      2.00     3   5.6717
#         285       0.00000      5.13      2.00     3   5.6746
#         289       0.00000      4.77      1.00     2   5.6937
#         291       0.00000      5.50      2.00     3   5.6988
#         292       0.00000      4.70      1.00     2   5.7200
#         299       0.00000      4.60      1.00     2   5.7574
#         300       0.00000      4.34      2.00     3   5.7590
#         304       0.00000      5.39      1.00     2   5.7764
#         305       0.00000      5.47      2.00     3   5.7949
#         306       0.00000      4.70      2.00     3   5.7979
#         307       0.00000      4.66      2.00     3   5.8099
#         308       0.00000      9.41      2.00     3   5.8150
#         311       0.00000      4.31      2.00     3   5.8196
#         313       0.00000      5.22      1.00     2   5.8395
#         317       0.00000      4.57      1.00     4   5.8536
#         318       0.00000      4.16      2.00     3   5.8542
#         321       0.00000      5.15      1.00     2   5.8644
#         326       0.00000      4.29      1.00     2   5.8868
#         329       0.00000      4.28      1.00     2   5.8902
#         330       0.00000      5.08      1.00     2   5.8920
#   237/ 302 paths used
#  -----------------------------------------------------------------------
#       k          chi          mag           phase @#
    -0.7000   -3.662063E-01  3.662242E-01 -1.580671E+00
    -0.6500   -3.497722E-01  3.525986E-01 -1.697498E+00
    -0.6000   -3.524705E-01  3.607398E-01 -1.785324E+00
    -0.5500   -3.669876E-01  3.803746E-01 -1.836889E+00
    -0.5000   -3.872117E-01  4.036923E-01 -1.857521E+00
    -0.4500   -4.101037E-01  4.276231E-01 -1.858032E+00
    -0.4000   -4.322157E-01  4.492647E-01 -1.847169E+00
    -0.3500   -4.543100E-01  4.698375E-01 -1.828604E+00
    -0.3000   -4.734562E-01  4.871199E-01 -1.808208E+00
    -0.2500   -4.894156E-01  5.012506E-01 -1.788532E+00
    -0.2000   -5.021957E-01  5.124422E-01 -1.771108E+00
    -0.1500   -5.126920E-01  5.215845E-01 -1.755716E+00
    -0.1000   -5.202712E-01  5.281751E-01 -1.744013E+00
    -0.0500   -5.247542E-01  5.320732E-01 -1.736852E+00
     0.0000   -5.262372E-01  5.333631E-01 -1.734443E+00
     0.0500   -5.277144E-01  5.346482E-01 -1.732024E+00
     0.1000   -5.321099E-01  5.384749E-01 -1.724704E+00
     0.1500   -5.393108E-01  5.447567E-01 -1.712314E+00
     0.2000   -5.491121E-01  5.533477E-01 -1.694606E+00
     0.2500   -5.611963E-01  5.640429E-01 -1.671305E+00
     0.3000   -5.751119E-01  5.765794E-01 -1.642159E+00
     0.3500   -5.906644E-01  5.910376E-01 -1.606334E+00
     0.4000   -6.081881E-01  6.082136E-01 -1.561649E+00
     0.4500   -6.251720E-01  6.263219E-01 -1.510191E+00
     0.5000   -6.403686E-01  6.449073E-01 -1.452086E+00
     0.5500   -6.529621E-01  6.642712E-01 -1.386008E+00
     0.6000   -6.616943E-01  6.848203E-01 -1.310177E+00
     0.6500   -6.635192E-01  7.044797E-01 -1.228115E+00
     0.7000   -6.570231E-01  7.233675E-01 -1.139164E+00
     0.7500   -6.405641E-01  7.425297E-01 -1.040541E+00
     0.8000   -6.118746E-01  7.594712E-01 -9.367867E-01
     0.8500   -5.698173E-01  7.750474E-01 -8.259664E-01
     0.9000   -5.130777E-01  7.891486E-01 -7.078031E-01
     0.9500   -4.423311E-01  8.000237E-01 -5.858375E-01
     1.0000   -3.563692E-01  8.095081E-01 -4.558541E-01
     1.0500   -2.582562E-01  8.156240E-01 -3.221813E-01
     1.1000   -1.497419E-01  8.188856E-01 -1.838953E-01
     1.1500   -3.314878E-02  8.195422E-01 -4.045896E-02
     1.2000    8.554782E-02  8.164999E-01  1.049665E-01
     1.2500    2.057374E-01  8.114562E-01  2.563391E-01
     1.3000    3.191993E-01  8.028285E-01  4.088925E-01
     1.3500    4.244328E-01  7.919572E-01  5.656076E-01
     1.4000    5.156715E-01  7.783012E-01  7.242319E-01
     1.4500    5.901708E-01  7.623431E-01  8.853771E-01
     1.5000    6.453787E-01  7.443519E-01  1.049219E+00
     1.5500    6.787397E-01  7.242294E-01  1.214482E+00
     1.6000    6.903602E-01  7.026694E-01  1.383345E+00
     1.6500    6.790653E-01  6.791743E-01  1.552887E+00
     1.7000    6.465695E-01  6.545282E-01  1.726899E+00
     1.7500    5.941062E-01  6.281741E-01  1.901646E+00
     1.8000    5.240663E-01  6.005248E-01  2.080927E+00
     1.8500    4.402711E-01  5.713012E-01  2.261738E+00
     1.9000    3.453686E-01  5.404992E-01  2.448420E+00
     1.9500    2.451377E-01  5.079614E-01  2.637982E+00
     2.0000    1.460161E-01  4.738105E-01  2.828320E+00
     2.0500    5.354341E-02  4.382267E-01  3.019105E+00
     2.1000   -2.877602E-02  4.001701E-01  3.213564E+00
     2.1500   -9.569872E-02  3.595130E-01  3.411031E+00
     2.2000   -1.422687E-01  3.181832E-01  3.605145E+00
     2.2500   -1.678847E-01  2.767670E-01  3.793360E+00
     2.3000   -1.726752E-01  2.345242E-01  3.969147E+00
     2.3500   -1.568891E-01  1.899783E-01  4.113259E+00
     2.4000   -1.316748E-01  1.499205E-01  4.213882E+00
     2.4500   -1.043698E-01  1.168492E-01  4.246007E+00
     2.5000   -8.146070E-02  9.406441E-02  4.188759E+00
     2.5500   -6.947384E-02  8.545923E-02  4.090788E+00
     2.6000   -6.469922E-02  8.527247E-02  4.002962E+00
     2.6500   -6.699955E-02  9.068623E-02  3.972890E+00
     2.7000   -7.503869E-02  9.837647E-02  4.009180E+00
     2.7500   -8.460635E-02  1.049330E-01  4.079444E+00
     2.8000   -9.579914E-02  1.113849E-01  4.177005E+00
     2.8500   -1.072182E-01  1.172643E-01  4.295441E+00
     2.9000   -1.173504E-01  1.222435E-01  4.428497E+00
     2.9500   -1.252482E-01  1.264748E-01  4.573006E+00
     3.0000   -1.296932E-01  1.297034E-01  4.724934E+00
     3.0500   -1.300304E-01  1.319073E-01  4.881282E+00
     3.1000   -1.261163E-01  1.332139E-01  5.040290E+00
     3.1500   -1.176003E-01  1.334098E-01  5.204163E+00
     3.2000   -1.051031E-01  1.328416E-01  5.370431E+00
     3.2500   -8.960483E-02  1.318822E-01  5.536198E+00
     3.3000   -7.186979E-02  1.306501E-01  5.700709E+00
     3.3500   -5.219319E-02  1.290375E-01  5.866774E+00
     3.4000   -3.122136E-02  1.271046E-01  6.035010E+00
     3.4500   -9.883956E-03  1.250392E-01  6.204056E+00
     3.5000    1.122369E-02  1.228782E-01  6.374653E+00
     3.5500    3.153659E-02  1.205624E-01  6.547843E+00
     3.6000    5.030814E-02  1.180517E-01  6.723422E+00
     3.6500    6.685504E-02  1.153666E-01  6.901301E+00
     3.7000    8.057291E-02  1.124560E-01  7.081935E+00
     3.7500    9.100122E-02  1.093324E-01  7.266493E+00
     3.8000    9.768031E-02  1.059967E-01  7.455217E+00
     3.8500    1.001261E-01  1.023227E-01  7.646402E+00
     3.9000    9.828903E-02  9.829917E-02  7.839619E+00
     3.9500    9.238777E-02  9.392245E-02  8.035004E+00
     4.0000    8.287155E-02  8.918675E-02  8.232559E+00
     4.0500    7.058776E-02  8.416517E-02  8.429920E+00
     4.1000    5.655096E-02  7.893952E-02  8.626173E+00
     4.1500    4.181481E-02  7.360738E-02  8.820608E+00
     4.2000    2.735260E-02  6.825913E-02  9.012479E+00
     4.2500    1.405258E-02  6.302796E-02  9.199930E+00
     4.3000    2.470643E-03  5.804597E-02  9.382202E+00
     4.3500   -7.154565E-03  5.343256E-02  9.559080E+00
     4.4000   -1.484640E-02  4.927790E-02  9.730812E+00
     4.4500   -2.083272E-02  4.567795E-02  9.898361E+00
     4.5000   -2.547250E-02  4.267022E-02  1.006449E+01
     4.5500   -2.908181E-02  4.023201E-02  1.023270E+01
     4.6000   -3.179862E-02  3.826725E-02  1.040561E+01
     4.6500   -3.375038E-02  3.674065E-02  1.058933E+01
     4.7000   -3.476809E-02  3.553477E-02  1.078747E+01
     4.7500   -3.453849E-02  3.453925E-02  1.100224E+01
     4.8000   -3.272002E-02  3.366695E-02  1.123331E+01
     4.8500   -2.902541E-02  3.284078E-02  1.148240E+01
     4.9000   -2.336532E-02  3.203661E-02  1.174903E+01
     4.9500   -1.591861E-02  3.126111E-02  1.203210E+01
     5.0000   -7.138087E-03  3.050555E-02  1.233019E+01
     5.0500    2.210096E-03  2.984649E-02  1.264049E+01
     5.1000    1.125878E-02  2.933995E-02  1.296021E+01
     5.1500    1.912870E-02  2.902444E-02  1.328593E+01
     5.2000    2.501593E-02  2.886667E-02  1.361472E+01
     5.2500    2.836681E-02  2.891802E-02  1.394161E+01
     5.3000    2.894036E-02  2.916996E-02  1.426272E+01
     5.3500    2.680934E-02  2.960120E-02  1.457497E+01
     5.4000    2.222242E-02  3.013958E-02  1.487887E+01
     5.4500    1.575216E-02  3.080840E-02  1.517127E+01
     5.5000    8.000785E-03  3.159530E-02  1.545195E+01
     5.5500   -4.421672E-04  3.249538E-02  1.572157E+01
     5.6000   -9.132807E-03  3.344431E-02  1.598455E+01
     5.6500   -1.749444E-02  3.450537E-02  1.623967E+01
     5.7000   -2.511459E-02  3.568174E-02  1.648877E+01
     5.7500   -3.161125E-02  3.696245E-02  1.673395E+01
     5.8000   -3.656752E-02  3.827231E-02  1.697917E+01
     5.8500   -3.955814E-02  3.961755E-02  1.722399E+01
     5.9000   -4.021046E-02  4.095266E-02  1.746943E+01
     5.9500   -3.824117E-02  4.221783E-02  1.771628E+01
     6.0000   -3.340142E-02  4.326606E-02  1.796757E+01
     6.0500   -2.595119E-02  4.410621E-02  1.822050E+01
     6.1000   -1.638195E-02  4.469633E-02  1.847429E+01
     6.1500   -5.441328E-03  4.499507E-02  1.872833E+01
     6.2000    5.930078E-03  4.497722E-02  1.898179E+01
     6.2500    1.672839E-02  4.463682E-02  1.923370E+01
     6.3000    2.603783E-02  4.398919E-02  1.948299E+01
     6.3500    3.316850E-02  4.307183E-02  1.972851E+01
     6.4000    3.774664E-02  4.194381E-02  1.996917E+01
     6.4500    3.973533E-02  4.068355E-02  2.020403E+01
     6.5000    3.935347E-02  3.935661E-02  2.043298E+01
     6.5500    3.704048E-02  3.808649E-02  2.065526E+01
     6.6000    3.327320E-02  3.697526E-02  2.087166E+01
     6.6500    2.843369E-02  3.610098E-02  2.108422E+01
     6.7000    2.274594E-02  3.551140E-02  2.129597E+01
     6.7500    1.628051E-02  3.521506E-02  2.151054E+01
     6.8000    9.029454E-03  3.517991E-02  2.173158E+01
     6.8500    1.026536E-03  3.534050E-02  2.196210E+01
     6.9000   -7.527839E-03  3.561098E-02  2.220415E+01
     6.9500   -1.618144E-02  3.589974E-02  2.245874E+01
     7.0000   -2.421901E-02  3.611293E-02  2.272623E+01
     7.0500   -3.071659E-02  3.616461E-02  2.300591E+01
     7.1000   -3.474434E-02  3.600122E-02  2.329693E+01
     7.1500   -3.556731E-02  3.559087E-02  2.359834E+01
     7.2000   -3.283892E-02  3.492269E-02  2.390914E+01
     7.2500   -2.673054E-02  3.400437E-02  2.422828E+01
     7.3000   -1.795435E-02  3.285873E-02  2.455467E+01
     7.3500   -7.665475E-03  3.151976E-02  2.488708E+01
     7.4000    2.739594E-03  3.002826E-02  2.522410E+01
     7.4500    1.188361E-02  2.842771E-02  2.556402E+01
     7.5000    1.865284E-02  2.671535E-02  2.590563E+01
     7.5500    2.239241E-02  2.495556E-02  2.624634E+01
     7.6000    2.303960E-02  2.320875E-02  2.658273E+01
     7.6500    2.105255E-02  2.151407E-02  2.691104E+01
     7.7000    1.724673E-02  1.991114E-02  2.722682E+01
     7.7500    1.256270E-02  1.844589E-02  2.752513E+01
     7.8000    7.828054E-03  1.717779E-02  2.780117E+01
     7.8500    3.576661E-03  1.618509E-02  2.805151E+01
     7.9000   -2.941810E-05  1.556209E-02  2.827622E+01
     7.9500   -3.159804E-03  1.540133E-02  2.848097E+01
     8.0000   -6.182350E-03  1.575396E-02  2.867761E+01
     8.0500   -9.462618E-03  1.663199E-02  2.887955E+01
     8.1000   -1.316448E-02  1.797096E-02  2.909638E+01
     8.1500   -1.712625E-02  1.965681E-02  2.933210E+01
     8.2000   -2.084103E-02  2.156053E-02  2.958606E+01
     8.2500   -2.355519E-02  2.355640E-02  2.985526E+01
     8.3000   -2.445696E-02  2.552999E-02  3.013609E+01
     8.3500   -2.290255E-02  2.738081E-02  3.042516E+01
     8.4000   -1.861615E-02  2.902306E-02  3.071957E+01
     8.4500   -1.180641E-02  3.038634E-02  3.101688E+01
     8.5000   -3.143743E-03  3.142805E-02  3.131573E+01
     8.5500    6.317548E-03  3.210615E-02  3.161399E+01
     8.6000    1.534625E-02  3.239594E-02  3.190942E+01
     8.6500    2.281576E-02  3.230040E-02  3.220027E+01
     8.7000    2.791507E-02  3.184397E-02  3.248472E+01
     8.7500    3.028414E-02  3.107334E-02  3.276086E+01
     8.8000    3.003365E-02  3.005770E-02  3.302673E+01
     8.8500    2.765106E-02  2.888792E-02  3.328041E+01
     8.9000    2.382587E-02  2.767350E-02  3.352036E+01
     8.9500    1.924793E-02  2.653590E-02  3.374597E+01
     9.0000    1.444623E-02  2.562379E-02  3.395856E+01
     9.0500    9.661300E-03  2.503648E-02  3.416135E+01
     9.1000    4.877965E-03  2.481732E-02  3.435968E+01
     9.1500   -6.851430E-05  2.497089E-02  3.456026E+01
     9.2000   -5.347606E-03  2.544325E-02  3.476928E+01
     9.2500   -1.097707E-02  2.613650E-02  3.499095E+01
     9.3000   -1.671712E-02  2.693133E-02  3.522719E+01
     9.3500   -2.205222E-02  2.770789E-02  3.547798E+01
     9.4000   -2.627113E-02  2.835977E-02  3.574213E+01
     9.4500   -2.862580E-02  2.880116E-02  3.601791E+01
     9.5000   -2.856755E-02  2.901428E-02  3.630402E+01
     9.5500   -2.580773E-02  2.895020E-02  3.659857E+01
     9.6000   -2.047384E-02  2.855144E-02  3.689950E+01
     9.6500   -1.318221E-02  2.781532E-02  3.720538E+01
     9.7000   -4.900396E-03  2.675566E-02  3.751492E+01
     9.7500    3.237914E-03  2.540027E-02  3.782694E+01
     9.8000    1.015729E-02  2.378846E-02  3.814027E+01
     9.8500    1.504841E-02  2.196859E-02  3.845371E+01
     9.9000    1.750954E-02  1.999552E-02  3.876594E+01
     9.9500    1.759011E-02  1.792824E-02  3.907539E+01
    10.0000    1.576638E-02  1.586253E-02  3.938007E+01
    10.0500    1.271181E-02  1.384451E-02  3.967723E+01
    10.1000    9.149934E-03  1.189962E-02  3.996354E+01
    10.1500    5.744487E-03  1.008659E-02  4.023479E+01
    10.2000    2.939381E-03  8.461051E-03  4.048591E+01
    10.2500    9.084527E-04  7.073402E-03  4.071192E+01
    10.3000   -4.158966E-04  5.963575E-03  4.091050E+01
    10.3500   -1.253674E-03  5.150123E-03  4.108660E+01
    10.4000   -1.861566E-03  4.615625E-03  4.125584E+01
    10.4500   -2.428448E-03  4.301596E-03  4.144059E+01
    10.5000   -3.012887E-03  4.125792E-03  4.165940E+01
    10.5500   -3.537671E-03  4.011375E-03  4.192060E+01
    10.6000   -3.837254E-03  3.905656E-03  4.222407E+01
    10.6500   -3.737494E-03  3.782445E-03  4.256582E+01
    10.7000   -3.137951E-03  3.635527E-03  4.294085E+01
    10.7500   -2.067786E-03  3.470118E-03  4.334393E+01
    10.8000   -6.961250E-04  3.295043E-03  4.376943E+01
    10.8500    7.066801E-04  3.116484E-03  4.421104E+01
    10.9000    1.844298E-03  2.933958E-03  4.466205E+01
    10.9500    2.481842E-03  2.739158E-03  4.511618E+01
    11.0000    2.524082E-03  2.524407E-03  4.556913E+01
    11.0500    2.031653E-03  2.272975E-03  4.601807E+01
    11.1000    1.204667E-03  1.960955E-03  4.646236E+01
    11.1500    3.401361E-04  1.575567E-03  4.690630E+01
    11.2000   -2.658797E-04  1.110311E-03  4.736570E+01
    11.2500   -4.096997E-04  5.710561E-04  4.792401E+01
    11.3000   -4.478421E-05  1.995432E-04  5.003912E+01
    11.3500    6.999708E-04  8.109830E-04  5.130689E+01
    11.4000    1.554302E-03  1.555766E-03  5.179290E+01
    11.4500    2.183341E-03  2.340306E-03  5.220461E+01
    11.5000    2.284831E-03  3.137885E-03  5.259147E+01
    11.5500    1.678731E-03  3.923675E-03  5.296497E+01
    11.6000    3.635670E-04  4.673253E-03  5.332920E+01
    11.6500   -1.476151E-03  5.363408E-03  5.368590E+01
    11.7000   -3.512916E-03  5.973221E-03  5.403580E+01
    11.7500   -5.356738E-03  6.485122E-03  5.437906E+01
    11.8000   -6.650149E-03  6.885854E-03  5.471547E+01
    11.8500   -7.151398E-03  7.167303E-03  5.504450E+01
    11.9000   -6.784037E-03  7.327175E-03  5.536533E+01
    11.9500   -5.641572E-03  7.369523E-03  5.567681E+01
    12.0000   -3.952410E-03  7.315292E-03  5.597788E+01
    12.0500   -1.998784E-03  7.186205E-03  5.626681E+01
    12.1000   -5.141498E-05  6.993879E-03  5.654132E+01
    12.1500    1.682984E-03  6.768729E-03  5.679994E+01
    12.2000    3.100452E-03  6.545591E-03  5.704212E+01
    12.2500    4.195347E-03  6.360191E-03  5.726899E+01
    12.3000    5.025326E-03  6.243629E-03  5.748413E+01
    12.3500    5.660518E-03  6.215792E-03  5.769356E+01
    12.4000    6.135894E-03  6.280303E-03  5.790460E+01
    12.4500    6.423701E-03  6.423765E-03  5.812393E+01
    12.5000    6.435477E-03  6.619846E-03  5.835603E+01
    12.5500    6.052837E-03  6.835850E-03  5.860279E+01
    12.6000    5.176424E-03  7.038820E-03  5.886399E+01
    12.6500    3.776172E-03  7.199643E-03  5.913814E+01
    12.7000    1.925291E-03  7.295150E-03  5.942318E+01
    12.7500   -1.947058E-04  7.308840E-03  5.971690E+01
    12.8000   -2.321621E-03  7.230861E-03  6.001712E+01
    12.8500   -4.166299E-03  7.057615E-03  6.032172E+01
    12.9000   -5.477710E-03  6.791207E-03  6.062862E+01
    12.9500   -6.100865E-03  6.438850E-03  6.093561E+01
    13.0000   -6.018109E-03  6.019354E-03  6.124071E+01
    13.0500   -5.333399E-03  5.549393E-03  6.154098E+01
    13.1000   -4.238293E-03  5.036741E-03  6.183185E+01
    13.1500   -2.981849E-03  4.504586E-03  6.210842E+01
    13.2000   -1.793422E-03  3.980516E-03  6.236447E+01
    13.2500   -8.281622E-04  3.497007E-03  6.259276E+01
    13.3000   -1.380651E-04  3.090990E-03  6.278717E+01
    13.3500    3.242795E-04  2.799655E-03  6.294794E+01
    13.4000    6.720468E-04  2.649017E-03  6.308835E+01
    13.4500    1.032412E-03  2.638975E-03  6.323381E+01
    13.5000    1.493602E-03  2.740020E-03  6.340837E+01
    13.5500    2.067618E-03  2.907839E-03  6.362284E+01
    13.6000    2.680267E-03  3.100690E-03  6.387583E+01
    13.6500    3.191425E-03  3.287258E-03  6.416059E+01
    13.7000    3.438973E-03  3.446736E-03  6.446978E+01
    13.7500    3.292485E-03  3.566325E-03  6.479708E+01
    13.8000    2.699781E-03  3.638718E-03  6.513746E+01
    13.8500    1.711574E-03  3.660200E-03  6.548685E+01
    13.9000    4.762169E-04  3.629364E-03  6.584185E+01
    13.9500   -7.944525E-04  3.546273E-03  6.619939E+01
    14.0000   -1.880550E-03  3.416617E-03  6.655630E+01
    14.0500   -2.612380E-03  3.244255E-03  6.690951E+01
    14.1000   -2.898548E-03  3.023883E-03  6.725532E+01
    14.1500   -2.757390E-03  2.760069E-03  6.758830E+01
    14.2000   -2.305920E-03  2.460337E-03  6.790042E+01
    14.2500   -1.721486E-03  2.137652E-03  6.817883E+01
    14.3000   -1.186885E-03  1.815556E-03  6.840253E+01
    14.3500   -8.352332E-04  1.538015E-03  6.854096E+01
    14.4000   -7.108945E-04  1.379626E-03  6.857370E+01
    14.4500   -7.579886E-04  1.421016E-03  6.855241E+01
    14.5000   -8.398552E-04  1.671746E-03  6.858869E+01
    14.5500   -7.837786E-04  2.067026E-03  6.872613E+01
    14.6000   -4.379270E-04  2.539406E-03  6.894172E+01
    14.6500    2.760445E-04  3.044051E-03  6.920585E+01
    14.7000    1.329999E-03  3.551985E-03  6.949883E+01
    14.7500    2.585578E-03  4.042657E-03  6.980898E+01
    14.8000    3.821109E-03  4.500190E-03  7.012932E+01
    14.8500    4.782046E-03  4.911794E-03  7.045548E+01
    14.9000    5.241515E-03  5.267181E-03  7.078459E+01
    14.9500    5.055088E-03  5.558418E-03  7.111468E+01
    15.0000    4.200979E-03  5.787201E-03  7.144428E+01
    15.0500    2.772310E-03  5.956571E-03  7.177252E+01
    15.1000    9.532788E-04  6.051429E-03  7.209844E+01
    15.1500   -9.940938E-04  6.072455E-03  7.242108E+01
    15.2000   -2.796498E-03  6.022889E-03  7.273949E+01
    15.2500   -4.222394E-03  5.908455E-03  7.305273E+01
    15.3000   -5.121370E-03  5.737191E-03  7.335985E+01
    15.3500   -5.441843E-03  5.519165E-03  7.365984E+01
    15.4000   -5.225425E-03  5.266070E-03  7.395175E+01
    15.4500   -4.582433E-03  4.990678E-03  7.423472E+01
    15.5000   -3.657331E-03  4.706123E-03  7.450811E+01
    15.5500   -2.594387E-03  4.425013E-03  7.477174E+01
    15.6000   -1.512157E-03  4.158380E-03  7.502605E+01
    15.6500   -4.915834E-04  3.914575E-03  7.527231E+01
    15.7000    4.222973E-04  3.698315E-03  7.551266E+01
    15.7500    1.209130E-03  3.510174E-03  7.574989E+01
    15.8000    1.858809E-03  3.346778E-03  7.598707E+01
    15.8500    2.360015E-03  3.201745E-03  7.622700E+01
    15.9000    2.695738E-03  3.067151E-03  7.647179E+01
    15.9500    2.846492E-03  2.935098E-03  7.672268E+01
    16.0000    2.799975E-03  2.800138E-03  7.697983E+01
    16.0500    2.560937E-03  2.660246E-03  7.724312E+01
    16.1000    2.148781E-03  2.511165E-03  7.751293E+01
    16.1500    1.604891E-03  2.352300E-03  7.778896E+01
    16.2000    9.872035E-04  2.184909E-03  7.807100E+01
    16.2500    3.614190E-04  2.011726E-03  7.835918E+01
    16.3000   -2.095722E-04  1.836525E-03  7.865418E+01
    16.3500   -6.748886E-04  1.663687E-03  7.895752E+01
    16.4000   -1.001095E-03  1.497869E-03  7.927180E+01
    16.4500   -1.173050E-03  1.343834E-03  7.960096E+01
    16.5000   -1.191053E-03  1.206546E-03  7.995019E+01
    16.5500   -1.066431E-03  1.091481E-03  8.032527E+01
    16.6000   -8.179284E-04  1.004966E-03  8.073060E+01
    16.6500   -4.705141E-04  9.538816E-04  8.116557E+01
    16.7000   -5.670621E-05  9.440252E-04  8.162130E+01
    16.7500    3.810526E-04  9.774246E-04  8.208188E+01
    16.8000    7.894636E-04  1.050666E-03  8.253158E+01
    16.8500    1.107322E-03  1.155788E-03  8.296159E+01
    16.9000    1.273608E-03  1.282593E-03  8.337064E+01
    16.9500    1.239975E-03  1.420453E-03  8.376180E+01
    17.0000    9.860008E-04  1.560373E-03  8.413900E+01
    17.0500    5.276319E-04  1.693737E-03  8.450621E+01
    17.1000   -8.031782E-05  1.808393E-03  8.486743E+01
    17.1500   -7.416821E-04  1.896040E-03  8.522491E+01
    17.2000   -1.339209E-03  1.949367E-03  8.558035E+01
    17.2500   -1.759468E-03  1.962298E-03  8.593512E+01
    17.3000   -1.919920E-03  1.930222E-03  8.629044E+01
    17.3500   -1.790931E-03  1.850217E-03  8.664763E+01
    17.4000   -1.406218E-03  1.721232E-03  8.700843E+01
    17.4500   -8.578740E-04  1.544260E-03  8.737560E+01
    17.5000   -2.761675E-04  1.322550E-03  8.775423E+01
    17.5500    2.014676E-04  1.062110E-03  8.815544E+01
    17.6000    4.645619E-04  7.735755E-04  8.860877E+01
    17.6500    4.579548E-04  4.819540E-04  8.921849E+01
    17.7000    1.966593E-04  2.961353E-04  9.037992E+01
    17.7500   -2.370341E-04  4.478457E-04  9.166393E+01
    17.8000   -7.137955E-04  7.609702E-04  9.232302E+01
    17.8500   -1.089729E-03  1.096125E-03  9.278506E+01
    17.9000   -1.242636E-03  1.420471E-03  9.318275E+01
    17.9500   -1.102568E-03  1.718927E-03  9.355142E+01
    18.0000   -6.702848E-04  1.982044E-03  9.390280E+01
    18.0500   -1.458834E-05  2.203354E-03  9.424116E+01
    18.1000    7.521991E-04  2.374848E-03  9.457007E+01
    18.1500    1.493089E-03  2.493114E-03  9.488989E+01
    18.2000    2.083461E-03  2.557236E-03  9.520005E+01
    18.2500    2.439136E-03  2.569055E-03  9.549919E+01
    18.3000    2.532027E-03  2.533433E-03  9.578526E+01
    18.3500    2.389887E-03  2.458553E-03  9.605548E+01
    18.4000    2.081282E-03  2.356205E-03  9.630647E+01
    18.4500    1.691019E-03  2.241920E-03  9.653483E+01
    18.5000    1.293721E-03  2.134564E-03  9.673825E+01
    18.5500    9.334314E-04  2.054585E-03  9.691777E+01
    18.6000    6.149857E-04  2.020158E-03  9.708004E+01
    18.6500    3.091590E-04  2.041774E-03  9.723737E+01
    18.7000   -3.060493E-05  2.118364E-03  9.740382E+01
    18.7500   -4.455264E-04  2.238079E-03  9.758978E+01
    18.8000   -9.502237E-04  2.382983E-03  9.779953E+01
    18.8500   -1.519676E-03  2.534071E-03  9.803250E+01
    18.9000   -2.088728E-03  2.674368E-03  9.828567E+01
    18.9500   -2.564702E-03  2.790136E-03  9.855542E+01
    19.0000   -2.851220E-03  2.872414E-03  9.883861E+01
    19.0500   -2.872952E-03  2.916304E-03  9.913281E+01
    19.1000   -2.590922E-03  2.913862E-03  9.943543E+01
    19.1500   -2.026010E-03  2.863205E-03  9.974487E+01
    19.2000   -1.254653E-03  2.764727E-03  1.000599E+02
    19.2500   -3.945413E-04  2.620822E-03  1.003798E+02
    19.3000    4.198432E-04  2.435596E-03  1.007042E+02
    19.3500    1.065692E-03  2.214582E-03  1.010330E+02
    19.4000    1.457312E-03  1.964447E-03  1.013668E+02
    19.4500    1.562469E-03  1.692718E-03  1.017069E+02
    19.5000    1.406093E-03  1.407546E-03  1.020563E+02
    19.5500    1.061075E-03  1.117609E-03  1.024212E+02
    19.6000    6.290813E-04  8.324198E-04  1.028158E+02
    19.6500    2.165396E-04  5.641773E-04  1.032786E+02
    19.7000   -8.829587E-05  3.375153E-04  1.039372E+02
    19.7500   -2.320221E-04  2.349072E-04  1.050865E+02
    19.8000   -2.033289E-04  3.294537E-04  1.061490E+02
    19.8500   -3.017411E-05  4.860556E-04  1.067520E+02
    19.9000    2.312929E-04  6.331549E-04  1.071881E+02
    19.9500    5.125320E-04  7.543825E-04  1.075611E+02