# # tequil.ion_motion                                            FEFF 9.05   
# # POT  SCF  30  5.5000   1, core-hole, AFOLP (folp(0)= 1.150)
# # Abs   Z=30 Rmt= 1.314 Rnm= 1.407 K  shell
# # Pot 1 Z=26 Rmt= 1.262 Rnm= 1.383
# # Pot 2 Z= 8 Rmt= 0.989 Rnm= 1.072
# # Gam_ch=1.897E+00 H-L exch
# # Mu=-1.178E+01 kf=2.193E+00 Vint=-1.978E+01 Rs_int= 1.654
# # PATH  Rmax= 8.500,  Keep_limit= 0.00, Heap_limit 0.00  Pwcrit= 2.50%
#  S02=1.000                                        Global_sig2= 0.00000
#  Energy zero shift, vr, vi   -2.00000E+00   0.00000E+00
#  Curved wave amplitude ratio filter   4.000%
#     file         sig2 tot  cw amp ratio   deg  nlegs   reff  inp sig2
#           1       0.00000    100.00      1.00     2   1.9491
#           2       0.00000     96.97      1.00     2   1.9729
#           3       0.00000     93.94      1.00     2   1.9977
#           4       0.00000     74.30      1.00     2   2.1906
#           5       0.00000     68.45      1.00     2   2.2617
#           6       0.00000     60.31      1.00     2   2.3756
#           7       0.00000     36.34      1.00     2   2.8365
#           8       0.00000     33.97      1.00     2   2.9256
#           9       0.00000     31.57      1.00     2   3.0233
#          10       0.00000     30.74      1.00     2   3.0592
#          11       0.00000     25.98      1.00     2   3.2672
#          12       0.00000     25.76      1.00     2   3.3017
#          13       0.00000     24.72      1.00     2   3.3274
#          14       0.00000     24.60      1.00     2   3.3665
#          15       0.00000     10.86      2.00     3   3.3777
#          16       0.00000     23.53      1.00     2   3.3884
#          17       0.00000     23.69      1.00     2   3.4197
#          18       0.00000     10.03      2.00     3   3.4326
#          19       0.00000     10.81      2.00     3   3.4618
#          20       0.00000     13.01      2.00     3   3.4723
#          21       0.00000      9.85      2.00     3   3.4753
#          22       0.00000     10.46      2.00     3   3.4827
#          23       0.00000      7.70      2.00     3   3.5042
#          24       0.00000     20.49      1.00     2   3.5642
#          25       0.00000      7.97      2.00     3   3.5768
#          26       0.00000      7.54      2.00     3   3.5818
#          27       0.00000      8.91      2.00     3   3.5845
#          28       0.00000      9.96      2.00     3   3.5872
#          29       0.00000      8.40      2.00     3   3.5899
#          30       0.00000     16.49      2.00     3   3.5994
#          31       0.00000     19.92      1.00     2   3.6005
#          32       0.00000     10.04      2.00     3   3.6020
#          33       0.00000     17.28      2.00     3   3.6252
#          34       0.00000      7.01      2.00     3   3.6482
#          35       0.00000      9.53      2.00     3   3.6647
#          36       0.00000     19.79      1.00     2   3.6793
#          37       0.00000      7.34      2.00     3   3.6805
#          38       0.00000      6.97      2.00     3   3.7013
#          39       0.00000     19.44      1.00     2   3.7055
#          40       0.00000     14.75      2.00     3   3.7150
#          41       0.00000     19.21      1.00     2   3.7232
#          42       0.00000      7.10      2.00     3   3.7242
#          43       0.00000     18.09      1.00     2   3.7282
#          44       0.00000      5.95      2.00     3   3.7717
#          45       0.00000     16.80      1.00     2   3.8279
#          46       0.00000     17.58      1.00     2   3.8557
#          47       0.00000     17.29      1.00     2   3.8812
#          48       0.00000      4.57      1.00     4   3.8839
#          49       0.00000     14.13      2.00     3   3.8875
#          50       0.00000      4.36      1.00     4   3.8971
#          51       0.00000      9.28      1.00     4   3.8981
#          52       0.00000     15.00      2.00     3   3.8999
#          53       0.00000     17.05      1.00     2   3.9023
#          54       0.00000     15.91      1.00     2   3.9036
#          55       0.00000     15.79      1.00     2   3.9134
#          56       0.00000      9.98      2.00     3   3.9194
#          57       0.00000      5.82      1.00     4   3.9189
#          58       0.00000      5.17      1.00     4   3.9213
#          59       0.00000      8.71      1.00     4   3.9457
#          61       0.00000     13.32      2.00     3   3.9490
#          62       0.00000      9.05      2.00     3   3.9502
#          63       0.00000      8.16      1.00     4   3.9955
#          65       0.00000      4.82      1.00     4   4.0251
#          66       0.00000      6.25      1.00     4   4.0767
#          67       0.00000      7.74      2.00     3   4.0838
#          68       0.00000     12.66      2.00     3   4.0858
#          69       0.00000      5.15      1.00     4   4.0958
#          70       0.00000      7.78      2.00     3   4.1051
#          71       0.00000      7.69      2.00     3   4.1054
#          72       0.00000     11.27      2.00     3   4.1149
#          73       0.00000     13.44      1.00     2   4.1428
#          74       0.00000     23.04      2.00     3   4.1502
#          75       0.00000     20.74      2.00     3   4.1735
#          76       0.00000      7.77      2.00     3   4.1769
#          77       0.00000     16.33      2.00     4   4.1883
#          79       0.00000     13.44      2.00     4   4.2346
#          80       0.00000      7.14      2.00     3   4.2506
#          81       0.00000      5.03      1.00     4   4.2694
#          82       0.00000     20.31      2.00     3   4.2847
#          83       0.00000      6.63      2.00     3   4.2965
#          84       0.00000     14.03      2.00     4   4.3247
#          85       0.00000      8.81      2.00     3   4.3307
#          86       0.00000      6.84      2.00     3   4.3329
#          87       0.00000      7.66      2.00     3   4.3341
#          88       0.00000     11.72      1.00     2   4.3456
#          89       0.00000     11.65      1.00     2   4.3549
#          91       0.00000      5.10      1.00     4   4.3811
#          92       0.00000      7.32      2.00     3   4.4010
#          93       0.00000     11.23      1.00     2   4.4096
#          94       0.00000     10.77      1.00     2   4.4742
#          95       0.00000     10.64      1.00     2   4.4927
#          96       0.00000      8.79      2.00     3   4.5021
#          97       0.00000     10.57      1.00     2   4.5026
#          98       0.00000     20.06      2.00     3   4.5076
#          99       0.00000      5.36      2.00     3   4.5125
#         100       0.00000      4.33      1.00     4   4.5234
#         101       0.00000     10.32      1.00     2   4.5400
#         102       0.00000     21.42      2.00     3   4.5487
#         103       0.00000     22.23      2.00     3   4.5562
#         104       0.00000     10.13      1.00     2   4.5688
#         105       0.00000     10.13      1.00     2   4.5699
#         106       0.00000     11.33      1.00     4   4.6056
#         107       0.00000     18.14      2.00     3   4.6069
#         108       0.00000      4.91      2.00     3   4.6113
#         109       0.00000     13.36      1.00     4   4.6198
#         110       0.00000     12.64      1.00     4   4.6232
#         112       0.00000      6.19      2.00     3   4.6317
#         113       0.00000      9.73      1.00     2   4.6327
#         114       0.00000      9.72      1.00     2   4.6339
#         115       0.00000      9.64      1.00     2   4.6468
#         116       0.00000      5.31      2.00     3   4.6508
#         117       0.00000     17.04      2.00     3   4.6521
#         118       0.00000      4.50      2.00     3   4.6524
#         119       0.00000      9.06      2.00     3   4.6528
#         120       0.00000      4.50      2.00     3   4.6575
#         121       0.00000      9.52      1.00     2   4.6668
#         123       0.00000      4.23      2.00     3   4.6892
#         124       0.00000      4.81      2.00     3   4.7033
#         125       0.00000     14.77      2.00     3   4.7083
#         126       0.00000     10.02      1.00     4   4.7112
#         127       0.00000      9.22      1.00     2   4.7185
#         128       0.00000     13.38      2.00     3   4.7324
#         129       0.00000      9.12      1.00     2   4.7360
#         133       0.00000      8.48      2.00     3   4.7564
#         134       0.00000      6.70      2.00     3   4.7584
#         135       0.00000      9.27      1.00     4   4.7642
#         136       0.00000      5.61      2.00     3   4.7701
#         137       0.00000      7.42      2.00     3   4.7893
#         138       0.00000     14.77      2.00     3   4.7901
#         139       0.00000      8.75      1.00     2   4.8016
#         140       0.00000      5.64      2.00     3   4.8234
#         142       0.00000     11.66      2.00     3   4.8295
#         143       0.00000      6.48      2.00     3   4.8335
#         144       0.00000      4.64      2.00     4   4.8343
#         145       0.00000      9.60      1.00     2   4.8349
#         146       0.00000      7.65      1.00     4   4.8479
#         149       0.00000      9.50      1.00     2   4.8532
#         151       0.00000      8.42      1.00     2   4.8644
#         152       0.00000      4.96      2.00     3   4.8695
#         153       0.00000      4.48      2.00     3   4.8751
#         154       0.00000      7.14      2.00     3   4.8890
#         155       0.00000      6.66      1.00     4   4.8949
#         158       0.00000      7.79      1.00     4   4.9134
#         159       0.00000      8.23      2.00     3   4.9139
#         160       0.00000      7.90      2.00     3   4.9254
#         162       0.00000      6.28      2.00     3   4.9622
#         163       0.00000      9.88      2.00     3   4.9646
#         166       0.00000      4.03      2.00     3   4.9795
#         167       0.00000      8.82      1.00     2   4.9834
#         168       0.00000      4.43      2.00     4   5.0037
#         169       0.00000      7.61      2.00     3   5.0049
#         170       0.00000      5.55      1.00     4   5.0122
#         171       0.00000      7.78      2.00     3   5.0131
#         173       0.00000      7.53      1.00     2   5.0511
#         174       0.00000      8.13      2.00     3   5.0533
#         175       0.00000     17.54      2.00     3   5.0685
#         176       0.00000      6.00      2.00     3   5.0705
#         178       0.00000     10.58      1.00     4   5.0859
#         179       0.00000      4.68      1.00     4   5.0944
#         180       0.00000      7.54      2.00     3   5.1192
#         181       0.00000      8.17      2.00     3   5.1276
#         183       0.00000      7.16      2.00     3   5.1423
#         184       0.00000      7.09      1.00     2   5.1527
#         185       0.00000     17.60      2.00     3   5.1541
#         186       0.00000     10.98      1.00     4   5.1554
#         187       0.00000      4.04      2.00     3   5.1574
#         189       0.00000      7.11      2.00     3   5.1838
#         191       0.00000      7.84      1.00     2   5.1950
#         193       0.00000      6.80      1.00     2   5.2248
#         194       0.00000     15.73      2.00     3   5.2357
#         195       0.00000      4.08      2.00     4   5.2401
#         196       0.00000      9.32      1.00     4   5.2467
#         203       0.00000      6.48      1.00     2   5.3066
#         207       0.00000      7.29      1.00     2   5.3284
#         209       0.00000      7.29      2.00     3   5.3421
#         210       0.00000      7.19      1.00     2   5.3548
#         211       0.00000      7.18      1.00     2   5.3559
#         213       0.00000      7.10      1.00     2   5.3773
#         214       0.00000      6.40      2.00     3   5.3775
#         219       0.00000      6.11      1.00     2   5.4118
#         220       0.00000      9.92      2.00     3   5.4131
#         221       0.00000      4.37      2.00     3   5.4141
#         223       0.00000      5.82      2.00     3   5.4328
#         224       0.00000      7.25      2.00     3   5.4627
#         226       0.00000      6.76      1.00     2   5.4702
#         227       0.00000      5.86      1.00     2   5.4836
#         230       0.00000      4.73      1.00     4   5.4979
#         232       0.00000      5.49      2.00     3   5.5090
#         233       0.00000      5.78      1.00     2   5.5100
#         234       0.00000      4.75      2.00     3   5.5120
#         235       0.00000      4.24      2.00     3   5.5148
#         236       0.00000      6.58      1.00     2   5.5208
#         237       0.00000      7.52      2.00     3   5.5214
#         238       0.00000      5.51      2.00     3   5.5278
#         239       0.00000      5.70      1.00     2   5.5334
#         240       0.00000      5.69      1.00     2   5.5360
#         242       0.00000      5.68      1.00     2   5.5415
#         243       0.00000      5.66      1.00     2   5.5451
#         245       0.00000      4.99      2.00     3   5.5589
#         248       0.00000      4.78      2.00     3   5.5785
#         249       0.00000      6.20      2.00     3   5.5903
#         251       0.00000      5.49      1.00     2   5.6008
#         253       0.00000      6.26      1.00     2   5.6140
#         254       0.00000      4.85      2.00     3   5.6172
#         256       0.00000      5.18      2.00     3   5.6260
#         257       0.00000      4.55      2.00     3   5.6272
#         258       0.00000      6.72      2.00     3   5.6276
#         260       0.00000      5.69      2.00     3   5.6292
#         261       0.00000      6.18      1.00     2   5.6389
#         262       0.00000      4.30      2.00     3   5.6548
#         264       0.00000      5.28      1.00     2   5.6735
#         272       0.00000      4.74      2.00     3   5.7250
#         275       0.00000      6.54      2.00     3   5.7358
#         276       0.00000      6.16      2.00     3   5.7364
#         277       0.00000      6.95      2.00     3   5.7464
#         279       0.00000      5.23      2.00     3   5.7526
#         280       0.00000      4.02      2.00     3   5.7644
#         282       0.00000      4.21      2.00     4   5.7671
#         287       0.00000      4.87      2.00     3   5.7898
#         289       0.00000      4.94      1.00     2   5.7936
#         291       0.00000      4.34      2.00     3   5.7983
#         293       0.00000      5.01      2.00     3   5.8023
#         294       0.00000      4.58      2.00     3   5.8031
#         296       0.00000      7.77      2.00     3   5.8107
#         297       0.00000      4.37      2.00     3   5.8155
#         299       0.00000      5.64      1.00     2   5.8191
#         300       0.00000      4.63      2.00     3   5.8207
#         301       0.00000      4.04      2.00     3   5.8214
#         305       0.00000      4.57      2.00     3   5.8338
#         310       0.00000      5.55      1.00     2   5.8489
#         317       0.00000      5.51      1.00     2   5.8657
#         322       0.00000      4.42      2.00     3   5.8925
#         325       0.00000      5.40      1.00     2   5.9049
#         326       0.00000      5.37      1.00     2   5.9158
#         328       0.00000      5.36      1.00     2   5.9194
#         329       0.00000      5.35      1.00     2   5.9230
#         330       0.00000      8.34      2.00     3   5.9232
#   237/ 305 paths used
#  -----------------------------------------------------------------------
#       k          chi          mag           phase @#
    -0.7000   -3.721038E-01  3.791313E-01 -1.763634E+00
    -0.6500   -3.971079E-01  4.075007E-01 -1.797127E+00
    -0.6000   -4.259993E-01  4.367774E-01 -1.793411E+00
    -0.5500   -4.556642E-01  4.646832E-01 -1.768139E+00
    -0.5000   -4.822680E-01  4.887079E-01 -1.733316E+00
    -0.4500   -5.056842E-01  5.095501E-01 -1.694057E+00
    -0.4000   -5.247918E-01  5.267061E-01 -1.656082E+00
    -0.3500   -5.415081E-01  5.421083E-01 -1.617857E+00
    -0.3000   -5.544714E-01  5.545197E-01 -1.584003E+00
    -0.2500   -5.643032E-01  5.643733E-01 -1.555027E+00
    -0.2000   -5.715635E-01  5.720122E-01 -1.531182E+00
    -0.1500   -5.771845E-01  5.782065E-01 -1.511331E+00
    -0.1000   -5.810461E-01  5.826425E-01 -1.496752E+00
    -0.0500   -5.832452E-01  5.852504E-01 -1.487994E+00
     0.0000   -5.839585E-01  5.861108E-01 -1.485073E+00
     0.0500   -5.846621E-01  5.869668E-01 -1.482151E+00
     0.1000   -5.867137E-01  5.895085E-01 -1.473382E+00
     0.1500   -5.899361E-01  5.936581E-01 -1.458760E+00
     0.2000   -5.940345E-01  5.992886E-01 -1.438282E+00
     0.2500   -5.985982E-01  6.062291E-01 -1.411963E+00
     0.3000   -6.031061E-01  6.142704E-01 -1.379850E+00
     0.3500   -6.071170E-01  6.234588E-01 -1.341332E+00
     0.4000   -6.102942E-01  6.343771E-01 -1.294370E+00
     0.4500   -6.110458E-01  6.457558E-01 -1.241435E+00
     0.5000   -6.084194E-01  6.572906E-01 -1.182743E+00
     0.5500   -6.015626E-01  6.692918E-01 -1.117035E+00
     0.6000   -5.892004E-01  6.821844E-01 -1.042559E+00
     0.6500   -5.698952E-01  6.943851E-01 -9.626687E-01
     0.7000   -5.426265E-01  7.060516E-01 -8.765508E-01
     0.7500   -5.056237E-01  7.180964E-01 -7.811785E-01
     0.8000   -4.586901E-01  7.285577E-01 -6.810208E-01
     0.8500   -4.007164E-01  7.381486E-01 -5.738470E-01
     0.9000   -3.309483E-01  7.467772E-01 -4.591304E-01
     0.9500   -2.514112E-01  7.529764E-01 -3.404272E-01
     1.0000   -1.602073E-01  7.581940E-01 -2.129060E-01
     1.0500   -6.165570E-02  7.606912E-01 -8.114122E-02
     1.1000    4.263326E-02  7.607609E-01  5.606966E-02
     1.1500    1.502861E-01  7.584348E-01  1.994731E-01
     1.2000    2.549222E-01  7.527028E-01  3.455091E-01
     1.2500    3.563085E-01  7.447041E-01  4.988960E-01
     1.3000    4.459435E-01  7.330975E-01  6.539174E-01
     1.3500    5.225399E-01  7.187396E-01  8.139755E-01
     1.4000    5.808450E-01  7.011920E-01  9.761881E-01
     1.4500    6.188724E-01  6.807939E-01  1.140987E+00
     1.5000    6.352271E-01  6.577809E-01  1.308173E+00
     1.5500    6.294465E-01  6.323016E-01  1.475730E+00
     1.6000    6.032487E-01  6.049384E-01  1.645557E+00
     1.6500    5.589747E-01  5.758886E-01  1.813757E+00
     1.7000    4.999167E-01  5.458463E-01  1.983957E+00
     1.7500    4.307091E-01  5.151255E-01  2.151413E+00
     1.8000    3.546449E-01  4.841854E-01  2.319669E+00
     1.8500    2.767521E-01  4.535441E-01  2.485281E+00
     1.9000    1.988286E-01  4.233453E-01  2.652686E+00
     1.9500    1.248930E-01  3.939720E-01  2.819018E+00
     2.0000    5.780690E-02  3.657359E-01  2.982871E+00
     2.0500   -1.148272E-03  3.386803E-01  3.144983E+00
     2.1000   -5.140462E-02  3.116835E-01  3.307275E+00
     2.1500   -9.176334E-02  2.844560E-01  3.470060E+00
     2.2000   -1.215123E-01  2.579628E-01  3.632069E+00
     2.2500   -1.405841E-01  2.318917E-01  3.792928E+00
     2.3000   -1.484518E-01  2.051923E-01  3.950418E+00
     2.3500   -1.437685E-01  1.760002E-01  4.097549E+00
     2.4000   -1.302599E-01  1.472902E-01  4.226749E+00
     2.4500   -1.110391E-01  1.200852E-01  4.321759E+00
     2.5000   -9.037734E-02  9.640619E-02  4.356865E+00
     2.5500   -7.542028E-02  8.180281E-02  4.314747E+00
     2.6000   -6.584563E-02  7.514230E-02  4.209677E+00
     2.6500   -6.367439E-02  7.729322E-02  4.109680E+00
     2.7000   -6.923870E-02  8.576408E-02  4.081182E+00
     2.7500   -7.854443E-02  9.448607E-02  4.123000E+00
     2.8000   -9.122528E-02  1.041591E-01  4.208738E+00
     2.8500   -1.056449E-01  1.139458E-01  4.328327E+00
     2.9000   -1.195919E-01  1.231115E-01  4.472697E+00
     2.9500   -1.308757E-01  1.312986E-01  4.632109E+00
     3.0000   -1.376454E-01  1.382332E-01  4.804646E+00
     3.0500   -1.382809E-01  1.436836E-01  4.987486E+00
     3.1000   -1.318374E-01  1.475360E-01  5.177895E+00
     3.1500   -1.183631E-01  1.498964E-01  5.372975E+00
     3.2000   -9.814739E-02  1.506718E-01  5.573759E+00
     3.2500   -7.226338E-02  1.495872E-01  5.779010E+00
     3.3000   -4.295972E-02  1.466345E-01  5.985852E+00
     3.3500   -1.284601E-02  1.424000E-01  6.192852E+00
     3.4000    1.596715E-02  1.370669E-01  6.399942E+00
     3.4500    4.136632E-02  1.305645E-01  6.605567E+00
     3.5000    6.175019E-02  1.231057E-01  6.808636E+00
     3.5500    7.631684E-02  1.150047E-01  7.008803E+00
     3.6000    8.477507E-02  1.064289E-01  7.204739E+00
     3.6500    8.736421E-02  9.750271E-02  7.393905E+00
     3.7000    8.504586E-02  8.848003E-02  7.574458E+00
     3.7500    7.910250E-02  7.957366E-02  7.745107E+00
     3.8000    7.088487E-02  7.097180E-02  7.903480E+00
     3.8500    6.179856E-02  6.294797E-02  8.045374E+00
     3.9000    5.299569E-02  5.571987E-02  8.167970E+00
     3.9500    4.524755E-02  4.947189E-02  8.270233E+00
     4.0000    3.893991E-02  4.433137E-02  8.352310E+00
     4.0500    3.425337E-02  4.043984E-02  8.414423E+00
     4.1000    3.103027E-02  3.784533E-02  8.463501E+00
     4.1500    2.890743E-02  3.645396E-02  8.509086E+00
     4.2000    2.749032E-02  3.611088E-02  8.559501E+00
     4.2500    2.621828E-02  3.664194E-02  8.627400E+00
     4.3000    2.450549E-02  3.773016E-02  8.717860E+00
     4.3500    2.191397E-02  3.912966E-02  8.830350E+00
     4.4000    1.820520E-02  4.075981E-02  8.961765E+00
     4.4500    1.293374E-02  4.232607E-02  9.114237E+00
     4.5000    6.073393E-03  4.365670E-02  9.285208E+00
     4.5500   -2.114330E-03  4.464012E-02  9.472160E+00
     4.6000   -1.111061E-02  4.528180E-02  9.672675E+00
     4.6500   -2.016659E-02  4.535369E-02  9.885563E+00
     4.7000   -2.831996E-02  4.479647E-02  1.010916E+01
     4.7500   -3.461013E-02  4.359342E-02  1.034202E+01
     4.8000   -3.829846E-02  4.182206E-02  1.058214E+01
     4.8500   -3.884197E-02  3.938721E-02  1.082899E+01
     4.9000   -3.621267E-02  3.634694E-02  1.108156E+01
     4.9500   -3.087697E-02  3.278987E-02  1.133884E+01
     5.0000   -2.378768E-02  2.885644E-02  1.159733E+01
     5.0500   -1.604668E-02  2.462123E-02  1.185649E+01
     5.1000   -8.844977E-03  2.023227E-02  1.211392E+01
     5.1500   -3.163310E-03  1.584757E-02  1.236541E+01
     5.2000    3.223877E-04  1.164520E-02  1.259406E+01
     5.2500    1.631772E-03  7.793585E-03  1.277731E+01
     5.3000    1.197495E-03  4.543349E-03  1.283309E+01
     5.3500   -2.081583E-04  2.478777E-03  1.248230E+01
     5.4000   -1.752076E-03  2.683005E-03  1.185480E+01
     5.4500   -2.607851E-03  3.687247E-03  1.178075E+01
     5.5000   -2.401346E-03  4.214108E-03  1.196007E+01
     5.5500   -1.242164E-03  3.998193E-03  1.225046E+01
     5.6000    3.251840E-04  3.078570E-03  1.267220E+01
     5.6500    1.437567E-03  1.746599E-03  1.353316E+01
     5.7000    1.204325E-03  2.390254E-03  1.517992E+01
     5.7500   -9.932305E-04  5.363354E-03  1.589423E+01
     5.8000   -5.267801E-03  9.122249E-03  1.632359E+01
     5.8500   -1.109511E-02  1.337768E-02  1.668595E+01
     5.9000   -1.736914E-02  1.795146E-02  1.702336E+01
     5.9500   -2.261981E-02  2.267545E-02  1.734882E+01
     6.0000   -2.525165E-02  2.733926E-02  1.767208E+01
     6.0500   -2.409620E-02  3.182809E-02  1.799073E+01
     6.1000   -1.864434E-02  3.600021E-02  1.830517E+01
     6.1500   -9.199975E-03  3.972275E-02  1.861583E+01
     6.2000    3.137562E-03  4.288349E-02  1.892279E+01
     6.2500    1.668141E-02  4.539550E-02  1.922584E+01
     6.3000    2.949676E-02  4.720091E-02  1.952458E+01
     6.3500    3.978904E-02  4.827385E-02  1.981841E+01
     6.4000    4.624732E-02  4.862228E-02  2.010651E+01
     6.4500    4.826336E-02  4.828878E-02  2.038790E+01
     6.5000    4.599893E-02  4.738861E-02  2.066313E+01
     6.5500    4.019924E-02  4.602271E-02  2.092887E+01
     6.6000    3.203234E-02  4.432233E-02  2.118343E+01
     6.6500    2.273842E-02  4.244677E-02  2.142582E+01
     6.7000    1.335244E-02  4.056533E-02  2.165574E+01
     6.7500    4.539343E-03  3.884080E-02  2.187401E+01
     6.8000   -3.433706E-03  3.740766E-02  2.208307E+01
     6.8500   -1.059791E-02  3.634897E-02  2.228701E+01
     6.9000   -1.710262E-02  3.567960E-02  2.249105E+01
     6.9500   -2.302151E-02  3.534429E-02  2.270051E+01
     7.0000   -2.828004E-02  3.530296E-02  2.292022E+01
     7.0500   -3.242835E-02  3.535263E-02  2.315235E+01
     7.1000   -3.484510E-02  3.532153E-02  2.339751E+01
     7.1500   -3.493051E-02  3.508337E-02  2.365533E+01
     7.2000   -3.229499E-02  3.454370E-02  2.392476E+01
     7.2500   -2.693416E-02  3.364404E-02  2.420451E+01
     7.3000   -1.931171E-02  3.236139E-02  2.449329E+01
     7.3500   -1.031981E-02  3.070509E-02  2.478997E+01
     7.4000   -1.123279E-03  2.871229E-02  2.509361E+01
     7.4500    7.072412E-03  2.644280E-02  2.540350E+01
     7.5000    1.324952E-02  2.397645E-02  2.571823E+01
     7.5500    1.681120E-02  2.138073E-02  2.603750E+01
     7.6000    1.766206E-02  1.874658E-02  2.636172E+01
     7.6500    1.617036E-02  1.617154E-02  2.669145E+01
     7.7000    1.303393E-02  1.375044E-02  2.702778E+01
     7.7500    9.077252E-03  1.157129E-02  2.737250E+01
     7.8000    5.047030E-03  9.711761E-03  2.772785E+01
     7.8500    1.463526E-03  8.236159E-03  2.809569E+01
     7.9000   -1.435899E-03  7.191738E-03  2.847534E+01
     7.9500   -3.655531E-03  6.603703E-03  2.886096E+01
     8.0000   -5.316683E-03  6.450055E-03  2.924327E+01
     8.0500   -6.541388E-03  6.721073E-03  2.961338E+01
     8.1000   -7.333707E-03  7.388113E-03  2.996656E+01
     8.1500   -7.525268E-03  8.398216E-03  3.030512E+01
     8.2000   -6.825524E-03  9.688459E-03  3.063421E+01
     8.2500   -4.940991E-03  1.118639E-02  3.095844E+01
     8.3000   -1.726236E-03  1.281125E-02  3.128077E+01
     8.3500    2.688181E-03  1.447680E-02  3.160270E+01
     8.4000    7.840582E-03  1.609502E-02  3.192474E+01
     8.4500    1.298394E-02  1.758013E-02  3.224685E+01
     8.5000    1.723260E-02  1.884762E-02  3.256973E+01
     8.5500    1.974844E-02  1.983681E-02  3.289230E+01
     8.6000    1.997218E-02  2.049501E-02  3.321308E+01
     8.6500    1.777658E-02  2.077970E-02  3.353105E+01
     8.7000    1.351274E-02  2.066582E-02  3.384483E+01
     8.7500    7.937088E-03  2.014811E-02  3.415261E+01
     8.8000    2.030205E-03  1.924324E-02  3.445182E+01
     8.8500   -3.244179E-03  1.799231E-02  3.473882E+01
     8.9000   -7.172978E-03  1.646442E-02  3.500830E+01
     8.9500   -9.453831E-03  1.476254E-02  3.525253E+01
     9.0000   -1.025135E-02  1.304693E-02  3.546139E+01
     9.0500   -1.007233E-02  1.151417E-02  3.562249E+01
     9.1000   -9.588974E-03  1.040740E-02  3.572909E+01
     9.1500   -9.425061E-03  9.969187E-03  3.579640E+01
     9.2000   -9.938076E-03  1.028904E-02  3.586638E+01
     9.2500   -1.110053E-02  1.122460E-02  3.597949E+01
     9.3000   -1.250505E-02  1.250766E-02  3.614873E+01
     9.3500   -1.349172E-02  1.388484E-02  3.636684E+01
     9.4000   -1.335961E-02  1.516897E-02  3.662173E+01
     9.4500   -1.159926E-02  1.623416E-02  3.690321E+01
     9.5000   -8.079324E-03  1.702463E-02  3.720464E+01
     9.5500   -3.099700E-03  1.749140E-02  3.752096E+01
     9.6000    2.618761E-03  1.759455E-02  3.784851E+01
     9.6500    8.099959E-03  1.733453E-02  3.818532E+01
     9.7000    1.235873E-02  1.673014E-02  3.853027E+01
     9.7500    1.464618E-02  1.581580E-02  3.888291E+01
     9.8000    1.463384E-02  1.463898E-02  3.924341E+01
     9.8500    1.248697E-02  1.325767E-02  3.961256E+01
     9.9000    8.809014E-03  1.173789E-02  3.999192E+01
     9.9500    4.476001E-03  1.015112E-02  4.038406E+01
    10.0000    4.142591E-04  8.583469E-03  4.079242E+01
    10.0500   -2.643431E-03  7.096159E-03  4.122242E+01
    10.1000   -4.287071E-03  5.750301E-03  4.168205E+01
    10.1500   -4.493041E-03  4.617286E-03  4.217899E+01
    10.2000   -3.582178E-03  3.752409E-03  4.271387E+01
    10.2500   -2.078407E-03  3.169623E-03  4.326715E+01
    10.3000   -5.253340E-04  2.817306E-03  4.379473E+01
    10.3500    6.812108E-04  2.598483E-03  4.424755E+01
    10.4000    1.394603E-03  2.439515E-03  4.459084E+01
    10.4500    1.725537E-03  2.352770E-03  4.480562E+01
    10.5000    1.959825E-03  2.453126E-03  4.490778E+01
    10.5500    2.417302E-03  2.879874E-03  4.497843E+01
    10.6000    3.301176E-03  3.665655E-03  4.510337E+01
    10.6500    4.589298E-03  4.738895E-03  4.530116E+01
    10.7000    6.004845E-03  6.004845E-03  4.555310E+01
    10.7500    7.078333E-03  7.378468E-03  4.583930E+01
    10.8000    7.283699E-03  8.785521E-03  4.614647E+01
    10.8500    6.207393E-03  1.015954E-02  4.646658E+01
    10.9000    3.698257E-03  1.144059E-02  4.679472E+01
    10.9500   -4.926566E-05  1.257549E-02  4.712781E+01
    11.0000   -4.528282E-03  1.354433E-02  4.746478E+01
    11.0500   -9.005072E-03  1.431847E-02  4.780404E+01
    11.1000   -1.264209E-02  1.484244E-02  4.814321E+01
    11.1500   -1.475364E-02  1.509631E-02  4.848121E+01
    11.2000   -1.495832E-02  1.507083E-02  4.881696E+01
    11.2500   -1.326845E-02  1.476782E-02  4.914921E+01
    11.3000   -1.007765E-02  1.420040E-02  4.947645E+01
    11.3500   -6.051592E-03  1.339307E-02  4.979665E+01
    11.4000   -1.953862E-03  1.238179E-02  5.010702E+01
    11.4500    1.543419E-03  1.121442E-02  5.040355E+01
    11.5000    4.011965E-03  9.951967E-03  5.068042E+01
    11.5500    5.342557E-03  8.671228E-03  5.092930E+01
    11.6000    5.726555E-03  7.469100E-03  5.113917E+01
    11.6500    5.554642E-03  6.465305E-03  5.129908E+01
    11.7000    5.267235E-03  5.789715E-03  5.140818E+01
    11.7500    5.203627E-03  5.530868E-03  5.149056E+01
    11.8000    5.495313E-03  5.665623E-03  5.159047E+01
    11.8500    6.033971E-03  6.061874E-03  5.174029E+01
    11.9000    6.520999E-03  6.560157E-03  5.194559E+01
    11.9500    6.580579E-03  7.034201E-03  5.219737E+01
    12.0000    5.902942E-03  7.411879E-03  5.248573E+01
    12.0500    4.348365E-03  7.650659E-03  5.280256E+01
    12.1000    2.026677E-03  7.715351E-03  5.314128E+01
    12.1500   -6.989479E-04  7.601347E-03  5.349916E+01
    12.2000   -3.304532E-03  7.318692E-03  5.387554E+01
    12.2500   -5.242153E-03  6.890027E-03  5.427167E+01
    12.3000   -6.089711E-03  6.349691E-03  5.469073E+01
    12.3500   -5.670328E-03  5.743828E-03  5.513802E+01
    12.4000   -4.106939E-03  5.131176E-03  5.562072E+01
    12.4500   -1.796375E-03  4.582945E-03  5.614590E+01
    12.5000    6.898624E-04  4.176496E-03  5.671461E+01
    12.5500    2.750438E-03  3.974199E-03  5.731303E+01
    12.6000    3.904816E-03  3.990699E-03  5.791163E+01
    12.6500    3.909151E-03  4.180013E-03  5.848143E+01
    12.7000    2.807643E-03  4.461902E-03  5.900968E+01
    12.7500    9.081141E-04  4.757609E-03  5.949821E+01
    12.8000   -1.308367E-03  5.006999E-03  5.995464E+01
    12.8500   -3.316713E-03  5.170116E-03  6.038673E+01
    12.9000   -4.679697E-03  5.223635E-03  6.080065E+01
    12.9500   -5.147773E-03  5.157123E-03  6.120083E+01
    13.0000   -4.710285E-03  4.978460E-03  6.159078E+01
    13.0500   -3.558821E-03  4.698010E-03  6.197235E+01
    13.1000   -2.014450E-03  4.315613E-03  6.234620E+01
    13.1500   -4.558792E-04  3.848368E-03  6.271311E+01
    13.2000    7.933551E-04  3.316956E-03  6.307338E+01
    13.2500    1.538140E-03  2.744398E-03  6.342680E+01
    13.3000    1.741062E-03  2.154825E-03  6.377257E+01
    13.3500    1.504903E-03  1.572300E-03  6.410880E+01
    13.4000    1.019277E-03  1.019682E-03  6.443084E+01
    13.4500    4.915124E-04  5.176692E-04  6.472190E+01
    13.5000    8.430948E-05  8.813658E-05  6.469842E+01
    13.5500   -1.219190E-04  2.768917E-04  6.237591E+01
    13.6000   -1.337676E-04  5.461121E-04  6.258439E+01
    13.6500   -1.964236E-05  7.326011E-04  6.280504E+01
    13.7000    1.329818E-04  8.494076E-04  6.298906E+01
    13.7500    2.608878E-04  9.263581E-04  6.311734E+01
    13.8000    3.533182E-04  1.012180E-03  6.318843E+01
    13.8500    4.556567E-04  1.163482E-03  6.323426E+01
    13.9000    6.482244E-04  1.416678E-03  6.330711E+01
    13.9500    1.008527E-03  1.772503E-03  6.343712E+01
    14.0000    1.574603E-03  2.211447E-03  6.362423E+01
    14.0500    2.313778E-03  2.709954E-03  6.385511E+01
    14.1000    3.105084E-03  3.238760E-03  6.411434E+01
    14.1500    3.773590E-03  3.773788E-03  6.439239E+01
    14.2000    4.126238E-03  4.293492E-03  6.468269E+01
    14.2500    4.002517E-03  4.779017E-03  6.498072E+01
    14.3000    3.319837E-03  5.214458E-03  6.528329E+01
    14.3500    2.100478E-03  5.587163E-03  6.558803E+01
    14.4000    4.725609E-04  5.888011E-03  6.589310E+01
    14.4500   -1.354937E-03  6.111621E-03  6.619700E+01
    14.5000   -3.135738E-03  6.256428E-03  6.649843E+01
    14.5500   -4.636302E-03  6.324627E-03  6.679625E+01
    14.6000   -5.679249E-03  6.321941E-03  6.708942E+01
    14.6500   -6.169957E-03  6.257205E-03  6.737705E+01
    14.7000   -6.101740E-03  6.141737E-03  6.765843E+01
    14.7500   -5.541410E-03  5.988493E-03  6.793310E+01
    14.8000   -4.602228E-03  5.810985E-03  6.820098E+01
    14.8500   -3.413786E-03  5.622028E-03  6.846249E+01
    14.9000   -2.097661E-03  5.432398E-03  6.871860E+01
    14.9500   -7.542803E-04  5.249622E-03  6.897086E+01
    15.0000    5.377014E-04  5.080563E-03  6.922107E+01
    15.0500    1.718299E-03  4.927288E-03  6.947126E+01
    15.1000    2.733125E-03  4.779000E-03  6.972386E+01
    15.1500    3.524583E-03  4.628511E-03  6.998065E+01
    15.2000    4.036054E-03  4.467302E-03  7.024283E+01
    15.2500    4.221661E-03  4.287042E-03  7.051096E+01
    15.3000    4.060788E-03  4.080874E-03  7.078509E+01
    15.3500    3.571557E-03  3.844299E-03  7.106479E+01
    15.4000    2.817178E-03  3.575647E-03  7.134927E+01
    15.4500    1.901183E-03  3.276189E-03  7.163753E+01
    15.5000    9.512006E-04  2.949972E-03  7.192832E+01
    15.5500    9.483964E-05  2.603448E-03  7.222019E+01
    15.6000   -5.658435E-04  2.244976E-03  7.251143E+01
    15.6500   -9.740286E-04  1.884233E-03  7.279990E+01
    15.7000   -1.126300E-03  1.531578E-03  7.308287E+01
    15.7500   -1.067095E-03  1.197388E-03  7.335658E+01
    15.8000   -8.714490E-04  8.913671E-04  7.361563E+01
    15.8500   -6.216082E-04  6.217906E-04  7.385165E+01
    15.9000   -3.848402E-04  3.946147E-04  7.405046E+01
    15.9500   -1.991193E-04  2.123023E-04  7.418168E+01
    16.0000   -7.172700E-05  7.464703E-05  7.410805E+01
    16.0500    1.560960E-05  4.263939E-05  7.188183E+01
    16.1000    9.045683E-05  1.397552E-04  7.155266E+01
    16.1500    1.644937E-04  2.577271E-04  7.156441E+01
    16.2000    2.255920E-04  4.083944E-04  7.167141E+01
    16.2500    2.375610E-04  5.952312E-04  7.184609E+01
    16.3000    1.517072E-04  8.141591E-04  7.206920E+01
    16.3500   -7.331099E-05  1.056903E-03  7.232605E+01
    16.4000   -4.500826E-04  1.313028E-03  7.260651E+01
    16.4500   -9.473219E-04  1.571089E-03  7.290385E+01
    16.5000   -1.487314E-03  1.819396E-03  7.321365E+01
    16.5500   -1.958505E-03  2.046602E-03  7.353295E+01
    16.6000   -2.241030E-03  2.242205E-03  7.385981E+01
    16.6500   -2.238633E-03  2.396989E-03  7.419295E+01
    16.7000   -1.907917E-03  2.503387E-03  7.453162E+01
    16.7500   -1.276012E-03  2.555784E-03  7.487547E+01
    16.8000   -4.406603E-04  2.550750E-03  7.522460E+01
    16.8500    4.485089E-04  2.487193E-03  7.557954E+01
    16.9000    1.223381E-03  2.366469E-03  7.594152E+01
    16.9500    1.737042E-03  2.192474E-03  7.631275E+01
    17.0000    1.900686E-03  1.972753E-03  7.669789E+01
    17.0500    1.701991E-03  1.717926E-03  7.710533E+01
    17.1000    1.205898E-03  1.439680E-03  7.754691E+01
    17.1500    5.474051E-04  1.159713E-03  7.804824E+01
    17.2000   -1.051283E-04  9.157421E-04  7.865487E+01
    17.2500   -5.905761E-04  7.732672E-04  7.940891E+01
    17.3000   -7.928495E-04  7.979866E-04  8.022414E+01
    17.3500   -6.664626E-04  9.684934E-04  8.092248E+01
    17.4000   -2.439247E-04  1.207073E-03  8.147793E+01
    17.4500    3.759895E-04  1.459045E-03  8.194205E+01
    17.5000    1.055034E-03  1.696065E-03  8.235276E+01
    17.5500    1.649630E-03  1.903201E-03  8.273009E+01
    17.6000    2.043262E-03  2.072447E-03  8.308418E+01
    17.6500    2.169198E-03  2.200165E-03  8.342018E+01
    17.7000    2.018834E-03  2.286047E-03  8.374055E+01
    17.7500    1.635158E-03  2.332640E-03  8.404622E+01
    17.8000    1.094868E-03  2.345061E-03  8.433724E+01
    17.8500    4.853067E-04  2.330715E-03  8.461324E+01
    17.9000   -1.168963E-04  2.298902E-03  8.487387E+01
    17.9500   -6.599229E-04  2.260184E-03  8.511930E+01
    18.0000   -1.121950E-03  2.225038E-03  8.535150E+01
    18.0500   -1.502588E-03  2.201662E-03  8.557415E+01
    18.1000   -1.808751E-03  2.197789E-03  8.578965E+01
    18.1500   -2.050286E-03  2.217221E-03  8.600327E+01
    18.2000   -2.225632E-03  2.259521E-03  8.622039E+01
    18.2500   -2.317385E-03  2.320468E-03  8.644536E+01
    18.3000   -2.295320E-03  2.393310E-03  8.668094E+01
    18.3500   -2.125739E-03  2.470254E-03  8.692828E+01
    18.4000   -1.784062E-03  2.543728E-03  8.718729E+01
    18.4500   -1.266763E-03  2.607196E-03  8.745723E+01
    18.5000   -5.990352E-04  2.655574E-03  8.773706E+01
    18.5500    1.641002E-04  2.685347E-03  8.802574E+01
    18.6000    9.437151E-04  2.694514E-03  8.832242E+01
    18.6500    1.648616E-03  2.682441E-03  8.862647E+01
    18.7000    2.190104E-03  2.649674E-03  8.893756E+01
    18.7500    2.496746E-03  2.597738E-03  8.925564E+01
    18.8000    2.526335E-03  2.528959E-03  8.958095E+01
    18.8500    2.273041E-03  2.446307E-03  8.991402E+01
    18.9000    1.768868E-03  2.353271E-03  9.025561E+01
    18.9500    1.079569E-03  2.253775E-03  9.060667E+01
    19.0000    2.963740E-04  2.153722E-03  9.096814E+01
    19.0500   -4.789231E-04  2.060494E-03  9.134076E+01
    19.1000   -1.146018E-03  1.974594E-03  9.172538E+01
    19.1500   -1.615193E-03  1.900549E-03  9.212190E+01
    19.2000   -1.822361E-03  1.842446E-03  9.252919E+01
    19.2500   -1.739035E-03  1.803387E-03  9.294493E+01
    19.3000   -1.378049E-03  1.784889E-03  9.336570E+01
    19.3500   -7.936213E-04  1.786443E-03  9.378745E+01
    19.4000   -7.496054E-05  1.805414E-03  9.420625E+01
    19.4500    6.663865E-04  1.837360E-03  9.461893E+01
    19.5000    1.313952E-03  1.876629E-03  9.502341E+01
    19.5500    1.765790E-03  1.917051E-03  9.541867E+01
    19.6000    1.952340E-03  1.952534E-03  9.580448E+01
    19.6500    1.848997E-03  1.977518E-03  9.618109E+01
    19.7000    1.480422E-03  1.987273E-03  9.654891E+01
    19.7500    9.152775E-04  1.978095E-03  9.690833E+01
    19.8000    2.521588E-04  1.947429E-03  9.725952E+01
    19.8500   -4.003944E-04  1.893949E-03  9.760239E+01
    19.9000   -9.454032E-04  1.817611E-03  9.793638E+01
    19.9500   -1.315599E-03  1.719698E-03  9.826044E+01