# # tequil.ion_motion                                            FEFF 9.05   
# # POT  SCF  30  5.5000   1, core-hole, AFOLP (folp(0)= 1.150)
# # Abs   Z=30 Rmt= 1.344 Rnm= 1.442 K  shell
# # Pot 1 Z=26 Rmt= 1.280 Rnm= 1.392
# # Pot 2 Z= 8 Rmt= 0.962 Rnm= 1.093
# # Gam_ch=1.897E+00 H-L exch
# # Mu=-1.139E+01 kf=2.168E+00 Vint=-1.811E+01 Rs_int= 1.673
# # PATH  Rmax= 8.500,  Keep_limit= 0.00, Heap_limit 0.00  Pwcrit= 2.50%
#  S02=1.000                                        Global_sig2= 0.00000
#  Energy zero shift, vr, vi   -2.00000E+00   0.00000E+00
#  Curved wave amplitude ratio filter   4.000%
#     file         sig2 tot  cw amp ratio   deg  nlegs   reff  inp sig2
#           1       0.00000    100.00      1.00     2   1.9632
#           2       0.00000     95.22      1.00     2   2.0000
#           3       0.00000     79.43      1.00     2   2.1426
#           4       0.00000     66.31      1.00     2   2.2944
#           5       0.00000     61.68      1.00     2   2.3579
#           6       0.00000     59.73      1.00     2   2.3868
#           7       0.00000     31.68      1.00     2   3.0050
#           8       0.00000     30.88      1.00     2   3.0386
#           9       0.00000     30.25      1.00     2   3.0664
#          10       0.00000     30.02      1.00     2   3.0764
#          11       0.00000     29.26      1.00     2   3.1106
#          12       0.00000     25.75      1.00     2   3.2602
#          13       0.00000     24.13      1.00     2   3.3742
#          14       0.00000     24.05      1.00     2   3.3791
#          15       0.00000     22.22      1.00     2   3.4389
#          16       0.00000     19.42      2.00     3   3.4467
#          17       0.00000     20.88      1.00     2   3.5161
#          18       0.00000     20.77      1.00     2   3.5228
#          19       0.00000     20.43      1.00     2   3.5437
#          20       0.00000     10.02      2.00     3   3.5745
#          21       0.00000     10.04      2.00     3   3.5877
#          22       0.00000      9.03      2.00     3   3.6019
#          23       0.00000     10.02      2.00     3   3.6071
#          24       0.00000     19.38      1.00     2   3.6107
#          25       0.00000     20.35      1.00     2   3.6157
#          26       0.00000      8.79      2.00     3   3.6259
#          27       0.00000      9.42      2.00     3   3.6367
#          28       0.00000      9.22      2.00     3   3.6390
#          29       0.00000      8.97      2.00     3   3.6593
#          30       0.00000      9.28      2.00     3   3.6607
#          31       0.00000     10.87      2.00     3   3.6713
#          32       0.00000     19.41      1.00     2   3.6843
#          33       0.00000     15.42      2.00     3   3.6900
#          34       0.00000      8.32      2.00     3   3.7012
#          35       0.00000      6.07      2.00     3   3.7080
#          36       0.00000      6.66      2.00     3   3.7190
#          37       0.00000     14.38      2.00     3   3.7287
#          38       0.00000      7.78      2.00     3   3.7327
#          39       0.00000      7.80      2.00     3   3.7333
#          40       0.00000      8.40      2.00     3   3.7345
#          41       0.00000     18.39      1.00     2   3.7629
#          42       0.00000      7.00      2.00     3   3.7677
#          43       0.00000      7.21      2.00     3   3.7675
#          44       0.00000      6.29      1.00     4   3.7828
#          45       0.00000      5.68      2.00     3   3.8138
#          46       0.00000     15.35      2.00     3   3.8372
#          47       0.00000     17.35      1.00     2   3.8495
#          48       0.00000     16.11      1.00     2   3.8553
#          49       0.00000     15.49      1.00     2   3.9079
#          50       0.00000     15.48      1.00     2   3.9094
#          51       0.00000     10.74      1.00     4   3.9264
#          52       0.00000     16.21      1.00     2   3.9514
#          54       0.00000     13.71      2.00     3   3.9792
#          55       0.00000      9.24      2.00     3   3.9857
#          56       0.00000      9.70      1.00     4   4.0001
#          57       0.00000      4.26      1.00     4   4.0057
#          58       0.00000     15.32      1.00     2   4.0374
#          59       0.00000      5.44      1.00     4   4.0588
#          61       0.00000     14.85      2.00     3   4.1029
#          63       0.00000     11.28      2.00     3   4.1296
#          64       0.00000      8.18      2.00     3   4.1330
#          65       0.00000      4.44      1.00     4   4.1368
#          66       0.00000      8.26      2.00     3   4.1634
#          67       0.00000     13.94      2.00     3   4.1886
#          68       0.00000      7.75      2.00     3   4.1938
#          69       0.00000      5.00      1.00     4   4.1955
#          70       0.00000      4.18      1.00     4   4.1988
#          71       0.00000      4.17      1.00     4   4.2070
#          72       0.00000      7.40      2.00     3   4.2097
#          73       0.00000     12.33      1.00     2   4.2295
#          74       0.00000      4.40      1.00     4   4.2395
#          75       0.00000     20.33      2.00     3   4.2431
#          76       0.00000      7.28      2.00     3   4.2452
#          77       0.00000      6.52      1.00     4   4.2545
#          78       0.00000     12.00      1.00     2   4.2694
#          79       0.00000     20.03      2.00     3   4.2721
#          80       0.00000      6.79      2.00     3   4.2723
#          81       0.00000     11.92      1.00     2   4.2794
#          82       0.00000      6.67      1.00     4   4.2853
#          83       0.00000     18.50      2.00     4   4.2945
#          84       0.00000     11.63      1.00     2   4.3160
#          85       0.00000     18.34      2.00     4   4.3211
#          86       0.00000     11.55      1.00     2   4.3256
#          87       0.00000      6.87      2.00     3   4.3268
#          88       0.00000      6.15      1.00     4   4.3399
#          89       0.00000     21.08      2.00     3   4.3492
#          90       0.00000      6.13      2.00     3   4.3777
#          91       0.00000     20.46      2.00     3   4.3887
#          92       0.00000      7.51      2.00     3   4.3900
#          93       0.00000     11.05      1.00     2   4.3919
#          94       0.00000      7.80      2.00     3   4.4011
#          96       0.00000     10.91      1.00     2   4.4108
#          97       0.00000     20.26      2.00     3   4.4370
#          98       0.00000     14.63      2.00     3   4.4377
#          99       0.00000     10.64      1.00     2   4.4486
#         100       0.00000      6.86      2.00     3   4.4572
#         101       0.00000     12.11      1.00     4   4.4689
#         102       0.00000     11.72      1.00     4   4.5080
#         103       0.00000     10.19      1.00     2   4.5131
#         104       0.00000     18.19      2.00     3   4.5157
#         105       0.00000     11.29      2.00     4   4.5294
#         106       0.00000     11.68      1.00     4   4.5485
#         107       0.00000      5.48      2.00     3   4.5714
#         108       0.00000      9.74      1.00     2   4.5824
#         109       0.00000      4.62      1.00     4   4.5888
#         110       0.00000      5.18      2.00     3   4.5999
#         111       0.00000      5.00      2.00     3   4.6035
#         112       0.00000      5.09      2.00     3   4.6087
#         113       0.00000     13.23      2.00     3   4.6386
#         114       0.00000     10.17      1.00     4   4.6395
#         115       0.00000      9.31      1.00     2   4.6525
#         116       0.00000      8.60      2.00     3   4.6562
#         118       0.00000     18.66      2.00     3   4.6663
#         119       0.00000     14.45      2.00     3   4.6689
#         120       0.00000      4.57      2.00     3   4.6823
#         121       0.00000     18.17      2.00     2   4.6908
#         122       0.00000      7.46      2.00     3   4.7040
#         123       0.00000      6.89      2.00     3   4.7059
#         124       0.00000      4.05      2.00     3   4.7101
#         126       0.00000      4.04      2.00     3   4.7188
#         127       0.00000      6.21      2.00     3   4.7471
#         128       0.00000     10.89      1.00     4   4.7502
#         129       0.00000      8.70      1.00     2   4.7587
#         130       0.00000      7.69      2.00     3   4.7668
#         132       0.00000      9.45      1.00     2   4.8176
#         133       0.00000      8.35      1.00     2   4.8251
#         134       0.00000      7.48      1.00     4   4.8246
#         135       0.00000      6.52      1.00     4   4.8286
#         136       0.00000      8.29      1.00     2   4.8362
#         137       0.00000      8.22      1.00     2   4.8489
#         138       0.00000     10.75      2.00     3   4.8590
#         139       0.00000     11.88      2.00     3   4.8641
#         140       0.00000      5.70      2.00     3   4.8767
#         142       0.00000      7.05      2.00     3   4.9217
#         143       0.00000      4.87      2.00     3   4.9225
#         144       0.00000      4.52      2.00     3   4.9397
#         145       0.00000     10.57      2.00     3   4.9411
#         146       0.00000      4.22      2.00     3   4.9581
#         147       0.00000      8.45      2.00     3   4.9584
#         148       0.00000      7.65      2.00     3   4.9621
#         149       0.00000      7.53      1.00     2   4.9912
#         150       0.00000      8.52      1.00     2   4.9960
#         153       0.00000      4.72      2.00     4   5.0297
#         154       0.00000      6.15      2.00     3   5.0324
#         155       0.00000      5.94      1.00     4   5.0376
#         156       0.00000      5.61      2.00     4   5.0387
#         158       0.00000      8.21      1.00     2   5.0631
#         159       0.00000      5.17      1.00     4   5.0645
#         160       0.00000      5.03      1.00     4   5.0654
#         164       0.00000      7.92      2.00     3   5.0943
#         165       0.00000      7.39      2.00     3   5.1067
#         166       0.00000      7.61      2.00     3   5.1168
#         167       0.00000      7.94      1.00     2   5.1218
#         169       0.00000      6.94      1.00     2   5.1278
#         170       0.00000      5.86      2.00     3   5.1304
#         172       0.00000      8.71      2.00     3   5.1361
#         173       0.00000     16.53      2.00     3   5.1405
#         174       0.00000     10.48      2.00     3   5.1468
#         176       0.00000     10.17      1.00     4   5.1533
#         177       0.00000      7.63      1.00     2   5.1936
#         180       0.00000      6.54      1.00     2   5.2274
#         181       0.00000      4.91      1.00     4   5.2306
#         182       0.00000      7.56      2.00     3   5.2330
#         183       0.00000      7.40      1.00     2   5.2478
#         184       0.00000      8.45      2.00     3   5.2504
#         185       0.00000      6.43      1.00     2   5.2557
#         186       0.00000      6.42      1.00     2   5.2589
#         187       0.00000     15.64      2.00     3   5.2601
#         188       0.00000     15.52      2.00     3   5.2635
#         189       0.00000      9.67      1.00     4   5.2646
#         190       0.00000      9.55      1.00     4   5.2681
#         191       0.00000      4.22      1.00     4   5.2761
#         192       0.00000      7.18      1.00     2   5.3042
#         193       0.00000      7.34      2.00     3   5.3184
#         194       0.00000      7.57      2.00     3   5.3198
#         196       0.00000      6.14      1.00     2   5.3348
#         198       0.00000      6.06      1.00     2   5.3582
#         199       0.00000      4.98      2.00     3   5.3639
#         200       0.00000      6.93      1.00     2   5.3684
#         204       0.00000      5.49      2.00     3   5.3931
#         205       0.00000      6.82      2.00     3   5.4000
#         206       0.00000      5.46      2.00     4   5.4028
#         207       0.00000      5.84      1.00     2   5.4207
#         208       0.00000      6.98      2.00     3   5.4229
#         209       0.00000      5.82      1.00     2   5.4283
#         215       0.00000      4.84      2.00     3   5.4601
#         216       0.00000      6.58      1.00     2   5.4625
#         217       0.00000      7.79      2.00     3   5.4682
#         220       0.00000      5.34      2.00     3   5.4789
#         221       0.00000      5.16      2.00     3   5.4859
#         222       0.00000      5.18      2.00     3   5.4877
#         224       0.00000      4.79      2.00     4   5.5069
#         225       0.00000      5.01      2.00     4   5.5161
#         226       0.00000      6.33      1.00     2   5.5351
#         227       0.00000      4.16      2.00     3   5.5367
#         228       0.00000      5.47      1.00     2   5.5373
#         229       0.00000      5.40      1.00     2   5.5600
#         232       0.00000      7.12      2.00     3   5.5675
#         234       0.00000      5.31      1.00     2   5.5887
#         235       0.00000      5.41      2.00     3   5.6127
#         236       0.00000      5.23      1.00     2   5.6152
#         237       0.00000      5.70      2.00     3   5.6153
#         238       0.00000      4.13      2.00     3   5.6163
#         240       0.00000      8.17      2.00     3   5.6235
#         241       0.00000      4.62      2.00     3   5.6299
#         244       0.00000      4.60      2.00     3   5.6519
#         246       0.00000      5.76      2.00     3   5.6633
#         251       0.00000      4.46      2.00     3   5.6740
#         252       0.00000      5.85      1.00     2   5.6861
#         254       0.00000      4.55      2.00     3   5.6988
#         260       0.00000      4.93      1.00     2   5.7225
#         261       0.00000      5.71      1.00     2   5.7311
#         264       0.00000      4.30      2.00     3   5.7441
#         265       0.00000      5.67      1.00     2   5.7454
#         273       0.00000      4.97      2.00     3   5.8219
#         275       0.00000      5.41      2.00     3   5.8377
#         281       0.00000      4.50      2.00     3   5.8665
#         283       0.00000      5.31      1.00     2   5.8737
#         288       0.00000      5.25      1.00     2   5.8968
#         289       0.00000      5.16      2.00     3   5.8995
#         294       0.00000      5.16      1.00     2   5.9287
#         295       0.00000      5.04      2.00     3   5.9300
#         296       0.00000      4.37      2.00     3   5.9308
#         298       0.00000      8.06      2.00     3   5.9445
#         299       0.00000      5.11      1.00     2   5.9479
#         304       0.00000      4.34      1.00     2   5.9552
#         307       0.00000      8.89      2.00     3   5.9606
#         308       0.00000      5.07      1.00     2   5.9651
#         309       0.00000      4.28      1.00     2   5.9807
#         315       0.00000      4.24      1.00     4   5.9926
#   230/ 295 paths used
#  -----------------------------------------------------------------------
#       k          chi          mag           phase @#
    -0.7000   -4.905380E-01  4.956627E-01 -1.426872E+00
    -0.6500   -4.663240E-01  4.739689E-01 -1.390947E+00
    -0.6000   -4.489261E-01  4.591534E-01 -1.359337E+00
    -0.5500   -4.355877E-01  4.486472E-01 -1.328925E+00
    -0.5000   -4.259457E-01  4.417923E-01 -1.302150E+00
    -0.4500   -4.187143E-01  4.374076E-01 -1.277388E+00
    -0.4000   -4.134980E-01  4.349014E-01 -1.255761E+00
    -0.3500   -4.094112E-01  4.337123E-01 -1.234458E+00
    -0.3000   -4.064058E-01  4.333782E-01 -1.216130E+00
    -0.2500   -4.041553E-01  4.335224E-01 -1.200608E+00
    -0.2000   -4.024649E-01  4.338925E-01 -1.187851E+00
    -0.1500   -4.012981E-01  4.345269E-01 -1.177182E+00
    -0.1000   -4.005229E-01  4.351239E-01 -1.169307E+00
    -0.0500   -4.000699E-01  4.355146E-01 -1.164559E+00
     0.0000   -3.999207E-01  4.356501E-01 -1.162972E+00
     0.0500   -3.997722E-01  4.357880E-01 -1.161383E+00
     0.1000   -3.993309E-01  4.362168E-01 -1.156603E+00
     0.1500   -3.986069E-01  4.369791E-01 -1.148592E+00
     0.2000   -3.976082E-01  4.381391E-01 -1.137277E+00
     0.2500   -3.963293E-01  4.397746E-01 -1.122554E+00
     0.3000   -3.947368E-01  4.419654E-01 -1.104278E+00
     0.3500   -3.928482E-01  4.449806E-01 -1.081883E+00
     0.4000   -3.907743E-01  4.495146E-01 -1.053835E+00
     0.4500   -3.879278E-01  4.549553E-01 -1.021079E+00
     0.5000   -3.839536E-01  4.612920E-01 -9.833233E-01
     0.5500   -3.785428E-01  4.690044E-01 -9.392574E-01
     0.6000   -3.710793E-01  4.786961E-01 -8.870122E-01
     0.6500   -3.604134E-01  4.891282E-01 -8.283967E-01
     0.7000   -3.457033E-01  5.005182E-01 -7.624438E-01
     0.7500   -3.255921E-01  5.137890E-01 -6.863369E-01
     0.8000   -2.990439E-01  5.270875E-01 -6.032861E-01
     0.8500   -2.648552E-01  5.410758E-01 -5.115133E-01
     0.9000   -2.216934E-01  5.556291E-01 -4.104209E-01
     0.9500   -1.697432E-01  5.691704E-01 -3.028368E-01
     1.0000   -1.071680E-01  5.829975E-01 -1.848737E-01
     1.0500   -3.592963E-02  5.952760E-01 -6.039465E-02
     1.1000    4.320105E-02  6.061403E-01  7.133284E-02
     1.1500    1.287641E-01  6.154950E-01  2.107610E-01
     1.2000    2.161668E-01  6.221597E-01  3.548459E-01
     1.2500    3.045751E-01  6.271586E-01  5.070985E-01
     1.3000    3.870613E-01  6.289356E-01  6.629223E-01
     1.3500    4.613592E-01  6.282194E-01  8.247702E-01
     1.4000    5.220985E-01  6.243556E-01  9.903534E-01
     1.4500    5.661388E-01  6.175312E-01  1.159936E+00
     1.5000    5.907372E-01  6.077929E-01  1.333336E+00
     1.5500    5.938532E-01  5.949895E-01  1.508984E+00
     1.6000    5.756097E-01  5.796119E-01  1.688380E+00
     1.6500    5.367174E-01  5.614103E-01  1.868488E+00
     1.7000    4.795656E-01  5.411043E-01  2.052359E+00
     1.7500    4.079576E-01  5.185086E-01  2.236001E+00
     1.8000    3.256086E-01  4.941858E-01  2.422265E+00
     1.8500    2.381753E-01  4.682919E-01  2.608030E+00
     1.9000    1.487562E-01  4.410959E-01  2.797607E+00
     1.9500    6.343365E-02  4.128883E-01  2.987348E+00
     2.0000   -1.277344E-02  3.841210E-01  3.174852E+00
     2.0500   -7.688977E-02  3.551905E-01  3.359795E+00
     2.1000   -1.262925E-01  3.253319E-01  3.540266E+00
     2.1500   -1.599729E-01  2.949863E-01  3.714772E+00
     2.2000   -1.798972E-01  2.658924E-01  3.884699E+00
     2.2500   -1.878221E-01  2.382208E-01  4.049857E+00
     2.3000   -1.853054E-01  2.113903E-01  4.210349E+00
     2.3500   -1.728965E-01  1.839537E-01  4.363905E+00
     2.4000   -1.548916E-01  1.582984E-01  4.504550E+00
     2.4500   -1.344324E-01  1.349170E-01  4.627604E+00
     2.5000   -1.145109E-01  1.145240E-01  4.727508E+00
     2.5500   -9.962488E-02  9.993363E-02  4.791016E+00
     2.6000   -8.808944E-02  8.861554E-02  4.821409E+00
     2.6500   -8.105077E-02  8.159913E-02  4.828387E+00
     2.7000   -7.816957E-02  7.879168E-02  4.838136E+00
     2.7500   -7.700300E-02  7.811152E-02  4.881062E+00
     2.8000   -7.682499E-02  7.887529E-02  4.940896E+00
     2.8500   -7.685755E-02  8.061640E-02  5.018961E+00
     2.9000   -7.624790E-02  8.288678E-02  5.115349E+00
     2.9500   -7.395109E-02  8.495545E-02  5.227031E+00
     3.0000   -6.979022E-02  8.698302E-02  5.351975E+00
     3.0500   -6.344122E-02  8.892851E-02  5.488853E+00
     3.1000   -5.464876E-02  9.067343E-02  5.636306E+00
     3.1500   -4.333128E-02  9.188607E-02  5.792108E+00
     3.2000   -2.988011E-02  9.274601E-02  5.955163E+00
     3.2500   -1.460618E-02  9.328453E-02  6.125962E+00
     3.3000    1.929325E-03  9.335071E-02  6.303854E+00
     3.3500    1.870205E-02  9.278500E-02  6.486139E+00
     3.4000    3.472450E-02  9.173644E-02  6.671387E+00
     3.4500    4.925913E-02  9.030477E-02  6.860143E+00
     3.5000    6.154742E-02  8.849939E-02  7.052239E+00
     3.5500    7.087808E-02  8.622757E-02  7.248079E+00
     3.6000    7.665039E-02  8.348950E-02  7.446405E+00
     3.6500    7.871657E-02  8.045288E-02  7.645848E+00
     3.7000    7.717775E-02  7.718013E-02  7.846131E+00
     3.7500    7.224823E-02  7.361533E-02  8.047003E+00
     3.8000    6.444838E-02  6.979777E-02  8.248039E+00
     3.8500    5.463428E-02  6.597816E-02  8.449129E+00
     3.9000    4.351977E-02  6.219805E-02  8.649805E+00
     3.9500    3.177898E-02  5.847570E-02  8.850229E+00
     4.0000    1.998280E-02  5.481908E-02  9.051658E+00
     4.0500    8.762942E-03  5.135830E-02  9.253315E+00
     4.1000   -1.509453E-03  4.813188E-02  9.456144E+00
     4.1500   -1.057575E-02  4.511220E-02  9.661412E+00
     4.2000   -1.818028E-02  4.220491E-02  9.870115E+00
     4.2500   -2.421279E-02  3.955786E-02  1.008347E+01
     4.3000   -2.861065E-02  3.716875E-02  1.030323E+01
     4.3500   -3.127119E-02  3.498212E-02  1.053079E+01
     4.4000   -3.198319E-02  3.284383E-02  1.076614E+01
     4.4500   -3.094569E-02  3.094984E-02  1.101194E+01
     4.5000   -2.821345E-02  2.930662E-02  1.126957E+01
     4.5500   -2.387574E-02  2.790641E-02  1.153973E+01
     4.6000   -1.807265E-02  2.666542E-02  1.182166E+01
     4.6500   -1.119738E-02  2.572976E-02  1.211612E+01
     4.7000   -3.624959E-03  2.512551E-02  1.242159E+01
     4.7500    4.181179E-03  2.486152E-02  1.273535E+01
     4.8000    1.165120E-02  2.485915E-02  1.305418E+01
     4.8500    1.822416E-02  2.519964E-02  1.337478E+01
     4.9000    2.334825E-02  2.585644E-02  1.369306E+01
     4.9500    2.656040E-02  2.679053E-02  1.400600E+01
     5.0000    2.745516E-02  2.789293E-02  1.431457E+01
     5.0500    2.589482E-02  2.916772E-02  1.461544E+01
     5.1000    2.191160E-02  3.055240E-02  1.490821E+01
     5.1500    1.575214E-02  3.198647E-02  1.519305E+01
     5.2000    7.788392E-03  3.338102E-02  1.547247E+01
     5.2500   -1.273002E-03  3.473227E-02  1.574462E+01
     5.3000   -1.070728E-02  3.600746E-02  1.600989E+01
     5.3500   -1.977652E-02  3.718566E-02  1.626873E+01
     5.4000   -2.783128E-02  3.821021E-02  1.652391E+01
     5.4500   -3.423208E-02  3.912455E-02  1.677330E+01
     5.5000   -3.858422E-02  3.994139E-02  1.701733E+01
     5.5500   -4.066990E-02  4.067985E-02  1.725664E+01
     5.6000   -4.038775E-02  4.133543E-02  1.749330E+01
     5.6500   -3.781573E-02  4.195461E-02  1.772668E+01
     5.7000   -3.311947E-02  4.255886E-02  1.795776E+01
     5.7500   -2.652399E-02  4.315948E-02  1.818773E+01
     5.8000   -1.827273E-02  4.372615E-02  1.841843E+01
     5.8500   -8.768392E-03  4.427316E-02  1.865019E+01
     5.9000    1.537927E-03  4.477758E-02  1.888391E+01
     5.9500    1.209236E-02  4.520300E-02  1.912037E+01
     6.0000    2.223312E-02  4.547374E-02  1.936041E+01
     6.0500    3.119912E-02  4.557445E-02  1.960358E+01
     6.1000    3.826189E-02  4.546706E-02  1.984966E+01
     6.1500    4.279744E-02  4.511703E-02  2.009830E+01
     6.2000    4.438830E-02  4.450187E-02  2.034889E+01
     6.2500    4.290665E-02  4.361406E-02  2.060071E+01
     6.3000    3.855255E-02  4.246272E-02  2.085287E+01
     6.3500    3.183268E-02  4.107424E-02  2.110443E+01
     6.4000    2.348045E-02  3.949160E-02  2.135442E+01
     6.4500    1.433362E-02  3.777259E-02  2.160192E+01
     6.5000    5.238408E-03  3.600143E-02  2.184512E+01
     6.5500   -3.169262E-03  3.424052E-02  2.208384E+01
     6.6000   -1.046823E-02  3.256242E-02  2.231844E+01
     6.6500   -1.645318E-02  3.103493E-02  2.254993E+01
     6.7000   -2.108418E-02  2.970864E-02  2.278022E+01
     6.7500   -2.439315E-02  2.860980E-02  2.301212E+01
     6.8000   -2.638961E-02  2.773687E-02  2.324899E+01
     6.8500   -2.700067E-02  2.706263E-02  2.349426E+01
     6.9000   -2.606892E-02  2.654162E-02  2.375096E+01
     6.9500   -2.341288E-02  2.612067E-02  2.402131E+01
     7.0000   -1.893040E-02  2.573519E-02  2.430621E+01
     7.0500   -1.271971E-02  2.532852E-02  2.460661E+01
     7.1000   -5.187552E-03  2.487465E-02  2.492265E+01
     7.1500    2.943034E-03  2.436469E-02  2.525383E+01
     7.2000    1.070641E-02  2.380628E-02  2.559920E+01
     7.2500    1.704989E-02  2.321919E-02  2.595738E+01
     7.3000    2.103874E-02  2.262904E-02  2.632640E+01
     7.3500    2.206012E-02  2.206012E-02  2.670372E+01
     7.4000    1.997158E-02  2.152852E-02  2.708618E+01
     7.4500    1.515167E-02  2.103706E-02  2.747019E+01
     7.5000    8.382705E-03  2.054937E-02  2.785415E+01
     7.5500    8.078787E-04  2.006811E-02  2.823407E+01
     7.6000   -6.364492E-03  1.957851E-02  2.860543E+01
     7.6500   -1.213162E-02  1.905073E-02  2.896468E+01
     7.7000   -1.586543E-02  1.846033E-02  2.930849E+01
     7.7500   -1.740030E-02  1.779705E-02  2.963358E+01
     7.8000   -1.700162E-02  1.707300E-02  2.993660E+01
     7.8500   -1.522966E-02  1.632945E-02  3.021424E+01
     7.9000   -1.274202E-02  1.564082E-02  3.046378E+01
     7.9500   -1.009307E-02  1.511209E-02  3.068457E+01
     8.0000   -7.567589E-03  1.488602E-02  3.088264E+01
     8.0500   -5.159052E-03  1.506060E-02  3.106629E+01
     8.1000   -2.629496E-03  1.567398E-02  3.124737E+01
     8.1500    3.715326E-04  1.670096E-02  3.143817E+01
     8.2000    4.121023E-03  1.805278E-02  3.164623E+01
     8.2500    8.663149E-03  1.960660E-02  3.187358E+01
     8.3000    1.372172E-02  2.123307E-02  3.211858E+01
     8.3500    1.871432E-02  2.281293E-02  3.237793E+01
     8.4000    2.286703E-02  2.424438E-02  3.264803E+01
     8.4500    2.539803E-02  2.544571E-02  3.292549E+01
     8.5000    2.570851E-02  2.635051E-02  3.320792E+01
     8.5500    2.355592E-02  2.692463E-02  3.349232E+01
     8.6000    1.912953E-02  2.715393E-02  3.377582E+01
     8.6500    1.300113E-02  2.704232E-02  3.405599E+01
     8.7000    5.993972E-03  2.661678E-02  3.433038E+01
     8.7500   -1.010283E-03  2.592779E-02  3.459649E+01
     8.8000   -7.266947E-03  2.504928E-02  3.485186E+01
     8.8500   -1.231096E-02  2.407713E-02  3.509423E+01
     8.9000   -1.600875E-02  2.312486E-02  3.532216E+01
     8.9500   -1.850955E-02  2.231400E-02  3.553574E+01
     9.0000   -2.013088E-02  2.176899E-02  3.573790E+01
     9.0500   -2.116386E-02  2.157059E-02  3.593381E+01
     9.1000   -2.174184E-02  2.174189E-02  3.613049E+01
     9.1500   -2.177894E-02  2.225347E-02  3.633520E+01
     9.2000   -2.097701E-02  2.302529E-02  3.655331E+01
     9.2500   -1.893231E-02  2.394826E-02  3.678740E+01
     9.3000   -1.529894E-02  2.490680E-02  3.703768E+01
     9.3500   -9.957445E-03  2.579485E-02  3.730279E+01
     9.4000   -3.133544E-03  2.652441E-02  3.758070E+01
     9.4500    4.574078E-03  2.702870E-02  3.786916E+01
     9.5000    1.229498E-02  2.729219E-02  3.816643E+01
     9.5500    1.901926E-02  2.728519E-02  3.847039E+01
     9.6000    2.378888E-02  2.697594E-02  3.877889E+01
     9.6500    2.594788E-02  2.637236E-02  3.909025E+01
     9.7000    2.527160E-02  2.549646E-02  3.940281E+01
     9.7500    2.200735E-02  2.438238E-02  3.971495E+01
     9.8000    1.680429E-02  2.307453E-02  4.002492E+01
     9.8500    1.055444E-02  2.162577E-02  4.033085E+01
     9.9000    4.189598E-03  2.009575E-02  4.063068E+01
     9.9500   -1.510516E-03  1.854925E-02  4.092223E+01
    10.0000   -6.081528E-03  1.709264E-02  4.120447E+01
    10.0500   -9.363022E-03  1.578414E-02  4.147572E+01
    10.1000   -1.142106E-02  1.465274E-02  4.173449E+01
    10.1500   -1.250676E-02  1.375440E-02  4.198228E+01
    10.2000   -1.289421E-02  1.312622E-02  4.222321E+01
    10.2500   -1.276053E-02  1.277791E-02  4.246366E+01
    10.3000   -1.212466E-02  1.268885E-02  4.271083E+01
    10.3500   -1.086210E-02  1.281356E-02  4.297066E+01
    10.4000   -8.787199E-03  1.309323E-02  4.324657E+01
    10.4500   -5.772306E-03  1.346763E-02  4.353935E+01
    10.5000   -1.861094E-03  1.388284E-02  4.384784E+01
    10.5500    2.664945E-03  1.429444E-02  4.416983E+01
    10.6000    7.293322E-03  1.466743E-02  4.450272E+01
    10.6500    1.136419E-02  1.497486E-02  4.484390E+01
    10.7000    1.421026E-02  1.519609E-02  4.519091E+01
    10.7500    1.531452E-02  1.531554E-02  4.554154E+01
    10.8000    1.444128E-02  1.532184E-02  4.589377E+01
    10.8500    1.170290E-02  1.520759E-02  4.624576E+01
    10.9000    7.542866E-03  1.496939E-02  4.659580E+01
    10.9500    2.639621E-03  1.460833E-02  4.694220E+01
    11.0000   -2.251854E-03  1.415283E-02  4.728368E+01
    11.0500   -6.464252E-03  1.361736E-02  4.761852E+01
    11.1000   -9.505172E-03  1.299521E-02  4.794432E+01
    11.1500   -1.116000E-02  1.231040E-02  4.825893E+01
    11.2000   -1.148905E-02  1.159385E-02  4.856013E+01
    11.2500   -1.075903E-02  1.088311E-02  4.884583E+01
    11.3000   -9.333132E-03  1.022088E-02  4.911455E+01
    11.3500   -7.555902E-03  9.651575E-03  4.936622E+01
    11.4000   -5.667391E-03  9.215026E-03  4.960308E+01
    11.4500   -3.769116E-03  8.937981E-03  4.983017E+01
    11.5000   -1.846326E-03  8.826083E-03  5.005474E+01
    11.5500    1.674191E-04  8.860826E-03  5.028438E+01
    11.6000    2.310313E-03  9.003838E-03  5.052498E+01
    11.6500    4.527580E-03  9.206177E-03  5.077964E+01
    11.7000    6.646047E-03  9.417932E-03  5.104887E+01
    11.7500    8.397931E-03  9.594917E-03  5.133143E+01
    11.8000    9.486707E-03  9.702016E-03  5.162521E+01
    11.8500    9.673571E-03  9.714195E-03  5.192777E+01
    11.9000    8.855932E-03  9.616272E-03  5.223661E+01
    11.9500    7.111698E-03  9.402189E-03  5.254930E+01
    12.0000    4.696790E-03  9.089841E-03  5.286407E+01
    12.0500    1.969327E-03  8.691594E-03  5.317851E+01
    12.1000   -6.704741E-04  8.202226E-03  5.348891E+01
    12.1500   -2.870277E-03  7.643555E-03  5.379203E+01
    12.2000   -4.412543E-03  7.043646E-03  5.408407E+01
    12.2500   -5.249437E-03  6.436816E-03  5.436073E+01
    12.3000   -5.487014E-03  5.863455E-03  5.461759E+01
    12.3500   -5.325863E-03  5.368607E-03  5.485160E+01
    12.4000   -4.978966E-03  4.997297E-03  5.506355E+01
    12.4500   -4.594259E-03  4.784703E-03  5.526096E+01
    12.5000   -4.207362E-03  4.743576E-03  5.545795E+01
    12.5500   -3.739646E-03  4.857858E-03  5.567012E+01
    12.6000   -3.041724E-03  5.089367E-03  5.590809E+01
    12.6500   -1.967321E-03  5.392218E-03  5.617520E+01
    12.7000   -4.521629E-04  5.724452E-03  5.646960E+01
    12.7500    1.429683E-03  6.052908E-03  5.678712E+01
    12.8000    3.452893E-03  6.353388E-03  5.712324E+01
    12.8500    5.278800E-03  6.608968E-03  5.747385E+01
    12.9000    6.535414E-03  6.808047E-03  5.783551E+01
    12.9500    6.917134E-03  6.942703E-03  5.820531E+01
    13.0000    6.282368E-03  7.020090E-03  5.858202E+01
    13.0500    4.677367E-03  7.042991E-03  5.896395E+01
    13.1000    2.349317E-03  6.989653E-03  5.934747E+01
    13.1500   -2.787870E-04  6.857459E-03  5.973093E+01
    13.2000   -2.724246E-03  6.644921E-03  6.011269E+01
    13.2500   -4.560188E-03  6.351993E-03  6.049106E+01
    13.3000   -5.515544E-03  5.980510E-03  6.086413E+01
    13.3500   -5.531991E-03  5.534751E-03  6.122947E+01
    13.4000   -4.762900E-03  5.022154E-03  6.158377E+01
    13.4500   -3.516215E-03  4.454343E-03  6.192204E+01
    13.5000   -2.159223E-03  3.848872E-03  6.223626E+01
    13.5500   -1.013706E-03  3.232660E-03  6.251289E+01
    13.6000   -2.718922E-04  2.649207E-03  6.272904E+01
    13.6500    4.343623E-05  2.171853E-03  6.285185E+01
    13.7000    6.518618E-05  1.910923E-03  6.286597E+01
    13.7500    2.128260E-05  1.954510E-03  6.284274E+01
    13.8000    1.476610E-04  2.260161E-03  6.289723E+01
    13.8500    6.027420E-04  2.701577E-03  6.305685E+01
    13.9000    1.409882E-03  3.176371E-03  6.329176E+01
    13.9500    2.444991E-03  3.622989E-03  6.357262E+01
    14.0000    3.479512E-03  4.010769E-03  6.388209E+01
    14.0500    4.241463E-03  4.321810E-03  6.420952E+01
    14.1000    4.484855E-03  4.531729E-03  6.454660E+01
    14.1500    4.093829E-03  4.631498E-03  6.488929E+01
    14.2000    3.108833E-03  4.616922E-03  6.523471E+01
    14.2500    1.718384E-03  4.488210E-03  6.558055E+01
    14.3000    2.075736E-04  4.249712E-03  6.592458E+01
    14.3500   -1.120784E-03  3.909745E-03  6.626419E+01
    14.4000   -2.028575E-03  3.480487E-03  6.659567E+01
    14.4500   -2.404045E-03  2.978153E-03  6.691288E+01
    14.5000   -2.285110E-03  2.423980E-03  6.720411E+01
    14.5500   -1.838631E-03  1.848003E-03  6.744349E+01
    14.6000   -1.303162E-03  1.303470E-03  6.756600E+01
    14.6500   -9.133476E-04  9.199119E-04  6.742471E+01
    14.7000   -8.289668E-04  9.345515E-04  6.706430E+01
    14.7500   -1.089496E-03  1.303066E-03  6.696358E+01
    14.8000   -1.606716E-03  1.775677E-03  6.710447E+01
    14.8500   -2.196127E-03  2.238555E-03  6.734924E+01
    14.9000   -2.636335E-03  2.648498E-03  6.764012E+01
    14.9500   -2.737676E-03  2.984496E-03  6.795379E+01
    15.0000   -2.397094E-03  3.236371E-03  6.828097E+01
    15.0500   -1.624754E-03  3.399042E-03  6.861666E+01
    15.1000   -5.549668E-04  3.467705E-03  6.895431E+01
    15.1500    6.038823E-04  3.444246E-03  6.929128E+01
    15.2000    1.627900E-03  3.334212E-03  6.962511E+01
    15.2500    2.338904E-03  3.146613E-03  6.995304E+01
    15.3000    2.648915E-03  2.893786E-03  7.027149E+01
    15.3500    2.575610E-03  2.591408E-03  7.057536E+01
    15.4000    2.225859E-03  2.258845E-03  7.085694E+01
    15.4500    1.754376E-03  1.920176E-03  7.110445E+01
    15.5000    1.311754E-03  1.606199E-03  7.130099E+01
    15.5500    9.986876E-04  1.356316E-03  7.142901E+01
    15.6000    8.403548E-04  1.213035E-03  7.149131E+01
    15.6500    7.878557E-04  1.196876E-03  7.153813E+01
    15.7000    7.446699E-04  1.281866E-03  7.163676E+01
    15.7500    6.081846E-04  1.415170E-03  7.181240E+01
    15.8000    3.118789E-04  1.551159E-03  7.205419E+01
    15.8500   -1.459678E-04  1.661280E-03  7.234461E+01
    15.9000   -6.964017E-04  1.730445E-03  7.267081E+01
    15.9500   -1.218503E-03  1.752656E-03  7.302537E+01
    16.0000   -1.576580E-03  1.729006E-03  7.340438E+01
    16.0500   -1.665964E-03  1.666282E-03  7.380789E+01
    16.1000   -1.441794E-03  1.573717E-03  7.423980E+01
    16.1500   -9.381153E-04  1.465975E-03  7.470382E+01
    16.2000   -2.639810E-04  1.361467E-03  7.520309E+01
    16.2500    4.243324E-04  1.280202E-03  7.573607E+01
    16.3000    9.651161E-04  1.238808E-03  7.629140E+01
    16.3500    1.234525E-03  1.243655E-03  7.684777E+01
    16.4000    1.178642E-03  1.287338E-03  7.738290E+01
    16.4500    8.252272E-04  1.352463E-03  7.788355E+01
    16.5000    2.723205E-04  1.418992E-03  7.834671E+01
    16.5500   -3.421368E-04  1.469518E-03  7.877480E+01
    16.6000   -8.800822E-04  1.491338E-03  7.917104E+01
    16.6500   -1.240494E-03  1.476879E-03  7.953699E+01
    16.7000   -1.383224E-03  1.423794E-03  7.987132E+01
    16.7500   -1.333223E-03  1.335473E-03  8.016867E+01
    16.8000   -1.165023E-03  1.222504E-03  8.041848E+01
    16.8500   -9.732462E-04  1.105559E-03  8.060487E+01
    16.9000   -8.388464E-04  1.018728E-03  8.071399E+01
    16.9500   -8.016365E-04  1.005612E-03  8.075883E+01
    17.0000   -8.471368E-04  1.096296E-03  8.079828E+01
    17.0500   -9.117926E-04  1.283987E-03  8.089173E+01
    17.1000   -9.049993E-04  1.537897E-03  8.105225E+01
    17.1500   -7.373667E-04  1.826833E-03  8.126593E+01
    17.2000   -3.511953E-04  2.126593E-03  8.151550E+01
    17.2500    2.576709E-04  2.419249E-03  8.178812E+01
    17.3000    1.032710E-03  2.691287E-03  8.207523E+01
    17.3500    1.866198E-03  2.932419E-03  8.237123E+01
    17.4000    2.622494E-03  3.134982E-03  8.267232E+01
    17.4500    3.168620E-03  3.293642E-03  8.297580E+01
    17.5000    3.403976E-03  3.405255E-03  8.327962E+01
    17.5500    3.281664E-03  3.468757E-03  8.358214E+01
    17.6000    2.816571E-03  3.485055E-03  8.388194E+01
    17.6500    2.079144E-03  3.456895E-03  8.417769E+01
    17.7000    1.177511E-03  3.388692E-03  8.446812E+01
    17.7500    2.333382E-04  3.286322E-03  8.475194E+01
    17.8000   -6.422128E-04  3.156877E-03  8.502786E+01
    17.8500   -1.366810E-03  3.008374E-03  8.529463E+01
    17.9000   -1.896104E-03  2.849422E-03  8.555108E+01
    17.9500   -2.223028E-03  2.688798E-03  8.579635E+01
    18.0000   -2.370277E-03  2.535449E-03  8.603085E+01
    18.0500   -2.374275E-03  2.396938E-03  8.625618E+01
    18.1000   -2.270631E-03  2.277605E-03  8.647208E+01
    18.1500   -2.091699E-03  2.181169E-03  8.668121E+01
    18.2000   -1.857215E-03  2.108696E-03  8.688717E+01
    18.2500   -1.574303E-03  2.058590E-03  8.709394E+01
    18.3000   -1.241826E-03  2.027080E-03  8.730523E+01
    18.3500   -8.570487E-04  2.009065E-03  8.752387E+01
    18.4000   -4.223478E-04  1.999045E-03  8.775172E+01
    18.4500    4.989891E-05  1.991869E-03  8.798965E+01
    18.5000    5.353518E-04  1.983199E-03  8.823793E+01
    18.5500    9.989367E-04  1.969691E-03  8.849647E+01
    18.6000    1.398823E-03  1.948997E-03  8.876511E+01
    18.6500    1.692286E-03  1.919664E-03  8.904374E+01
    18.7000    1.842411E-03  1.881019E-03  8.933243E+01
    18.7500    1.824609E-03  1.833068E-03  8.963150E+01
    18.8000    1.631978E-03  1.776440E-03  8.994146E+01
    18.8500    1.278646E-03  1.712369E-03  9.026308E+01
    18.9000    8.003670E-04  1.642718E-03  9.059728E+01
    18.9500    2.518665E-04  1.570002E-03  9.094507E+01
    19.0000   -2.993312E-04  1.498141E-03  9.130734E+01
    19.0500   -7.826345E-04  1.432279E-03  9.168428E+01
    19.1000   -1.133040E-03  1.374508E-03  9.207519E+01
    19.1500   -1.302442E-03  1.328587E-03  9.247827E+01
    19.2000   -1.268137E-03  1.297481E-03  9.289007E+01
    19.2500   -1.037444E-03  1.282698E-03  9.330567E+01
    19.3000   -6.471982E-04  1.283838E-03  9.371943E+01
    19.3500   -1.578340E-04  1.298601E-03  9.412594E+01
    19.4000    3.570016E-04  1.323254E-03  9.452096E+01
    19.4500    8.232700E-04  1.353387E-03  9.490170E+01
    19.5000    1.179109E-03  1.384687E-03  9.526668E+01
    19.5500    1.384442E-03  1.413550E-03  9.561528E+01
    19.6000    1.425599E-03  1.437496E-03  9.594732E+01
    19.6500    1.314160E-03  1.455415E-03  9.626280E+01
    19.7000    1.080670E-03  1.467683E-03  9.656177E+01
    19.7500    7.651538E-04  1.476153E-03  9.684446E+01
    19.8000    4.071256E-04  1.484004E-03  9.711147E+01
    19.8500    3.777744E-05  1.495397E-03  9.736411E+01
    19.9000   -3.237215E-04  1.514892E-03  9.760473E+01
    19.9500   -6.691533E-04  1.546662E-03  9.783680E+01