# # tequil.ion_motion                                            FEFF 9.05   
# # POT  SCF  30  5.5000   1, core-hole, AFOLP (folp(0)= 1.150)
# # Abs   Z=30 Rmt= 1.328 Rnm= 1.428 K  shell
# # Pot 1 Z=26 Rmt= 1.306 Rnm= 1.406
# # Pot 2 Z= 8 Rmt= 0.987 Rnm= 1.099
# # Gam_ch=1.897E+00 H-L exch
# # Mu=-1.170E+01 kf=2.142E+00 Vint=-1.782E+01 Rs_int= 1.693
# # PATH  Rmax= 8.500,  Keep_limit= 0.00, Heap_limit 0.00  Pwcrit= 2.50%
#  S02=1.000                                        Global_sig2= 0.00000
#  Energy zero shift, vr, vi   -2.00000E+00   0.00000E+00
#  Curved wave amplitude ratio filter   4.000%
#     file         sig2 tot  cw amp ratio   deg  nlegs   reff  inp sig2
#           1       0.00000    100.00      1.00     2   1.9702
#           2       0.00000     93.16      1.00     2   2.0231
#           3       0.00000     85.87      1.00     2   2.0857
#           4       0.00000     84.51      1.00     2   2.0982
#           5       0.00000     61.41      1.00     2   2.3640
#           6       0.00000     51.32      1.00     2   2.5271
#           7       0.00000     32.95      1.00     2   2.9259
#           8       0.00000     32.50      1.00     2   2.9434
#           9       0.00000     30.90      1.00     2   3.0073
#          10       0.00000     28.75      1.00     2   3.1003
#          11       0.00000     25.13      1.00     2   3.2802
#          12       0.00000     24.92      1.00     2   3.2918
#          13       0.00000     24.20      1.00     2   3.3324
#          14       0.00000     23.73      1.00     2   3.3487
#          15       0.00000     14.66      2.00     3   3.4195
#          16       0.00000     11.89      2.00     3   3.4530
#          17       0.00000     11.88      2.00     3   3.4724
#          18       0.00000     21.23      1.00     2   3.4844
#          19       0.00000     10.97      2.00     3   3.5034
#          20       0.00000     41.22      2.00     2   3.5211
#          21       0.00000     20.46      1.00     2   3.5303
#          22       0.00000     10.27      2.00     3   3.5352
#          23       0.00000     12.39      2.00     3   3.5385
#          24       0.00000     11.24      2.00     3   3.5516
#          25       0.00000     12.99      2.00     3   3.5729
#          26       0.00000     20.38      1.00     2   3.5762
#          27       0.00000     10.04      2.00     3   3.5869
#          28       0.00000     19.55      1.00     2   3.5874
#          29       0.00000      7.54      2.00     3   3.6156
#          30       0.00000     16.26      2.00     3   3.6296
#          31       0.00000     10.59      2.00     3   3.6369
#          32       0.00000     11.29      2.00     3   3.6620
#          33       0.00000      6.76      2.00     3   3.6679
#          34       0.00000     14.37      2.00     3   3.6988
#          35       0.00000     18.64      1.00     2   3.7080
#          36       0.00000     12.41      2.00     3   3.7130
#          37       0.00000     18.21      1.00     2   3.7426
#          38       0.00000     17.13      1.00     2   3.7586
#          39       0.00000      8.23      2.00     3   3.7752
#          40       0.00000      6.83      2.00     3   3.7799
#          41       0.00000      7.78      2.00     3   3.7804
#          42       0.00000      6.49      2.00     3   3.7928
#          43       0.00000     16.42      2.00     3   3.8025
#          44       0.00000     17.45      1.00     2   3.8073
#          45       0.00000      6.89      2.00     3   3.8450
#          46       0.00000     15.79      1.00     2   3.8666
#          47       0.00000     16.56      1.00     2   3.8878
#          48       0.00000      7.14      1.00     4   3.8955
#          49       0.00000     16.23      2.00     3   3.9190
#          50       0.00000     16.03      1.00     2   3.9379
#          51       0.00000     11.43      1.00     4   3.9404
#          52       0.00000      4.86      1.00     4   3.9673
#          53       0.00000     13.90      2.00     3   3.9760
#          54       0.00000     14.47      1.00     2   3.9853
#          56       0.00000     25.53      2.00     3   4.0003
#          57       0.00000      6.16      1.00     4   4.0188
#          58       0.00000      5.51      1.00     4   4.0287
#          59       0.00000     13.12      2.00     3   4.0365
#          60       0.00000      5.41      1.00     4   4.0455
#          61       0.00000      9.84      1.00     4   4.0462
#          62       0.00000     26.83      2.00     4   4.0559
#          63       0.00000      4.29      1.00     4   4.0652
#          65       0.00000      5.74      1.00     4   4.0809
#          66       0.00000      6.80      1.00     4   4.0955
#          67       0.00000      9.15      2.00     3   4.1138
#          68       0.00000      8.12      2.00     3   4.1186
#          70       0.00000      8.80      2.00     3   4.1275
#          71       0.00000      4.12      1.00     4   4.1459
#          72       0.00000      8.44      2.00     3   4.1564
#          73       0.00000      6.15      1.00     4   4.1598
#          74       0.00000      4.84      1.00     4   4.1665
#          75       0.00000      8.30      1.00     4   4.1714
#          76       0.00000     11.82      2.00     3   4.1886
#          77       0.00000      8.02      1.00     4   4.1965
#          78       0.00000      7.72      2.00     3   4.2104
#          79       0.00000      7.97      2.00     3   4.2293
#          81       0.00000      7.13      2.00     3   4.2453
#          82       0.00000     11.93      1.00     2   4.2587
#          83       0.00000      4.86      1.00     4   4.2657
#          84       0.00000     11.83      1.00     2   4.2701
#          85       0.00000      8.13      2.00     3   4.2965
#          86       0.00000      9.32      2.00     3   4.3022
#          87       0.00000     11.54      1.00     2   4.3072
#          88       0.00000     10.99      1.00     2   4.3784
#          89       0.00000      6.32      2.00     3   4.3807
#          90       0.00000     16.10      2.00     3   4.3815
#          91       0.00000      6.52      2.00     3   4.4186
#          92       0.00000      8.22      2.00     3   4.4316
#          94       0.00000     10.48      1.00     2   4.4497
#          95       0.00000     10.40      1.00     2   4.4608
#          96       0.00000     22.12      2.00     3   4.4623
#          97       0.00000     14.58      2.00     4   4.4623
#          98       0.00000     10.15      1.00     2   4.4974
#          99       0.00000     16.17      2.00     3   4.4975
#         100       0.00000     10.00      1.00     2   4.5198
#         101       0.00000      9.96      1.00     2   4.5263
#         102       0.00000     13.51      1.00     4   4.5463
#         103       0.00000     15.75      2.00     4   4.5502
#         104       0.00000     21.69      2.00     3   4.5896
#         105       0.00000      5.11      2.00     3   4.5984
#         106       0.00000      4.12      2.00     3   4.6103
#         107       0.00000      5.67      2.00     3   4.6176
#         108       0.00000      9.34      2.00     3   4.6230
#         110       0.00000     15.92      2.00     3   4.6337
#         112       0.00000     12.97      2.00     3   4.6446
#         113       0.00000      9.19      1.00     2   4.6498
#         115       0.00000      7.69      2.00     3   4.6523
#         116       0.00000     13.61      1.00     4   4.6528
#         117       0.00000      9.13      1.00     2   4.6598
#         118       0.00000      9.06      1.00     2   4.6713
#         120       0.00000      8.91      1.00     2   4.6972
#         121       0.00000     20.72      2.00     3   4.6997
#         122       0.00000      8.87      1.00     2   4.7039
#         123       0.00000      6.78      2.00     3   4.7072
#         124       0.00000     12.16      2.00     3   4.7183
#         125       0.00000      4.17      1.00     4   4.7281
#         126       0.00000      6.22      2.00     3   4.7342
#         128       0.00000      8.66      1.00     2   4.7406
#         129       0.00000      6.20      2.00     3   4.7411
#         130       0.00000     13.01      1.00     4   4.7497
#         131       0.00000      8.54      1.00     2   4.7638
#         132       0.00000      4.21      2.00     3   4.7697
#         133       0.00000      8.73      1.00     4   4.7699
#         134       0.00000      5.99      2.00     3   4.7820
#         135       0.00000      8.03      2.00     3   4.7983
#         137       0.00000     12.06      2.00     3   4.8344
#         138       0.00000      6.99      2.00     3   4.8389
#         139       0.00000      6.37      1.00     4   4.8395
#         143       0.00000      5.91      2.00     3   4.8857
#         144       0.00000      6.24      2.00     4   4.8961
#         145       0.00000      9.86      2.00     3   4.8972
#         146       0.00000      8.97      1.00     2   4.9054
#         147       0.00000      7.78      1.00     2   4.9124
#         148       0.00000     10.03      2.00     3   4.9136
#         150       0.00000      5.88      1.00     4   4.9167
#         152       0.00000     10.78      2.00     3   4.9489
#         153       0.00000      8.72      1.00     2   4.9550
#         154       0.00000      7.68      2.00     3   4.9631
#         155       0.00000      8.15      2.00     3   4.9782
#         157       0.00000      8.85      2.00     3   4.9836
#         158       0.00000      7.36      1.00     2   5.0010
#         159       0.00000     11.77      2.00     3   5.0021
#         160       0.00000      6.08      1.00     4   5.0090
#         161       0.00000      7.31      1.00     2   5.0131
#         162       0.00000     19.42      2.00     3   5.0149
#         164       0.00000     12.98      1.00     4   5.0167
#         165       0.00000      6.91      2.00     3   5.0293
#         169       0.00000      8.27      1.00     2   5.0520
#         171       0.00000      9.59      2.00     3   5.0814
#         172       0.00000      5.81      1.00     4   5.0989
#         173       0.00000      4.51      1.00     4   5.1230
#         174       0.00000      5.34      2.00     4   5.1234
#         175       0.00000      4.62      1.00     4   5.1300
#         176       0.00000      7.91      1.00     2   5.1312
#         177       0.00000      5.33      1.00     4   5.1340
#         180       0.00000      6.53      1.00     2   5.1987
#         181       0.00000      4.70      1.00     4   5.2078
#         182       0.00000      6.48      1.00     2   5.2114
#         184       0.00000     15.28      2.00     3   5.2169
#         186       0.00000      7.52      1.00     2   5.2242
#         188       0.00000      6.26      2.00     3   5.2283
#         189       0.00000      6.34      2.00     3   5.2327
#         190       0.00000      9.31      1.00     4   5.2352
#         191       0.00000      8.95      2.00     3   5.2526
#         193       0.00000      6.70      2.00     3   5.2556
#         194       0.00000      5.52      2.00     3   5.2671
#         196       0.00000      7.31      1.00     2   5.2769
#         198       0.00000      6.16      1.00     2   5.2973
#         199       0.00000      5.97      2.00     3   5.3144
#         200       0.00000      8.74      2.00     3   5.3213
#         201       0.00000      4.05      2.00     3   5.3725
#         202       0.00000      4.42      1.00     4   5.3740
#         203       0.00000      6.73      2.00     3   5.3771
#         205       0.00000      5.85      1.00     2   5.3856
#         206       0.00000     13.89      2.00     3   5.3915
#         207       0.00000      8.40      1.00     4   5.3974
#         209       0.00000      6.95      2.00     3   5.4037
#         211       0.00000      5.77      1.00     2   5.4112
#         213       0.00000      4.14      1.00     4   5.4184
#         214       0.00000      5.93      2.00     3   5.4356
#         215       0.00000      5.66      1.00     2   5.4427
#         216       0.00000      6.68      1.00     2   5.4441
#         217       0.00000      6.55      2.00     3   5.4489
#         218       0.00000      6.60      1.00     2   5.4688
#         219       0.00000      6.53      1.00     2   5.4897
#         220       0.00000      5.24      2.00     4   5.4908
#         222       0.00000      6.48      1.00     2   5.5031
#         225       0.00000      6.42      1.00     2   5.5214
#         226       0.00000      6.28      2.00     3   5.5212
#         228       0.00000      5.35      1.00     2   5.5402
#         230       0.00000      8.46      2.00     3   5.5481
#         231       0.00000      6.32      1.00     2   5.5523
#         232       0.00000      5.11      2.00     4   5.5535
#         233       0.00000      5.88      2.00     3   5.5624
#         234       0.00000      4.28      2.00     4   5.5701
#         236       0.00000      5.05      2.00     3   5.5845
#         237       0.00000      7.55      2.00     3   5.6024
#         238       0.00000      5.29      2.00     3   5.6057
#         240       0.00000      5.15      1.00     2   5.6071
#         241       0.00000      4.08      2.00     3   5.6071
#         242       0.00000      5.71      2.00     3   5.6161
#         244       0.00000      4.87      2.00     4   5.6193
#         245       0.00000      6.26      2.00     3   5.6263
#         248       0.00000      4.99      2.00     3   5.6284
#         249       0.00000      6.88      2.00     3   5.6414
#         250       0.00000      4.00      2.00     4   5.6442
#         251       0.00000      4.04      2.00     3   5.6450
#         253       0.00000      6.21      2.00     3   5.6571
#         254       0.00000      5.01      1.00     2   5.6581
#         255       0.00000      4.43      2.00     4   5.6731
#         257       0.00000      6.41      2.00     3   5.6793
#         258       0.00000      4.94      1.00     2   5.6810
#         261       0.00000      4.29      2.00     3   5.7127
#         263       0.00000      4.20      2.00     4   5.7127
#         264       0.00000      4.46      2.00     3   5.7141
#         266       0.00000      4.83      1.00     2   5.7244
#         268       0.00000      4.77      1.00     2   5.7461
#         270       0.00000      5.33      2.00     3   5.7593
#         275       0.00000      4.15      2.00     3   5.7862
#         277       0.00000      5.13      2.00     3   5.7939
#         280       0.00000      4.64      1.00     2   5.7955
#         283       0.00000      5.56      1.00     2   5.7987
#         287       0.00000      5.02      2.00     3   5.8287
#         288       0.00000      4.55      1.00     2   5.8295
#         289       0.00000      9.73      2.00     3   5.8294
#         291       0.00000      5.43      1.00     2   5.8458
#         294       0.00000      4.81      1.00     4   5.8601
#         298       0.00000      5.31      1.00     2   5.8899
#         301       0.00000      4.43      2.00     3   5.8933
#         302       0.00000      5.30      1.00     2   5.8951
#         307       0.00000      5.21      1.00     2   5.9274
#         309       0.00000      8.31      2.00     3   5.9436
#         311       0.00000      4.27      1.00     2   5.9478
#         313       0.00000      5.14      1.00     2   5.9535
#         314       0.00000      4.25      1.00     2   5.9569
#         315       0.00000      5.13      1.00     2   5.9584
#         316       0.00000      4.12      2.00     3   5.9604
#         318       0.00000      5.12      1.00     2   5.9620
#         319       0.00000      4.77      2.00     3   5.9665
#         320       0.00000      6.02      2.00     5   5.9705
#         322       0.00000      5.58      2.00     3   5.9778
#   241/ 302 paths used
#  -----------------------------------------------------------------------
#       k          chi          mag           phase @#
    -0.7000   -8.188859E-01  8.227845E-01 -1.668182E+00
    -0.6500   -7.734675E-01  7.737212E-01 -1.545186E+00
    -0.6000   -7.237627E-01  7.297010E-01 -1.443131E+00
    -0.5500   -6.741219E-01  6.902364E-01 -1.354289E+00
    -0.5000   -6.292802E-01  6.564674E-01 -1.281994E+00
    -0.4500   -5.895021E-01  6.273998E-01 -1.221447E+00
    -0.4000   -5.561018E-01  6.030555E-01 -1.173577E+00
    -0.3500   -5.275442E-01  5.828104E-01 -1.131786E+00
    -0.3000   -5.044945E-01  5.662753E-01 -1.099322E+00
    -0.2500   -4.862657E-01  5.530237E-01 -1.074360E+00
    -0.2000   -4.722278E-01  5.426883E-01 -1.055535E+00
    -0.1500   -4.616696E-01  5.351154E-01 -1.040679E+00
    -0.1000   -4.543758E-01  5.299286E-01 -1.030251E+00
    -0.0500   -4.501203E-01  5.268892E-01 -1.024198E+00
     0.0000   -4.487219E-01  5.258882E-01 -1.022214E+00
     0.0500   -4.473334E-01  5.248932E-01 -1.020246E+00
     0.1000   -4.432280E-01  5.219449E-01 -1.014441E+00
     0.1500   -4.365838E-01  5.171527E-01 -1.005084E+00
     0.2000   -4.276936E-01  5.106996E-01 -9.926299E-01
     0.2500   -4.169553E-01  5.028422E-01 -9.776696E-01
     0.3000   -4.048557E-01  4.939092E-01 -9.608814E-01
     0.3500   -3.919570E-01  4.844710E-01 -9.425189E-01
     0.4000   -3.789081E-01  4.755732E-01 -9.218810E-01
     0.4500   -3.662582E-01  4.672044E-01 -9.009802E-01
     0.5000   -3.544860E-01  4.599302E-01 -8.799999E-01
     0.5500   -3.440251E-01  4.548238E-01 -8.577797E-01
     0.6000   -3.350398E-01  4.531398E-01 -8.321402E-01
     0.6500   -3.270139E-01  4.542328E-01 -8.036954E-01
     0.7000   -3.193622E-01  4.587235E-01 -7.700870E-01
     0.7500   -3.108960E-01  4.678449E-01 -7.268618E-01
     0.8000   -2.999167E-01  4.797388E-01 -6.753451E-01
     0.8500   -2.846390E-01  4.950059E-01 -6.126304E-01
     0.9000   -2.625921E-01  5.132836E-01 -5.370373E-01
     0.9500   -2.319425E-01  5.324107E-01 -4.507555E-01
     1.0000   -1.898047E-01  5.533909E-01 -3.500927E-01
     1.0500   -1.357536E-01  5.737601E-01 -2.388685E-01
     1.1000   -6.917322E-02  5.932374E-01 -1.168688E-01
     1.1500    9.697545E-03  6.113481E-01  1.586322E-02
     1.2000    9.723129E-02  6.263944E-01  1.558540E-01
     1.2500    1.924644E-01  6.393122E-01  3.057926E-01
     1.3000    2.882489E-01  6.480581E-01  4.609384E-01
     1.3500    3.812860E-01  6.533884E-01  6.230957E-01
     1.4000    4.647180E-01  6.543891E-01  7.897190E-01
     1.4500    5.337342E-01  6.512443E-01  9.606438E-01
     1.5000    5.839300E-01  6.440264E-01  1.135361E+00
     1.5500    6.115502E-01  6.325962E-01  1.312125E+00
     1.6000    6.157951E-01  6.177032E-01  1.492174E+00
     1.6500    5.959676E-01  5.990488E-01  1.672265E+00
     1.7000    5.544963E-01  5.776831E-01  1.855081E+00
     1.7500    4.945121E-01  5.535118E-01  2.036717E+00
     1.8000    4.201370E-01  5.274388E-01  2.220008E+00
     1.8500    3.368454E-01  4.996848E-01  2.401826E+00
     1.9000    2.480680E-01  4.706518E-01  2.586440E+00
     1.9500    1.598373E-01  4.407222E-01  2.770460E+00
     2.0000    7.741134E-02  4.104261E-01  2.951844E+00
     2.0500    4.151271E-03  3.801612E-01  3.130673E+00
     2.1000   -5.711985E-02  3.489601E-01  3.306018E+00
     2.1500   -1.043717E-01  3.170566E-01  3.477038E+00
     2.2000   -1.380147E-01  2.861599E-01  3.644870E+00
     2.2500   -1.586990E-01  2.562735E-01  3.809388E+00
     2.3000   -1.668757E-01  2.267154E-01  3.968821E+00
     2.3500   -1.620932E-01  1.961469E-01  4.114253E+00
     2.4000   -1.489046E-01  1.672048E-01  4.240150E+00
     2.4500   -1.311002E-01  1.409018E-01  4.337195E+00
     2.5000   -1.129270E-01  1.188191E-01  4.396149E+00
     2.5500   -1.015825E-01  1.055045E-01  4.438868E+00
     2.6000   -9.292388E-02  9.602400E-02  4.457595E+00
     2.6500   -8.787137E-02  9.064661E-02  4.464302E+00
     2.7000   -8.654651E-02  8.898024E-02  4.477966E+00
     2.7500   -8.704686E-02  8.856006E-02  4.527264E+00
     2.8000   -8.845472E-02  8.909002E-02  4.592894E+00
     2.8500   -9.009088E-02  9.016227E-02  4.672593E+00
     2.9000   -9.130489E-02  9.142789E-02  4.764266E+00
     2.9500   -9.144232E-02  9.248298E-02  4.862546E+00
     3.0000   -9.041307E-02  9.344636E-02  4.967878E+00
     3.0500   -8.806983E-02  9.433708E-02  5.078950E+00
     3.1000   -8.435808E-02  9.519276E-02  5.194147E+00
     3.1500   -7.943229E-02  9.615194E-02  5.311012E+00
     3.2000   -7.325908E-02  9.735695E-02  5.431367E+00
     3.2500   -6.560129E-02  9.876155E-02  5.556710E+00
     3.3000   -5.632428E-02  1.003185E-01  5.687043E+00
     3.3500   -4.538833E-02  1.021811E-01  5.822910E+00
     3.4000   -3.255329E-02  1.043339E-01  5.965877E+00
     3.4500   -1.769334E-02  1.065539E-01  6.116362E+00
     3.5000   -9.299359E-04  1.086991E-01  6.274630E+00
     3.5500    1.739075E-02  1.107142E-01  6.440916E+00
     3.6000    3.661179E-02  1.124608E-01  6.614780E+00
     3.6500    5.570128E-02  1.136798E-01  6.795257E+00
     3.7000    7.345496E-02  1.142369E-01  6.981602E+00
     3.7500    8.861551E-02  1.140267E-01  7.173305E+00
     3.8000    9.998334E-02  1.129865E-01  7.369494E+00
     3.8500    1.065884E-01  1.110824E-01  7.568561E+00
     3.9000    1.079231E-01  1.083109E-01  7.769337E+00
     3.9500    1.040530E-01  1.047678E-01  7.970861E+00
     4.0000    9.554234E-02  1.005869E-01  8.172027E+00
     4.0500    8.320883E-02  9.571455E-02  8.370905E+00
     4.1000    6.834601E-02  9.028739E-02  8.566094E+00
     4.1500    5.241936E-02  8.452160E-02  8.755794E+00
     4.2000    3.684011E-02  7.870928E-02  8.937692E+00
     4.2500    2.251360E-02  7.294166E-02  9.111002E+00
     4.3000    1.008529E-02  6.742197E-02  9.274630E+00
     4.3500   -1.913395E-04  6.238699E-02  9.427845E+00
     4.4000   -8.465647E-03  5.812983E-02  9.570931E+00
     4.4500   -1.524863E-02  5.457335E-02  9.707963E+00
     4.5000   -2.101226E-02  5.170732E-02  9.843255E+00
     4.5500   -2.613471E-02  4.944683E-02  9.981660E+00
     4.6000   -3.082781E-02  4.771623E-02  1.012720E+01
     4.6500   -3.490243E-02  4.611125E-02  1.028336E+01
     4.7000   -3.796556E-02  4.438831E-02  1.045092E+01
     4.7500   -3.954138E-02  4.235783E-02  1.062885E+01
     4.8000   -3.932749E-02  3.998269E-02  1.081429E+01
     4.8500   -3.704496E-02  3.704621E-02  1.100379E+01
     4.9000   -3.289362E-02  3.353900E-02  1.119207E+01
     4.9500   -2.747637E-02  2.953688E-02  1.137131E+01
     5.0000   -2.179490E-02  2.528988E-02  1.152756E+01
     5.0500   -1.675143E-02  2.098133E-02  1.164174E+01
     5.1000   -1.321726E-02  1.709269E-02  1.168239E+01
     5.1500   -1.169591E-02  1.439356E-02  1.161781E+01
     5.2000   -1.226597E-02  1.384967E-02  1.147848E+01
     5.2500   -1.427487E-02  1.544752E-02  1.138773E+01
     5.3000   -1.673520E-02  1.828988E-02  1.141087E+01
     5.3500   -1.848489E-02  2.143912E-02  1.152677E+01
     5.4000   -1.852944E-02  2.438488E-02  1.170325E+01
     5.4500   -1.619348E-02  2.669463E-02  1.191457E+01
     5.5000   -1.147152E-02  2.814760E-02  1.214660E+01
     5.5500   -5.010792E-03  2.861702E-02  1.239037E+01
     5.6000    2.070812E-03  2.813889E-02  1.264003E+01
     5.6500    8.423067E-03  2.664101E-02  1.288806E+01
     5.7000    1.285504E-02  2.418047E-02  1.312689E+01
     5.7500    1.466451E-02  2.088957E-02  1.334457E+01
     5.8000    1.389901E-02  1.709206E-02  1.351597E+01
     5.8500    1.126874E-02  1.318948E-02  1.359071E+01
     5.9000    8.039995E-03  1.019895E-02  1.347444E+01
     5.9500    5.681252E-03  9.935344E-03  1.317510E+01
     6.0000    5.663216E-03  1.298473E-02  1.301768E+01
     6.0500    8.519295E-03  1.755869E-02  1.307295E+01
     6.1000    1.404776E-02  2.247880E-02  1.324142E+01
     6.1500    2.126790E-02  2.718774E-02  1.346466E+01
     6.2000    2.862651E-02  3.136771E-02  1.371600E+01
     6.2500    3.439008E-02  3.480650E-02  1.398233E+01
     6.3000    3.709226E-02  3.735700E-02  1.425629E+01
     6.3500    3.591514E-02  3.892560E-02  1.453304E+01
     6.4000    3.089936E-02  3.947012E-02  1.480872E+01
     6.4500    2.292507E-02  3.900150E-02  1.507963E+01
     6.5000    1.337585E-02  3.770141E-02  1.534528E+01
     6.5500    3.965024E-03  3.563765E-02  1.559647E+01
     6.6000   -3.859859E-03  3.299727E-02  1.582521E+01
     6.6500   -9.305248E-03  3.008825E-02  1.602238E+01
     6.7000   -1.238340E-02  2.733765E-02  1.617807E+01
     6.7500   -1.384054E-02  2.528768E-02  1.628713E+01
     6.8000   -1.486772E-02  2.448850E-02  1.636041E+01
     6.8500   -1.668046E-02  2.524438E-02  1.642979E+01
     6.9000   -2.009080E-02  2.741649E-02  1.653039E+01
     6.9500   -2.519843E-02  3.053831E-02  1.667842E+01
     7.0000   -3.144227E-02  3.418232E-02  1.687564E+01
     7.0500   -3.728970E-02  3.783247E-02  1.710916E+01
     7.1000   -4.096624E-02  4.113010E-02  1.736805E+01
     7.1500   -4.093582E-02  4.384354E-02  1.764500E+01
     7.2000   -3.630445E-02  4.581323E-02  1.793475E+01
     7.2500   -2.712184E-02  4.693796E-02  1.823350E+01
     7.3000   -1.444005E-02  4.716600E-02  1.853841E+01
     7.3500   -1.088594E-04  4.648908E-02  1.884721E+01
     7.4000    1.363970E-02  4.493771E-02  1.915795E+01
     7.4500    2.470740E-02  4.257690E-02  1.946865E+01
     7.5000    3.166124E-02  3.955031E-02  1.977774E+01
     7.5500    3.389121E-02  3.593458E-02  2.008150E+01
     7.6000    3.182122E-02  3.185321E-02  2.037553E+01
     7.6500    2.673747E-02  2.748134E-02  2.065355E+01
     7.7000    2.037369E-02  2.302998E-02  2.090539E+01
     7.7500    1.443002E-02  1.876754E-02  2.111406E+01
     7.8000    1.013420E-02  1.506502E-02  2.125330E+01
     7.8500    7.962567E-03  1.244523E-02  2.129690E+01
     7.9000    7.589890E-03  1.144931E-02  2.126645E+01
     7.9500    8.070722E-03  1.210908E-02  2.126164E+01
     8.0000    8.220198E-03  1.382274E-02  2.135427E+01
     8.0500    6.939402E-03  1.587588E-02  2.153877E+01
     8.1000    3.629706E-03  1.781199E-02  2.178593E+01
     8.1500   -1.594259E-03  1.940536E-02  2.207340E+01
     8.2000   -7.938858E-03  2.055141E-02  2.238776E+01
     8.2500   -1.414926E-02  2.121494E-02  2.272125E+01
     8.3000   -1.885961E-02  2.140434E-02  2.306936E+01
     8.3500   -2.097181E-02  2.115746E-02  2.342938E+01
     8.4000   -1.995494E-02  2.053242E-02  2.379968E+01
     8.4500   -1.598385E-02  1.960054E-02  2.417918E+01
     8.5000   -9.915185E-03  1.844025E-02  2.456504E+01
     8.5500   -3.003270E-03  1.712058E-02  2.495641E+01
     8.6000    3.432446E-03  1.571268E-02  2.535297E+01
     8.6500    8.295640E-03  1.428089E-02  2.575256E+01
     8.7000    1.096635E-02  1.287645E-02  2.615188E+01
     8.7500    1.139288E-02  1.153565E-02  2.654604E+01
     8.8000    1.002296E-02  1.028135E-02  2.692820E+01
     8.8500    7.607278E-03  9.129136E-03  2.728929E+01
     8.9000    4.942966E-03  8.099137E-03  2.761788E+01
     8.9500    2.636980E-03  7.232481E-03  2.790113E+01
     9.0000    9.640900E-04  6.616998E-03  2.812811E+01
     9.0500   -1.830715E-04  6.367840E-03  2.830309E+01
     9.1000   -1.174643E-03  6.576553E-03  2.845391E+01
     9.1500   -2.451009E-03  7.253593E-03  2.861902E+01
     9.2000   -4.327297E-03  8.314208E-03  2.882174E+01
     9.2500   -6.840140E-03  9.633794E-03  2.906385E+01
     9.3000   -9.691682E-03  1.109352E-02  2.933696E+01
     9.3500   -1.230741E-02  1.259362E-02  2.963153E+01
     9.4000   -1.398877E-02  1.405197E-02  2.994001E+01
     9.4500   -1.411308E-02  1.540079E-02  3.025697E+01
     9.5000   -1.232895E-02  1.660775E-02  3.057934E+01
     9.5500   -8.631905E-03  1.762704E-02  3.090418E+01
     9.6000   -3.425734E-03  1.840829E-02  3.122874E+01
     9.6500    2.553928E-03  1.893123E-02  3.155124E+01
     9.7000    8.419175E-03  1.918826E-02  3.187015E+01
     9.7500    1.332832E-02  1.918474E-02  3.218398E+01
     9.8000    1.666123E-02  1.893901E-02  3.249122E+01
     9.8500    1.812668E-02  1.848200E-02  3.279032E+01
     9.9000    1.777938E-02  1.785645E-02  3.307967E+01
     9.9500    1.595126E-02  1.711548E-02  3.335769E+01
    10.0000    1.314623E-02  1.634993E-02  3.362344E+01
    10.0500    9.845193E-03  1.562490E-02  3.387584E+01
    10.1000    6.413487E-03  1.497983E-02  3.411508E+01
    10.1500    3.072365E-03  1.447036E-02  3.434357E+01
    10.2000   -1.140449E-04  1.413197E-02  3.456559E+01
    10.2500   -3.174233E-03  1.397232E-02  3.478670E+01
    10.3000   -6.138767E-03  1.396980E-02  3.501248E+01
    10.3500   -8.959646E-03  1.407952E-02  3.524729E+01
    10.4000   -1.146964E-02  1.424410E-02  3.549357E+01
    10.4500   -1.339642E-02  1.440469E-02  3.575194E+01
    10.5000   -1.442685E-02  1.450919E-02  3.602173E+01
    10.5500   -1.429978E-02  1.451686E-02  3.630147E+01
    10.6000   -1.289637E-02  1.439996E-02  3.658937E+01
    10.6500   -1.029796E-02  1.414374E-02  3.688358E+01
    10.7000   -6.792189E-03  1.374529E-02  3.718226E+01
    10.7500   -2.824345E-03  1.321203E-02  3.748368E+01
    10.8000    1.092057E-03  1.255993E-02  3.778617E+01
    10.8500    4.479919E-03  1.181172E-02  3.808813E+01
    10.9000    6.989278E-03  1.099499E-02  3.838800E+01
    10.9500    8.450724E-03  1.014027E-02  3.868431E+01
    11.0000    8.897997E-03  9.296746E-03  3.897596E+01
    11.0500    8.489968E-03  8.490256E-03  3.926168E+01
    11.1000    7.446442E-03  7.727880E-03  3.954062E+01
    11.1500    6.020491E-03  7.033332E-03  3.981323E+01
    11.2000    4.421929E-03  6.422912E-03  4.008134E+01
    11.2500    2.790916E-03  5.903564E-03  4.034829E+01
    11.3000    1.204419E-03  5.472209E-03  4.061879E+01
    11.3500   -2.937083E-04  5.117107E-03  4.089813E+01
    11.4000   -1.655864E-03  4.821185E-03  4.119130E+01
    11.4500   -2.804908E-03  4.566345E-03  4.150215E+01
    11.5000   -3.631736E-03  4.337283E-03  4.183309E+01
    11.5500   -4.018513E-03  4.123770E-03  4.218508E+01
    11.6000   -3.879241E-03  3.921136E-03  4.255781E+01
    11.6500   -3.201849E-03  3.729211E-03  4.294979E+01
    11.7000   -2.074338E-03  3.550263E-03  4.335831E+01
    11.7500   -6.823846E-04  3.386488E-03  4.377941E+01
    11.8000    7.246140E-04  3.237715E-03  4.420801E+01
    11.8500    1.890896E-03  3.099990E-03  4.463832E+01
    11.9000    2.618256E-03  2.965511E-03  4.506430E+01
    11.9500    2.816432E-03  2.823940E-03  4.548016E+01
    12.0000    2.529097E-03  2.670600E-03  4.588008E+01
    12.0500    1.902384E-03  2.496944E-03  4.625767E+01
    12.1000    1.136515E-03  2.291982E-03  4.660506E+01
    12.1500    4.370892E-04  2.062587E-03  4.691036E+01
    12.2000   -5.843223E-05  1.830905E-03  4.715581E+01
    12.2500   -3.216184E-04  1.642705E-03  4.732095E+01
    12.3000   -4.356625E-04  1.569559E-03  4.740515E+01
    12.3500   -5.579438E-04  1.677213E-03  4.746301E+01
    12.4000   -8.541907E-04  1.970354E-03  4.757229E+01
    12.4500   -1.425857E-03  2.398371E-03  4.776055E+01
    12.5000   -2.255554E-03  2.903635E-03  4.801346E+01
    12.5500   -3.190577E-03  3.441690E-03  4.831032E+01
    12.6000   -3.973003E-03  3.979850E-03  4.863602E+01
    12.6500   -4.310057E-03  4.492997E-03  4.898103E+01
    12.7000   -3.964985E-03  4.961077E-03  4.933949E+01
    12.7500   -2.840999E-03  5.367951E-03  4.970776E+01
    12.8000   -1.031414E-03  5.700962E-03  5.008356E+01
    12.8500    1.181865E-03  5.950804E-03  5.046542E+01
    12.9000    3.384507E-03  6.111478E-03  5.085240E+01
    12.9500    5.127272E-03  6.180243E-03  5.124391E+01
    13.0000    6.048335E-03  6.166762E-03  5.163998E+01
    13.0500    5.951656E-03  6.078000E-03  5.204053E+01
    13.1000    4.844700E-03  5.905125E-03  5.244492E+01
    13.1500    2.974767E-03  5.655447E-03  5.285318E+01
    13.2000    7.538309E-04  5.338239E-03  5.326539E+01
    13.2500   -1.345969E-03  4.964258E-03  5.368164E+01
    13.3000   -2.910599E-03  4.545195E-03  5.410205E+01
    13.3500   -3.683453E-03  4.093097E-03  5.452666E+01
    13.4000   -3.618849E-03  3.619766E-03  5.495536E+01
    13.4500   -2.876329E-03  3.136171E-03  5.538781E+01
    13.5000   -1.759650E-03  2.651911E-03  5.582313E+01
    13.5500   -6.201386E-04  2.174781E-03  5.625950E+01
    13.6000    2.462250E-04  1.710523E-03  5.669312E+01
    13.6500    6.778015E-04  1.262962E-03  5.711516E+01
    13.7000    6.803083E-04  8.352357E-04  5.750055E+01
    13.7500    4.062709E-04  4.375654E-04  5.773897E+01
    13.8000    8.969576E-05  2.009630E-04  5.701133E+01
    13.8500   -4.195722E-05  4.675691E-04  5.645881E+01
    13.9000    1.498707E-04  8.434784E-04  5.672730E+01
    13.9500    6.640607E-04  1.229683E-03  5.711914E+01
    14.0000    1.357809E-03  1.619063E-03  5.754345E+01
    14.0500    1.991556E-03  2.011348E-03  5.797906E+01
    14.1000    2.294983E-03  2.400884E-03  5.841758E+01
    14.1500    2.062905E-03  2.782572E-03  5.885516E+01
    14.2000    1.227737E-03  3.149894E-03  5.928988E+01
    14.2500   -1.066526E-04  3.495229E-03  5.972078E+01
    14.3000   -1.681712E-03  3.810293E-03  6.014737E+01
    14.3500   -3.147533E-03  4.086620E-03  6.056942E+01
    14.4000   -4.154702E-03  4.316025E-03  6.098678E+01
    14.4500   -4.448177E-03  4.491044E-03  6.139933E+01
    14.5000   -3.936148E-03  4.605315E-03  6.180689E+01
    14.5500   -2.714351E-03  4.653915E-03  6.220914E+01
    14.6000   -1.039432E-03  4.633638E-03  6.260560E+01
    14.6500    7.402105E-04  4.543239E-03  6.299551E+01
    14.7000    2.275649E-03  4.383665E-03  6.337767E+01
    14.7500    3.304474E-03  4.158304E-03  6.375031E+01
    14.8000    3.709451E-03  3.873346E-03  6.411071E+01
    14.8500    3.533606E-03  3.538389E-03  6.445465E+01
    14.9000    2.949786E-03  3.167579E-03  6.477564E+01
    14.9500    2.196009E-03  2.781781E-03  6.506357E+01
    15.0000    1.498902E-03  2.416675E-03  6.530441E+01
    15.0500    1.000186E-03  2.121398E-03  6.548248E+01
    15.1000    7.244995E-04  1.951042E-03  6.559299E+01
    15.1500    5.866812E-04  1.962526E-03  6.566986E+01
    15.2000    4.261826E-04  2.162423E-03  6.577506E+01
    15.2500    7.174859E-05  2.503215E-03  6.594478E+01
    15.3000   -5.896684E-04  2.924574E-03  6.617646E+01
    15.3500   -1.561574E-03  3.379289E-03  6.645381E+01
    15.4000   -2.720470E-03  3.835017E-03  6.676206E+01
    15.4500   -3.838258E-03  4.269590E-03  6.709087E+01
    15.5000   -4.638634E-03  4.667260E-03  6.743343E+01
    15.5500   -4.871556E-03  5.016529E-03  6.778524E+01
    15.6000   -4.384706E-03  5.308993E-03  6.814324E+01
    15.6500   -3.171783E-03  5.538720E-03  6.850530E+01
    15.7000   -1.384119E-03  5.701904E-03  6.886984E+01
    15.7500    6.975956E-04  5.796646E-03  6.923568E+01
    15.8000    2.723838E-03  5.822796E-03  6.960183E+01
    15.8500    4.353007E-03  5.781822E-03  6.996746E+01
    15.9000    5.324675E-03  5.676671E-03  7.033183E+01
    15.9500    5.511436E-03  5.511629E-03  7.069420E+01
    16.0000    4.941382E-03  5.296726E-03  7.105421E+01
    16.0500    3.771833E-03  5.042478E-03  7.141157E+01
    16.1000    2.241886E-03  4.746091E-03  7.176466E+01
    16.1500    6.344701E-04  4.415078E-03  7.211243E+01
    16.2000   -7.938574E-04  4.057551E-03  7.245355E+01
    16.2500   -1.860449E-03  3.682107E-03  7.278632E+01
    16.3000   -2.481536E-03  3.297758E-03  7.310847E+01
    16.3500   -2.671824E-03  2.913947E-03  7.341690E+01
    16.4000   -2.522402E-03  2.540696E-03  7.370735E+01
    16.4500   -2.165451E-03  2.188933E-03  7.397404E+01
    16.5000   -1.736153E-03  1.871034E-03  7.420945E+01
    16.5500   -1.341271E-03  1.601336E-03  7.440536E+01
    16.6000   -1.040666E-03  1.395671E-03  7.455673E+01
    16.6500   -8.438063E-04  1.267778E-03  7.466995E+01
    16.7000   -7.192915E-04  1.221660E-03  7.476867E+01
    16.7500   -6.126786E-04  1.245886E-03  7.488411E+01
    16.8000   -4.668412E-04  1.318130E-03  7.503620E+01
    16.8500   -2.396688E-04  1.415481E-03  7.522808E+01
    16.9000    8.439726E-05  1.520541E-03  7.545376E+01
    16.9500    4.904113E-04  1.622001E-03  7.570538E+01
    17.0000    9.377477E-04  1.713043E-03  7.597750E+01
    17.0500    1.366282E-03  1.790564E-03  7.626624E+01
    17.1000    1.704238E-03  1.852829E-03  7.656580E+01
    17.1500    1.889865E-03  1.898381E-03  7.687426E+01
    17.2000    1.879183E-03  1.926153E-03  7.719031E+01
    17.2500    1.655915E-03  1.935296E-03  7.751303E+01
    17.3000    1.237344E-03  1.925117E-03  7.784175E+01
    17.3500    6.744892E-04  1.895086E-03  7.817592E+01
    17.4000    4.568638E-05  1.844878E-03  7.851505E+01
    17.4500   -5.561450E-04  1.774436E-03  7.885861E+01
    17.5000   -1.040709E-03  1.684023E-03  7.920600E+01
    17.5500   -1.338675E-03  1.574272E-03  7.955646E+01
    17.6000   -1.416905E-03  1.446212E-03  7.990895E+01
    17.6500   -1.286410E-03  1.301288E-03  8.026198E+01
    17.7000   -1.000257E-03  1.141375E-03  8.061315E+01
    17.7500   -6.410227E-04  9.688253E-04  8.095839E+01
    17.8000   -3.002670E-04  7.866399E-04  8.128977E+01
    17.8500   -5.498119E-05  5.990795E-04  8.158950E+01
    17.9000    5.270364E-05  4.141103E-04  8.180902E+01
    17.9500    2.669847E-05  2.559236E-04  8.178592E+01
    18.0000   -8.515851E-05  2.148857E-04  8.127393E+01
    18.0500   -2.046422E-04  3.408602E-04  8.103745E+01
    18.1000   -2.446179E-04  5.226312E-04  8.119433E+01
    18.1500   -1.404807E-04  7.148911E-04  8.148362E+01
    18.2000    1.285192E-04  9.056234E-04  8.182380E+01
    18.2500    5.285620E-04  1.089532E-03  8.218792E+01
    18.3000    9.762313E-04  1.263113E-03  8.256477E+01
    18.3500    1.358490E-03  1.423505E-03  8.294881E+01
    18.4000    1.562535E-03  1.568151E-03  8.333686E+01
    18.4500    1.507328E-03  1.694703E-03  8.372689E+01
    18.5000    1.167854E-03  1.801019E-03  8.411747E+01
    18.5500    5.850415E-04  1.885205E-03  8.450746E+01
    18.6000   -1.417366E-04  1.945687E-03  8.489591E+01
    18.6500   -8.777241E-04  1.981304E-03  8.528195E+01
    18.7000   -1.485102E-03  1.991400E-03  8.566467E+01
    18.7500   -1.855682E-03  1.975933E-03  8.604313E+01
    18.8000   -1.935087E-03  1.935573E-03  8.641620E+01
    18.8500   -1.732142E-03  1.871806E-03  8.678254E+01
    18.9000   -1.311585E-03  1.787032E-03  8.714048E+01
    18.9500   -7.730331E-04  1.684673E-03  8.748788E+01
    19.0000   -2.222251E-04  1.569246E-03  8.782250E+01
    19.0500    2.548097E-04  1.446291E-03  8.814170E+01
    19.1000    6.058372E-04  1.323007E-03  8.844025E+01
    19.1500    8.232338E-04  1.208027E-03  8.871436E+01
    19.2000    9.333141E-04  1.110914E-03  8.896212E+01
    19.2500    9.780447E-04  1.040801E-03  8.918636E+01
    19.3000    9.942805E-04  1.003875E-03  8.939702E+01
    19.3500    9.979272E-04  1.000691E-03  8.960972E+01
    19.4000    9.783988E-04  1.025492E-03  8.983962E+01
    19.4500    9.049789E-04  1.068393E-03  9.009578E+01
    19.5000    7.424671E-04  1.118643E-03  9.038040E+01
    19.5500    4.702153E-04  1.166899E-03  9.069144E+01
    19.6000    9.740615E-05  1.206095E-03  9.102534E+01
    19.6500   -3.313824E-04  1.231472E-03  9.137864E+01
    19.7000   -7.430547E-04  1.240303E-03  9.174855E+01
    19.7500   -1.053834E-03  1.231563E-03  9.213307E+01
    19.8000   -1.192788E-03  1.205635E-03  9.253087E+01
    19.8500   -1.123633E-03  1.164028E-03  9.294120E+01
    19.9000   -8.577156E-04  1.109120E-03  9.336370E+01
    19.9500   -4.536131E-04  1.043874E-03  9.379824E+01