# # tequil.ion_motion                                            FEFF 9.05   
# # POT  SCF  30  5.5000   1, core-hole, AFOLP (folp(0)= 1.150)
# # Abs   Z=30 Rmt= 1.321 Rnm= 1.409 K  shell
# # Pot 1 Z=26 Rmt= 1.318 Rnm= 1.400
# # Pot 2 Z= 8 Rmt= 1.003 Rnm= 1.079
# # Gam_ch=1.897E+00 H-L exch
# # Mu=-1.191E+01 kf=2.198E+00 Vint=-1.922E+01 Rs_int= 1.650
# # PATH  Rmax= 8.500,  Keep_limit= 0.00, Heap_limit 0.00  Pwcrit= 2.50%
#  S02=1.000                                        Global_sig2= 0.00000
#  Energy zero shift, vr, vi   -2.00000E+00   0.00000E+00
#  Curved wave amplitude ratio filter   4.000%
#     file         sig2 tot  cw amp ratio   deg  nlegs   reff  inp sig2
#           1       0.00000    100.00      1.00     2   1.9536
#           2       0.00000     97.94      1.00     2   1.9695
#           3       0.00000     90.93      1.00     2   2.0272
#           4       0.00000     71.51      1.00     2   2.2247
#           5       0.00000     68.67      1.00     2   2.2597
#           6       0.00000     66.41      1.00     2   2.2889
#           7       0.00000     33.02      1.00     2   2.9352
#           8       0.00000     32.81      1.00     2   2.9431
#           9       0.00000     32.68      1.00     2   2.9482
#          10       0.00000     31.02      1.00     2   3.0162
#          11       0.00000     27.69      1.00     2   3.1677
#          12       0.00000     25.11      1.00     2   3.3019
#          13       0.00000     24.87      1.00     2   3.3155
#          14       0.00000     23.76      1.00     2   3.3661
#          15       0.00000     13.57      2.00     3   3.4689
#          16       0.00000     12.05      2.00     3   3.4726
#          17       0.00000     10.48      2.00     3   3.4803
#          18       0.00000     21.67      1.00     2   3.4808
#          19       0.00000     10.65      2.00     3   3.4891
#          20       0.00000     18.11      2.00     3   3.4980
#          21       0.00000      7.82      2.00     3   3.5260
#          22       0.00000     10.24      2.00     3   3.5408
#          23       0.00000      9.55      2.00     3   3.5448
#          24       0.00000      9.46      2.00     3   3.5469
#          25       0.00000     20.46      1.00     2   3.5544
#          26       0.00000     20.82      1.00     2   3.5710
#          27       0.00000     20.17      1.00     2   3.5723
#          28       0.00000      7.33      2.00     3   3.5766
#          29       0.00000      9.18      2.00     3   3.5851
#          30       0.00000      7.20      2.00     3   3.5908
#          31       0.00000      8.34      2.00     3   3.5979
#          32       0.00000      9.01      2.00     3   3.6100
#          33       0.00000     10.39      2.00     3   3.6130
#          34       0.00000      7.79      2.00     3   3.6190
#          35       0.00000     15.44      2.00     3   3.6329
#          36       0.00000      7.44      2.00     3   3.6405
#          37       0.00000     15.33      2.00     3   3.6502
#          38       0.00000      9.78      2.00     3   3.6514
#          39       0.00000      7.09      2.00     3   3.6629
#          40       0.00000     18.48      1.00     2   3.6869
#          41       0.00000     18.45      1.00     2   3.6888
#          42       0.00000      7.28      2.00     3   3.6942
#          43       0.00000      6.54      2.00     3   3.7008
#          44       0.00000     19.00      1.00     2   3.7071
#          45       0.00000      8.72      2.00     3   3.7158
#          46       0.00000     17.36      1.00     2   3.7699
#          47       0.00000     16.63      2.00     3   3.7699
#          48       0.00000     16.84      1.00     2   3.8112
#          49       0.00000      5.41      1.00     4   3.8284
#          50       0.00000     17.27      1.00     2   3.8534
#          51       0.00000     16.15      1.00     2   3.8684
#          52       0.00000     17.07      1.00     2   3.8710
#          53       0.00000     16.88      1.00     2   3.8884
#          54       0.00000     10.01      1.00     4   3.9073
#          55       0.00000      5.67      1.00     4   3.9216
#          57       0.00000      9.59      1.00     4   3.9390
#          58       0.00000     13.99      2.00     3   3.9418
#          59       0.00000      4.34      1.00     4   3.9639
#          60       0.00000      6.07      1.00     4   3.9688
#          61       0.00000      4.18      1.00     4   3.9848
#          62       0.00000      9.29      2.00     3   4.0005
#          63       0.00000     15.62      1.00     2   4.0109
#          64       0.00000     14.76      2.00     3   4.0197
#          65       0.00000      5.17      1.00     4   4.0254
#          66       0.00000      5.23      1.00     4   4.0300
#          67       0.00000      9.57      2.00     3   4.0339
#          68       0.00000     13.77      2.00     3   4.0493
#          69       0.00000      8.23      1.00     4   4.0543
#          70       0.00000     13.12      2.00     3   4.0781
#          71       0.00000      8.49      2.00     3   4.1328
#          72       0.00000     24.17      2.00     3   4.1502
#          73       0.00000      4.05      1.00     4   4.1765
#          74       0.00000     20.84      2.00     4   4.1783
#          75       0.00000      6.48      1.00     4   4.1860
#          76       0.00000      7.77      2.00     3   4.1937
#          77       0.00000      4.39      1.00     4   4.2038
#          78       0.00000     21.17      2.00     3   4.2097
#          79       0.00000      5.48      1.00     4   4.2275
#          80       0.00000     21.05      2.00     3   4.2470
#          81       0.00000     16.77      2.00     4   4.2584
#          82       0.00000      8.98      2.00     3   4.2621
#          83       0.00000     12.22      1.00     2   4.2648
#          84       0.00000      4.93      1.00     4   4.2678
#          85       0.00000     17.05      2.00     4   4.2868
#          86       0.00000      7.96      2.00     3   4.2932
#          87       0.00000      6.62      2.00     3   4.3089
#          88       0.00000     11.83      1.00     2   4.3129
#          89       0.00000      6.88      2.00     3   4.3310
#          90       0.00000     11.67      1.00     2   4.3334
#          91       0.00000      6.74      2.00     3   4.3476
#          92       0.00000      6.54      2.00     3   4.3567
#          93       0.00000     22.63      2.00     3   4.3632
#          94       0.00000      6.55      2.00     3   4.3658
#          95       0.00000     11.38      1.00     2   4.3710
#          96       0.00000     11.07      1.00     2   4.4138
#          97       0.00000      6.82      2.00     3   4.4256
#          98       0.00000     10.82      1.00     2   4.4474
#          99       0.00000      5.05      1.00     4   4.4494
#         100       0.00000     10.80      1.00     2   4.4500
#         101       0.00000     13.25      1.00     4   4.4616
#         102       0.00000      5.59      2.00     3   4.4927
#         103       0.00000      4.66      1.00     4   4.5193
#         105       0.00000     10.11      1.00     2   4.5528
#         106       0.00000      4.94      2.00     3   4.5533
#         107       0.00000      5.03      2.00     3   4.5585
#         108       0.00000     17.14      2.00     3   4.5747
#         109       0.00000     17.26      2.00     3   4.5754
#         111       0.00000      5.06      2.00     3   4.5784
#         112       0.00000      4.36      1.00     4   4.5779
#         113       0.00000      5.10      2.00     3   4.5798
#         114       0.00000      9.92      1.00     2   4.5810
#         115       0.00000      9.92      1.00     2   4.5817
#         116       0.00000      9.89      1.00     2   4.5857
#         117       0.00000     13.16      2.00     3   4.6093
#         118       0.00000     19.65      2.00     3   4.6332
#         119       0.00000      4.60      2.00     3   4.6448
#         120       0.00000      4.47      2.00     3   4.6561
#         121       0.00000     18.82      2.00     3   4.6692
#         122       0.00000     17.47      2.00     3   4.6820
#         123       0.00000      9.29      1.00     2   4.6854
#         124       0.00000      4.25      2.00     3   4.6906
#         125       0.00000      7.39      2.00     3   4.6979
#         126       0.00000      9.42      1.00     4   4.7008
#         127       0.00000      9.19      1.00     2   4.7018
#         128       0.00000      9.31      1.00     4   4.7020
#         130       0.00000     11.52      1.00     4   4.7135
#         131       0.00000      9.02      1.00     2   4.7311
#         132       0.00000      7.47      2.00     3   4.7391
#         133       0.00000      6.66      2.00     3   4.7511
#         134       0.00000     10.86      1.00     4   4.7526
#         135       0.00000      6.07      2.00     3   4.7711
#         136       0.00000      9.78      1.00     4   4.7823
#         137       0.00000      7.60      2.00     3   4.7935
#         138       0.00000      7.53      2.00     3   4.7954
#         140       0.00000      8.63      1.00     2   4.8024
#         141       0.00000      5.28      2.00     3   4.8034
#         142       0.00000      6.30      1.00     4   4.8048
#         143       0.00000      5.74      2.00     3   4.8085
#         144       0.00000      8.56      1.00     2   4.8148
#         146       0.00000      5.93      2.00     3   4.8230
#         149       0.00000      8.65      2.00     3   4.8595
#         150       0.00000      8.27      1.00     2   4.8724
#         151       0.00000      4.28      2.00     3   4.8736
#         153       0.00000     10.79      2.00     3   4.8966
#         154       0.00000      4.41      2.00     4   4.9019
#         155       0.00000      4.34      2.00     4   4.9046
#         156       0.00000      6.30      2.00     3   4.9091
#         157       0.00000      9.74      2.00     3   4.9106
#         159       0.00000      4.26      2.00     3   4.9496
#         160       0.00000      9.16      2.00     3   4.9650
#         162       0.00000      7.79      1.00     2   4.9691
#         163       0.00000      8.79      1.00     2   4.9863
#         164       0.00000      9.81      2.00     3   5.0047
#         165       0.00000      7.61      1.00     2   5.0073
#         166       0.00000     18.94      2.00     3   5.0156
#         168       0.00000     11.99      1.00     4   5.0238
#         169       0.00000      9.12      2.00     3   5.0343
#         170       0.00000      8.53      1.00     2   5.0398
#         173       0.00000      7.37      1.00     2   5.0616
#         174       0.00000      8.40      1.00     2   5.0696
#         175       0.00000     17.43      2.00     3   5.0784
#         177       0.00000      4.27      2.00     4   5.0903
#         178       0.00000      5.08      1.00     4   5.0914
#         179       0.00000     10.68      1.00     4   5.0952
#         180       0.00000      8.35      2.00     3   5.1059
#         182       0.00000      8.21      1.00     2   5.1113
#         183       0.00000      4.30      1.00     4   5.1357
#         186       0.00000      7.85      2.00     3   5.1438
#         187       0.00000      7.99      1.00     2   5.1602
#         189       0.00000      8.39      2.00     3   5.1832
#         190       0.00000      6.68      2.00     3   5.1982
#         192       0.00000      7.82      1.00     2   5.1990
#         193       0.00000      4.57      1.00     4   5.2069
#         194       0.00000      7.70      2.00     3   5.2233
#         195       0.00000      6.67      1.00     2   5.2299
#         196       0.00000      7.94      2.00     3   5.2374
#         197       0.00000     15.90      2.00     3   5.2385
#         199       0.00000      9.67      1.00     4   5.2470
#         200       0.00000      4.02      1.00     4   5.2538
#         201       0.00000      6.53      1.00     2   5.2679
#         203       0.00000      5.86      2.00     3   5.2939
#         204       0.00000      7.83      2.00     3   5.3007
#         206       0.00000      6.40      1.00     2   5.3019
#         207       0.00000      8.25      2.00     3   5.3043
#         208       0.00000      6.38      1.00     2   5.3073
#         211       0.00000      4.86      2.00     4   5.3356
#         214       0.00000      6.04      2.00     3   5.3548
#         216       0.00000      7.19      1.00     2   5.3584
#         217       0.00000      5.17      2.00     3   5.3586
#         218       0.00000      6.35      2.00     3   5.3597
#         219       0.00000      6.18      1.00     2   5.3632
#         220       0.00000      6.25      2.00     3   5.3643
#         221       0.00000      5.78      2.00     3   5.3680
#         226       0.00000      6.97      1.00     2   5.4146
#         227       0.00000      6.76      2.00     3   5.4144
#         230       0.00000      5.38      2.00     3   5.4547
#         232       0.00000      6.80      1.00     2   5.4617
#         233       0.00000      5.84      1.00     2   5.4629
#         235       0.00000      4.37      2.00     3   5.4756
#         240       0.00000      5.20      2.00     3   5.5042
#         243       0.00000      5.44      2.00     3   5.5196
#         245       0.00000      6.56      1.00     2   5.5332
#         247       0.00000      6.38      2.00     3   5.5394
#         249       0.00000      4.28      2.00     3   5.5460
#         250       0.00000      4.26      2.00     3   5.5487
#         252       0.00000      4.12      2.00     3   5.5765
#         253       0.00000      6.40      1.00     2   5.5784
#         254       0.00000      6.46      2.00     3   5.5824
#         255       0.00000      5.45      1.00     2   5.5843
#         256       0.00000      4.98      2.00     3   5.5887
#         258       0.00000      5.79      2.00     3   5.5972
#         259       0.00000      4.36      2.00     4   5.6133
#         260       0.00000      4.40      2.00     3   5.6211
#         262       0.00000      4.10      2.00     4   5.6353
#         263       0.00000      6.22      1.00     2   5.6366
#         264       0.00000      5.26      1.00     2   5.6498
#         265       0.00000      4.53      2.00     3   5.6563
#         267       0.00000      4.95      2.00     3   5.6595
#         268       0.00000      4.19      2.00     3   5.6660
#         269       0.00000      6.41      2.00     3   5.6667
#         273       0.00000      4.64      2.00     3   5.7034
#         274       0.00000      5.06      1.00     2   5.7194
#         275       0.00000      6.04      2.00     3   5.7195
#         277       0.00000      4.15      2.00     3   5.7226
#         280       0.00000      4.74      2.00     3   5.7377
#         281       0.00000      4.41      2.00     3   5.7439
#         282       0.00000      4.97      1.00     2   5.7545
#         283       0.00000      4.95      2.00     3   5.7619
#         286       0.00000      5.43      2.00     3   5.7694
#         289       0.00000      4.58      2.00     3   5.7749
#         295       0.00000      5.57      2.00     3   5.7867
#         298       0.00000      4.85      1.00     2   5.7998
#         301       0.00000      5.68      1.00     2   5.8120
#         303       0.00000      4.78      1.00     2   5.8232
#         307       0.00000      5.62      1.00     2   5.8337
#         308       0.00000      4.49      2.00     3   5.8353
#         309       0.00000      5.78      2.00     3   5.8357
#         310       0.00000      4.89      2.00     3   5.8359
#         313       0.00000      4.71      1.00     2   5.8540
#         316       0.00000      8.02      2.00     3   5.8681
#         317       0.00000      9.46      2.00     3   5.8765
#         318       0.00000      4.64      1.00     2   5.8810
#         319       0.00000      5.48      1.00     2   5.8847
#         320       0.00000      5.46      1.00     2   5.8931
#         321       0.00000      5.45      2.00     3   5.8946
#         323       0.00000      5.44      1.00     2   5.8985
#         324       0.00000      5.44      1.00     2   5.9000
#         326       0.00000      5.66      2.00     3   5.9149
#         327       0.00000      4.50      1.00     4   5.9193
#         330       0.00000      4.93      2.00     3   5.9288
#         332       0.00000      4.51      1.00     2   5.9317
#   251/ 313 paths used
#  -----------------------------------------------------------------------
#       k          chi          mag           phase @#
    -0.7000   -3.513714E-01  3.572852E-01 -1.388598E+00
    -0.6500   -3.342615E-01  3.349765E-01 -1.505449E+00
    -0.6000   -3.357360E-01  3.359208E-01 -1.603972E+00
    -0.5500   -3.482992E-01  3.500204E-01 -1.670008E+00
    -0.5000   -3.663732E-01  3.696411E-01 -1.703867E+00
    -0.4500   -3.869875E-01  3.910616E-01 -1.715270E+00
    -0.4000   -4.070905E-01  4.112158E-01 -1.712563E+00
    -0.3500   -4.269600E-01  4.305743E-01 -1.700455E+00
    -0.3000   -4.442843E-01  4.471864E-01 -1.684785E+00
    -0.2500   -4.587779E-01  4.609786E-01 -1.668550E+00
    -0.2000   -4.704089E-01  4.720263E-01 -1.653603E+00
    -0.1500   -4.799170E-01  4.810777E-01 -1.640278E+00
    -0.1000   -4.867784E-01  4.876338E-01 -1.630035E+00
    -0.0500   -4.908411E-01  4.915289E-01 -1.623706E+00
     0.0000   -4.921856E-01  4.928207E-01 -1.621568E+00
     0.0500   -4.935252E-01  4.941090E-01 -1.619415E+00
     0.1000   -4.975129E-01  4.979537E-01 -1.612876E+00
     0.1500   -5.040503E-01  5.042915E-01 -1.601721E+00
     0.2000   -5.129562E-01  5.130125E-01 -1.585614E+00
     0.2500   -5.239439E-01  5.239554E-01 -1.564167E+00
     0.3000   -5.365985E-01  5.369050E-01 -1.537006E+00
     0.3500   -5.506849E-01  5.519448E-01 -1.503217E+00
     0.4000   -5.663545E-01  5.698116E-01 -1.460585E+00
     0.4500   -5.814196E-01  5.889282E-01 -1.410941E+00
     0.5000   -5.946647E-01  6.088746E-01 -1.354327E+00
     0.5500   -6.051799E-01  6.299521E-01 -1.289427E+00
     0.6000   -6.115873E-01  6.525873E-01 -1.214437E+00
     0.6500   -6.110392E-01  6.747708E-01 -1.132676E+00
     0.7000   -6.019775E-01  6.966022E-01 -1.043484E+00
     0.7500   -5.824414E-01  7.191192E-01 -9.440451E-01
     0.8000   -5.503188E-01  7.398146E-01 -8.388281E-01
     0.8500   -5.041198E-01  7.594878E-01 -7.258385E-01
     0.9000   -4.423125E-01  7.779779E-01 -6.047315E-01
     0.9500   -3.657884E-01  7.934524E-01 -4.791315E-01
     1.0000   -2.728438E-01  8.076697E-01 -3.445956E-01
     1.0500   -1.671163E-01  8.185296E-01 -2.056122E-01
     1.1000   -5.051656E-02  8.264235E-01 -6.116485E-02
     1.1500    7.420136E-02  8.314638E-01  8.936073E-02
     1.2000    1.999650E-01  8.324342E-01  2.425896E-01
     1.2500    3.257085E-01  8.308439E-01  4.028278E-01
     1.3000    4.416588E-01  8.250389E-01  5.648851E-01
     1.3500    5.454803E-01  8.161736E-01  7.319730E-01
     1.4000    6.303112E-01  8.036568E-01  9.015734E-01
     1.4500    6.927283E-01  7.878740E-01  1.074259E+00
     1.5000    7.298288E-01  7.690402E-01  1.250089E+00
     1.5500    7.394714E-01  7.471284E-01  1.427506E+00
     1.6000    7.222470E-01  7.227648E-01  1.608653E+00
     1.6500    6.790481E-01  6.957259E-01  1.790196E+00
     1.7000    6.127127E-01  6.666820E-01  1.975935E+00
     1.7500    5.277736E-01  6.355362E-01  2.161698E+00
     1.8000    4.282490E-01  6.026735E-01  2.351268E+00
     1.8500    3.209664E-01  5.682516E-01  2.541364E+00
     1.9000    2.096497E-01  5.322117E-01  2.736698E+00
     1.9500    1.020089E-01  4.948133E-01  2.933947E+00
     2.0000    4.872623E-03  4.564672E-01  3.130918E+00
     2.0500   -7.714206E-02  4.174593E-01  3.327450E+00
     2.1000   -1.406571E-01  3.763184E-01  3.524665E+00
     2.1500   -1.825410E-01  3.331250E-01  3.721523E+00
     2.2000   -2.028406E-01  2.904106E-01  3.914838E+00
     2.2500   -2.037900E-01  2.485975E-01  4.102582E+00
     2.3000   -1.879062E-01  2.069804E-01  4.279709E+00
     2.3500   -1.575334E-01  1.640112E-01  4.430399E+00
     2.4000   -1.230136E-01  1.248881E-01  4.538912E+00
     2.4500   -9.064549E-02  9.157660E-02  4.569666E+00
     2.5000   -6.547990E-02  6.750643E-02  4.466742E+00
     2.5500   -5.252039E-02  5.873348E-02  4.248268E+00
     2.6000   -4.803859E-02  6.177552E-02  4.032482E+00
     2.6500   -5.203573E-02  7.263185E-02  3.940266E+00
     2.7000   -6.322709E-02  8.615974E-02  3.965544E+00
     2.7500   -7.667587E-02  9.767655E-02  4.044285E+00
     2.8000   -9.236684E-02  1.086560E-01  4.157739E+00
     2.8500   -1.085731E-01  1.187829E-01  4.294743E+00
     2.9000   -1.233402E-01  1.278014E-01  4.447391E+00
     2.9500   -1.349877E-01  1.357088E-01  4.609256E+00
     3.0000   -1.421483E-01  1.424624E-01  4.778808E+00
     3.0500   -1.437465E-01  1.480585E-01  4.954324E+00
     3.1000   -1.391645E-01  1.525502E-01  5.134433E+00
     3.1500   -1.283257E-01  1.559328E-01  5.316592E+00
     3.2000   -1.115043E-01  1.583679E-01  5.502053E+00
     3.2500   -8.914183E-02  1.597826E-01  5.691339E+00
     3.3000   -6.234194E-02  1.601020E-01  5.883217E+00
     3.3500   -3.277331E-02  1.596817E-01  6.076475E+00
     3.4000   -1.855459E-03  1.586942E-01  6.271493E+00
     3.4500    2.892962E-02  1.570087E-01  6.468499E+00
     3.5000    5.800857E-02  1.546554E-01  6.667671E+00
     3.5500    8.395837E-02  1.517562E-01  6.869440E+00
     3.6000    1.053965E-01  1.483146E-01  7.073575E+00
     3.6500    1.210751E-01  1.442128E-01  7.279656E+00
     3.7000    1.302093E-01  1.394645E-01  7.487621E+00
     3.7500    1.324732E-01  1.340993E-01  7.698095E+00
     3.8000    1.279306E-01  1.281397E-01  7.911122E+00
     3.8500    1.171590E-01  1.216047E-01  8.125216E+00
     3.9000    1.012808E-01  1.145435E-01  8.339972E+00
     3.9500    8.177026E-02  1.070825E-01  8.555878E+00
     4.0000    6.023350E-02  9.934866E-02  8.773399E+00
     4.0500    3.848771E-02  9.131008E-02  8.989673E+00
     4.1000    1.823245E-02  8.308918E-02  9.203545E+00
     4.1500    8.047078E-04  7.479914E-02  9.414020E+00
     4.2000   -1.289543E-02  6.652998E-02  9.619842E+00
     4.2500   -2.236972E-02  5.851058E-02  9.817083E+00
     4.3000   -2.781762E-02  5.090955E-02  1.000285E+01
     4.3500   -2.985788E-02  4.387200E-02  1.017332E+01
     4.4000   -2.934930E-02  3.752964E-02  1.032269E+01
     4.4500   -2.741913E-02  3.214086E-02  1.044666E+01
     4.5000   -2.508244E-02  2.787382E-02  1.054422E+01
     4.5500   -2.308083E-02  2.479920E-02  1.062112E+01
     4.6000   -2.173776E-02  2.280026E-02  1.068909E+01
     4.6500   -2.117796E-02  2.173024E-02  1.076964E+01
     4.7000   -2.108793E-02  2.123310E-02  1.087857E+01
     4.7500   -2.094354E-02  2.095084E-02  1.102196E+01
     4.8000   -2.019282E-02  2.059847E-02  1.119436E+01
     4.8500   -1.845475E-02  2.003540E-02  1.139546E+01
     4.9000   -1.554632E-02  1.918925E-02  1.162195E+01
     4.9500   -1.155655E-02  1.804413E-02  1.187127E+01
     5.0000   -6.946263E-03  1.661493E-02  1.213505E+01
     5.0500   -2.215168E-03  1.498942E-02  1.241805E+01
     5.1000    2.046296E-03  1.327958E-02  1.272108E+01
     5.1500    5.364560E-03  1.161613E-02  1.304642E+01
     5.2000    7.379889E-03  1.006946E-02  1.338894E+01
     5.2500    8.167227E-03  8.800085E-03  1.375561E+01
     5.3000    7.920925E-03  7.920955E-03  1.413989E+01
     5.3500    6.949656E-03  7.504885E-03  1.452424E+01
     5.4000    5.531963E-03  7.503425E-03  1.487896E+01
     5.4500    3.891886E-03  7.968889E-03  1.519773E+01
     5.5000    2.011126E-03  8.900937E-03  1.548005E+01
     5.5500   -3.007042E-04  1.030891E-02  1.573714E+01
     5.6000   -3.299004E-03  1.215219E-02  1.598289E+01
     5.6500   -7.214467E-03  1.446723E-02  1.623003E+01
     5.7000   -1.205167E-02  1.720671E-02  1.648393E+01
     5.7500   -1.748047E-02  2.029095E-02  1.674616E+01
     5.8000   -2.278362E-02  2.358428E-02  1.701744E+01
     5.8500   -2.700062E-02  2.700462E-02  1.729598E+01
     5.9000   -2.905632E-02  3.042827E-02  1.758019E+01
     5.9500   -2.802398E-02  3.372457E-02  1.786871E+01
     6.0000   -2.326427E-02  3.669533E-02  1.816286E+01
     6.0500   -1.494833E-02  3.927981E-02  1.845915E+01
     6.1000   -3.860089E-03  4.138114E-02  1.875614E+01
     6.1500    8.659864E-03  4.291080E-02  1.905276E+01
     6.2000    2.093769E-02  4.380262E-02  1.934793E+01
     6.2500    3.129468E-02  4.401669E-02  1.964044E+01
     6.3000    3.838808E-02  4.354274E-02  1.992884E+01
     6.3500    4.148052E-02  4.240326E-02  2.021135E+01
     6.4000    4.056970E-02  4.065649E-02  2.048571E+01
     6.4500    3.634512E-02  3.839969E-02  2.074895E+01
     6.5000    2.998344E-02  3.577711E-02  2.099743E+01
     6.5500    2.286496E-02  3.299233E-02  2.122545E+01
     6.6000    1.617185E-02  3.029247E-02  2.142799E+01
     6.6500    1.061675E-02  2.796910E-02  2.160180E+01
     6.7000    6.316455E-03  2.632355E-02  2.174883E+01
     6.7500    2.842823E-03  2.558781E-02  2.187982E+01
     6.8000   -5.645293E-04  2.582638E-02  2.201301E+01
     6.8500   -4.687019E-03  2.689818E-02  2.216629E+01
     6.9000   -1.000872E-02  2.852112E-02  2.234971E+01
     6.9500   -1.648506E-02  3.037861E-02  2.256474E+01
     7.0000   -2.351358E-02  3.223552E-02  2.280864E+01
     7.0500   -2.991471E-02  3.383196E-02  2.307596E+01
     7.1000   -3.429857E-02  3.499630E-02  2.336193E+01
     7.1500   -3.544735E-02  3.562891E-02  2.366294E+01
     7.2000   -3.265731E-02  3.567709E-02  2.397634E+01
     7.2500   -2.598013E-02  3.512745E-02  2.430027E+01
     7.3000   -1.627842E-02  3.399966E-02  2.463347E+01
     7.3500   -5.073810E-03  3.234083E-02  2.497520E+01
     7.4000    5.777598E-03  3.022008E-02  2.532511E+01
     7.4500    1.450075E-02  2.772319E-02  2.568317E+01
     7.5000    1.976281E-02  2.490844E-02  2.604915E+01
     7.5500    2.103259E-02  2.188233E-02  2.642395E+01
     7.6000    1.866061E-02  1.876481E-02  2.680897E+01
     7.6500    1.372422E-02  1.565912E-02  2.720592E+01
     7.7000    7.732932E-03  1.265873E-02  2.761717E+01
     7.7500    2.227352E-03  9.841253E-03  2.804603E+01
     7.8000   -1.608440E-03  7.262435E-03  2.849766E+01
     7.8500   -3.219112E-03  4.951154E-03  2.898215E+01
     7.9000   -2.766900E-03  2.909819E-03  2.953041E+01
     7.9500   -1.020481E-03  1.164378E-03  3.034756E+01
     8.0000    9.447691E-04  9.835767E-04  3.270488E+01
     8.0500    2.020713E-03  2.508115E-03  3.362071E+01
     8.1000    1.457423E-03  4.143987E-03  3.419814E+01
     8.1500   -8.940226E-04  5.863932E-03  3.471058E+01
     8.2000   -4.550159E-03  7.694093E-03  3.519029E+01
     8.2500   -8.531971E-03  9.634498E-03  3.564523E+01
     8.3000   -1.164178E-02  1.165596E-02  3.607898E+01
     8.3500   -1.279941E-02  1.370655E-02  3.649417E+01
     8.4000   -1.134314E-02  1.571997E-02  3.689304E+01
     8.4500   -7.213869E-03  1.762373E-02  3.727740E+01
     8.5000   -9.666261E-04  1.934687E-02  3.764913E+01
     8.5500    6.353584E-03  2.082677E-02  3.800912E+01
     8.6000    1.346758E-02  2.201298E-02  3.835745E+01
     8.6500    1.918176E-02  2.287077E-02  3.869401E+01
     8.7000    2.264806E-02  2.338454E-02  3.901827E+01
     8.7500    2.351935E-02  2.356088E-02  3.932929E+01
     8.8000    2.196334E-02  2.343106E-02  3.962573E+01
     8.8500    1.854439E-02  2.305271E-02  3.990598E+01
     8.9000    1.401879E-02  2.250993E-02  4.016841E+01
     8.9500    9.110189E-03  2.191059E-02  4.041189E+01
     9.0000    4.335184E-03  2.140703E-02  4.063678E+01
     9.0500   -1.096269E-04  2.112112E-02  4.084589E+01
     9.1000   -4.280353E-03  2.113145E-02  4.104467E+01
     9.1500   -8.365141E-03  2.148547E-02  4.124062E+01
     9.2000   -1.252833E-02  2.216822E-02  4.144132E+01
     9.2500   -1.676462E-02  2.310844E-02  4.165243E+01
     9.3000   -2.082096E-02  2.419919E-02  4.187676E+01
     9.3500   -2.421326E-02  2.532159E-02  4.211454E+01
     9.4000   -2.633385E-02  2.636315E-02  4.236436E+01
     9.4500   -2.661632E-02  2.722860E-02  4.262397E+01
     9.5000   -2.473033E-02  2.788745E-02  4.289194E+01
     9.5500   -2.062014E-02  2.828620E-02  4.316546E+01
     9.6000   -1.460921E-02  2.836630E-02  4.344127E+01
     9.6500   -7.371606E-03  2.812527E-02  4.371710E+01
     9.7000    2.344548E-04  2.758250E-02  4.399080E+01
     9.7500    7.347468E-03  2.677771E-02  4.426025E+01
     9.8000    1.327390E-02  2.576889E-02  4.452344E+01
     9.8500    1.760331E-02  2.462932E-02  4.477853E+01
     9.9000    2.023942E-02  2.344313E-02  4.502415E+01
     9.9500    2.134585E-02  2.229861E-02  4.525972E+01
    10.0000    2.127053E-02  2.131782E-02  4.548648E+01
    10.0500    2.032131E-02  2.056311E-02  4.570660E+01
    10.1000    1.867618E-02  2.003748E-02  4.592383E+01
    10.1500    1.639880E-02  1.974060E-02  4.614350E+01
    10.2000    1.342597E-02  1.963327E-02  4.637088E+01
    10.2500    9.657417E-03  1.964705E-02  4.661003E+01
    10.3000    5.075660E-03  1.969928E-02  4.686329E+01
    10.3500   -1.490860E-04  1.970780E-02  4.713145E+01
    10.4000   -5.610680E-03  1.960153E-02  4.741419E+01
    10.4500   -1.069943E-02  1.932637E-02  4.771059E+01
    10.5000   -1.471332E-02  1.884733E-02  4.801961E+01
    10.5500   -1.702033E-02  1.814828E-02  4.834027E+01
    10.6000   -1.722597E-02  1.723047E-02  4.867185E+01
    10.6500   -1.529611E-02  1.611033E-02  4.901397E+01
    10.7000   -1.159550E-02  1.481702E-02  4.936668E+01
    10.7500   -6.826284E-03  1.338982E-02  4.973052E+01
    10.8000   -1.878635E-03  1.187551E-02  5.010662E+01
    10.8500    2.368574E-03  1.032584E-02  5.049693E+01
    10.9000    5.244476E-03  8.795067E-03  5.090436E+01
    10.9500    6.428040E-03  7.337498E-03  5.133310E+01
    11.0000    6.000517E-03  6.007702E-03  5.178736E+01
    11.0500    4.388347E-03  4.843088E-03  5.227309E+01
    11.1000    2.220603E-03  3.874512E-03  5.279675E+01
    11.1500    1.561619E-04  3.118078E-03  5.335697E+01
    11.2000   -1.295605E-03  2.553679E-03  5.393918E+01
    11.2500   -1.897221E-03  2.118463E-03  5.451677E+01
    11.3000   -1.718008E-03  1.724360E-03  5.506373E+01
    11.3500   -1.075903E-03  1.290511E-03  5.556289E+01
    11.4000   -4.079788E-04  7.651988E-04  5.598633E+01
    11.4500   -1.118052E-04  1.608841E-04  5.578033E+01
    11.5000   -4.071385E-04  6.627049E-04  5.406865E+01
    11.5500   -1.259943E-03  1.517866E-03  5.438632E+01
    11.6000   -2.390866E-03  2.447285E-03  5.476273E+01
    11.6500   -3.364212E-03  3.412089E-03  5.514559E+01
    11.7000   -3.729044E-03  4.372413E-03  5.552723E+01
    11.7500   -3.168519E-03  5.287726E-03  5.590614E+01
    11.8000   -1.611447E-03  6.118739E-03  5.628216E+01
    11.8500    7.282871E-04  6.829203E-03  5.665551E+01
    11.9000    3.396989E-03  7.387460E-03  5.702647E+01
    11.9500    5.818383E-03  7.767705E-03  5.739529E+01
    12.0000    7.462629E-03  7.964292E-03  5.776264E+01
    12.0500    7.968162E-03  7.968514E-03  5.812886E+01
    12.1000    7.221639E-03  7.757758E-03  5.849341E+01
    12.1500    5.432018E-03  7.334388E-03  5.885626E+01
    12.2000    3.056089E-03  6.708368E-03  5.921726E+01
    12.2500    6.721361E-04  5.896806E-03  5.957603E+01
    12.3000   -1.177705E-03  4.923255E-03  5.993182E+01
    12.3500   -2.131577E-03  3.816808E-03  6.028280E+01
    12.4000   -2.098431E-03  2.611155E-03  6.062365E+01
    12.4500   -1.270935E-03  1.344520E-03  6.092868E+01
    12.5000   -5.934008E-05  1.489029E-04  6.010016E+01
    12.5500    1.032735E-03  1.249641E-03  5.871753E+01
    12.6000    1.553904E-03  2.477737E-03  5.901238E+01
    12.6500    1.230525E-03  3.623231E-03  5.934375E+01
    12.7000    3.789921E-05  4.652736E-03  5.968211E+01
    12.7500   -1.800382E-03  5.539300E-03  6.002129E+01
    12.8000   -3.881397E-03  6.261951E-03  6.035880E+01
    12.8500   -5.737523E-03  6.806276E-03  6.069305E+01
    12.9000   -6.962314E-03  7.164981E-03  6.102264E+01
    12.9500   -7.311863E-03  7.338336E-03  6.134602E+01
    13.0000   -6.761163E-03  7.344334E-03  6.166225E+01
    13.0500   -5.472364E-03  7.203989E-03  6.196911E+01
    13.1000   -3.737677E-03  6.926672E-03  6.226188E+01
    13.1500   -1.905653E-03  6.545597E-03  6.253644E+01
    13.2000   -2.691663E-04  6.104676E-03  6.278775E+01
    13.2500    1.006054E-03  5.659170E-03  6.301058E+01
    13.3000    1.906237E-03  5.274052E-03  6.320166E+01
    13.3500    2.543811E-03  5.016016E-03  6.336371E+01
    13.4000    3.092907E-03  4.935731E-03  6.350908E+01
    13.4500    3.709263E-03  5.046779E-03  6.365748E+01
    13.5000    4.461448E-03  5.319240E-03  6.382681E+01
    13.5500    5.295535E-03  5.695210E-03  6.402578E+01
    13.6000    6.044039E-03  6.111118E-03  6.425435E+01
    13.6500    6.475588E-03  6.511700E-03  6.450801E+01
    13.7000    6.369051E-03  6.854457E-03  6.478125E+01
    13.7500    5.588526E-03  7.109318E-03  6.506900E+01
    13.8000    4.135655E-03  7.256957E-03  6.536708E+01
    13.8500    2.163092E-03  7.287123E-03  6.567207E+01
    13.9000   -5.504473E-05  7.197257E-03  6.598109E+01
    13.9500   -2.186902E-03  6.991409E-03  6.629158E+01
    14.0000   -3.925188E-03  6.687463E-03  6.660073E+01
    14.0500   -5.060941E-03  6.304283E-03  6.690539E+01
    14.1000   -5.508981E-03  5.846479E-03  6.720280E+01
    14.1500   -5.328915E-03  5.337016E-03  6.748914E+01
    14.2000   -4.692237E-03  4.803202E-03  6.775961E+01
    14.2500   -3.824183E-03  4.276796E-03  6.800846E+01
    14.3000   -2.937018E-03  3.793888E-03  6.822968E+01
    14.3500   -2.174750E-03  3.393178E-03  6.841934E+01
    14.4000   -1.584692E-03  3.110013E-03  6.858038E+01
    14.4500   -1.122327E-03  2.964553E-03  6.872677E+01
    14.5000   -6.854008E-04  2.950095E-03  6.888056E+01
    14.5500   -1.644331E-04  3.033928E-03  6.906081E+01
    14.6000    5.075807E-04  3.171975E-03  6.927575E+01
    14.6500    1.322397E-03  3.323783E-03  6.952422E+01
    14.7000    2.190760E-03  3.459279E-03  6.980085E+01
    14.7500    2.964818E-03  3.559076E-03  7.009960E+01
    14.8000    3.480958E-03  3.612449E-03  7.041520E+01
    14.8500    3.609145E-03  3.615118E-03  7.074333E+01
    14.9000    3.293219E-03  3.567434E-03  7.108048E+01
    14.9500    2.569872E-03  3.472998E-03  7.142362E+01
    15.0000    1.559110E-03  3.337496E-03  7.177057E+01
    15.0500    4.342220E-04  3.167533E-03  7.211911E+01
    15.1000   -6.146252E-04  2.971379E-03  7.246498E+01
    15.1500   -1.436209E-03  2.758000E-03  7.280435E+01
    15.2000   -1.948877E-03  2.537095E-03  7.313258E+01
    15.2500   -2.151193E-03  2.319508E-03  7.344413E+01
    15.3000   -2.108484E-03  2.117957E-03  7.373281E+01
    15.3500   -1.921092E-03  1.947759E-03  7.399309E+01
    15.4000   -1.685537E-03  1.826586E-03  7.422299E+01
    15.4500   -1.461484E-03  1.771706E-03  7.442819E+01
    15.5000   -1.254947E-03  1.794219E-03  7.462361E+01
    15.5500   -1.022501E-03  1.893687E-03  7.482784E+01
    15.6000   -6.942931E-04  2.058281E-03  7.505416E+01
    15.6500   -2.075568E-04  2.270055E-03  7.530666E+01
    15.7000    4.608924E-04  2.510312E-03  7.558287E+01
    15.7500    1.274233E-03  2.762289E-03  7.587768E+01
    15.8000    2.134329E-03  3.011791E-03  7.618582E+01
    15.8500    2.900439E-03  3.247035E-03  7.650276E+01
    15.9000    3.422557E-03  3.458421E-03  7.682488E+01
    15.9500    3.579479E-03  3.638426E-03  7.714927E+01
    16.0000    3.313766E-03  3.785404E-03  7.747354E+01
    16.0500    2.642214E-03  3.900533E-03  7.779560E+01
    16.1000    1.643059E-03  3.975404E-03  7.811373E+01
    16.1500    4.540316E-04  4.011627E-03  7.842639E+01
    16.2000   -7.672788E-04  4.013398E-03  7.873218E+01
    16.2500   -1.876898E-03  3.987416E-03  7.902991E+01
    16.3000   -2.769703E-03  3.942601E-03  7.931873E+01
    16.3500   -3.390257E-03  3.889520E-03  7.959835E+01
    16.4000   -3.728168E-03  3.839434E-03  7.986928E+01
    16.4500   -3.802006E-03  3.802962E-03  8.013304E+01
    16.5000   -3.639278E-03  3.788513E-03  8.039223E+01
    16.5500   -3.260683E-03  3.800822E-03  8.065026E+01
    16.6000   -2.674716E-03  3.840067E-03  8.091086E+01
    16.6500   -1.884438E-03  3.901900E-03  8.117738E+01
    16.7000   -9.033494E-04  3.978364E-03  8.145235E+01
    16.7500    2.264225E-04  4.059344E-03  8.173722E+01
    16.8000    1.421832E-03  4.134080E-03  8.203251E+01
    16.8500    2.559195E-03  4.192431E-03  8.233802E+01
    16.9000    3.489750E-03  4.225736E-03  8.265309E+01
    16.9500    4.068054E-03  4.227321E-03  8.297683E+01
    17.0000    4.190129E-03  4.196913E-03  8.330907E+01
    17.0500    3.814608E-03  4.137521E-03  8.364990E+01
    17.1000    2.970938E-03  4.039453E-03  8.399663E+01
    17.1500    1.784689E-03  3.904229E-03  8.434825E+01
    17.2000    4.442608E-04  3.734993E-03  8.470377E+01
    17.2500   -8.375600E-04  3.536192E-03  8.506213E+01
    17.3000   -1.868365E-03  3.313256E-03  8.542211E+01
    17.3500   -2.515534E-03  3.072288E-03  8.578229E+01
    17.4000   -2.730081E-03  2.819785E-03  8.614089E+01
    17.4500   -2.549169E-03  2.562444E-03  8.649563E+01
    17.5000   -2.077594E-03  2.307056E-03  8.684359E+01
    17.5500   -1.454420E-03  2.060550E-03  8.718099E+01
    17.6000   -8.148674E-04  1.830191E-03  8.750316E+01
    17.6500   -2.583896E-04  1.623890E-03  8.780480E+01
    17.7000    1.685808E-04  1.450412E-03  8.808109E+01
    17.7500    4.715948E-04  1.318962E-03  8.833024E+01
    17.8000    6.910334E-04  1.237358E-03  8.855714E+01
    17.8500    8.758610E-04  1.208755E-03  8.877504E+01
    17.9000    1.057789E-03  1.228960E-03  8.900128E+01
    17.9500    1.234745E-03  1.287096E-03  8.924920E+01
    18.0000    1.371027E-03  1.371122E-03  8.952362E+01
    18.0500    1.409796E-03  1.470102E-03  8.982281E+01
    18.1000    1.286487E-03  1.567334E-03  9.014336E+01
    18.1500    9.680423E-04  1.652935E-03  9.048050E+01
    18.2000    4.683032E-04  1.718938E-03  9.083026E+01
    18.2500   -1.466055E-04  1.759023E-03  9.118963E+01
    18.3000   -7.697531E-04  1.768368E-03  9.155655E+01
    18.3500   -1.279090E-03  1.743592E-03  9.192978E+01
    18.4000   -1.570035E-03  1.682770E-03  9.230886E+01
    18.4500   -1.585248E-03  1.585481E-03  9.269414E+01
    18.5000   -1.332431E-03  1.452868E-03  9.308703E+01
    18.5500   -8.844192E-04  1.287742E-03  9.349070E+01
    18.6000   -3.610330E-04  1.094823E-03  9.391173E+01
    18.6500    1.024557E-04  8.814554E-04  9.436428E+01
    18.7000    3.913864E-04  6.600486E-04  9.488252E+01
    18.7500    4.421167E-04  4.576450E-04  9.555733E+01
    18.8000    2.582384E-04  3.479101E-04  9.655294E+01
    18.8500   -9.178425E-05  4.224291E-04  9.760840E+01
    18.9000   -4.945799E-04  6.114130E-04  9.833167E+01
    18.9500   -8.234908E-04  8.273416E-04  9.886365E+01
    19.0000   -9.734363E-04  1.037890E-03  9.931444E+01
    19.0500   -8.871034E-04  1.230131E-03  9.972551E+01
    19.1000   -5.653675E-04  1.394125E-03  1.001134E+02
    19.1500   -6.937847E-05  1.524800E-03  1.004854E+02
    19.2000    5.001389E-04  1.619231E-03  1.008450E+02
    19.2500    1.030865E-03  1.676417E-03  1.011933E+02
    19.3000    1.427586E-03  1.697229E-03  1.015303E+02
    19.3500    1.633542E-03  1.684411E-03  1.018554E+02
    19.4000    1.639104E-03  1.642582E-03  1.021668E+02
    19.4500    1.476565E-03  1.578215E-03  1.024626E+02
    19.5000    1.204097E-03  1.499545E-03  1.027403E+02
    19.5500    8.848899E-04  1.416286E-03  1.029977E+02
    19.6000    5.684533E-04  1.338977E-03  1.032341E+02
    19.6500    2.797457E-04  1.277653E-03  1.034518E+02
    19.7000    1.878896E-05  1.239804E-03  1.036574E+02
    19.7500   -2.302421E-04  1.228221E-03  1.038611E+02
    19.8000   -4.845817E-04  1.240043E-03  1.040740E+02
    19.8500   -7.488056E-04  1.267825E-03  1.043044E+02
    19.9000   -1.006475E-03  1.301958E-03  1.045562E+02
    19.9500   -1.220680E-03  1.332999E-03  1.048299E+02