# # tequil.ion_motion                                            FEFF 9.05   
# # POT  SCF  30  5.5000   1, core-hole, AFOLP (folp(0)= 1.150)
# # Abs   Z=30 Rmt= 1.313 Rnm= 1.412 K  shell
# # Pot 1 Z=26 Rmt= 1.291 Rnm= 1.383
# # Pot 2 Z= 8 Rmt= 0.982 Rnm= 1.076
# # Gam_ch=1.897E+00 H-L exch
# # Mu=-1.183E+01 kf=2.218E+00 Vint=-1.938E+01 Rs_int= 1.635
# # PATH  Rmax= 8.500,  Keep_limit= 0.00, Heap_limit 0.00  Pwcrit= 2.50%
#  S02=1.000                                        Global_sig2= 0.00000
#  Energy zero shift, vr, vi   -2.00000E+00   0.00000E+00
#  Curved wave amplitude ratio filter   4.000%
#     file         sig2 tot  cw amp ratio   deg  nlegs   reff  inp sig2
#           1       0.00000    100.00      1.00     2   1.8856
#           2       0.00000     87.20      1.00     2   1.9893
#           3       0.00000     75.18      1.00     2   2.1078
#           4       0.00000     65.66      1.00     2   2.2215
#           5       0.00000     62.62      1.00     2   2.2627
#           6       0.00000     57.91      1.00     2   2.3319
#           7       0.00000     30.63      1.00     2   2.9219
#           8       0.00000     29.49      1.00     2   2.9710
#           9       0.00000     27.54      1.00     2   3.0609
#          10       0.00000     25.54      1.00     2   3.1622
#          11       0.00000     24.74      1.00     2   3.2150
#          12       0.00000     24.42      1.00     2   3.2231
#          13       0.00000     22.69      1.00     2   3.3249
#          14       0.00000     22.44      1.00     2   3.3326
#          15       0.00000     21.48      1.00     2   3.4025
#          16       0.00000     20.17      1.00     2   3.4656
#          17       0.00000      9.08      2.00     3   3.4775
#          18       0.00000     10.30      2.00     3   3.4855
#          19       0.00000     16.72      2.00     3   3.5165
#          20       0.00000     10.79      2.00     3   3.5425
#          21       0.00000     10.43      2.00     3   3.5452
#          22       0.00000      9.23      2.00     3   3.5522
#          23       0.00000      9.05      2.00     3   3.5541
#          24       0.00000      6.64      2.00     3   3.5553
#          25       0.00000      8.54      2.00     3   3.5627
#          26       0.00000      7.84      2.00     3   3.5738
#          27       0.00000     18.36      1.00     2   3.5858
#          28       0.00000     18.16      1.00     2   3.6002
#          29       0.00000      7.84      2.00     3   3.6034
#          30       0.00000     15.81      2.00     3   3.6076
#          31       0.00000      7.03      2.00     3   3.6181
#          32       0.00000      6.13      2.00     3   3.6307
#          33       0.00000      5.97      2.00     3   3.6316
#          34       0.00000      9.62      2.00     3   3.6315
#          35       0.00000     18.31      1.00     2   3.6352
#          36       0.00000      8.03      2.00     3   3.6427
#          37       0.00000      7.88      2.00     3   3.6424
#          38       0.00000     17.14      1.00     2   3.6759
#          39       0.00000      8.58      2.00     3   3.6804
#          40       0.00000     16.69      1.00     2   3.7112
#          41       0.00000     17.25      1.00     2   3.7247
#          42       0.00000     12.45      2.00     3   3.7461
#          43       0.00000      7.19      2.00     3   3.7469
#          44       0.00000     10.57      1.00     4   3.7713
#          45       0.00000     16.48      1.00     2   3.7937
#          46       0.00000      6.06      2.00     3   3.8055
#          47       0.00000      5.60      2.00     3   3.8066
#          48       0.00000      4.69      1.00     4   3.8098
#          49       0.00000     15.01      2.00     3   3.8257
#          50       0.00000     15.97      1.00     2   3.8425
#          51       0.00000      5.64      2.00     3   3.8437
#          52       0.00000     15.94      1.00     2   3.8455
#          54       0.00000     15.44      2.00     3   3.8821
#          55       0.00000      4.14      1.00     4   3.8903
#          56       0.00000      9.81      2.00     3   3.9033
#          57       0.00000     14.07      1.00     2   3.9439
#          58       0.00000      8.28      2.00     3   3.9519
#          59       0.00000     13.87      1.00     2   3.9641
#          60       0.00000      7.95      1.00     4   3.9787
#          61       0.00000     12.00      2.00     3   4.0092
#          62       0.00000      4.76      1.00     4   4.0163
#          63       0.00000     12.71      2.00     3   4.0223
#          64       0.00000      4.22      1.00     4   4.0295
#          65       0.00000     12.40      2.00     3   4.0322
#          66       0.00000      4.47      1.00     4   4.0331
#          67       0.00000      6.93      1.00     4   4.0394
#          68       0.00000     13.76      1.00     2   4.0768
#          70       0.00000     22.65      2.00     3   4.1168
#          71       0.00000     17.93      2.00     4   4.1483
#          72       0.00000      8.03      2.00     3   4.1498
#          73       0.00000      7.77      2.00     3   4.1610
#          74       0.00000      6.96      2.00     3   4.1628
#          75       0.00000      5.29      1.00     4   4.1991
#          76       0.00000      6.42      2.00     3   4.2010
#          77       0.00000      5.88      1.00     4   4.2155
#          78       0.00000      4.35      1.00     4   4.2218
#          80       0.00000      7.33      2.00     3   4.2434
#          81       0.00000     17.27      2.00     3   4.2523
#          82       0.00000     11.29      1.00     2   4.2606
#          83       0.00000      6.97      2.00     3   4.2712
#          84       0.00000     17.70      2.00     3   4.2737
#          85       0.00000     11.09      1.00     2   4.2875
#          86       0.00000     11.61      2.00     4   4.3213
#          87       0.00000     10.79      1.00     2   4.3287
#          88       0.00000     12.34      2.00     4   4.3292
#          89       0.00000      5.61      2.00     3   4.3478
#          90       0.00000     10.58      1.00     2   4.3576
#          91       0.00000      8.03      2.00     3   4.3619
#          92       0.00000     10.36      1.00     2   4.3891
#          93       0.00000     17.96      2.00     3   4.3906
#          94       0.00000      4.48      1.00     4   4.4429
#          95       0.00000      4.94      2.00     3   4.4536
#          96       0.00000     20.06      2.00     3   4.4736
#          97       0.00000      9.59      1.00     2   4.5081
#          98       0.00000      9.54      1.00     2   4.5161
#          99       0.00000      9.92      1.00     4   4.5205
#         100       0.00000      9.49      1.00     2   4.5238
#         101       0.00000      4.08      1.00     4   4.5254
#         102       0.00000      5.50      2.00     3   4.5414
#         103       0.00000     11.85      1.00     4   4.5582
#         104       0.00000      9.23      1.00     2   4.5677
#         105       0.00000     19.64      2.00     3   4.5792
#         106       0.00000      4.51      2.00     3   4.5961
#         107       0.00000      4.74      2.00     3   4.6062
#         108       0.00000      4.69      2.00     3   4.6204
#         109       0.00000      8.91      1.00     2   4.6218
#         110       0.00000      7.94      2.00     3   4.6254
#         111       0.00000     14.68      2.00     3   4.6465
#         112       0.00000     11.88      1.00     4   4.6503
#         113       0.00000      4.32      2.00     3   4.6604
#         115       0.00000     17.11      2.00     2   4.6866
#         116       0.00000      6.59      2.00     3   4.6880
#         117       0.00000      7.17      2.00     3   4.6910
#         118       0.00000     14.01      2.00     3   4.7010
#         119       0.00000      4.07      2.00     3   4.7037
#         120       0.00000      7.22      2.00     3   4.7112
#         121       0.00000     10.90      2.00     3   4.7256
#         122       0.00000      8.34      1.00     2   4.7283
#         123       0.00000      6.36      2.00     3   4.7321
#         125       0.00000      7.09      2.00     3   4.7429
#         126       0.00000     17.41      2.00     3   4.7504
#         127       0.00000      8.20      1.00     2   4.7538
#         128       0.00000      8.18      1.00     2   4.7582
#         129       0.00000      8.12      1.00     2   4.7703
#         130       0.00000      7.78      1.00     4   4.7769
#         131       0.00000      6.28      2.00     3   4.7783
#         133       0.00000      9.03      1.00     2   4.7833
#         134       0.00000     10.22      1.00     4   4.8142
#         135       0.00000      7.42      1.00     4   4.8343
#         136       0.00000      7.72      2.00     3   4.8440
#         137       0.00000      7.72      1.00     2   4.8512
#         138       0.00000      4.93      2.00     3   4.8518
#         140       0.00000     13.05      2.00     3   4.8762
#         141       0.00000      7.56      1.00     2   4.8860
#         143       0.00000      4.77      2.00     4   4.9113
#         145       0.00000      5.17      1.00     4   4.9275
#         146       0.00000      8.17      1.00     2   4.9636
#         148       0.00000      8.98      2.00     3   4.9655
#         149       0.00000      6.15      2.00     3   4.9713
#         151       0.00000      5.58      2.00     3   4.9756
#         152       0.00000      6.97      2.00     3   4.9845
#         153       0.00000      6.55      2.00     3   4.9865
#         154       0.00000      6.98      1.00     4   4.9943
#         155       0.00000      7.99      1.00     2   5.0039
#         156       0.00000      7.28      2.00     3   5.0048
#         157       0.00000      4.81      2.00     3   5.0081
#         158       0.00000      7.76      2.00     3   5.0196
#         159       0.00000      6.95      1.00     2   5.0266
#         160       0.00000     17.10      2.00     3   5.0353
#         161       0.00000     10.74      1.00     4   5.0439
#         170       0.00000      6.52      1.00     2   5.1338
#         172       0.00000      7.12      2.00     3   5.1389
#         173       0.00000     15.84      2.00     3   5.1396
#         174       0.00000      6.88      2.00     3   5.1400
#         175       0.00000      6.47      2.00     3   5.1424
#         176       0.00000      6.35      2.00     3   5.1448
#         177       0.00000      9.78      1.00     4   5.1455
#         178       0.00000      6.45      1.00     2   5.1520
#         179       0.00000     15.94      2.00     3   5.1545
#         180       0.00000      9.95      1.00     4   5.1570
#         182       0.00000      4.06      1.00     4   5.1772
#         183       0.00000      7.25      1.00     2   5.1805
#         186       0.00000      6.90      2.00     3   5.2070
#         188       0.00000      6.22      1.00     2   5.2144
#         190       0.00000      7.08      1.00     2   5.2249
#         191       0.00000      7.65      2.00     3   5.2402
#         194       0.00000     10.05      2.00     3   5.2635
#         199       0.00000      9.18      2.00     3   5.2994
#         200       0.00000      4.08      2.00     3   5.3161
#         203       0.00000      4.47      2.00     4   5.3219
#         205       0.00000      4.87      1.00     4   5.3466
#         207       0.00000      5.71      1.00     2   5.3618
#         209       0.00000      4.07      1.00     4   5.3739
#         210       0.00000      6.50      1.00     2   5.3860
#         212       0.00000      6.47      1.00     2   5.3947
#         213       0.00000      6.45      1.00     2   5.4000
#         214       0.00000      6.55      2.00     3   5.4055
#         215       0.00000      5.56      1.00     2   5.4080
#         216       0.00000      4.86      2.00     3   5.4142
#         217       0.00000      5.13      2.00     3   5.4255
#         219       0.00000      5.44      1.00     2   5.4471
#         220       0.00000      6.27      1.00     2   5.4532
#         222       0.00000      4.47      2.00     3   5.5011
#         223       0.00000      6.15      2.00     3   5.5024
#         224       0.00000      4.63      2.00     3   5.5187
#         227       0.00000      7.40      2.00     3   5.5374
#         228       0.00000      5.99      1.00     2   5.5408
#         230       0.00000      5.05      2.00     3   5.5464
#         231       0.00000      4.63      2.00     3   5.5533
#         232       0.00000      5.11      1.00     2   5.5576
#         235       0.00000      6.78      2.00     3   5.5909
#         236       0.00000      4.12      2.00     3   5.6014
#         237       0.00000      5.80      1.00     2   5.6018
#         238       0.00000      5.79      1.00     2   5.6062
#         244       0.00000      4.90      1.00     2   5.6362
#         245       0.00000      4.10      2.00     3   5.6396
#         246       0.00000      5.36      2.00     3   5.6416
#         247       0.00000      4.88      1.00     2   5.6445
#         248       0.00000      4.77      2.00     3   5.6707
#         251       0.00000      4.78      1.00     2   5.6813
#         252       0.00000      4.57      2.00     3   5.6842
#         253       0.00000      4.20      2.00     3   5.6841
#         254       0.00000      4.75      1.00     2   5.6912
#         255       0.00000      4.14      2.00     3   5.6921
#         256       0.00000      5.18      2.00     3   5.6961
#         260       0.00000      4.45      2.00     3   5.7017
#         262       0.00000      6.41      2.00     3   5.7123
#         263       0.00000      6.56      2.00     3   5.7189
#         264       0.00000      6.22      2.00     3   5.7206
#         265       0.00000      5.09      2.00     3   5.7246
#         268       0.00000      4.07      2.00     3   5.7334
#         269       0.00000      4.80      2.00     3   5.7360
#         271       0.00000      4.51      2.00     4   5.7482
#         272       0.00000      4.60      1.00     2   5.7520
#         273       0.00000      4.02      2.00     4   5.7522
#         275       0.00000      4.13      2.00     3   5.7619
#         278       0.00000      5.61      2.00     3   5.7904
#         280       0.00000      4.49      1.00     2   5.7953
#         283       0.00000      4.44      1.00     2   5.8181
#         288       0.00000      4.93      2.00     3   5.8420
#         289       0.00000      5.13      1.00     2   5.8441
#         290       0.00000      5.12      1.00     2   5.8465
#         294       0.00000      5.09      1.00     2   5.8616
#         295       0.00000      4.33      1.00     2   5.8615
#         300       0.00000      4.30      2.00     3   5.8767
#         301       0.00000      4.68      2.00     3   5.8773
#         304       0.00000      5.02      1.00     2   5.8876
#         305       0.00000      8.61      2.00     3   5.8907
#         306       0.00000      5.01      1.00     2   5.8922
#         309       0.00000      7.56      2.00     3   5.9043
#         311       0.00000      4.19      2.00     5   5.9096
#         312       0.00000      7.49      2.00     3   5.9105
#         316       0.00000      4.93      1.00     2   5.9257
#         318       0.00000      5.30      2.00     3   5.9366
#   234/ 288 paths used
#  -----------------------------------------------------------------------
#       k          chi          mag           phase @#
    -0.7000   -3.140786E-01  3.156842E-01 -1.671696E+00
    -0.6500   -3.228958E-01  3.292515E-01 -1.767601E+00
    -0.6000   -3.415452E-01  3.518319E-01 -1.813206E+00
    -0.5500   -3.651313E-01  3.771631E-01 -1.824063E+00
    -0.5000   -3.893682E-01  4.011845E-01 -1.814103E+00
    -0.4500   -4.129214E-01  4.232944E-01 -1.792634E+00
    -0.4000   -4.338444E-01  4.422953E-01 -1.766592E+00
    -0.3500   -4.531784E-01  4.595337E-01 -1.737300E+00
    -0.3000   -4.692444E-01  4.737943E-01 -1.709494E+00
    -0.2500   -4.822019E-01  4.853434E-01 -1.684635E+00
    -0.2000   -4.923071E-01  4.944338E-01 -1.663579E+00
    -0.1500   -5.004050E-01  5.018220E-01 -1.645965E+00
    -0.1000   -5.061607E-01  5.071389E-01 -1.632916E+00
    -0.0500   -5.095321E-01  5.102817E-01 -1.625007E+00
     0.0000   -5.106419E-01  5.113214E-01 -1.622358E+00
     0.0500   -5.117445E-01  5.123571E-01 -1.619703E+00
     0.1000   -5.150095E-01  5.154407E-01 -1.611703E+00
     0.1500   -5.203044E-01  5.205007E-01 -1.598261E+00
     0.2000   -5.274000E-01  5.274188E-01 -1.579240E+00
     0.2500   -5.359589E-01  5.360301E-01 -1.554489E+00
     0.3000   -5.455254E-01  5.461264E-01 -1.523876E+00
     0.3500   -5.558032E-01  5.577725E-01 -1.486741E+00
     0.4000   -5.668279E-01  5.716224E-01 -1.441187E+00
     0.4500   -5.766435E-01  5.862932E-01 -1.389115E+00
     0.5000   -5.841783E-01  6.014387E-01 -1.330643E+00
     0.5500   -5.886661E-01  6.173846E-01 -1.264589E+00
     0.6000   -5.889643E-01  6.345876E-01 -1.189292E+00
     0.6500   -5.826961E-01  6.512611E-01 -1.107803E+00
     0.7000   -5.686296E-01  6.675568E-01 -1.019425E+00
     0.7500   -5.451660E-01  6.845016E-01 -9.213888E-01
     0.8000   -5.106749E-01  6.998328E-01 -8.178976E-01
     0.8500   -4.639811E-01  7.143500E-01 -7.069466E-01
     0.9000   -4.038630E-01  7.279530E-01 -5.881139E-01
     0.9500   -3.312484E-01  7.389475E-01 -4.648296E-01
     1.0000   -2.445765E-01  7.490492E-01 -3.326152E-01
     1.0500   -1.471688E-01  7.562530E-01 -1.958523E-01
     1.1000   -4.066033E-02  7.609393E-01 -5.345986E-02
     1.1500    7.256862E-02  7.632076E-01  9.522758E-02
     1.2000    1.861484E-01  7.618509E-01  2.468360E-01
     1.2500    2.993372E-01  7.583225E-01  4.057805E-01
     1.3000    4.031844E-01  7.509552E-01  5.667528E-01
     1.3500    4.957142E-01  7.408515E-01  7.330161E-01
     1.4000    5.706620E-01  7.273870E-01  9.019490E-01
     1.4500    6.250031E-01  7.109156E-01  1.074081E+00
     1.5000    6.562078E-01  6.916267E-01  1.249380E+00
     1.5500    6.624801E-01  6.694740E-01  1.426124E+00
     1.6000    6.446733E-01  6.450804E-01  1.606325E+00
     1.6500    6.039550E-01  6.182796E-01  1.786475E+00
     1.7000    5.434088E-01  5.898588E-01  1.970305E+00
     1.7500    4.673868E-01  5.597027E-01  2.153346E+00
     1.8000    3.799046E-01  5.283239E-01  2.339122E+00
     1.8500    2.871009E-01  4.959393E-01  2.524210E+00
     1.9000    1.923209E-01  4.627695E-01  2.713005E+00
     1.9500    1.017844E-01  4.290657E-01  2.902086E+00
     2.0000    2.069642E-02  3.952008E-01  3.089199E+00
     2.0500   -4.774859E-02  3.614635E-01  3.274078E+00
     2.1000   -1.015789E-01  3.268800E-01  3.457578E+00
     2.1500   -1.389780E-01  2.915728E-01  3.638432E+00
     2.2000   -1.601755E-01  2.573079E-01  3.813532E+00
     2.2500   -1.669443E-01  2.243487E-01  3.980823E+00
     2.3000   -1.613083E-01  1.922269E-01  4.137321E+00
     2.3500   -1.447848E-01  1.597736E-01  4.275770E+00
     2.4000   -1.233331E-01  1.303437E-01  4.382922E+00
     2.4500   -1.014144E-01  1.052203E-01  4.442605E+00
     2.5000   -8.289029E-02  8.608872E-02  4.438948E+00
     2.5500   -7.141636E-02  7.563610E-02  4.376780E+00
     2.6000   -6.623695E-02  7.263135E-02  4.289631E+00
     2.6500   -6.770216E-02  7.599833E-02  4.240778E+00
     2.7000   -7.448889E-02  8.277613E-02  4.261096E+00
     2.7500   -8.205790E-02  8.863495E-02  4.324729E+00
     2.8000   -9.085327E-02  9.492188E-02  4.418544E+00
     2.8500   -9.966974E-02  1.012129E-01  4.537542E+00
     2.9000   -1.069958E-01  1.070661E-01  4.676141E+00
     2.9500   -1.115936E-01  1.123229E-01  4.826407E+00
     3.0000   -1.124312E-01  1.168178E-01  4.987302E+00
     3.0500   -1.087173E-01  1.204273E-01  5.157035E+00
     3.1000   -1.001144E-01  1.231145E-01  5.333589E+00
     3.1500   -8.673723E-02  1.250257E-01  5.516495E+00
     3.2000   -6.895756E-02  1.261080E-01  5.704632E+00
     3.2500   -4.765323E-02  1.262754E-01  5.896225E+00
     3.3000   -2.408909E-02  1.255762E-01  6.090160E+00
     3.3500    5.337063E-04  1.243001E-01  6.287479E+00
     3.4000    2.494033E-02  1.224793E-01  6.488248E+00
     3.4500    4.763333E-02  1.200385E-01  6.691232E+00
     3.5000    6.736415E-02  1.170545E-01  6.896393E+00
     3.5500    8.326715E-02  1.136961E-01  7.104975E+00
     3.6000    9.451854E-02  1.099812E-01  7.317293E+00
     3.6500    1.004024E-01  1.058329E-01  7.532244E+00
     3.7000    1.007515E-01  1.012981E-01  7.750044E+00
     3.7500    9.569956E-02  9.636863E-02  7.971888E+00
     3.8000    8.568328E-02  9.102574E-02  8.198293E+00
     3.8500    7.169239E-02  8.536721E-02  8.427842E+00
     3.9000    5.495973E-02  7.942989E-02  8.660622E+00
     3.9500    3.684706E-02  7.325444E-02  8.897710E+00
     4.0000    1.878216E-02  6.687982E-02  9.140115E+00
     4.0500    2.348898E-03  6.035528E-02  9.385850E+00
     4.1000   -1.119852E-02  5.374050E-02  9.634698E+00
     4.1500   -2.096242E-02  4.707617E-02  9.886273E+00
     4.2000   -2.647407E-02  4.039285E-02  1.013951E+01
     4.2500   -2.788804E-02  3.388667E-02  1.039141E+01
     4.3000   -2.592521E-02  2.766837E-02  1.063871E+01
     4.3500   -2.165655E-02  2.181373E-02  1.087546E+01
     4.4000   -1.627489E-02  1.634504E-02  1.108826E+01
     4.4500   -1.122002E-02  1.158616E-02  1.124764E+01
     4.5000   -7.487336E-03  7.821760E-03  1.128905E+01
     4.5500   -5.585031E-03  5.624292E-03  1.111380E+01
     4.6000   -5.481972E-03  5.551655E-03  1.083697E+01
     4.6500   -6.662912E-03  6.802616E-03  1.079256E+01
     4.7000   -8.220267E-03  8.227411E-03  1.095390E+01
     4.7500   -9.157065E-03  9.405405E-03  1.122588E+01
     4.8000   -8.678922E-03  1.028329E-02  1.156170E+01
     4.8500   -6.340478E-03  1.089238E-02  1.194506E+01
     4.9000   -2.266994E-03  1.135341E-02  1.236534E+01
     4.9500    2.882533E-03  1.180033E-02  1.281314E+01
     5.0000    8.043525E-03  1.229928E-02  1.327921E+01
     5.0500    1.198033E-02  1.294025E-02  1.374957E+01
     5.1000    1.367959E-02  1.371951E-02  1.421347E+01
     5.1500    1.259125E-02  1.456954E-02  1.466437E+01
     5.2000    8.705982E-03  1.535490E-02  1.510512E+01
     5.2500    2.789612E-03  1.598236E-02  1.553252E+01
     5.3000   -3.905925E-03  1.634409E-02  1.594928E+01
     5.3500   -9.912119E-03  1.635258E-02  1.635917E+01
     5.4000   -1.393317E-02  1.594281E-02  1.677123E+01
     5.4500   -1.503191E-02  1.509513E-02  1.718720E+01
     5.5000   -1.304663E-02  1.382061E-02  1.761501E+01
     5.5500   -8.584051E-03  1.217964E-02  1.806743E+01
     5.6000   -2.837769E-03  1.031245E-02  1.857078E+01
     5.6500    2.608356E-03  8.490019E-03  1.916183E+01
     5.7000    6.238513E-03  7.243027E-03  1.988740E+01
     5.7500    6.988261E-03  7.285264E-03  2.070688E+01
     5.8000    4.509190E-03  8.799163E-03  2.145311E+01
     5.8500   -7.243871E-04  1.122338E-02  2.205574E+01
     5.9000   -7.503358E-03  1.399816E-02  2.255687E+01
     5.9500   -1.419264E-02  1.678299E-02  2.299894E+01
     6.0000   -1.914418E-02  1.937092E-02  2.340879E+01
     6.0500   -2.102839E-02  2.161803E-02  2.379604E+01
     6.1000   -1.925612E-02  2.341797E-02  2.416734E+01
     6.1500   -1.406978E-02  2.469617E-02  2.452658E+01
     6.2000   -6.455596E-03  2.540630E-02  2.487583E+01
     6.2500    2.120748E-03  2.552936E-02  2.521591E+01
     6.3000    1.008499E-02  2.507358E-02  2.554668E+01
     6.3500    1.613166E-02  2.407447E-02  2.586705E+01
     6.4000    1.950985E-02  2.259520E-02  2.617481E+01
     6.4500    2.014705E-02  2.072790E-02  2.646624E+01
     6.5000    1.860899E-02  1.861805E-02  2.673475E+01
     6.5500    1.583497E-02  1.641942E-02  2.697115E+01
     6.6000    1.284657E-02  1.434243E-02  2.716432E+01
     6.6500    1.043751E-02  1.265603E-02  2.730465E+01
     6.7000    8.960170E-03  1.164465E-02  2.739633E+01
     6.7500    8.267228E-03  1.148076E-02  2.747040E+01
     6.8000    7.813296E-03  1.208852E-02  2.757156E+01
     6.8500    6.878777E-03  1.318919E-02  2.772567E+01
     6.9000    4.843687E-03  1.447383E-02  2.793310E+01
     6.9500    1.426777E-03  1.570543E-02  2.818336E+01
     7.0000   -3.179984E-03  1.673219E-02  2.846555E+01
     7.0500   -8.308411E-03  1.744502E-02  2.877073E+01
     7.1000   -1.300160E-02  1.779759E-02  2.909343E+01
     7.1500   -1.627322E-02  1.778195E-02  2.943022E+01
     7.2000   -1.737940E-02  1.741737E-02  2.977909E+01
     7.2500   -1.602703E-02  1.674443E-02  3.013891E+01
     7.3000   -1.245832E-02  1.581996E-02  3.050917E+01
     7.3500   -7.389668E-03  1.471208E-02  3.088969E+01
     7.4000   -1.825453E-03  1.349489E-02  3.128024E+01
     7.4500    3.197425E-03  1.224267E-02  3.168016E+01
     7.5000    6.826157E-03  1.098268E-02  3.208663E+01
     7.5500    8.637638E-03  9.786622E-03  3.249728E+01
     7.6000    8.686665E-03  8.714475E-03  3.290681E+01
     7.6500    7.398107E-03  7.791774E-03  3.330596E+01
     7.7000    5.397072E-03  7.029341E-03  3.368213E+01
     7.7500    3.290298E-03  6.437039E-03  3.402100E+01
     7.8000    1.478933E-03  6.044407E-03  3.431033E+01
     7.8500    6.021067E-05  5.915548E-03  3.454734E+01
     7.9000   -1.154531E-03  6.136203E-03  3.474680E+01
     7.9500   -2.516017E-03  6.766055E-03  3.493853E+01
     8.0000   -4.351013E-03  7.794941E-03  3.514971E+01
     8.0500   -6.796181E-03  9.168376E-03  3.539247E+01
     8.1000   -9.656785E-03  1.079457E-02  3.566505E+01
     8.1500   -1.239787E-02  1.257414E-02  3.596067E+01
     8.2000   -1.426211E-02  1.441200E-02  3.627267E+01
     8.2500   -1.447837E-02  1.621886E-02  3.659584E+01
     8.3000   -1.250269E-02  1.791172E-02  3.692649E+01
     8.3500   -8.218596E-03  1.941486E-02  3.726201E+01
     8.4000   -2.032918E-03  2.066135E-02  3.760056E+01
     8.4500    5.167804E-03  2.159485E-02  3.794076E+01
     8.5000    1.221004E-02  2.217996E-02  3.828207E+01
     8.5500    1.786700E-02  2.238609E-02  3.862330E+01
     8.6000    2.115646E-02  2.219275E-02  3.896311E+01
     8.6500    2.158912E-02  2.159918E-02  3.930043E+01
     8.7000    1.926871E-02  2.062003E-02  3.963395E+01
     8.7500    1.484898E-02  1.928532E-02  3.996192E+01
     8.8000    9.353009E-03  1.764034E-02  4.028186E+01
     8.8500    3.906295E-03  1.574583E-02  4.059000E+01
     8.9000   -5.422056E-04  1.367942E-02  4.088035E+01
     8.9500   -3.435301E-03  1.154001E-02  4.114297E+01
     9.0000   -4.698906E-03  9.468652E-03  4.135999E+01
     9.0500   -4.719757E-03  7.657595E-03  4.150480E+01
     9.1000   -4.164045E-03  6.375969E-03  4.155235E+01
     9.1500   -3.737748E-03  5.909855E-03  4.152543E+01
     9.2000   -3.962655E-03  6.281276E-03  4.152338E+01
     9.2500   -5.019464E-03  7.164645E-03  4.161693E+01
     9.3000   -6.706193E-03  8.195841E-03  4.179905E+01
     9.3500   -8.519344E-03  9.140470E-03  4.204073E+01
     9.4000   -9.828395E-03  9.869833E-03  4.231983E+01
     9.4500   -1.008711E-02  1.031661E-02  4.262283E+01
     9.5000   -9.030160E-03  1.047256E-02  4.294257E+01
     9.5500   -6.722198E-03  1.032552E-02  4.327336E+01
     9.6000   -3.580445E-03  9.866045E-03  4.361091E+01
     9.6500   -2.698839E-04  9.116401E-03  4.395269E+01
     9.7000    2.505276E-03  8.109507E-03  4.429637E+01
     9.7500    4.205009E-03  6.886688E-03  4.463911E+01
     9.8000    4.606258E-03  5.495842E-03  4.497615E+01
     9.8500    3.859765E-03  3.990645E-03  4.529628E+01
     9.9000    2.435057E-03  2.435130E-03  4.556079E+01
     9.9500    9.714116E-04  9.729523E-04  4.549681E+01
    10.0000    9.070531E-05  1.021083E-03  4.407125E+01
    10.0500    1.806295E-04  2.375092E-03  4.405842E+01
    10.1000    1.297825E-03  3.718236E-03  4.433885E+01
    10.1500    3.157559E-03  4.935981E-03  4.467641E+01
    10.2000    5.204678E-03  5.988746E-03  4.503563E+01
    10.2500    6.778852E-03  6.852455E-03  4.540639E+01
    10.3000    7.311886E-03  7.512765E-03  4.578486E+01
    10.3500    6.498684E-03  7.963770E-03  4.616938E+01
    10.4000    4.391921E-03  8.207305E-03  4.655924E+01
    10.4500    1.393480E-03  8.252198E-03  4.695422E+01
    10.5000   -1.853683E-03  8.113369E-03  4.735440E+01
    10.5500   -4.640669E-03  7.810741E-03  4.776009E+01
    10.6000   -6.383389E-03  7.368024E-03  4.817176E+01
    10.6500   -6.774189E-03  6.811392E-03  4.859012E+01
    10.7000   -5.852315E-03  6.168143E-03  4.901608E+01
    10.7500   -3.975812E-03  5.465381E-03  4.945088E+01
    10.8000   -1.706451E-03  4.728828E-03  4.989629E+01
    10.8500    3.559423E-04  3.981857E-03  5.035499E+01
    10.9000    1.740120E-03  3.244938E-03  5.083148E+01
    10.9500    2.222993E-03  2.535866E-03  5.133428E+01
    11.0000    1.864433E-03  1.866383E-03  5.188199E+01
    11.0500    9.697599E-04  1.257876E-03  5.252674E+01
    11.1000   -1.432556E-05  7.898650E-04  5.342521E+01
    11.1500   -6.639057E-04  6.873065E-04  5.471618E+01
    11.2000   -7.093079E-04  9.989041E-04  5.575905E+01
    11.2500   -1.162567E-04  1.442635E-03  5.646799E+01
    11.3000    9.107642E-04  1.900256E-03  5.704851E+01
    11.3500    2.001459E-03  2.339673E-03  5.757507E+01
    11.4000    2.744130E-03  2.747015E-03  5.807363E+01
    11.4500    2.821554E-03  3.112010E-03  5.855495E+01
    11.5000    2.115707E-03  3.424710E-03  5.902435E+01
    11.5500    7.492512E-04  3.675030E-03  5.948494E+01
    11.6000   -9.482845E-04  3.853187E-03  5.993892E+01
    11.6500   -2.538340E-03  3.950423E-03  6.038808E+01
    11.7000   -3.604466E-03  3.959808E-03  6.083418E+01
    11.7500   -3.876338E-03  3.876972E-03  6.127915E+01
    11.8000   -3.308960E-03  3.700771E-03  6.172537E+01
    11.8500   -2.093566E-03  3.433886E-03  6.217620E+01
    11.9000   -5.977137E-04  3.083519E-03  6.263678E+01
    11.9500    7.464343E-04  2.662569E-03  6.311601E+01
    12.0000    1.573182E-03  2.194981E-03  6.363094E+01
    12.0500    1.687537E-03  1.717206E-03  6.421649E+01
    12.1000    1.116010E-03  1.302817E-03  6.494478E+01
    12.1500    1.015612E-04  1.112384E-03  6.588202E+01
    12.2000   -9.754598E-04  1.287178E-03  6.683342E+01
    12.2500   -1.715108E-03  1.715960E-03  6.757576E+01
    12.3000   -1.820105E-03  2.233766E-03  6.816263E+01
    12.3500   -1.185893E-03  2.755650E-03  6.867016E+01
    12.4000    6.790412E-05  3.239123E-03  6.913600E+01
    12.4500    1.632992E-03  3.658579E-03  6.957772E+01
    12.5000    3.103090E-03  3.996654E-03  7.000401E+01
    12.5500    4.091740E-03  4.241348E-03  7.041944E+01
    12.6000    4.341740E-03  4.384995E-03  7.082641E+01
    12.6500    3.794037E-03  4.423857E-03  7.122599E+01
    12.7000    2.596834E-03  4.357931E-03  7.161826E+01
    12.7500    1.054109E-03  4.190847E-03  7.200237E+01
    12.8000   -4.690633E-04  3.929885E-03  7.237627E+01
    12.8500   -1.654433E-03  3.586246E-03  7.273612E+01
    12.9000   -2.318591E-03  3.175951E-03  7.307502E+01
    12.9500   -2.454900E-03  2.722278E-03  7.338051E+01
    13.0000   -2.220851E-03  2.264828E-03  7.363004E+01
    13.0500   -1.867898E-03  1.869510E-03  7.378590E+01
    13.1000   -1.644084E-03  1.644143E-03  7.381891E+01
    13.1500   -1.707364E-03  1.708203E-03  7.379609E+01
    13.2000   -2.058008E-03  2.058951E-03  7.385770E+01
    13.2500   -2.529689E-03  2.588568E-03  7.404112E+01
    13.3000   -2.838953E-03  3.204918E-03  7.430998E+01
    13.3500   -2.679000E-03  3.855198E-03  7.462993E+01
    13.4000   -1.829487E-03  4.509306E-03  7.498046E+01
    13.4500   -2.481963E-04  5.148129E-03  7.534999E+01
    13.5000    1.885097E-03  5.758057E-03  7.573176E+01
    13.5500    4.188829E-03  6.328465E-03  7.612158E+01
    13.6000    6.161654E-03  6.850486E-03  7.651673E+01
    13.6500    7.305834E-03  7.316377E-03  7.691533E+01
    13.7000    7.259060E-03  7.719201E-03  7.731604E+01
    13.7500    5.898469E-03  8.052700E-03  7.771785E+01
    13.8000    3.387616E-03  8.311282E-03  7.812000E+01
    13.8500    1.522762E-04  8.490115E-03  7.852188E+01
    13.9000   -3.209924E-03  8.585272E-03  7.892301E+01
    13.9500   -6.063421E-03  8.593912E-03  7.932301E+01
    14.0000   -7.885369E-03  8.520265E-03  7.972213E+01
    14.0500   -8.366991E-03  8.367389E-03  8.012037E+01
    14.1000   -7.466414E-03  8.126586E-03  8.051647E+01
    14.1500   -5.437534E-03  7.800756E-03  8.091013E+01
    14.2000   -2.745433E-03  7.394571E-03  8.130103E+01
    14.2500    5.084013E-05  6.914481E-03  8.168876E+01
    14.3000    2.429648E-03  6.368653E-03  8.207283E+01
    14.3500    4.019063E-03  5.766858E-03  8.245251E+01
    14.4000    4.663796E-03  5.120307E-03  8.282673E+01
    14.4500    4.433904E-03  4.441478E-03  8.319380E+01
    14.5000    3.578299E-03  3.743995E-03  8.355082E+01
    14.5500    2.439980E-03  3.042706E-03  8.389251E+01
    14.6000    1.358266E-03  2.354416E-03  8.420807E+01
    14.6500    5.843331E-04  1.700830E-03  8.447230E+01
    14.7000    2.303007E-04  1.120639E-03  8.461602E+01
    14.7500    2.612898E-04  7.218923E-04  8.445264E+01
    14.8000    5.275883E-04  7.293089E-04  8.401428E+01
    14.8500    8.237545E-04  1.050225E-03  8.392134E+01
    14.9000    9.557874E-04  1.427938E-03  8.408967E+01
    14.9500    7.974450E-04  1.775238E-03  8.435713E+01
    15.0000    3.184812E-04  2.069121E-03  8.466847E+01
    15.0500   -4.138637E-04  2.300639E-03  8.500388E+01
    15.1000   -1.240202E-03  2.462989E-03  8.535069E+01
    15.1500   -1.973583E-03  2.557682E-03  8.570440E+01
    15.2000   -2.448136E-03  2.588684E-03  8.606276E+01
    15.2500   -2.560545E-03  2.561771E-03  8.642474E+01
    15.3000   -2.291567E-03  2.484070E-03  8.679007E+01
    15.3500   -1.704504E-03  2.363656E-03  8.715916E+01
    15.4000   -9.240356E-04  2.209201E-03  8.753306E+01
    15.4500   -1.034431E-04  2.029694E-03  8.791361E+01
    15.5000    6.101648E-04  1.834269E-03  8.830370E+01
    15.5500    1.104270E-03  1.632192E-03  8.870767E+01
    15.6000    1.317924E-03  1.433108E-03  8.913172E+01
    15.6500    1.246105E-03  1.247593E-03  8.958424E+01
    15.7000    9.334582E-04  1.087933E-03  9.007480E+01
    15.7500    4.611619E-04  9.683479E-04  9.060982E+01
    15.8000   -6.924845E-05  9.026920E-04  9.118298E+01
    15.8500   -5.522967E-04  8.980909E-04  9.176853E+01
    15.9000   -8.937474E-04  9.492419E-04  9.233335E+01
    15.9500   -1.023975E-03  1.041082E-03  9.285851E+01
    16.0000   -9.087635E-04  1.157477E-03  9.334488E+01
    16.0500   -5.560309E-04  1.286078E-03  9.380069E+01
    16.1000   -2.109549E-05  1.414953E-03  9.423287E+01
    16.1500    6.015918E-04  1.536333E-03  9.465012E+01
    16.2000    1.192414E-03  1.644462E-03  9.505897E+01
    16.2500    1.627227E-03  1.735008E-03  9.546424E+01
    16.3000    1.802462E-03  1.804811E-03  9.586960E+01
    16.3500    1.659857E-03  1.851859E-03  9.627797E+01
    16.4000    1.204628E-03  1.875382E-03  9.669183E+01
    16.4500    5.111793E-04  1.875989E-03  9.711340E+01
    16.5000   -2.872181E-04  1.855785E-03  9.754477E+01
    16.5500   -1.024526E-03  1.818441E-03  9.798788E+01
    16.6000   -1.538980E-03  1.769118E-03  9.844440E+01
    16.6500   -1.712481E-03  1.714199E-03  9.891539E+01
    16.7000   -1.502044E-03  1.660690E-03  9.940083E+01
    16.7500   -9.541267E-04  1.615243E-03  9.989904E+01
    16.8000   -1.966708E-04  1.582858E-03  1.004064E+02
    16.8500    5.904443E-04  1.565604E-03  1.009177E+02
    16.9000    1.219691E-03  1.561885E-03  1.014271E+02
    16.9500    1.543503E-03  1.566636E-03  1.019297E+02
    17.0000    1.492657E-03  1.572447E-03  1.024217E+02
    17.0500    1.095315E-03  1.571074E-03  1.029011E+02
    17.1000    4.634472E-04  1.554379E-03  1.033698E+02
    17.1500   -2.363870E-04  1.515474E-03  1.038292E+02
    17.2000   -8.287409E-04  1.449147E-03  1.042814E+02
    17.2500   -1.177166E-03  1.352127E-03  1.047290E+02
    17.3000   -1.220393E-03  1.223209E-03  1.051755E+02
    17.3500   -9.864547E-04  1.063305E-03  1.056259E+02
    17.4000   -5.807468E-04  8.755900E-04  1.060890E+02
    17.4500   -1.516915E-04  6.661260E-04  1.065844E+02
    17.5000    1.557081E-04  4.469860E-04  1.071700E+02
    17.5500    2.444770E-04  2.567096E-04  1.080750E+02
    17.6000    9.501605E-05  2.475004E-04  1.095617E+02
    17.6500   -2.296789E-04  4.358047E-04  1.105108E+02
    17.7000   -6.045074E-04  6.629311E-04  1.111036E+02
    17.7500   -8.822249E-04  8.842880E-04  1.115949E+02
    17.8000   -9.406505E-04  1.084952E-03  1.120482E+02
    17.8500   -7.225926E-04  1.255935E-03  1.124843E+02
    17.9000   -2.560821E-04  1.390684E-03  1.129121E+02
    17.9500    3.515641E-04  1.484443E-03  1.133364E+02
    18.0000    9.447599E-04  1.533200E-03  1.137612E+02
    18.0500    1.362870E-03  1.534579E-03  1.141905E+02
    18.1000    1.490523E-03  1.491889E-03  1.146253E+02
    18.1500    1.296093E-03  1.407974E-03  1.150695E+02
    18.2000    8.399227E-04  1.287938E-03  1.155285E+02
    18.2500    2.571692E-04  1.139598E-03  1.160113E+02
    18.3000   -2.821265E-04  9.745486E-04  1.165326E+02
    18.3500   -6.238302E-04  8.105833E-04  1.171172E+02
    18.4000   -6.760160E-04  6.760603E-04  1.177983E+02
    18.4500   -4.366817E-04  6.106762E-04  1.185838E+02
    18.5000    5.667388E-06  6.416129E-04  1.193894E+02
    18.5500    4.989171E-04  7.507739E-04  1.201074E+02
    18.6000    8.737219E-04  8.969063E-04  1.207235E+02
    18.6500    9.953912E-04  1.048083E-03  1.212698E+02
    18.7000    8.055647E-04  1.185068E-03  1.217747E+02
    18.7500    3.409733E-04  1.296438E-03  1.222560E+02
    18.8000   -2.765279E-04  1.375423E-03  1.227245E+02
    18.8500   -8.757950E-04  1.418446E-03  1.231876E+02
    18.9000   -1.287395E-03  1.424500E-03  1.236506E+02
    18.9500   -1.394443E-03  1.394895E-03  1.241184E+02
    19.0000   -1.168331E-03  1.333552E-03  1.245960E+02
    19.0500   -6.774667E-04  1.246578E-03  1.250892E+02
    19.1000   -6.607507E-05  1.141200E-03  1.256058E+02
    19.1500    4.860659E-04  1.028919E-03  1.261557E+02
    19.2000    8.184014E-04  9.250375E-04  1.267496E+02
    19.2500    8.376865E-04  8.482729E-04  1.273927E+02
    19.3000    5.460440E-04  8.166418E-04  1.280729E+02
    19.3500    4.054950E-05  8.386047E-04  1.287569E+02
    19.4000   -5.155770E-04  9.073033E-04  1.294097E+02
    19.4500   -9.416191E-04  1.005907E-03  1.300166E+02
    19.5000   -1.093394E-03  1.116927E-03  1.305817E+02
    19.5500   -9.066412E-04  1.226807E-03  1.311153E+02
    19.6000   -4.169524E-04  1.326347E-03  1.316271E+02
    19.6500    2.495898E-04  1.409850E-03  1.321249E+02
    19.7000    9.122230E-04  1.474270E-03  1.326141E+02
    19.7500    1.387181E-03  1.518571E-03  1.330986E+02
    19.8000    1.540095E-03  1.543228E-03  1.335814E+02
    19.8500    1.323938E-03  1.549814E-03  1.340644E+02
    19.9000    7.917477E-04  1.540598E-03  1.345487E+02
    19.9500    8.084567E-05  1.518152E-03  1.350352E+02