# # tequil.ion_motion                                            FEFF 9.05   
# # POT  SCF  30  5.5000   1, core-hole, AFOLP (folp(0)= 1.150)
# # Abs   Z=30 Rmt= 1.329 Rnm= 1.419 K  shell
# # Pot 1 Z=26 Rmt= 1.262 Rnm= 1.390
# # Pot 2 Z= 8 Rmt= 1.011 Rnm= 1.089
# # Gam_ch=1.897E+00 H-L exch
# # Mu=-1.167E+01 kf=2.164E+00 Vint=-1.899E+01 Rs_int= 1.676
# # PATH  Rmax= 8.500,  Keep_limit= 0.00, Heap_limit 0.00  Pwcrit= 2.50%
#  S02=1.000                                        Global_sig2= 0.00000
#  Energy zero shift, vr, vi   -2.00000E+00   0.00000E+00
#  Curved wave amplitude ratio filter   4.000%
#     file         sig2 tot  cw amp ratio   deg  nlegs   reff  inp sig2
#           1       0.00000    100.00      1.00     2   1.9626
#           2       0.00000     95.72      1.00     2   1.9963
#           3       0.00000     91.40      1.00     2   2.0324
#           4       0.00000     74.60      1.00     2   2.1994
#           5       0.00000     66.93      1.00     2   2.2937
#           6       0.00000     64.74      1.00     2   2.3234
#           7       0.00000     33.23      1.00     2   2.9515
#           8       0.00000     32.24      1.00     2   2.9916
#           9       0.00000     32.05      1.00     2   2.9993
#          10       0.00000     29.73      1.00     2   3.1004
#          11       0.00000     25.91      1.00     2   3.2888
#          12       0.00000     25.27      1.00     2   3.3232
#          13       0.00000     25.16      1.00     2   3.3294
#          14       0.00000     14.12      2.00     3   3.4460
#          15       0.00000     22.59      1.00     2   3.4507
#          16       0.00000     22.29      1.00     2   3.4670
#          17       0.00000     22.23      1.00     2   3.4707
#          18       0.00000     11.70      2.00     3   3.4740
#          19       0.00000     22.09      1.00     2   3.4786
#          20       0.00000     10.99      2.00     3   3.5108
#          21       0.00000     10.42      2.00     3   3.5259
#          22       0.00000     10.81      2.00     3   3.5597
#          23       0.00000      8.00      2.00     3   3.5832
#          24       0.00000      8.11      2.00     3   3.5914
#          25       0.00000      6.97      2.00     3   3.6026
#          26       0.00000      7.44      2.00     3   3.6044
#          27       0.00000      8.99      2.00     3   3.6039
#          28       0.00000      8.44      2.00     3   3.6072
#          29       0.00000     10.82      2.00     3   3.6129
#          30       0.00000      9.93      2.00     3   3.6201
#          31       0.00000     16.72      2.00     3   3.6260
#          32       0.00000     19.62      1.00     2   3.6302
#          33       0.00000     15.15      2.00     3   3.6341
#          34       0.00000     15.80      2.00     3   3.6373
#          35       0.00000      9.30      2.00     3   3.6494
#          36       0.00000     20.04      1.00     2   3.6538
#          37       0.00000      9.65      2.00     3   3.6586
#          38       0.00000      7.64      2.00     3   3.6678
#          39       0.00000     18.92      1.00     2   3.6776
#          40       0.00000      7.51      2.00     3   3.6934
#          41       0.00000      6.61      2.00     3   3.7233
#          42       0.00000      6.43      2.00     3   3.7302
#          43       0.00000     18.92      1.00     2   3.7389
#          44       0.00000     18.76      1.00     2   3.7507
#          45       0.00000      8.52      2.00     3   3.7573
#          46       0.00000      5.81      2.00     3   3.7776
#          47       0.00000     17.06      1.00     2   3.8147
#          48       0.00000     16.57      2.00     3   3.8273
#          49       0.00000     17.59      1.00     2   3.8469
#          50       0.00000     17.40      1.00     2   3.8637
#          51       0.00000      5.94      1.00     4   3.8927
#          52       0.00000      4.41      1.00     4   3.9225
#          53       0.00000      9.90      1.00     4   3.9253
#          54       0.00000     16.62      1.00     2   3.9325
#          55       0.00000     15.52      1.00     2   3.9439
#          56       0.00000     15.46      1.00     2   3.9497
#          57       0.00000      4.30      1.00     4   3.9514
#          58       0.00000     13.57      2.00     3   3.9540
#          60       0.00000     13.82      2.00     3   3.9762
#          61       0.00000      4.19      1.00     4   3.9795
#          62       0.00000      9.04      1.00     4   3.9926
#          63       0.00000      6.81      1.00     4   4.0009
#          64       0.00000     15.60      2.00     3   4.0135
#          65       0.00000      9.12      2.00     3   4.0567
#          66       0.00000      8.22      1.00     4   4.0648
#          67       0.00000     12.56      2.00     3   4.0659
#          68       0.00000      8.92      2.00     3   4.0711
#          69       0.00000      8.78      2.00     3   4.0828
#          70       0.00000      5.54      1.00     4   4.1002
#          71       0.00000      8.40      2.00     3   4.1202
#          72       0.00000     13.68      1.00     2   4.1210
#          73       0.00000     25.12      2.00     3   4.1381
#          74       0.00000      4.05      1.00     4   4.1397
#          75       0.00000     21.90      2.00     4   4.1620
#          76       0.00000      6.64      1.00     4   4.1633
#          77       0.00000      5.03      1.00     4   4.1692
#          78       0.00000     12.97      1.00     2   4.1977
#          81       0.00000      7.04      2.00     3   4.2300
#          82       0.00000     20.33      2.00     3   4.2336
#          83       0.00000      6.58      2.00     3   4.2523
#          84       0.00000      4.17      1.00     4   4.2850
#          85       0.00000     15.50      2.00     4   4.2900
#          86       0.00000     19.27      2.00     3   4.3024
#          87       0.00000      7.11      2.00     3   4.3166
#          88       0.00000      6.76      2.00     3   4.3183
#          89       0.00000     11.88      1.00     2   4.3260
#          90       0.00000      6.47      2.00     3   4.3545
#          91       0.00000     14.65      2.00     4   4.3559
#          92       0.00000     11.60      1.00     2   4.3617
#          93       0.00000      8.53      2.00     3   4.3794
#          94       0.00000      5.43      1.00     4   4.3987
#          95       0.00000      6.08      2.00     3   4.4167
#          96       0.00000      6.48      2.00     3   4.4407
#          97       0.00000     19.96      2.00     3   4.4432
#          98       0.00000     10.98      1.00     2   4.4438
#          99       0.00000     10.90      1.00     2   4.4553
#         100       0.00000      7.16      2.00     3   4.4588
#         101       0.00000      5.95      2.00     3   4.4769
#         102       0.00000     10.56      1.00     2   4.5029
#         103       0.00000      5.41      2.00     3   4.5181
#         104       0.00000     10.43      1.00     2   4.5230
#         105       0.00000     10.38      1.00     2   4.5296
#         106       0.00000     10.34      1.00     2   4.5355
#         107       0.00000     10.26      1.00     2   4.5472
#         108       0.00000     11.26      1.00     4   4.5604
#         109       0.00000      7.34      2.00     3   4.5626
#         110       0.00000      7.26      2.00     3   4.5662
#         111       0.00000      5.67      2.00     3   4.5660
#         112       0.00000     21.82      2.00     3   4.5713
#         113       0.00000      4.36      1.00     4   4.5875
#         114       0.00000     21.58      2.00     3   4.5899
#         115       0.00000      4.79      2.00     3   4.5982
#         116       0.00000     14.90      2.00     3   4.6071
#         117       0.00000     18.27      2.00     3   4.6320
#         119       0.00000     13.24      1.00     4   4.6397
#         120       0.00000      4.08      1.00     4   4.6469
#         121       0.00000      6.69      2.00     3   4.6541
#         122       0.00000     13.06      1.00     4   4.6569
#         123       0.00000      6.61      2.00     3   4.6582
#         124       0.00000      4.89      2.00     3   4.6586
#         125       0.00000      9.50      1.00     2   4.6666
#         126       0.00000      4.72      2.00     3   4.6669
#         127       0.00000      9.49      1.00     2   4.6680
#         128       0.00000     12.06      2.00     3   4.6690
#         129       0.00000      4.65      2.00     3   4.6687
#         130       0.00000     15.00      2.00     3   4.6811
#         131       0.00000      4.59      2.00     3   4.6909
#         132       0.00000      8.46      2.00     3   4.6954
#         133       0.00000      9.20      1.00     2   4.7166
#         134       0.00000     10.38      1.00     4   4.7344
#         136       0.00000      8.97      1.00     2   4.7581
#         137       0.00000      8.95      1.00     2   4.7613
#         138       0.00000      7.60      1.00     4   4.7704
#         140       0.00000      7.83      1.00     4   4.8268
#         141       0.00000     12.75      2.00     3   4.8301
#         142       0.00000      5.81      2.00     3   4.8298
#         143       0.00000      7.56      2.00     3   4.8339
#         145       0.00000      8.35      2.00     3   4.8476
#         146       0.00000     10.89      2.00     3   4.8686
#         147       0.00000      5.85      2.00     3   4.8741
#         148       0.00000      8.15      2.00     3   4.8770
#         149       0.00000      9.26      1.00     2   4.8824
#         150       0.00000      5.61      1.00     4   4.8826
#         152       0.00000      8.22      1.00     2   4.8976
#         153       0.00000      9.09      1.00     2   4.9144
#         155       0.00000      5.29      2.00     4   4.9478
#         157       0.00000      9.10      2.00     3   4.9587
#         158       0.00000      7.05      2.00     3   4.9657
#         159       0.00000      7.55      2.00     3   4.9655
#         162       0.00000      6.43      1.00     4   4.9921
#         164       0.00000      7.69      1.00     2   5.0057
#         165       0.00000      8.57      2.00     3   5.0095
#         168       0.00000      8.55      1.00     2   5.0216
#         169       0.00000      8.18      2.00     3   5.0257
#         173       0.00000      7.49      1.00     2   5.0487
#         174       0.00000      9.13      2.00     3   5.0506
#         175       0.00000     18.90      2.00     3   5.0537
#         176       0.00000     12.06      1.00     4   5.0587
#         177       0.00000      4.15      2.00     4   5.0630
#         178       0.00000      5.11      1.00     4   5.0705
#         179       0.00000      6.97      2.00     3   5.0780
#         183       0.00000      7.12      1.00     2   5.1353
#         184       0.00000      7.87      2.00     3   5.1472
#         186       0.00000     16.85      2.00     3   5.1490
#         187       0.00000      7.91      1.00     2   5.1602
#         188       0.00000     10.28      1.00     4   5.1626
#         189       0.00000      4.31      1.00     4   5.1867
#         190       0.00000      6.86      1.00     2   5.1964
#         192       0.00000      8.86      2.00     3   5.2017
#         193       0.00000     16.30      2.00     3   5.2078
#         194       0.00000      6.01      2.00     3   5.2113
#         196       0.00000      9.93      1.00     4   5.2191
#         197       0.00000     10.40      2.00     3   5.2530
#         200       0.00000      7.40      1.00     2   5.2812
#         202       0.00000      6.48      1.00     2   5.2939
#         203       0.00000      6.81      2.00     3   5.2998
#         204       0.00000      7.31      1.00     2   5.3041
#         206       0.00000      7.30      2.00     3   5.3449
#         208       0.00000      5.03      1.00     4   5.3458
#         209       0.00000      6.44      2.00     3   5.3649
#         211       0.00000      5.07      2.00     3   5.3731
#         212       0.00000      6.11      1.00     2   5.3946
#         214       0.00000      4.06      1.00     4   5.3976
#         215       0.00000      6.10      1.00     2   5.3984
#         217       0.00000      6.92      1.00     2   5.4046
#         218       0.00000      7.12      2.00     3   5.4217
#         219       0.00000      6.01      1.00     2   5.4252
#         222       0.00000      5.16      2.00     3   5.4342
#         223       0.00000      6.70      2.00     3   5.4415
#         224       0.00000      5.59      2.00     3   5.4451
#         225       0.00000      4.35      2.00     4   5.4471
#         228       0.00000      5.84      1.00     2   5.4758
#         229       0.00000      4.66      2.00     3   5.4791
#         230       0.00000      6.64      1.00     2   5.4825
#         231       0.00000      6.61      1.00     2   5.4920
#         233       0.00000      6.58      1.00     2   5.5006
#         236       0.00000      5.20      2.00     3   5.5130
#         237       0.00000      6.51      1.00     2   5.5201
#         239       0.00000      4.71      2.00     3   5.5306
#         241       0.00000      4.96      2.00     3   5.5398
#         242       0.00000      5.94      2.00     3   5.5430
#         243       0.00000      4.75      2.00     3   5.5514
#         244       0.00000      5.52      1.00     2   5.5731
#         245       0.00000      6.82      2.00     3   5.5901
#         246       0.00000      6.27      1.00     2   5.5916
#         250       0.00000      5.39      1.00     2   5.6156
#         253       0.00000      5.33      1.00     2   5.6376
#         255       0.00000      5.89      2.00     3   5.6478
#         256       0.00000      6.39      2.00     3   5.6548
#         257       0.00000      5.26      1.00     2   5.6589
#         258       0.00000      5.02      2.00     3   5.6598
#         262       0.00000      5.35      2.00     3   5.6874
#         263       0.00000      6.11      2.00     3   5.6946
#         264       0.00000      4.61      2.00     3   5.6956
#         265       0.00000      6.40      2.00     3   5.6970
#         267       0.00000      4.58      2.00     3   5.7127
#         268       0.00000      4.98      2.00     3   5.7135
#         271       0.00000      4.14      2.00     3   5.7260
#         272       0.00000      5.75      2.00     3   5.7388
#         273       0.00000      4.20      2.00     3   5.7428
#         276       0.00000      4.01      2.00     3   5.7626
#         277       0.00000      4.09      2.00     3   5.7668
#         280       0.00000      5.05      2.00     3   5.7755
#         284       0.00000      4.68      2.00     3   5.7835
#         290       0.00000      5.63      1.00     2   5.7984
#         292       0.00000      5.61      1.00     2   5.8063
#         293       0.00000      4.72      2.00     3   5.8076
#         295       0.00000      4.37      2.00     3   5.8151
#         302       0.00000      9.32      2.00     3   5.8432
#         305       0.00000      4.73      1.00     2   5.8547
#         308       0.00000      5.66      2.00     3   5.8681
#         309       0.00000      5.42      1.00     2   5.8715
#         313       0.00000      4.41      1.00     4   5.8879
#         314       0.00000      5.69      2.00     3   5.8891
#         315       0.00000     10.33      2.00     3   5.8904
#         320       0.00000      4.59      1.00     2   5.9089
#         321       0.00000      5.04      1.00     4   5.9093
#         322       0.00000      4.58      1.00     2   5.9110
#         323       0.00000      4.58      1.00     2   5.9114
#         325       0.00000      5.31      1.00     2   5.9127
#         327       0.00000      5.30      1.00     2   5.9181
#         331       0.00000      5.23      1.00     2   5.9441
#   242/ 309 paths used
#  -----------------------------------------------------------------------
#       k          chi          mag           phase @#
    -0.7000   -4.069442E-01  4.084683E-01 -1.484384E+00
    -0.6500   -3.921069E-01  3.924437E-01 -1.529368E+00
    -0.6000   -3.896329E-01  3.896402E-01 -1.564670E+00
    -0.5500   -3.946640E-01  3.947157E-01 -1.586974E+00
    -0.5000   -4.039626E-01  4.040928E-01 -1.596189E+00
    -0.4500   -4.154308E-01  4.155550E-01 -1.595245E+00
    -0.4000   -4.270809E-01  4.271425E-01 -1.587780E+00
    -0.3500   -4.389731E-01  4.389773E-01 -1.575164E+00
    -0.3000   -4.495104E-01  4.495321E-01 -1.560976E+00
    -0.2500   -4.584133E-01  4.585437E-01 -1.546949E+00
    -0.2000   -4.656012E-01  4.659120E-01 -1.534270E+00
    -0.1500   -4.715474E-01  4.720885E-01 -1.522911E+00
    -0.1000   -4.758609E-01  4.766247E-01 -1.514176E+00
    -0.0500   -4.784179E-01  4.793392E-01 -1.508787E+00
     0.0000   -4.792646E-01  4.802425E-01 -1.506968E+00
     0.0500   -4.801082E-01  4.811450E-01 -1.505137E+00
     0.1000   -4.826207E-01  4.838473E-01 -1.499576E+00
     0.1500   -4.867416E-01  4.883310E-01 -1.490092E+00
     0.2000   -4.923569E-01  4.945590E-01 -1.476392E+00
     0.2500   -4.992801E-01  5.024663E-01 -1.458121E+00
     0.3000   -5.072331E-01  5.119528E-01 -1.434906E+00
     0.3500   -5.160928E-01  5.231903E-01 -1.405893E+00
     0.4000   -5.260637E-01  5.369511E-01 -1.369077E+00
     0.4500   -5.354621E-01  5.519407E-01 -1.325824E+00
     0.5000   -5.433778E-01  5.678716E-01 -1.276021E+00
     0.5500   -5.491392E-01  5.851040E-01 -1.218354E+00
     0.6000   -5.516757E-01  6.041241E-01 -1.151027E+00
     0.6500   -5.486621E-01  6.231464E-01 -1.076854E+00
     0.7000   -5.387360E-01  6.422734E-01 -9.950669E-01
     0.7500   -5.200476E-01  6.624349E-01 -9.027843E-01
     0.8000   -4.908626E-01  6.814085E-01 -8.043280E-01
     0.8500   -4.497548E-01  6.999529E-01 -6.978216E-01
     0.9000   -3.951750E-01  7.179292E-01 -5.828880E-01
     0.9500   -3.275672E-01  7.335695E-01 -4.628933E-01
     1.0000   -2.451006E-01  7.485186E-01 -3.336009E-01
     1.0500   -1.505990E-01  7.607396E-01 -1.992803E-01
     1.1000   -4.542300E-02  7.705628E-01 -5.898202E-02
     1.1500    6.828580E-02  7.780550E-01  8.787781E-02
     1.2000    1.843968E-01  7.819351E-01  2.380634E-01
     1.2500    3.020753E-01  7.836946E-01  3.956958E-01
     1.3000    4.123343E-01  7.815203E-01  5.557792E-01
     1.3500    5.128245E-01  7.765498E-01  7.213359E-01
     1.4000    5.968008E-01  7.680386E-01  8.899579E-01
     1.4500    6.605805E-01  7.563101E-01  1.062193E+00
     1.5000    7.008247E-01  7.414906E-01  1.238073E+00
     1.5500    7.147348E-01  7.233812E-01  1.416028E+00
     1.6000    7.023679E-01  7.026293E-01  1.598072E+00
     1.6500    6.638654E-01  6.787941E-01  1.780911E+00
     1.7000    6.018681E-01  6.527681E-01  1.968315E+00
     1.7500    5.202780E-01  6.241081E-01  2.155937E+00
     1.8000    4.232942E-01  5.934170E-01  2.347374E+00
     1.8500    3.176836E-01  5.606815E-01  2.539216E+00
     1.9000    2.075665E-01  5.261750E-01  2.736089E+00
     1.9500    1.008005E-01  4.900200E-01  2.934407E+00
     2.0000    4.489120E-03  4.525963E-01  3.131674E+00
     2.0500   -7.655306E-02  4.142997E-01  3.327438E+00
     2.1000   -1.389237E-01  3.741196E-01  3.522039E+00
     2.1500   -1.800091E-01  3.323207E-01  3.714019E+00
     2.2000   -2.003056E-01  2.911107E-01  3.900424E+00
     2.2500   -2.022809E-01  2.509779E-01  4.078907E+00
     2.3000   -1.888312E-01  2.115899E-01  4.244317E+00
     2.3500   -1.627208E-01  1.720097E-01  4.382252E+00
     2.4000   -1.326388E-01  1.363181E-01  4.479525E+00
     2.4500   -1.042868E-01  1.064281E-01  4.511453E+00
     2.5000   -8.237969E-02  8.520827E-02  4.454004E+00
     2.5500   -7.143410E-02  7.613097E-02  4.359290E+00
     2.6000   -6.733563E-02  7.513685E-02  4.252661E+00
     2.6500   -7.015751E-02  8.065486E-02  4.196488E+00
     2.7000   -7.871053E-02  8.958836E-02  4.214473E+00
     2.7500   -8.848166E-02  9.742410E-02  4.280582E+00
     2.8000   -9.952632E-02  1.053453E-01  4.378463E+00
     2.8500   -1.103973E-01  1.129261E-01  4.500366E+00
     2.9000   -1.194682E-01  1.197848E-01  4.639664E+00
     2.9500   -1.254774E-01  1.258301E-01  4.787274E+00
     3.0000   -1.275331E-01  1.310287E-01  4.943894E+00
     3.0500   -1.248334E-01  1.353045E-01  5.108389E+00
     3.1000   -1.169732E-01  1.386434E-01  5.279049E+00
     3.1500   -1.042090E-01  1.411957E-01  5.453015E+00
     3.2000   -8.671614E-02  1.429687E-01  5.631485E+00
     3.2500   -6.494760E-02  1.437847E-01  5.814515E+00
     3.3000   -4.003692E-02  1.435968E-01  6.000626E+00
     3.3500   -1.351878E-02  1.427930E-01  6.188369E+00
     3.4000    1.342352E-02  1.414662E-01  6.378217E+00
     3.4500    3.948292E-02  1.394268E-01  6.570294E+00
     3.5000    6.327674E-02  1.367035E-01  6.764422E+00
     3.5500    8.369721E-02  1.334941E-01  6.960847E+00
     3.6000    9.974915E-02  1.298226E-01  7.159444E+00
     3.6500    1.104871E-01  1.255214E-01  7.359521E+00
     3.7000    1.154796E-01  1.206273E-01  7.560787E+00
     3.7500    1.147183E-01  1.151915E-01  7.763316E+00
     3.8000    1.085561E-01  1.092505E-01  7.966792E+00
     3.8500    9.776400E-02  1.028554E-01  8.169938E+00
     3.9000    8.348395E-02  9.608937E-02  8.371973E+00
     3.9500    6.705367E-02  8.908224E-02  8.572599E+00
     4.0000    4.982901E-02  8.195072E-02  8.771193E+00
     4.0500    3.317128E-02  7.473417E-02  8.964880E+00
     4.1000    1.821485E-02  6.756443E-02  9.151808E+00
     4.1500    5.759078E-03  6.056456E-02  9.329544E+00
     4.2000   -3.752423E-03  5.389060E-02  9.494465E+00
     4.2500   -1.039452E-02  4.783244E-02  9.643837E+00
     4.3000   -1.465999E-02  4.256184E-02  9.776420E+00
     4.3500   -1.719366E-02  3.820085E-02  9.891639E+00
     4.4000   -1.864543E-02  3.486299E-02  9.989073E+00
     4.4500   -1.991870E-02  3.261583E-02  1.008173E+01
     4.5000   -2.150391E-02  3.129321E-02  1.018237E+01
     4.5500   -2.353817E-02  3.061781E-02  1.030170E+01
     4.6000   -2.583566E-02  3.033279E-02  1.044408E+01
     4.6500   -2.788939E-02  3.004894E-02  1.061414E+01
     4.7000   -2.901499E-02  2.951955E-02  1.081042E+01
     4.7500   -2.858078E-02  2.859790E-02  1.103018E+01
     4.8000   -2.627409E-02  2.728827E-02  1.126906E+01
     4.8500   -2.193161E-02  2.545722E-02  1.152814E+01
     4.9000   -1.592236E-02  2.314100E-02  1.180756E+01
     4.9500   -9.008400E-03  2.042755E-02  1.210967E+01
     5.0000   -2.242411E-03  1.746966E-02  1.243766E+01
     5.0500    3.396223E-03  1.437733E-02  1.280485E+01
     5.1000    7.051545E-03  1.139139E-02  1.323387E+01
     5.1500    8.254020E-03  8.867308E-03  1.376307E+01
     5.2000    6.983844E-03  7.276303E-03  1.442165E+01
     5.2500    3.758391E-03  7.043484E-03  1.514511E+01
     5.3000   -5.606654E-04  7.909382E-03  1.577891E+01
     5.3500   -4.962991E-03  9.162255E-03  1.628040E+01
     5.4000   -8.551117E-03  1.027340E-02  1.669131E+01
     5.4500   -1.068917E-02  1.100074E-02  1.704019E+01
     5.5000   -1.120483E-02  1.122727E-02  1.734200E+01
     5.5500   -1.038130E-02  1.093672E-02  1.759882E+01
     5.6000   -8.867311E-03  1.023857E-02  1.780227E+01
     5.6500   -7.417308E-03  9.332046E-03  1.793084E+01
     5.7000   -6.690632E-03  8.623956E-03  1.796154E+01
     5.7500   -7.027220E-03  8.703263E-03  1.790978E+01
     5.8000   -8.336662E-03  1.003828E-02  1.786957E+01
     5.8500   -1.002115E-02  1.245974E-02  1.791509E+01
     5.9000   -1.120724E-02  1.556688E-02  1.804584E+01
     5.9500   -1.095781E-02  1.900393E-02  1.823499E+01
     6.0000   -8.410385E-03  2.254435E-02  1.846725E+01
     6.0500   -3.311409E-03  2.593850E-02  1.872154E+01
     6.1000    4.017543E-03  2.902309E-02  1.898843E+01
     6.1500    1.271298E-02  3.167247E-02  1.926259E+01
     6.2000    2.153000E-02  3.379002E-02  1.954038E+01
     6.2500    2.911520E-02  3.530894E-02  1.981902E+01
     6.3000    3.430870E-02  3.619397E-02  2.009617E+01
     6.3500    3.639641E-02  3.644336E-02  2.036959E+01
     6.4000    3.524756E-02  3.609079E-02  2.063694E+01
     6.4500    3.130407E-02  3.520703E-02  2.089568E+01
     6.5000    2.539275E-02  3.394510E-02  2.114602E+01
     6.5500    1.854878E-02  3.242205E-02  2.138208E+01
     6.6000    1.173291E-02  3.081187E-02  2.160050E+01
     6.6500    5.571187E-03  2.932397E-02  2.180000E+01
     6.7000    2.555111E-04  2.817001E-02  2.198208E+01
     6.7500   -4.415936E-03  2.752435E-02  2.215228E+01
     6.8000   -8.873275E-03  2.747719E-02  2.231997E+01
     6.8500   -1.353975E-02  2.800546E-02  2.249576E+01
     6.9000   -1.860223E-02  2.898316E-02  2.268803E+01
     6.9500   -2.386078E-02  3.022448E-02  2.290106E+01
     7.0000   -2.876133E-02  3.156254E-02  2.313745E+01
     7.0500   -3.231791E-02  3.277998E-02  2.339384E+01
     7.1000   -3.353656E-02  3.372198E-02  2.366686E+01
     7.1500   -3.168815E-02  3.428769E-02  2.395385E+01
     7.2000   -2.653151E-02  3.441565E-02  2.425247E+01
     7.2500   -1.844649E-02  3.407988E-02  2.456079E+01
     7.3000   -8.411311E-03  3.328542E-02  2.487727E+01
     7.3500    2.175141E-03  3.206361E-02  2.520063E+01
     7.4000    1.178211E-02  3.046726E-02  2.552981E+01
     7.4500    1.907217E-02  2.856572E-02  2.586380E+01
     7.5000    2.315909E-02  2.640584E-02  2.620242E+01
     7.5500    2.377173E-02  2.407694E-02  2.654414E+01
     7.6000    2.131841E-02  2.168339E-02  2.688728E+01
     7.6500    1.670269E-02  1.931738E-02  2.722989E+01
     7.7000    1.106172E-02  1.706631E-02  2.756917E+01
     7.7500    5.473149E-03  1.501054E-02  2.790111E+01
     7.8000    7.122686E-04  1.322320E-02  2.822044E+01
     7.8500   -2.877269E-03  1.177236E-02  2.852124E+01
     7.9000   -5.371565E-03  1.072371E-02  2.879898E+01
     7.9500   -7.128464E-03  1.013828E-02  2.905411E+01
     8.0000   -8.551136E-03  1.002635E-02  2.929579E+01
     8.0500   -9.926681E-03  1.041306E-02  2.953828E+01
     8.1000   -1.126082E-02  1.127531E-02  2.979443E+01
     8.1500   -1.221976E-02  1.253638E-02  3.007036E+01
     8.2000   -1.223709E-02  1.410360E-02  3.036546E+01
     8.2500   -1.071005E-02  1.588088E-02  3.067578E+01
     8.3000   -7.233711E-03  1.777312E-02  3.099676E+01
     8.3500   -1.797943E-03  1.968706E-02  3.132447E+01
     8.4000    5.117742E-03  2.153208E-02  3.165590E+01
     8.4500    1.258730E-02  2.322190E-02  3.198879E+01
     8.5000    1.941154E-02  2.466054E-02  3.232210E+01
     8.5500    2.437651E-02  2.578796E-02  3.265434E+01
     8.6000    2.655822E-02  2.655833E-02  3.298382E+01
     8.6500    2.554143E-02  2.692996E-02  3.330924E+01
     8.7000    2.151981E-02  2.687862E-02  3.362917E+01
     8.7500    1.524498E-02  2.640000E-02  3.394190E+01
     8.8000    7.837667E-03  2.551202E-02  3.424525E+01
     8.8500    5.132977E-04  2.425753E-02  3.453636E+01
     8.9000   -5.702947E-03  2.270762E-02  3.481138E+01
     8.9500   -1.019499E-02  2.096624E-02  3.506532E+01
     9.0000   -1.286575E-02  1.919015E-02  3.529231E+01
     9.0500   -1.406613E-02  1.756517E-02  3.548614E+01
     9.1000   -1.442903E-02  1.630318E-02  3.564411E+01
     9.1500   -1.464349E-02  1.561970E-02  3.577290E+01
     9.2000   -1.520797E-02  1.564514E-02  3.589136E+01
     9.2500   -1.626461E-02  1.635455E-02  3.602339E+01
     9.3000   -1.755236E-02  1.758095E-02  3.618535E+01
     9.3500   -1.848965E-02  1.909804E-02  3.638140E+01
     9.4000   -1.835963E-02  2.069276E-02  3.660777E+01
     9.4500   -1.654209E-02  2.219501E-02  3.685812E+01
     9.5000   -1.272118E-02  2.350573E-02  3.712725E+01
     9.5500   -6.997604E-03  2.453590E-02  3.740990E+01
     9.6000    5.856387E-05  2.521044E-02  3.770143E+01
     9.6500    7.529449E-03  2.550039E-02  3.799885E+01
     9.7000    1.435381E-02  2.539880E-02  3.829971E+01
     9.7500    1.956277E-02  2.491762E-02  3.860197E+01
     9.8000    2.248844E-02  2.408517E-02  3.890374E+01
     9.8500    2.289274E-02  2.294380E-02  3.920318E+01
     9.9000    2.098785E-02  2.154769E-02  3.949836E+01
     9.9500    1.734989E-02  1.996067E-02  3.978711E+01
    10.0000    1.277293E-02  1.829103E-02  4.006766E+01
    10.0500    8.014194E-03  1.660217E-02  4.033695E+01
    10.1000    3.687991E-03  1.493812E-02  4.059124E+01
    10.1500    1.741838E-04  1.338050E-02  4.082769E+01
    10.2000   -2.431637E-03  1.200688E-02  4.104464E+01
    10.2500   -4.262952E-03  1.088129E-02  4.124326E+01
    10.3000   -5.573076E-03  1.004053E-02  4.142914E+01
    10.3500   -6.610759E-03  9.481062E-03  4.161227E+01
    10.4000   -7.520001E-03  9.156287E-03  4.180438E+01
    10.4500   -8.292369E-03  8.989967E-03  4.201496E+01
    10.5000   -8.781610E-03  8.898751E-03  4.224906E+01
    10.5500   -8.770411E-03  8.811171E-03  4.250773E+01
    10.6000   -8.063812E-03  8.676874E-03  4.278966E+01
    10.6500   -6.577299E-03  8.467817E-03  4.309282E+01
    10.7000   -4.391154E-03  8.175433E-03  4.341528E+01
    10.7500   -1.754622E-03  7.806585E-03  4.375560E+01
    10.8000    9.604619E-04  7.379513E-03  4.411282E+01
    10.8500    3.341805E-03  6.920059E-03  4.448628E+01
    10.9000    5.030023E-03  6.458035E-03  4.487517E+01
    10.9500    5.796919E-03  6.023459E-03  4.527797E+01
    11.0000    5.593839E-03  5.647531E-03  4.569109E+01
    11.0500    4.538246E-03  5.346255E-03  4.611006E+01
    11.1000    2.869733E-03  5.123328E-03  4.652935E+01
    11.1500    9.015177E-04  4.978595E-03  4.694181E+01
    11.2000   -1.055152E-03  4.903147E-03  4.734079E+01
    11.2500   -2.747505E-03  4.883581E-03  4.772142E+01
    11.3000   -4.011917E-03  4.906614E-03  4.808122E+01
    11.3500   -4.776098E-03  4.962183E-03  4.841996E+01
    11.4000   -5.039280E-03  5.044285E-03  4.873924E+01
    11.4500   -4.842542E-03  5.149877E-03  4.904191E+01
    11.5000   -4.242286E-03  5.276688E-03  4.933155E+01
    11.5500   -3.295982E-03  5.420935E-03  4.961193E+01
    11.6000   -2.062706E-03  5.575732E-03  4.988653E+01
    11.6500   -6.141193E-04  5.730638E-03  5.015811E+01
    11.7000    9.529110E-04  5.872334E-03  5.042847E+01
    11.7500    2.511453E-03  5.986095E-03  5.069843E+01
    11.8000    3.913412E-03  6.057629E-03  5.096785E+01
    11.8500    5.012284E-03  6.074944E-03  5.123582E+01
    11.9000    5.693648E-03  6.030037E-03  5.150068E+01
    11.9500    5.903233E-03  5.920363E-03  5.176019E+01
    12.0000    5.672096E-03  5.760588E-03  5.201178E+01
    12.0500    5.089923E-03  5.564757E-03  5.225238E+01
    12.1000    4.276905E-03  5.339393E-03  5.247810E+01
    12.1500    3.376569E-03  5.113571E-03  5.268584E+01
    12.2000    2.500458E-03  4.923362E-03  5.287436E+01
    12.2500    1.697705E-03  4.806724E-03  5.304609E+01
    12.3000    9.463296E-04  4.794455E-03  5.320839E+01
    12.3500    1.701983E-04  4.899950E-03  5.337233E+01
    12.4000   -7.230190E-04  5.113926E-03  5.354893E+01
    12.4500   -1.794901E-03  5.407891E-03  5.374540E+01
    12.5000   -3.036102E-03  5.743246E-03  5.396407E+01
    12.5500   -4.347355E-03  6.080054E-03  5.420373E+01
    12.6000   -5.549915E-03  6.382459E-03  5.446138E+01
    12.6500   -6.424493E-03  6.621081E-03  5.473358E+01
    12.7000   -6.768506E-03  6.773696E-03  5.501702E+01
    12.7500   -6.454998E-03  6.825193E-03  5.530874E+01
    12.8000   -5.475253E-03  6.767277E-03  5.560609E+01
    12.8500   -3.951327E-03  6.598104E-03  5.590659E+01
    12.9000   -2.113413E-03  6.321898E-03  5.620780E+01
    12.9500   -2.474508E-04  5.948567E-03  5.650706E+01
    13.0000    1.378806E-03  5.504161E-03  5.680187E+01
    13.0500    2.576287E-03  5.011954E-03  5.708854E+01
    13.1000    3.251570E-03  4.480114E-03  5.736083E+01
    13.1500    3.442496E-03  3.939406E-03  5.761176E+01
    13.2000    3.287245E-03  3.427221E-03  5.783268E+01
    13.2500    2.971277E-03  2.987467E-03  5.801531E+01
    13.3000    2.663938E-03  2.665939E-03  5.815821E+01
    13.3500    2.464730E-03  2.495492E-03  5.827664E+01
    13.4000    2.376083E-03  2.474807E-03  5.840287E+01
    13.4500    2.310983E-03  2.563819E-03  5.856731E+01
    13.5000    2.132597E-03  2.705552E-03  5.878233E+01
    13.5500    1.712744E-03  2.849980E-03  5.904555E+01
    13.6000    9.897121E-04  2.963149E-03  5.934971E+01
    13.6500    5.852441E-06  3.026478E-03  5.968833E+01
    13.7000   -1.088619E-03  3.033761E-03  6.005728E+01
    13.7500   -2.068617E-03  2.988660E-03  6.045473E+01
    13.8000   -2.695333E-03  2.902992E-03  6.088053E+01
    13.8500   -2.787634E-03  2.795317E-03  6.133521E+01
    13.9000   -2.281924E-03  2.689036E-03  6.181851E+01
    13.9500   -1.261477E-03  2.608964E-03  6.232719E+01
    14.0000    5.421106E-05  2.579203E-03  6.285287E+01
    14.0500    1.367349E-03  2.611482E-03  6.338291E+01
    14.1000    2.369413E-03  2.696149E-03  6.390522E+01
    14.1500    2.817376E-03  2.817468E-03  6.441076E+01
    14.2000    2.601494E-03  2.953043E-03  6.489557E+01
    14.2500    1.773660E-03  3.079481E-03  6.535967E+01
    14.3000    5.322506E-04  3.176058E-03  6.580507E+01
    14.3500   -8.321153E-04  3.226379E-03  6.623430E+01
    14.4000   -2.014298E-03  3.218855E-03  6.664958E+01
    14.4500   -2.773650E-03  3.146645E-03  6.705240E+01
    14.5000   -2.992133E-03  3.007427E-03  6.744335E+01
    14.5500   -2.695807E-03  2.803132E-03  6.782186E+01
    14.6000   -2.034995E-03  2.539783E-03  6.818566E+01
    14.6500   -1.230568E-03  2.227578E-03  6.852977E+01
    14.7000   -5.035655E-04  1.881666E-03  6.884412E+01
    14.7500   -9.764263E-06  1.524741E-03  6.910863E+01
    14.8000    2.013111E-04  1.194341E-03  6.928440E+01
    14.8500    1.914055E-04  9.580950E-04  6.931617E+01
    14.9000    1.022979E-04  9.087845E-04  6.922784E+01
    14.9500    9.918825E-05  1.063617E-03  6.920843E+01
    15.0000    3.048248E-04  1.332319E-03  6.934588E+01
    15.0500    7.541769E-04  1.635400E-03  6.959434E+01
    15.1000    1.379596E-03  1.932249E-03  6.991021E+01
    15.1500    2.013121E-03  2.203374E-03  7.026722E+01
    15.2000    2.439488E-03  2.440884E-03  7.065201E+01
    15.2500    2.463264E-03  2.643747E-03  7.105748E+01
    15.3000    1.974503E-03  2.815657E-03  7.147947E+01
    15.3500    9.928524E-04  2.963664E-03  7.191502E+01
    15.4000   -3.238347E-04  3.096848E-03  7.236139E+01
    15.4500   -1.710129E-03  3.224803E-03  7.281559E+01
    15.5000   -2.855313E-03  3.355975E-03  7.327416E+01
    15.5500   -3.480661E-03  3.496117E-03  7.373336E+01
    15.6000   -3.410797E-03  3.647248E-03  7.418948E+01
    15.6500   -2.619922E-03  3.807368E-03  7.463933E+01
    15.7000   -1.240749E-03  3.970965E-03  7.508045E+01
    15.7500    4.656838E-04  4.130068E-03  7.551122E+01
    15.8000    2.170726E-03  4.275530E-03  7.593075E+01
    15.8500    3.552916E-03  4.398240E-03  7.633864E+01
    15.9000    4.367521E-03  4.490138E-03  7.673478E+01
    15.9500    4.493859E-03  4.544978E-03  7.711914E+01
    16.0000    3.951521E-03  4.561033E-03  7.749194E+01
    16.0500    2.876844E-03  4.538874E-03  7.785333E+01
    16.1000    1.482075E-03  4.475279E-03  7.820227E+01
    16.1500    7.605476E-06  4.374631E-03  7.853808E+01
    16.2000   -1.335283E-03  4.244226E-03  7.885986E+01
    16.2500   -2.401657E-03  4.094077E-03  7.916669E+01
    16.3000   -3.127071E-03  3.936494E-03  7.945780E+01
    16.3500   -3.518626E-03  3.785311E-03  7.973300E+01
    16.4000   -3.629429E-03  3.654607E-03  7.999316E+01
    16.4500   -3.526840E-03  3.556887E-03  8.024069E+01
    16.5000   -3.265296E-03  3.500955E-03  8.047962E+01
    16.5500   -2.871598E-03  3.490143E-03  8.071514E+01
    16.6000   -2.345580E-03  3.521688E-03  8.095252E+01
    16.6500   -1.673756E-03  3.587624E-03  8.119604E+01
    16.7000   -8.494909E-04  3.676805E-03  8.144826E+01
    16.7500    1.083079E-04  3.777176E-03  8.171009E+01
    16.8000    1.144860E-03  3.877610E-03  8.198113E+01
    16.8500    2.171167E-03  3.969036E-03  8.226022E+01
    16.9000    3.077153E-03  4.044950E-03  8.254586E+01
    16.9500    3.752170E-03  4.101494E-03  8.283650E+01
    17.0000    4.110324E-03  4.140590E-03  8.313122E+01
    17.0500    4.102228E-03  4.167444E-03  8.342935E+01
    17.1000    3.711823E-03  4.176917E-03  8.372861E+01
    17.1500    2.977630E-03  4.172268E-03  8.402828E+01
    17.2000    1.975152E-03  4.157564E-03  8.432795E+01
    17.2500    8.034331E-04  4.137195E-03  8.462756E+01
    17.3000   -4.286700E-04  4.115384E-03  8.492735E+01
    17.3500   -1.613322E-03  4.095735E-03  8.522788E+01
    17.4000   -2.650459E-03  4.080868E-03  8.552991E+01
    17.4500   -3.451398E-03  4.072185E-03  8.583436E+01
    17.5000   -3.941624E-03  4.069793E-03  8.614217E+01
    17.5500   -4.065185E-03  4.072598E-03  8.645414E+01
    17.6000   -3.791913E-03  4.078524E-03  8.677092E+01
    17.6500   -3.126655E-03  4.084819E-03  8.709288E+01
    17.7000   -2.117701E-03  4.088375E-03  8.742011E+01
    17.7500   -8.604444E-04  4.086029E-03  8.775242E+01
    17.8000    5.073244E-04  4.074800E-03  8.808942E+01
    17.8500    1.820232E-03  4.052067E-03  8.843048E+01
    17.9000    2.909069E-03  4.015683E-03  8.877480E+01
    17.9500    3.629249E-03  3.964039E-03  8.912145E+01
    18.0000    3.887603E-03  3.896001E-03  8.946972E+01
    18.0500    3.657983E-03  3.810294E-03  8.981909E+01
    18.1000    2.990787E-03  3.707217E-03  9.016756E+01
    18.1500    2.003354E-03  3.587952E-03  9.051378E+01
    18.2000    8.543896E-04  3.454462E-03  9.085626E+01
    18.2500   -2.881048E-04  3.309579E-03  9.119335E+01
    18.3000   -1.278847E-03  3.157094E-03  9.152324E+01
    18.3500   -2.019403E-03  3.001864E-03  9.184406E+01
    18.4000   -2.468888E-03  2.849880E-03  9.215396E+01
    18.4500   -2.639606E-03  2.708213E-03  9.245141E+01
    18.5000   -2.580302E-03  2.584749E-03  9.273565E+01
    18.5500   -2.353124E-03  2.487519E-03  9.300720E+01
    18.6000   -2.011903E-03  2.423590E-03  9.326843E+01
    18.6500   -1.588489E-03  2.397630E-03  9.352360E+01
    18.7000   -1.090948E-03  2.410641E-03  9.377815E+01
    18.7500   -5.133264E-04  2.459466E-03  9.403752E+01
    18.8000    1.472427E-04  2.537333E-03  9.430584E+01
    18.8500    8.728120E-04  2.635143E-03  9.458538E+01
    18.9000    1.613338E-03  2.742896E-03  9.487660E+01
    18.9500    2.286857E-03  2.850810E-03  9.517871E+01
    19.0000    2.793899E-03  2.951397E-03  9.549041E+01
    19.0500    3.039792E-03  3.039901E-03  9.581008E+01
    19.1000    2.952158E-03  3.106675E-03  9.613529E+01
    19.1500    2.513339E-03  3.146674E-03  9.646419E+01
    19.2000    1.767532E-03  3.156238E-03  9.679497E+01
    19.2500    8.162063E-04  3.133123E-03  9.712582E+01
    19.3000   -2.013652E-04  3.076565E-03  9.745487E+01
    19.3500   -1.137680E-03  2.987360E-03  9.778007E+01
    19.4000   -1.868814E-03  2.867992E-03  9.809908E+01
    19.4500   -2.319795E-03  2.722813E-03  9.840914E+01
    19.5000   -2.476695E-03  2.558292E-03  9.870692E+01
    19.5500   -2.382385E-03  2.383343E-03  9.898853E+01
    19.6000   -2.117700E-03  2.209651E-03  9.924967E+01
    19.6500   -1.773964E-03  2.051765E-03  9.948660E+01
    19.7000   -1.425280E-03  1.926339E-03  9.969806E+01
    19.7500   -1.108882E-03  1.849596E-03  9.988806E+01
    19.8000   -8.192621E-04  1.832737E-03  1.000675E+02
    19.8500   -5.174480E-04  1.877352E-03  1.002517E+02
    19.9000   -1.521119E-04  1.974516E-03  1.004539E+02
    19.9500    3.145035E-04  2.108438E-03  1.006807E+02