# # tequil.ion_motion                                            FEFF 9.05   
# # POT  SCF  30  5.5000   1, core-hole, AFOLP (folp(0)= 1.150)
# # Abs   Z=30 Rmt= 1.342 Rnm= 1.417 K  shell
# # Pot 1 Z=26 Rmt= 1.320 Rnm= 1.405
# # Pot 2 Z= 8 Rmt= 0.920 Rnm= 1.066
# # Gam_ch=1.897E+00 H-L exch
# # Mu=-1.152E+01 kf=2.223E+00 Vint=-1.881E+01 Rs_int= 1.631
# # PATH  Rmax= 8.500,  Keep_limit= 0.00, Heap_limit 0.00  Pwcrit= 2.50%
#  S02=1.000                                        Global_sig2= 0.00000
#  Energy zero shift, vr, vi   -2.00000E+00   0.00000E+00
#  Curved wave amplitude ratio filter   4.000%
#     file         sig2 tot  cw amp ratio   deg  nlegs   reff  inp sig2
#           1       0.00000    100.00      1.00     2   1.9736
#           2       0.00000     97.40      1.00     2   1.9941
#           3       0.00000     91.85      1.00     2   2.0403
#           4       0.00000     75.57      1.00     2   2.2017
#           5       0.00000     71.48      1.00     2   2.2499
#           6       0.00000     65.23      1.00     2   2.3312
#           7       0.00000     36.93      1.00     2   2.8453
#           8       0.00000     35.61      1.00     2   2.8911
#           9       0.00000     33.21      1.00     2   2.9806
#          10       0.00000     29.26      1.00     2   3.1475
#          11       0.00000     29.50      1.00     2   3.1490
#          12       0.00000     29.01      1.00     2   3.1593
#          13       0.00000     24.64      1.00     2   3.3846
#          14       0.00000     11.33      2.00     3   3.4163
#          15       0.00000     14.75      2.00     3   3.4350
#          16       0.00000     23.06      1.00     2   3.4455
#          17       0.00000     22.21      2.00     3   3.4451
#          18       0.00000      9.72      2.00     3   3.4642
#          19       0.00000      8.73      2.00     3   3.4882
#          20       0.00000     11.74      2.00     3   3.4897
#          21       0.00000      9.18      2.00     3   3.4917
#          22       0.00000     11.66      2.00     3   3.5131
#          23       0.00000      9.27      2.00     3   3.5181
#          24       0.00000     21.83      1.00     2   3.5594
#          25       0.00000     21.05      1.00     2   3.5607
#          26       0.00000     20.79      1.00     2   3.5763
#          27       0.00000     21.15      1.00     2   3.6062
#          28       0.00000     10.09      2.00     3   3.6075
#          29       0.00000      8.88      2.00     3   3.6114
#          30       0.00000      8.75      2.00     3   3.6231
#          31       0.00000     20.81      1.00     2   3.6300
#          32       0.00000     18.68      2.00     3   3.6361
#          33       0.00000      7.49      2.00     3   3.6359
#          34       0.00000      7.05      2.00     3   3.6407
#          35       0.00000     20.33      1.00     2   3.6649
#          36       0.00000      6.77      2.00     3   3.6916
#          37       0.00000      9.81      2.00     3   3.6945
#          38       0.00000      9.52      2.00     3   3.6972
#          39       0.00000      7.13      2.00     3   3.7157
#          40       0.00000      5.98      2.00     3   3.7164
#          41       0.00000      7.84      2.00     3   3.7292
#          42       0.00000      6.38      1.00     4   3.7309
#          43       0.00000     18.45      1.00     2   3.7326
#          44       0.00000     18.16      1.00     2   3.7531
#          45       0.00000      8.10      2.00     3   3.7529
#          46       0.00000      7.36      2.00     3   3.7839
#          47       0.00000     18.75      1.00     2   3.7879
#          48       0.00000     16.19      2.00     3   3.8216
#          49       0.00000     15.79      2.00     3   3.8221
#          50       0.00000     16.76      1.00     2   3.8614
#          51       0.00000     14.95      2.00     3   3.8661
#          52       0.00000     10.04      2.00     3   3.8848
#          53       0.00000      5.28      1.00     4   3.8877
#          54       0.00000      6.31      1.00     4   3.8895
#          55       0.00000     16.08      1.00     2   3.9183
#          56       0.00000     16.96      1.00     2   3.9433
#          57       0.00000      9.98      1.00     4   3.9473
#          58       0.00000     13.48      2.00     3   3.9583
#          60       0.00000     16.63      1.00     2   3.9745
#          61       0.00000     15.41      1.00     2   3.9768
#          62       0.00000      6.11      1.00     4   3.9872
#          63       0.00000     14.52      2.00     3   3.9882
#          64       0.00000      9.44      1.00     4   3.9881
#          65       0.00000     14.96      1.00     2   4.0185
#          66       0.00000      5.57      1.00     4   4.0369
#          67       0.00000      9.99      2.00     3   4.0694
#          68       0.00000      8.36      1.00     4   4.0806
#          69       0.00000      4.16      1.00     4   4.0848
#          70       0.00000      5.08      1.00     4   4.1021
#          71       0.00000     13.91      1.00     2   4.1217
#          72       0.00000     13.63      1.00     2   4.1502
#          73       0.00000     11.81      2.00     3   4.1661
#          74       0.00000      5.14      1.00     4   4.1886
#          75       0.00000      7.06      2.00     3   4.2052
#          76       0.00000     22.59      2.00     3   4.2062
#          77       0.00000     23.72      2.00     3   4.2263
#          78       0.00000      7.07      2.00     3   4.2319
#          79       0.00000     20.08      2.00     4   4.2420
#          80       0.00000      4.19      1.00     4   4.2415
#          81       0.00000     22.49      2.00     4   4.2440
#          83       0.00000     20.98      2.00     3   4.2616
#          84       0.00000      7.12      2.00     3   4.2766
#          85       0.00000      6.28      2.00     3   4.2773
#          86       0.00000      7.90      2.00     3   4.2993
#          87       0.00000      6.93      2.00     3   4.2993
#          88       0.00000     18.07      2.00     4   4.3048
#          89       0.00000     12.07      1.00     2   4.3280
#          90       0.00000      7.13      2.00     3   4.3465
#          91       0.00000      7.97      2.00     3   4.3606
#          92       0.00000      4.44      1.00     4   4.3889
#          93       0.00000      5.60      1.00     4   4.4034
#          94       0.00000      9.01      2.00     3   4.4155
#          95       0.00000      5.43      2.00     3   4.4291
#          96       0.00000      6.01      2.00     3   4.4316
#          97       0.00000     11.25      1.00     2   4.4335
#          98       0.00000      6.24      2.00     3   4.4356
#          99       0.00000      5.68      2.00     3   4.4525
#         100       0.00000      5.50      2.00     3   4.4616
#         101       0.00000     17.62      2.00     3   4.4726
#         102       0.00000      7.59      2.00     3   4.4800
#         103       0.00000     10.84      1.00     2   4.4897
#         105       0.00000      5.00      1.00     4   4.4999
#         106       0.00000      8.47      2.00     3   4.5140
#         107       0.00000      6.27      2.00     3   4.5229
#         108       0.00000      6.41      2.00     3   4.5291
#         109       0.00000      5.88      2.00     3   4.5394
#         111       0.00000     10.36      1.00     2   4.5593
#         112       0.00000      5.51      2.00     3   4.5678
#         113       0.00000     20.74      2.00     3   4.5706
#         114       0.00000     10.23      1.00     2   4.5783
#         116       0.00000      5.17      2.00     3   4.5855
#         117       0.00000     10.16      1.00     2   4.5895
#         118       0.00000      7.22      2.00     3   4.5939
#         119       0.00000      7.05      2.00     3   4.6032
#         120       0.00000      9.98      1.00     2   4.6162
#         121       0.00000      9.18      1.00     4   4.6171
#         122       0.00000      6.18      2.00     3   4.6379
#         123       0.00000     12.04      1.00     4   4.6516
#         124       0.00000      9.75      1.00     2   4.6526
#         125       0.00000      4.16      1.00     4   4.6623
#         126       0.00000      9.68      1.00     2   4.6650
#         127       0.00000      9.67      1.00     2   4.6655
#         128       0.00000      4.92      2.00     3   4.6683
#         129       0.00000      5.41      2.00     3   4.6775
#         130       0.00000      4.85      2.00     3   4.6833
#         131       0.00000      9.27      1.00     2   4.7330
#         132       0.00000      9.05      2.00     3   4.7327
#         133       0.00000     24.67      2.00     3   4.7366
#         134       0.00000     16.49      1.00     4   4.7402
#         135       0.00000     13.42      2.00     3   4.7438
#         136       0.00000     17.00      2.00     3   4.7498
#         137       0.00000     13.92      2.00     3   4.7652
#         139       0.00000      9.06      1.00     2   4.7695
#         141       0.00000     15.38      2.00     3   4.7834
#         142       0.00000     11.80      2.00     3   4.7853
#         143       0.00000     10.22      1.00     2   4.7890
#         144       0.00000      9.85      2.00     3   4.8093
#         146       0.00000      8.79      1.00     2   4.8172
#         148       0.00000      8.68      1.00     2   4.8370
#         149       0.00000      8.66      1.00     2   4.8403
#         150       0.00000      9.38      1.00     4   4.8469
#         152       0.00000      8.51      1.00     2   4.8689
#         153       0.00000      9.70      1.00     2   4.8815
#         155       0.00000      8.12      2.00     3   4.8914
#         157       0.00000      8.18      1.00     4   4.9018
#         159       0.00000      6.60      1.00     4   4.9093
#         160       0.00000      9.37      2.00     3   4.9104
#         161       0.00000      6.93      1.00     4   4.9141
#         162       0.00000     15.59      2.00     3   4.9226
#         163       0.00000      9.89      2.00     3   4.9325
#         167       0.00000      7.11      2.00     3   4.9510
#         168       0.00000      5.70      2.00     3   4.9527
#         170       0.00000      4.37      2.00     3   4.9580
#         171       0.00000      5.48      2.00     4   4.9747
#         172       0.00000      5.51      1.00     4   4.9812
#         174       0.00000      8.49      1.00     4   5.0049
#         175       0.00000     10.28      2.00     3   5.0076
#         176       0.00000      8.02      2.00     3   5.0315
#         178       0.00000     10.98      2.00     3   5.0325
#         180       0.00000      8.86      1.00     2   5.0445
#         182       0.00000      4.35      2.00     4   5.0470
#         183       0.00000      7.62      2.00     3   5.0559
#         185       0.00000      4.14      1.00     4   5.0594
#         186       0.00000      4.67      1.00     4   5.0759
#         188       0.00000      5.05      2.00     4   5.0845
#         189       0.00000      8.08      2.00     3   5.0920
#         190       0.00000      7.33      1.00     2   5.1150
#         192       0.00000      4.63      2.00     3   5.1247
#         194       0.00000      7.25      1.00     2   5.1338
#         195       0.00000     17.15      2.00     3   5.1444
#         196       0.00000      8.39      1.00     2   5.1455
#         197       0.00000     15.51      2.00     3   5.1499
#         198       0.00000     10.37      1.00     4   5.1550
#         201       0.00000      6.29      2.00     3   5.1703
#         202       0.00000      9.06      2.00     3   5.1776
#         204       0.00000      8.84      1.00     4   5.1848
#         206       0.00000      5.21      1.00     4   5.1962
#         207       0.00000      4.66      1.00     4   5.1980
#         209       0.00000      6.96      1.00     2   5.2028
#         210       0.00000      4.60      2.00     3   5.2197
#         213       0.00000      6.72      2.00     3   5.2740
#         214       0.00000      7.41      2.00     3   5.2781
#         216       0.00000      7.71      1.00     2   5.3005
#         218       0.00000      4.29      1.00     4   5.3107
#         219       0.00000      6.43      1.00     2   5.3371
#         226       0.00000      7.38      1.00     2   5.3842
#         227       0.00000      5.72      2.00     3   5.3852
#         229       0.00000      7.33      1.00     2   5.3975
#         230       0.00000      5.86      2.00     3   5.4000
#         234       0.00000      7.07      1.00     2   5.4660
#         235       0.00000      7.06      1.00     2   5.4674
#         236       0.00000      6.36      2.00     3   5.4716
#         237       0.00000      6.47      2.00     3   5.4738
#         239       0.00000      5.35      2.00     4   5.4905
#         240       0.00000      7.88      2.00     3   5.5067
#         241       0.00000      5.83      1.00     2   5.5085
#         243       0.00000      5.55      2.00     3   5.5237
#         244       0.00000      4.76      2.00     3   5.5265
#         246       0.00000      6.83      1.00     2   5.5311
#         247       0.00000      6.34      2.00     3   5.5321
#         248       0.00000      6.82      1.00     2   5.5349
#         249       0.00000      4.91      2.00     3   5.5426
#         251       0.00000      5.67      1.00     2   5.5595
#         252       0.00000      4.98      2.00     3   5.5769
#         254       0.00000      4.25      2.00     3   5.5897
#         257       0.00000      6.16      2.00     3   5.6028
#         258       0.00000      5.62      2.00     3   5.6067
#         259       0.00000      6.64      2.00     3   5.6073
#         260       0.00000      5.95      2.00     3   5.6089
#         262       0.00000      6.53      1.00     2   5.6201
#         264       0.00000      6.01      2.00     3   5.6292
#         266       0.00000      5.44      1.00     2   5.6315
#         268       0.00000      4.99      2.00     4   5.6385
#         269       0.00000      4.54      2.00     3   5.6423
#         272       0.00000      5.51      2.00     3   5.6434
#         273       0.00000      5.40      1.00     2   5.6462
#         276       0.00000      5.36      1.00     2   5.6575
#         277       0.00000      6.39      1.00     2   5.6615
#         279       0.00000      5.34      1.00     2   5.6669
#         280       0.00000      5.88      2.00     3   5.6667
#         284       0.00000      6.32      1.00     2   5.6834
#         285       0.00000      4.77      2.00     3   5.6844
#         286       0.00000      6.28      1.00     2   5.6935
#         287       0.00000      5.16      2.00     3   5.6949
#         288       0.00000      4.43      2.00     3   5.6983
#         290       0.00000      5.22      1.00     2   5.7053
#         292       0.00000      5.91      2.00     3   5.7080
#         293       0.00000      4.50      2.00     3   5.7131
#         296       0.00000      9.66      2.00     3   5.7298
#         299       0.00000      5.11      1.00     2   5.7465
#         301       0.00000      4.18      2.00     3   5.7493
#         303       0.00000      4.78      2.00     3   5.7682
#         304       0.00000      5.04      1.00     2   5.7712
#         305       0.00000      8.73      2.00     3   5.7713
#         306       0.00000      6.04      1.00     2   5.7727
#         308       0.00000      4.46      1.00     4   5.7762
#         309       0.00000      5.07      2.00     3   5.7785
#         313       0.00000      5.65      2.00     3   5.7877
#         317       0.00000      5.86      2.00     3   5.8095
#         318       0.00000      4.64      2.00     3   5.8096
#         324       0.00000      4.09      2.00     3   5.8288
#         327       0.00000      6.04      2.00     3   5.8403
#         328       0.00000      4.93      2.00     3   5.8433
#         331       0.00000      4.83      1.00     2   5.8473
#         332       0.00000      4.16      2.00     3   5.8492
#         333       0.00000      4.07      1.00     4   5.8491
#         335       0.00000      5.20      2.00     3   5.8528
#         339       0.00000      5.64      2.00     3   5.8699
#         340       0.00000      5.73      1.00     2   5.8765
#         346       0.00000      5.70      1.00     2   5.8860
#         348       0.00000      5.69      1.00     2   5.8896
#         349       0.00000      4.70      1.00     2   5.8982
#         350       0.00000      4.68      1.00     2   5.9058
#         351       0.00000      5.82      2.00     3   5.9130
#         353       0.00000      5.61      1.00     2   5.9168
#         355       0.00000      8.59      2.00     3   5.9227
#         356       0.00000      4.65      2.00     3   5.9259
#         361       0.00000      9.19      2.00     3   5.9335
#         362       0.00000      5.56      1.00     2   5.9378
#         363       0.00000      4.59      1.00     2   5.9439
#   260/ 334 paths used
#  -----------------------------------------------------------------------
#       k          chi          mag           phase @#
    -0.7000   -2.459268E-01  2.505067E-01 -1.379285E+00
    -0.6500   -2.589503E-01  2.590951E-01 -1.604237E+00
    -0.6000   -2.862324E-01  2.898057E-01 -1.727993E+00
    -0.5500   -3.208848E-01  3.278045E-01 -1.776630E+00
    -0.5000   -3.560173E-01  3.639732E-01 -1.780265E+00
    -0.4500   -3.897353E-01  3.969231E-01 -1.761394E+00
    -0.4000   -4.191372E-01  4.247312E-01 -1.733275E+00
    -0.3500   -4.461898E-01  4.499228E-01 -1.699704E+00
    -0.3000   -4.682220E-01  4.704076E-01 -1.667230E+00
    -0.2500   -4.856769E-01  4.867774E-01 -1.638050E+00
    -0.2000   -4.990793E-01  4.995310E-01 -1.613329E+00
    -0.1500   -5.096827E-01  5.098020E-01 -1.592426E+00
    -0.1000   -5.171283E-01  5.171380E-01 -1.576903E+00
    -0.0500   -5.214509E-01  5.214537E-01 -1.567510E+00
     0.0000   -5.228673E-01  5.228781E-01 -1.564367E+00
     0.0500   -5.242714E-01  5.242955E-01 -1.561219E+00
     0.1000   -5.284094E-01  5.285053E-01 -1.551741E+00
     0.1500   -5.350558E-01  5.353828E-01 -1.535847E+00
     0.2000   -5.438278E-01  5.447240E-01 -1.513425E+00
     0.2500   -5.541779E-01  5.562539E-01 -1.484374E+00
     0.3000   -5.653914E-01  5.696361E-01 -1.448641E+00
     0.3500   -5.768724E-01  5.848492E-01 -1.405448E+00
     0.4000   -5.882004E-01  6.025116E-01 -1.352406E+00
     0.4500   -5.969784E-01  6.208881E-01 -1.292378E+00
     0.5000   -6.017847E-01  6.394936E-01 -1.225671E+00
     0.5500   -6.014394E-01  6.585787E-01 -1.151163E+00
     0.6000   -5.942779E-01  6.784835E-01 -1.067280E+00
     0.6500   -5.780799E-01  6.972197E-01 -9.775346E-01
     0.7000   -5.515763E-01  7.148913E-01 -8.812783E-01
     0.7500   -5.128571E-01  7.324379E-01 -7.756854E-01
     0.8000   -4.615930E-01  7.475750E-01 -6.655016E-01
     0.8500   -3.969838E-01  7.609872E-01 -5.488066E-01
     0.9000   -3.188051E-01  7.725569E-01 -4.253748E-01
     0.9500   -2.298253E-01  7.808945E-01 -2.987337E-01
     1.0000   -1.291493E-01  7.875359E-01 -1.647358E-01
     1.0500   -2.187743E-02  7.909014E-01 -2.766491E-02
     1.1000    8.954035E-02  7.914603E-01  1.133758E-01
     1.1500    2.021126E-01  7.894751E-01  2.588912E-01
     1.2000    3.096020E-01  7.841876E-01  4.058568E-01
     1.2500    4.115632E-01  7.770456E-01  5.581894E-01
     1.3000    5.006140E-01  7.668828E-01  7.112627E-01
     1.3500    5.759741E-01  7.548331E-01  8.680162E-01
     1.4000    6.335002E-01  7.405644E-01  1.026379E+00
     1.4500    6.718429E-01  7.245288E-01  1.187087E+00
     1.5000    6.898832E-01  7.069754E-01  1.350458E+00
     1.5500    6.867663E-01  6.878198E-01  1.515442E+00
     1.6000    6.632924E-01  6.675920E-01  1.684351E+00
     1.6500    6.199501E-01  6.457707E-01  1.854534E+00
     1.7000    5.583375E-01  6.228324E-01  2.029902E+00
     1.7500    4.811981E-01  5.982111E-01  2.206936E+00
     1.8000    3.908536E-01  5.721115E-01  2.389488E+00
     1.8500    2.921942E-01  5.440856E-01  2.574672E+00
     1.9000    1.878439E-01  5.138986E-01  2.767393E+00
     1.9500    8.485877E-02  4.812982E-01  2.964354E+00
     2.0000   -9.592141E-03  4.462845E-01  3.163088E+00
     2.0500   -8.980044E-02  4.089438E-01  3.362988E+00
     2.1000   -1.510307E-01  3.681581E-01  3.564302E+00
     2.1500   -1.892528E-01  3.239864E-01  3.765411E+00
     2.2000   -2.036923E-01  2.785359E-01  3.961813E+00
     2.2500   -1.965224E-01  2.325320E-01  4.148422E+00
     2.3000   -1.714144E-01  1.857475E-01  4.316970E+00
     2.3500   -1.321279E-01  1.370629E-01  4.443228E+00
     2.4000   -9.069503E-02  9.377429E-02  4.455414E+00
     2.4500   -5.657568E-02  6.459551E-02  4.208777E+00
     2.5000   -3.727283E-02  6.402994E-02  3.762921E+00
     2.5500   -3.997241E-02  8.512975E-02  3.630370E+00
     2.6000   -5.608910E-02  1.083608E-01  3.685653E+00
     2.6500   -8.121324E-02  1.288911E-01  3.823264E+00
     2.7000   -1.099433E-01  1.453044E-01  3.999754E+00
     2.7500   -1.342547E-01  1.571580E-01  4.165730E+00
     2.8000   -1.554692E-01  1.667878E-01  4.341864E+00
     2.8500   -1.711585E-01  1.741486E-01  4.526811E+00
     2.9000   -1.791927E-01  1.791951E-01  4.717461E+00
     2.9500   -1.789814E-01  1.825571E-01  4.910638E+00
     3.0000   -1.699722E-01  1.840451E-01  5.105986E+00
     3.0500   -1.525965E-01  1.836432E-01  5.302389E+00
     3.1000   -1.282532E-01  1.815392E-01  5.498678E+00
     3.1500   -9.878166E-02  1.780427E-01  5.695039E+00
     3.2000   -6.631271E-02  1.733070E-01  5.890542E+00
     3.2500   -3.313288E-02  1.674303E-01  6.083980E+00
     3.3000   -1.441455E-03  1.605734E-01  6.274208E+00
     3.3500    2.711578E-02  1.532199E-01  6.461095E+00
     3.4000    5.141719E-02  1.456627E-01  6.643948E+00
     3.4500    7.074635E-02  1.379991E-01  6.821463E+00
     3.5000    8.508293E-02  1.304680E-01  6.993584E+00
     3.5500    9.496700E-02  1.233428E-01  7.161938E+00
     3.6000    1.008631E-01  1.166896E-01  7.327084E+00
     3.6500    1.031808E-01  1.104856E-01  7.488311E+00
     3.7000    1.025296E-01  1.047726E-01  7.646690E+00
     3.7500    9.946350E-02  9.958457E-02  7.804667E+00
     3.8000    9.424798E-02  9.482136E-02  7.964009E+00
     3.8500    8.704133E-02  9.029741E-02  8.123345E+00
     3.9000    7.816210E-02  8.594115E-02  8.282737E+00
     3.9500    6.793963E-02  8.173222E-02  8.443431E+00
     4.0000    5.666496E-02  7.761569E-02  8.606352E+00
     4.0500    4.493282E-02  7.351784E-02  8.767224E+00
     4.1000    3.331679E-02  6.949797E-02  8.924816E+00
     4.1500    2.227117E-02  6.561972E-02  9.078502E+00
     4.2000    1.212793E-02  6.195625E-02  9.227756E+00
     4.2500    3.139988E-03  5.874047E-02  9.371297E+00
     4.3000   -4.829476E-03  5.607426E-02  9.511011E+00
     4.3500   -1.203230E-02  5.400052E-02  9.649482E+00
     4.4000   -1.872096E-02  5.253757E-02  9.789120E+00
     4.4500   -2.526226E-02  5.164527E-02  9.935892E+00
     4.5000   -3.174813E-02  5.116746E-02  1.009413E+01
     4.5500   -3.796788E-02  5.090375E-02  1.026663E+01
     4.6000   -4.340680E-02  5.065638E-02  1.045398E+01
     4.6500   -4.737351E-02  5.021487E-02  1.065756E+01
     4.7000   -4.906064E-02  4.940842E-02  1.087685E+01
     4.7500   -4.780338E-02  4.812266E-02  1.111083E+01
     4.8000   -4.333601E-02  4.633357E-02  1.135725E+01
     4.8500   -3.573733E-02  4.394364E-02  1.161665E+01
     4.9000   -2.568727E-02  4.097137E-02  1.188873E+01
     4.9500   -1.433936E-02  3.747735E-02  1.217375E+01
     5.0000   -3.197580E-03  3.354733E-02  1.247091E+01
     5.0500    6.326555E-03  2.928331E-02  1.278413E+01
     5.1000    1.301961E-02  2.483861E-02  1.311811E+01
     5.1500    1.616612E-02  2.039633E-02  1.348143E+01
     5.2000    1.560121E-02  1.610217E-02  1.388707E+01
     5.2500    1.197998E-02  1.230216E-02  1.436653E+01
     5.3000    6.400505E-03  9.436685E-03  1.496257E+01
     5.3500    2.263535E-04  8.047889E-03  1.567983E+01
     5.4000   -5.239413E-03  8.184584E-03  1.640266E+01
     5.4500   -8.904714E-03  9.258005E-03  1.700161E+01
     5.5000   -1.025848E-02  1.047061E-02  1.748040E+01
     5.5500   -9.370700E-03  1.137622E-02  1.788163E+01
     5.6000   -6.766593E-03  1.181354E-02  1.823966E+01
     5.6500   -3.351292E-03  1.171096E-02  1.855933E+01
     5.7000   -7.203766E-05  1.108257E-02  1.884306E+01
     5.7500    2.330743E-03  1.001189E-02  1.908451E+01
     5.8000    3.557857E-03  8.691044E-03  1.927132E+01
     5.8500    3.646110E-03  7.366864E-03  1.936731E+01
     5.9000    3.069665E-03  6.484421E-03  1.934269E+01
     5.9500    2.518771E-03  6.551317E-03  1.924419E+01
     6.0000    2.739013E-03  7.642233E-03  1.921611E+01
     6.0500    4.070065E-03  9.338130E-03  1.930054E+01
     6.1000    6.527420E-03  1.122477E-02  1.947015E+01
     6.1500    9.721912E-03  1.302254E-02  1.969241E+01
     6.2000    1.294774E-02  1.455104E-02  1.994650E+01
     6.2500    1.537773E-02  1.569001E-02  2.022050E+01
     6.3000    1.629803E-02  1.636026E-02  2.050760E+01
     6.3500    1.531589E-02  1.651518E-02  2.080379E+01
     6.4000    1.248220E-02  1.613677E-02  2.110676E+01
     6.4500    8.294829E-03  1.523299E-02  2.141532E+01
     6.5000    3.556941E-03  1.384068E-02  2.173124E+01
     6.5500   -7.284541E-04  1.200775E-02  2.205185E+01
     6.6000   -3.702720E-03  9.800569E-03  2.237857E+01
     6.6500   -4.851346E-03  7.301645E-03  2.271786E+01
     6.7000   -4.113351E-03  4.609932E-03  2.309352E+01
     6.7500   -1.879490E-03  1.891016E-03  2.367241E+01
     6.8000    1.122645E-03  1.419976E-03  2.604454E+01
     6.8500    4.020750E-03  4.027172E-03  2.676002E+01
     6.9000    6.012580E-03  6.630338E-03  2.713864E+01
     6.9500    6.546174E-03  9.035808E-03  2.746407E+01
     7.0000    5.386984E-03  1.120397E-02  2.777276E+01
     7.0500    2.689044E-03  1.309848E-02  2.806757E+01
     7.1000   -1.104573E-03  1.470176E-02  2.834954E+01
     7.1500   -5.423409E-03  1.602669E-02  2.861955E+01
     7.2000   -9.710924E-03  1.710957E-02  2.887789E+01
     7.2500   -1.353589E-02  1.800737E-02  2.912495E+01
     7.3000   -1.663872E-02  1.879191E-02  2.936173E+01
     7.3500   -1.890902E-02  1.954066E-02  2.959018E+01
     7.4000   -2.031425E-02  2.032455E-02  2.981330E+01
     7.4500   -2.081491E-02  2.119532E-02  3.003488E+01
     7.5000   -2.035295E-02  2.224379E-02  3.026043E+01
     7.5500   -1.868574E-02  2.342927E-02  3.049272E+01
     7.6000   -1.556473E-02  2.468236E-02  3.073360E+01
     7.6500   -1.085114E-02  2.593955E-02  3.098433E+01
     7.7000   -4.610210E-03  2.712648E-02  3.124515E+01
     7.7500    2.802085E-03  2.816746E-02  3.151557E+01
     7.8000    1.072118E-02  2.899301E-02  3.179470E+01
     7.8500    1.824338E-02  2.954512E-02  3.208146E+01
     7.9000    2.437475E-02  2.978049E-02  3.237469E+01
     7.9500    2.822682E-02  2.967243E-02  3.267329E+01
     8.0000    2.923035E-02  2.923180E-02  3.297675E+01
     8.0500    2.719822E-02  2.844111E-02  3.328345E+01
     8.1000    2.245715E-02  2.730827E-02  3.359198E+01
     8.1500    1.578490E-02  2.586984E-02  3.390125E+01
     8.2000    8.231030E-03  2.417548E-02  3.421010E+01
     8.2500    8.972081E-04  2.228558E-02  3.451725E+01
     8.3000   -5.282859E-03  2.026864E-02  3.482121E+01
     8.3500   -9.708770E-03  1.819850E-02  3.512024E+01
     8.4000   -1.218580E-02  1.615142E-02  3.541237E+01
     8.4500   -1.289299E-02  1.420311E-02  3.569543E+01
     8.5000   -1.225255E-02  1.241483E-02  3.596645E+01
     8.5500   -1.080351E-02  1.085297E-02  3.622382E+01
     8.6000   -9.024274E-03  9.575542E-03  3.646929E+01
     8.6500   -7.202254E-03  8.611279E-03  3.670848E+01
     8.7000   -5.409162E-03  7.957959E-03  3.695173E+01
     8.7500   -3.551481E-03  7.583456E-03  3.721172E+01
     8.8000   -1.479471E-03  7.439045E-03  3.749890E+01
     8.8500    8.872558E-04  7.478144E-03  3.781804E+01
     8.9000    3.463388E-03  7.668412E-03  3.816772E+01
     8.9500    5.965851E-03  7.991737E-03  3.854190E+01
     9.0000    7.968222E-03  8.446392E-03  3.893181E+01
     9.0500    8.994513E-03  9.010508E-03  3.932950E+01
     9.1000    8.653478E-03  9.649903E-03  3.972835E+01
     9.1500    6.789366E-03  1.032799E-02  4.012337E+01
     9.2000    3.556034E-03  1.100035E-02  4.051153E+01
     9.2500   -5.867842E-04  1.161936E-02  4.089123E+01
     9.3000   -4.961524E-03  1.213875E-02  4.126177E+01
     9.3500   -8.822472E-03  1.251761E-02  4.162285E+01
     9.4000   -1.152611E-02  1.272334E-02  4.197421E+01
     9.4500   -1.267519E-02  1.273395E-02  4.231539E+01
     9.5000   -1.221073E-02  1.255462E-02  4.264609E+01
     9.5500   -1.036549E-02  1.218383E-02  4.296487E+01
     9.6000   -7.605699E-03  1.162629E-02  4.326920E+01
     9.6500   -4.512759E-03  1.091450E-02  4.355604E+01
     9.7000   -1.618126E-03  1.009706E-02  4.382135E+01
     9.7500    7.188724E-04  9.239252E-03  4.406018E+01
     9.8000    2.371170E-03  8.422089E-03  4.426770E+01
     9.8500    3.430022E-03  7.736243E-03  4.444165E+01
     9.9000    4.127934E-03  7.265183E-03  4.458659E+01
     9.9500    4.727908E-03  7.056039E-03  4.471657E+01
    10.0000    5.434760E-03  7.113429E-03  4.485181E+01
    10.0500    6.299649E-03  7.366085E-03  4.500828E+01
    10.1000    7.197024E-03  7.694855E-03  4.519141E+01
    10.1500    7.904856E-03  7.999854E-03  4.539883E+01
    10.2000    8.180953E-03  8.201669E-03  4.562418E+01
    10.2500    7.861068E-03  8.246176E-03  4.585991E+01
    10.3000    6.930453E-03  8.104549E-03  4.609809E+01
    10.3500    5.542932E-03  7.773278E-03  4.633001E+01
    10.4000    3.979348E-03  7.276575E-03  4.654527E+01
    10.4500    2.557937E-03  6.672935E-03  4.673049E+01
    10.5000    1.525878E-03  6.066856E-03  4.686965E+01
    10.5500    9.686669E-04  5.619115E-03  4.695064E+01
    10.6000    7.693846E-04  5.523514E-03  4.698414E+01
    10.6500    6.348298E-04  5.909903E-03  4.701626E+01
    10.7000    1.843309E-04  6.750841E-03  4.709658E+01
    10.7500   -9.234153E-04  7.905077E-03  4.724097E+01
    10.8000   -2.863513E-03  9.217658E-03  4.743977E+01
    10.8500   -5.557997E-03  1.056354E-02  4.767796E+01
    10.9000   -8.658474E-03  1.184873E-02  4.794331E+01
    10.9500   -1.160806E-02  1.300252E-02  4.822731E+01
    11.0000   -1.379911E-02  1.399950E-02  4.852529E+01
    11.0500   -1.466777E-02  1.480901E-02  4.883291E+01
    11.1000   -1.383504E-02  1.537403E-02  4.914595E+01
    11.1500   -1.128161E-02  1.567664E-02  4.946219E+01
    11.2000   -7.334015E-03  1.570986E-02  4.977977E+01
    11.2500   -2.596344E-03  1.547740E-02  5.009693E+01
    11.3000    2.187650E-03  1.499336E-02  5.041191E+01
    11.3500    6.304726E-03  1.428194E-02  5.072269E+01
    11.4000    9.228971E-03  1.337711E-02  5.102684E+01
    11.4500    1.072400E-02  1.232237E-02  5.132127E+01
    11.5000    1.086559E-02  1.117097E-02  5.160192E+01
    11.5500    9.982692E-03  9.986409E-03  5.186357E+01
    11.6000    8.537805E-03  8.843332E-03  5.209991E+01
    11.6500    6.983784E-03  7.827144E-03  5.230477E+01
    11.7000    5.639382E-03  7.027832E-03  5.247571E+01
    11.7500    4.618229E-03  6.520388E-03  5.262002E+01
    11.8000    3.828721E-03  6.331892E-03  5.275772E+01
    11.8500    3.040458E-03  6.419998E-03  5.291371E+01
    11.9000    1.993068E-03  6.690783E-03  5.310460E+01
    11.9500    5.113457E-04  7.040209E-03  5.333438E+01
    12.0000   -1.423661E-03  7.395739E-03  5.360078E+01
    12.0500   -3.633384E-03  7.705042E-03  5.389813E+01
    12.1000   -5.745407E-03  7.918979E-03  5.421887E+01
    12.1500   -7.327467E-03  8.021977E-03  5.455869E+01
    12.2000   -7.996106E-03  8.012190E-03  5.491450E+01
    12.2500   -7.530508E-03  7.897833E-03  5.528406E+01
    12.3000   -5.944740E-03  7.694179E-03  5.566570E+01
    12.3500   -3.496987E-03  7.420895E-03  5.605798E+01
    12.4000   -6.330416E-04  7.099522E-03  5.645938E+01
    12.4500    2.119619E-03  6.751022E-03  5.686804E+01
    12.5000    4.276969E-03  6.393511E-03  5.728147E+01
    12.5500    5.507954E-03  6.040429E-03  5.769643E+01
    12.6000    5.699247E-03  5.699565E-03  5.810891E+01
    12.6500    4.960051E-03  5.373297E-03  5.851421E+01
    12.7000    3.569609E-03  5.060243E-03  5.890724E+01
    12.7500    1.886299E-03  4.758121E-03  5.928263E+01
    12.8000    2.470845E-04  4.467342E-03  5.963492E+01
    12.8500   -1.113074E-03  4.194671E-03  5.995883E+01
    12.9000   -2.100317E-03  3.956113E-03  6.024993E+01
    12.9500   -2.752080E-03  3.777574E-03  6.050644E+01
    13.0000   -3.188496E-03  3.694822E-03  6.073137E+01
    13.0500   -3.544433E-03  3.739914E-03  6.093631E+01
    13.1000   -3.890209E-03  3.919109E-03  6.113954E+01
    13.1500   -4.200136E-03  4.219216E-03  6.135619E+01
    13.2000   -4.354771E-03  4.608134E-03  6.159420E+01
    13.2500   -4.182957E-03  5.045619E-03  6.185449E+01
    13.3000   -3.528582E-03  5.491684E-03  6.213406E+01
    13.3500   -2.318984E-03  5.910681E-03  6.242868E+01
    13.4000   -6.112289E-04  6.272639E-03  6.273425E+01
    13.4500    1.400441E-03  6.553531E-03  6.304721E+01
    13.5000    3.420280E-03  6.735280E-03  6.336450E+01
    13.5500    5.120281E-03  6.805787E-03  6.368346E+01
    13.6000    6.222628E-03  6.759027E-03  6.400157E+01
    13.6500    6.570581E-03  6.595214E-03  6.431619E+01
    13.7000    6.166367E-03  6.321064E-03  6.462434E+01
    13.7500    5.164727E-03  5.950232E-03  6.492231E+01
    13.8000    3.824281E-03  5.504071E-03  6.520529E+01
    13.8500    2.431729E-03  5.012901E-03  6.546697E+01
    13.9000    1.222056E-03  4.517853E-03  6.569954E+01
    13.9500    3.188172E-04  4.072404E-03  6.589508E+01
    14.0000   -2.931899E-04  3.745176E-03  6.605181E+01
    14.0500   -7.404274E-04  3.597721E-03  6.618073E+01
    14.1000   -1.190775E-03  3.650463E-03  6.630572E+01
    14.1500   -1.802392E-03  3.884199E-03  6.645599E+01
    14.2000   -2.646939E-03  4.242745E-03  6.664714E+01
    14.2500   -3.669159E-03  4.661535E-03  6.687956E+01
    14.3000   -4.688689E-03  5.085733E-03  6.714648E+01
    14.3500   -5.444855E-03  5.474488E-03  6.744015E+01
    14.4000   -5.671920E-03  5.799274E-03  6.775420E+01
    14.4500   -5.182578E-03  6.041327E-03  6.808396E+01
    14.5000   -3.934587E-03  6.189622E-03  6.842616E+01
    14.5500   -2.059959E-03  6.239464E-03  6.877858E+01
    14.6000    1.531304E-04  6.191476E-03  6.913977E+01
    14.6500    2.321914E-03  6.050810E-03  6.950888E+01
    14.7000    4.057758E-03  5.826449E-03  6.988546E+01
    14.7500    5.057995E-03  5.530538E-03  7.026945E+01
    14.8000    5.176119E-03  5.177705E-03  7.066108E+01
    14.8500    4.451911E-03  4.784351E-03  7.106081E+01
    14.9000    3.094593E-03  4.367888E-03  7.146928E+01
    14.9500    1.425158E-03  3.945914E-03  7.188711E+01
    15.0000   -2.042031E-04  3.537979E-03  7.231438E+01
    15.0500   -1.497287E-03  3.159005E-03  7.275043E+01
    15.1000   -2.269784E-03  2.815515E-03  7.319428E+01
    15.1500   -2.473630E-03  2.516533E-03  7.364251E+01
    15.2000   -2.189133E-03  2.266269E-03  7.408908E+01
    15.2500   -1.581362E-03  2.064038E-03  7.452540E+01
    15.3000   -8.407166E-04  1.905727E-03  7.494134E+01
    15.3500   -1.269383E-04  1.786844E-03  7.532712E+01
    15.4000    4.670021E-04  1.706136E-03  7.567548E+01
    15.4500    9.223843E-04  1.667992E-03  7.598417E+01
    15.5000    1.274765E-03  1.681790E-03  7.625844E+01
    15.5500    1.576644E-03  1.757445E-03  7.651144E+01
    15.6000    1.858020E-03  1.899279E-03  7.676020E+01
    15.6500    2.099966E-03  2.102571E-03  7.701881E+01
    15.7000    2.231192E-03  2.354764E-03  7.729442E+01
    15.7500    2.149241E-03  2.639054E-03  7.758812E+01
    15.8000    1.759153E-03  2.937494E-03  7.789774E+01
    15.8500    1.016178E-03  3.232763E-03  7.822006E+01
    15.9000   -4.269412E-05  3.508991E-03  7.855198E+01
    15.9500   -1.290359E-03  3.752167E-03  7.889088E+01
    16.0000   -2.532335E-03  3.954824E-03  7.923473E+01
    16.0500   -3.550406E-03  4.111908E-03  7.958188E+01
    16.1000   -4.138626E-03  4.206604E-03  7.993059E+01
    16.1500   -4.173440E-03  4.233708E-03  8.027954E+01
    16.2000   -3.643445E-03  4.190768E-03  8.062743E+01
    16.2500   -2.653862E-03  4.078166E-03  8.097284E+01
    16.3000   -1.400096E-03  3.899159E-03  8.131413E+01
    16.3500   -1.178779E-04  3.659894E-03  8.164920E+01
    16.4000    9.756376E-04  3.369453E-03  8.197517E+01
    16.4500    1.732978E-03  3.039993E-03  8.228799E+01
    16.5000    2.105425E-03  2.687124E-03  8.258173E+01
    16.5500    2.142688E-03  2.330713E-03  8.284778E+01
    16.6000    1.964784E-03  1.996238E-03  8.307445E+01
    16.6500    1.715988E-03  1.715995E-03  8.324937E+01
    16.7000    1.515799E-03  1.526351E-03  8.336986E+01
    16.7500    1.422244E-03  1.453583E-03  8.346023E+01
    16.8000    1.418460E-03  1.492474E-03  8.356845E+01
    16.8500    1.425869E-03  1.605784E-03  8.373011E+01
    16.9000    1.338728E-03  1.748272E-03  8.395081E+01
    16.9500    1.068135E-03  1.884501E-03  8.422039E+01
    17.0000    5.817293E-04  1.991648E-03  8.452660E+01
    17.0500   -7.687572E-05  2.056307E-03  8.486040E+01
    17.1000   -7.970311E-04  2.071882E-03  8.521787E+01
    17.1500   -1.423576E-03  2.037339E-03  8.559664E+01
    17.2000   -1.803904E-03  1.956100E-03  8.599672E+01
    17.2500   -1.835004E-03  1.835654E-03  8.642041E+01
    17.3000   -1.497961E-03  1.687587E-03  8.687241E+01
    17.3500   -8.689159E-04  1.527966E-03  8.735970E+01
    17.4000   -1.025527E-04  1.377734E-03  8.789009E+01
    17.4500    6.075886E-04  1.261737E-03  8.846702E+01
    17.5000    1.080692E-03  1.203360E-03  8.907994E+01
    17.5500    1.197338E-03  1.213752E-03  8.970003E+01
    17.6000    9.313602E-04  1.284233E-03  9.029482E+01
    17.6500    3.559396E-04  1.391827E-03  9.084758E+01
    17.7000   -3.774261E-04  1.511129E-03  9.135862E+01
    17.7500   -1.080686E-03  1.621309E-03  9.183576E+01
    17.8000   -1.579567E-03  1.707487E-03  9.228744E+01
    17.8500   -1.758268E-03  1.759933E-03  9.272048E+01
    17.9000   -1.586418E-03  1.773027E-03  9.313991E+01
    17.9500   -1.121743E-03  1.744454E-03  9.354933E+01
    18.0000   -4.878776E-04  1.673837E-03  9.395201E+01
    18.0500    1.618490E-04  1.562532E-03  9.435155E+01
    18.1000    6.809281E-04  1.417069E-03  9.474903E+01
    18.1500    9.738384E-04  1.243843E-03  9.514714E+01
    18.2000    1.012835E-03  1.050542E-03  9.554984E+01
    18.2500    8.369929E-04  8.459462E-04  9.596419E+01
    18.3000    5.330682E-04  6.400331E-04  9.640509E+01
    18.3500    2.055389E-04  4.452436E-04  9.690954E+01
    18.4000   -5.431116E-05  2.826927E-04  9.758270E+01
    18.4500   -1.910714E-04  2.031757E-04  9.861325E+01
    18.5000   -1.938819E-04  2.470486E-04  9.962860E+01
    18.5500   -9.027786E-05  3.389964E-04  1.002614E+02
    18.6000    7.086423E-05  4.252660E-04  1.006984E+02
    18.6500    2.402286E-04  4.932714E-04  1.010396E+02
    18.7000    3.852012E-04  5.443753E-04  1.013171E+02
    18.7500    4.976374E-04  5.870148E-04  1.015427E+02
    18.8000    5.903960E-04  6.343213E-04  1.017274E+02
    18.8500    6.849248E-04  7.006220E-04  1.018897E+02
    18.9000    7.953258E-04  7.962602E-04  1.020533E+02
    18.9500    9.154343E-04  9.239503E-04  1.022376E+02
    19.0000    1.014872E-03  1.079949E-03  1.024507E+02
    19.0500    1.044711E-03  1.257088E-03  1.026916E+02
    19.1000    9.486549E-04  1.444008E-03  1.029558E+02
    19.1500    6.870448E-04  1.630881E-03  1.032377E+02
    19.2000    2.526579E-04  1.808607E-03  1.035324E+02
    19.2500   -3.201599E-04  1.969157E-03  1.038359E+02
    19.3000   -9.581755E-04  2.105793E-03  1.041450E+02
    19.3500   -1.563621E-03  2.213242E-03  1.044571E+02
    19.4000   -2.036345E-03  2.287840E-03  1.047701E+02
    19.4500   -2.297394E-03  2.327649E-03  1.050819E+02
    19.5000   -2.307215E-03  2.332538E-03  1.053908E+02
    19.5500   -2.073346E-03  2.304221E-03  1.056948E+02
    19.6000   -1.645742E-03  2.246252E-03  1.059919E+02
    19.6500   -1.101672E-03  2.163953E-03  1.062800E+02
    19.7000   -5.251370E-04  2.064268E-03  1.065569E+02
    19.7500    1.284011E-05  1.955476E-03  1.068207E+02
    19.8000    4.673901E-04  1.846673E-03  1.070700E+02
    19.8500    8.232403E-04  1.746918E-03  1.073049E+02
    19.9000    1.088565E-03  1.663956E-03  1.075273E+02
    19.9500    1.282511E-03  1.602695E-03  1.077418E+02