# # tequil.ion_motion                                            FEFF 9.05   
# # POT  SCF  30  5.5000   1, core-hole, AFOLP (folp(0)= 1.150)
# # Abs   Z=30 Rmt= 1.329 Rnm= 1.423 K  shell
# # Pot 1 Z=26 Rmt= 1.272 Rnm= 1.392
# # Pot 2 Z= 8 Rmt= 0.974 Rnm= 1.091
# # Gam_ch=1.897E+00 H-L exch
# # Mu=-1.162E+01 kf=2.154E+00 Vint=-1.821E+01 Rs_int= 1.683
# # PATH  Rmax= 8.500,  Keep_limit= 0.00, Heap_limit 0.00  Pwcrit= 2.50%
#  S02=1.000                                        Global_sig2= 0.00000
#  Energy zero shift, vr, vi   -2.00000E+00   0.00000E+00
#  Curved wave amplitude ratio filter   4.000%
#     file         sig2 tot  cw amp ratio   deg  nlegs   reff  inp sig2
#           1       0.00000    100.00      1.00     2   1.9429
#           2       0.00000     88.07      1.00     2   2.0389
#           3       0.00000     86.69      1.00     2   2.0511
#           4       0.00000     71.98      1.00     2   2.2009
#           5       0.00000     63.34      1.00     2   2.3098
#           6       0.00000     54.59      1.00     2   2.4428
#           7       0.00000     35.95      1.00     2   2.7931
#           8       0.00000     33.73      1.00     2   2.8747
#           9       0.00000     30.57      1.00     2   3.0033
#          10       0.00000     29.37      1.00     2   3.0567
#          11       0.00000     24.91      1.00     2   3.2790
#          12       0.00000     23.85      1.00     2   3.3391
#          13       0.00000     23.11      1.00     2   3.3830
#          14       0.00000     10.94      2.00     3   3.3883
#          15       0.00000     22.29      1.00     2   3.3975
#          16       0.00000     22.16      1.00     2   3.4046
#          17       0.00000     13.68      2.00     3   3.4580
#          18       0.00000      9.58      2.00     3   3.4684
#          19       0.00000     20.88      1.00     2   3.4783
#          20       0.00000     11.94      2.00     3   3.4995
#          21       0.00000      9.24      2.00     3   3.5001
#          22       0.00000      7.18      2.00     3   3.5526
#          23       0.00000     19.41      1.00     2   3.5701
#          24       0.00000      8.54      2.00     3   3.5723
#          25       0.00000      8.93      2.00     3   3.5906
#          26       0.00000     19.00      1.00     2   3.5975
#          27       0.00000      7.51      2.00     3   3.6101
#          28       0.00000     18.53      2.00     3   3.6145
#          29       0.00000     10.39      2.00     3   3.6168
#          30       0.00000     15.13      2.00     3   3.6294
#          31       0.00000     10.12      2.00     3   3.6435
#          32       0.00000      8.71      2.00     3   3.6478
#          33       0.00000     18.98      1.00     2   3.6626
#          34       0.00000     18.04      1.00     2   3.6639
#          35       0.00000     14.32      2.00     3   3.6847
#          36       0.00000      6.44      2.00     3   3.6913
#          37       0.00000      7.90      2.00     3   3.6911
#          38       0.00000      7.54      2.00     3   3.7079
#          39       0.00000     18.35      1.00     2   3.7121
#          40       0.00000      7.56      2.00     3   3.7140
#          41       0.00000     18.27      1.00     2   3.7189
#          42       0.00000      5.62      2.00     3   3.7522
#          43       0.00000     17.24      1.00     2   3.8037
#          44       0.00000      6.14      2.00     3   3.8437
#          45       0.00000      5.50      1.00     4   3.8461
#          46       0.00000     15.52      1.00     2   3.8639
#          47       0.00000     15.45      1.00     2   3.8699
#          48       0.00000     14.83      2.00     3   3.8703
#          49       0.00000     11.39      1.00     4   3.8858
#          50       0.00000     16.17      1.00     2   3.8998
#          51       0.00000     15.04      2.00     3   3.9038
#          52       0.00000      5.93      1.00     4   3.9126
#          53       0.00000     15.70      1.00     2   3.9439
#          54       0.00000      4.39      1.00     4   3.9797
#          56       0.00000      6.32      1.00     4   3.9835
#          57       0.00000     14.20      1.00     2   3.9852
#          58       0.00000     12.11      2.00     3   3.9919
#          59       0.00000      4.02      1.00     4   4.0302
#          60       0.00000      9.01      2.00     3   4.0313
#          61       0.00000     20.66      2.00     3   4.0575
#          62       0.00000     12.46      2.00     3   4.0599
#          63       0.00000      8.55      2.00     3   4.0631
#          64       0.00000     15.98      2.00     3   4.0772
#          65       0.00000      8.73      1.00     4   4.0777
#          66       0.00000      5.44      1.00     4   4.0779
#          67       0.00000      6.07      1.00     4   4.0887
#          68       0.00000      8.44      1.00     4   4.1023
#          69       0.00000     18.18      2.00     4   4.1438
#          70       0.00000      7.65      2.00     3   4.1574
#          71       0.00000      7.64      2.00     3   4.1684
#          72       0.00000      7.14      1.00     4   4.2104
#          73       0.00000      6.92      2.00     3   4.2353
#          74       0.00000     11.90      1.00     2   4.2366
#          75       0.00000      4.03      1.00     4   4.2388
#          76       0.00000      7.25      2.00     3   4.2515
#          77       0.00000      7.75      2.00     3   4.2548
#          78       0.00000      7.04      2.00     3   4.2607
#          79       0.00000      7.22      2.00     3   4.2702
#          81       0.00000      6.95      2.00     3   4.2855
#          82       0.00000     11.47      1.00     2   4.2901
#          83       0.00000     19.60      2.00     3   4.3125
#          84       0.00000     11.27      1.00     2   4.3152
#          86       0.00000     19.29      2.00     4   4.3486
#          87       0.00000     10.81      1.00     2   4.3767
#          88       0.00000      8.75      2.00     3   4.3929
#          89       0.00000      5.76      1.00     4   4.4018
#          90       0.00000     10.62      1.00     2   4.4035
#          91       0.00000      6.94      2.00     3   4.4151
#          92       0.00000      6.78      2.00     3   4.4298
#          93       0.00000     17.18      2.00     3   4.4583
#          94       0.00000     20.84      2.00     3   4.4673
#          95       0.00000     10.15      1.00     2   4.4721
#          96       0.00000     16.55      2.00     4   4.4940
#          97       0.00000     19.15      2.00     3   4.5076
#          98       0.00000      9.83      1.00     2   4.5201
#          99       0.00000      9.83      1.00     2   4.5206
#         100       0.00000      5.59      2.00     3   4.5247
#         101       0.00000      9.76      1.00     2   4.5307
#         102       0.00000      9.65      1.00     2   4.5484
#         103       0.00000     12.43      1.00     4   4.5579
#         104       0.00000      8.64      2.00     3   4.5828
#         105       0.00000      9.42      1.00     2   4.5864
#         106       0.00000     10.35      2.00     3   4.5891
#         107       0.00000     21.33      2.00     3   4.5914
#         108       0.00000     16.59      2.00     3   4.5962
#         109       0.00000      5.44      2.00     3   4.6000
#         110       0.00000     11.08      1.00     4   4.6117
#         111       0.00000      4.45      1.00     4   4.6195
#         112       0.00000      9.16      1.00     2   4.6285
#         113       0.00000     17.21      2.00     3   4.6281
#         114       0.00000      8.49      2.00     3   4.6353
#         115       0.00000      8.04      2.00     3   4.6474
#         116       0.00000      9.04      1.00     2   4.6492
#         117       0.00000     13.35      1.00     4   4.6521
#         119       0.00000      8.74      1.00     2   4.7027
#         120       0.00000      8.72      1.00     2   4.7060
#         122       0.00000      9.18      1.00     4   4.7202
#         124       0.00000     16.81      2.00     3   4.7242
#         126       0.00000      6.07      2.00     4   4.7360
#         127       0.00000      9.77      1.00     4   4.7356
#         128       0.00000      5.69      2.00     3   4.7385
#         129       0.00000     10.41      2.00     3   4.7517
#         131       0.00000      9.43      1.00     2   4.7596
#         132       0.00000      9.42      1.00     2   4.7605
#         133       0.00000      8.03      2.00     3   4.7671
#         134       0.00000      5.58      2.00     3   4.7863
#         135       0.00000     10.74      2.00     3   4.7972
#         137       0.00000      9.73      1.00     4   4.8200
#         138       0.00000      8.10      1.00     2   4.8224
#         139       0.00000      7.76      2.00     3   4.8292
#         140       0.00000      5.08      2.00     3   4.8429
#         141       0.00000      7.79      2.00     3   4.8593
#         142       0.00000      4.31      1.00     4   4.8630
#         143       0.00000      7.88      1.00     2   4.8662
#         145       0.00000      5.80      2.00     3   4.9066
#         147       0.00000      5.70      2.00     4   4.9136
#         149       0.00000      8.07      2.00     3   4.9322
#         150       0.00000      7.53      1.00     2   4.9402
#         151       0.00000     13.04      2.00     3   4.9436
#         153       0.00000      4.70      1.00     4   4.9833
#         154       0.00000      6.64      2.00     3   4.9893
#         155       0.00000      7.28      2.00     3   5.0041
#         157       0.00000      5.04      1.00     4   5.0079
#         159       0.00000      6.02      2.00     3   5.0236
#         160       0.00000      7.12      1.00     2   5.0327
#         161       0.00000      7.99      1.00     2   5.0453
#         162       0.00000     16.74      2.00     3   5.0536
#         164       0.00000      6.26      2.00     3   5.0551
#         165       0.00000      6.98      1.00     2   5.0649
#         166       0.00000      7.11      1.00     4   5.0648
#         167       0.00000      4.25      2.00     4   5.0677
#         168       0.00000     10.31      1.00     4   5.0745
#         170       0.00000     16.88      2.00     3   5.0808
#         172       0.00000     10.58      1.00     4   5.0967
#         174       0.00000      7.83      2.00     3   5.1126
#         175       0.00000      7.59      1.00     2   5.1358
#         176       0.00000      8.18      2.00     3   5.1595
#         177       0.00000      8.19      2.00     3   5.1614
#         179       0.00000      6.46      1.00     2   5.1929
#         180       0.00000     15.89      2.00     3   5.1986
#         181       0.00000      9.93      1.00     4   5.2043
#         183       0.00000      6.35      1.00     2   5.2235
#         184       0.00000      7.42      2.00     3   5.2310
#         186       0.00000      6.44      2.00     3   5.2728
#         188       0.00000      6.84      2.00     3   5.2982
#         190       0.00000      6.43      2.00     3   5.3123
#         193       0.00000      5.49      2.00     4   5.3404
#         194       0.00000      5.92      1.00     2   5.3419
#         198       0.00000      6.70      1.00     2   5.3620
#         200       0.00000      5.75      1.00     2   5.3936
#         201       0.00000      6.58      1.00     2   5.3953
#         202       0.00000      6.57      1.00     2   5.3965
#         205       0.00000      5.68      1.00     2   5.4146
#         206       0.00000      6.48      1.00     2   5.4231
#         207       0.00000      6.48      1.00     2   5.4246
#         210       0.00000      4.40      2.00     4   5.4434
#         213       0.00000      5.51      1.00     2   5.4664
#         214       0.00000      5.22      2.00     3   5.4732
#         216       0.00000      5.94      2.00     3   5.5000
#         218       0.00000      4.98      2.00     3   5.5071
#         219       0.00000      5.74      2.00     3   5.5093
#         221       0.00000      8.91      2.00     3   5.5123
#         222       0.00000      6.53      2.00     3   5.5150
#         226       0.00000      4.61      2.00     3   5.5433
#         227       0.00000      6.31      2.00     3   5.5458
#         228       0.00000      5.26      1.00     2   5.5473
#         229       0.00000      5.41      2.00     3   5.5485
#         230       0.00000      5.24      1.00     2   5.5545
#         233       0.00000      5.28      2.00     3   5.5795
#         237       0.00000      5.91      1.00     2   5.5964
#         238       0.00000      4.16      2.00     3   5.5996
#         239       0.00000      5.90      1.00     2   5.6000
#         240       0.00000      4.39      1.00     4   5.6016
#         241       0.00000      5.06      2.00     3   5.6075
#         242       0.00000      4.86      2.00     3   5.6239
#         243       0.00000      5.80      1.00     2   5.6320
#         247       0.00000      4.70      2.00     3   5.6510
#         248       0.00000      9.68      2.00     3   5.6532
#         249       0.00000      4.96      1.00     2   5.6546
#         251       0.00000      5.62      2.00     3   5.6560
#         253       0.00000      5.00      2.00     3   5.6618
#         254       0.00000      4.59      2.00     3   5.6662
#         256       0.00000      5.07      2.00     3   5.6698
#         258       0.00000      4.14      2.00     3   5.6998
#         261       0.00000      4.72      1.00     4   5.7063
#         264       0.00000      5.58      2.00     3   5.7174
#         271       0.00000      5.01      2.00     3   5.7637
#         272       0.00000      4.66      1.00     2   5.7648
#         274       0.00000      4.29      2.00     3   5.7712
#         276       0.00000      5.61      2.00     3   5.7715
#         279       0.00000      4.51      2.00     3   5.7882
#         284       0.00000      4.07      2.00     4   5.7984
#         285       0.00000      4.89      2.00     3   5.8035
#         287       0.00000      4.54      1.00     2   5.8146
#         288       0.00000      5.27      1.00     2   5.8147
#         291       0.00000      4.53      1.00     2   5.8175
#         297       0.00000      5.15      1.00     2   5.8608
#         298       0.00000      8.47      2.00     3   5.8635
#         300       0.00000      5.09      1.00     2   5.8814
#         305       0.00000      4.08      2.00     3   5.9051
#         308       0.00000     10.05      2.00     2   5.9080
#         311       0.00000      4.99      1.00     2   5.9214
#         313       0.00000      4.26      1.00     2   5.9301
#         315       0.00000      7.56      2.00     3   5.9342
#         316       0.00000      4.95      1.00     2   5.9384
#         317       0.00000      4.29      2.00     3   5.9418
#         319       0.00000      4.93      1.00     2   5.9470
#         321       0.00000      4.93      1.00     2   5.9480
#   228/ 297 paths used
#  -----------------------------------------------------------------------
#       k          chi          mag           phase @#
    -0.7000   -5.905824E-01  5.910408E-01 -1.610184E+00
    -0.6500   -5.771935E-01  5.772763E-01 -1.553858E+00
    -0.6000   -5.657916E-01  5.671631E-01 -1.501239E+00
    -0.5500   -5.552334E-01  5.593202E-01 -1.449836E+00
    -0.5000   -5.457800E-01  5.534513E-01 -1.404105E+00
    -0.4500   -5.371102E-01  5.490034E-01 -1.362268E+00
    -0.4000   -5.294556E-01  5.456688E-01 -1.326416E+00
    -0.3500   -5.224155E-01  5.433835E-01 -1.292090E+00
    -0.3000   -5.163136E-01  5.417102E-01 -1.263377E+00
    -0.2500   -5.111417E-01  5.404933E-01 -1.239726E+00
    -0.2000   -5.068987E-01  5.396210E-01 -1.220761E+00
    -0.1500   -5.035759E-01  5.392368E-01 -1.205080E+00
    -0.1000   -5.011842E-01  5.390687E-01 -1.193658E+00
    -0.0500   -4.997421E-01  5.389842E-01 -1.186847E+00
     0.0000   -4.992602E-01  5.389586E-01 -1.184584E+00
     0.0500   -4.987777E-01  5.389344E-01 -1.182324E+00
     0.1000   -4.973263E-01  5.388694E-01 -1.175564E+00
     0.1500   -4.948942E-01  5.387861E-01 -1.164360E+00
     0.2000   -4.914599E-01  5.387198E-01 -1.148802E+00
     0.2500   -4.869900E-01  5.387155E-01 -1.128997E+00
     0.3000   -4.814359E-01  5.388245E-01 -1.105064E+00
     0.3500   -4.747432E-01  5.392856E-01 -1.076534E+00
     0.4000   -4.667875E-01  5.407277E-01 -1.041689E+00
     0.4500   -4.573096E-01  5.425754E-01 -1.002557E+00
     0.5000   -4.460845E-01  5.448565E-01 -9.591769E-01
     0.5500   -4.328612E-01  5.480721E-01 -9.104646E-01
     0.6000   -4.171026E-01  5.528440E-01 -8.548419E-01
     0.6500   -3.981881E-01  5.581190E-01 -7.944048E-01
     0.7000   -3.754623E-01  5.641931E-01 -7.281441E-01
     0.7500   -3.475812E-01  5.719975E-01 -6.531136E-01
     0.8000   -3.142430E-01  5.799229E-01 -5.726609E-01
     0.8500   -2.744119E-01  5.886984E-01 -4.849151E-01
     0.9000   -2.269728E-01  5.982814E-01 -3.891203E-01
     0.9500   -1.723147E-01  6.071909E-01 -2.877443E-01
     1.0000   -1.085088E-01  6.167344E-01 -1.768615E-01
     1.0500   -3.747728E-02  6.251158E-01 -5.998851E-02
     1.1000    4.027094E-02  6.324708E-01  6.371551E-02
     1.1500    1.236323E-01  6.386874E-01  1.948022E-01
     1.2000    2.084521E-01  6.425535E-01  3.303902E-01
     1.2500    2.944253E-01  6.450658E-01  4.739751E-01
     1.3000    3.750898E-01  6.446336E-01  6.210201E-01
     1.3500    4.487028E-01  6.419394E-01  7.739702E-01
     1.4000    5.102736E-01  6.363291E-01  9.304719E-01
     1.4500    5.570017E-01  6.279762E-01  1.090762E+00
     1.5000    5.863477E-01  6.169354E-01  1.254584E+00
     1.5500    5.962861E-01  6.031054E-01  1.420275E+00
     1.6000    5.868560E-01  5.869567E-01  1.589320E+00
     1.6500    5.583978E-01  5.683882E-01  1.758565E+00
     1.7000    5.128341E-01  5.480309E-01  1.931140E+00
     1.7500    4.531741E-01  5.259106E-01  2.102994E+00
     1.8000    3.822803E-01  5.024840E-01  2.277077E+00
     1.8500    3.047193E-01  4.780458E-01  2.450438E+00
     1.9000    2.226698E-01  4.526599E-01  2.627306E+00
     1.9500    1.411148E-01  4.267326E-01  2.804562E+00
     2.0000    6.428464E-02  4.006605E-01  2.980449E+00
     2.0500   -5.097612E-03  3.746427E-01  3.155200E+00
     2.1000   -6.482055E-02  3.476466E-01  3.329146E+00
     2.1500   -1.128226E-01  3.197860E-01  3.502161E+00
     2.2000   -1.485238E-01  2.925083E-01  3.674174E+00
     2.2500   -1.718874E-01  2.657319E-01  3.845033E+00
     2.3000   -1.825926E-01  2.383699E-01  4.014196E+00
     2.3500   -1.789361E-01  2.080660E-01  4.176855E+00
     2.4000   -1.653351E-01  1.785960E-01  4.324604E+00
     2.4500   -1.458091E-01  1.510377E-01  4.448498E+00
     2.5000   -1.250686E-01  1.269875E-01  4.538327E+00
     2.5500   -1.099709E-01  1.106639E-01  4.600412E+00
     2.6000   -9.780511E-02  9.810938E-02  4.633611E+00
     2.6500   -8.973374E-02  8.992867E-02  4.646534E+00
     2.7000   -8.594526E-02  8.607386E-02  4.657719E+00
     2.7500   -8.385057E-02  8.386345E-02  4.694867E+00
     2.8000   -8.331506E-02  8.335268E-02  4.742435E+00
     2.8500   -8.384404E-02  8.419604E-02  4.803862E+00
     2.9000   -8.469383E-02  8.591618E-02  4.881275E+00
     2.9500   -8.484976E-02  8.777903E-02  4.971457E+00
     3.0000   -8.398608E-02  8.980591E-02  5.074375E+00
     3.0500   -8.164085E-02  9.187136E-02  5.188808E+00
     3.1000   -7.742883E-02  9.383993E-02  5.312778E+00
     3.1500   -7.096144E-02  9.554422E-02  5.446080E+00
     3.2000   -6.221276E-02  9.700484E-02  5.586946E+00
     3.2500   -5.123088E-02  9.818483E-02  5.734249E+00
     3.3000   -3.819497E-02  9.895944E-02  5.886931E+00
     3.3500   -2.349252E-02  9.932356E-02  6.044397E+00
     3.4000   -7.690923E-03  9.933605E-02  6.205684E+00
     3.4500    8.524842E-03  9.900101E-02  6.369401E+00
     3.5000    2.453024E-02  9.835995E-02  6.535238E+00
     3.5500    3.987452E-02  9.748737E-02  6.704568E+00
     3.6000    5.393218E-02  9.634298E-02  6.877322E+00
     3.6500    6.595326E-02  9.488171E-02  7.051759E+00
     3.7000    7.545508E-02  9.311836E-02  7.227873E+00
     3.7500    8.205865E-02  9.101695E-02  7.406583E+00
     3.8000    8.541190E-02  8.852257E-02  7.588096E+00
     3.8500    8.539779E-02  8.569452E-02  7.770739E+00
     3.9000    8.212670E-02  8.253959E-02  7.954047E+00
     3.9500    7.590547E-02  7.907508E-02  8.138074E+00
     4.0000    6.717158E-02  7.528691E-02  8.322567E+00
     4.0500    5.664404E-02  7.118030E-02  8.504479E+00
     4.1000    4.519655E-02  6.683086E-02  8.682073E+00
     4.1500    3.371559E-02  6.233755E-02  8.853324E+00
     4.2000    2.303207E-02  5.784418E-02  9.015252E+00
     4.2500    1.374911E-02  5.358610E-02  9.165296E+00
     4.3000    6.074737E-03  4.976540E-02  9.302405E+00
     4.3500   -7.986871E-05  4.658002E-02  9.426493E+00
     4.4000   -5.044161E-03  4.427277E-02  9.538960E+00
     4.4500   -9.534138E-03  4.293228E-02  9.648719E+00
     4.5000   -1.419065E-02  4.249227E-02  9.765278E+00
     4.5500   -1.945307E-02  4.275901E-02  9.897090E+00
     4.6000   -2.545378E-02  4.351871E-02  1.004953E+01
     4.6500   -3.180564E-02  4.434953E-02  1.022449E+01
     4.7000   -3.772866E-02  4.495249E-02  1.042077E+01
     4.7500   -4.221995E-02  4.510674E-02  1.063587E+01
     4.8000   -4.436920E-02  4.473689E-02  1.086728E+01
     4.8500   -4.330369E-02  4.359993E-02  1.111221E+01
     4.9000   -3.880437E-02  4.166075E-02  1.136803E+01
     4.9500   -3.131109E-02  3.894881E-02  1.163254E+01
     5.0000   -2.186319E-02  3.556344E-02  1.190428E+01
     5.0500   -1.187993E-02  3.153414E-02  1.218010E+01
     5.1000   -2.937732E-03  2.699974E-02  1.245735E+01
     5.1500    3.646241E-03  2.212323E-02  1.273194E+01
     5.2000    7.105931E-03  1.706032E-02  1.299598E+01
     5.2500    7.390562E-03  1.202349E-02  1.322835E+01
     5.3000    5.223139E-03  7.308459E-03  1.336252E+01
     5.3500    1.876457E-03  3.717068E-03  1.309555E+01
     5.4000   -1.241025E-03  4.048815E-03  1.225484E+01
     5.4500   -2.792283E-03  6.968049E-03  1.215406E+01
     5.5000   -2.034176E-03  9.772357E-03  1.235668E+01
     5.5500    1.010882E-03  1.197613E-02  1.265088E+01
     5.6000    5.539843E-03  1.352639E-02  1.298834E+01
     5.6500    1.024505E-02  1.438020E-02  1.335934E+01
     5.7000    1.360794E-02  1.461674E-02  1.376347E+01
     5.7500    1.436545E-02  1.439890E-02  1.420534E+01
     5.8000    1.189167E-02  1.395229E-02  1.468758E+01
     5.8500    6.421425E-03  1.358798E-02  1.521575E+01
     5.9000   -9.814610E-04  1.366651E-02  1.577984E+01
     5.9500   -8.665774E-03  1.444646E-02  1.635128E+01
     6.0000   -1.469436E-02  1.581126E-02  1.690064E+01
     6.0500   -1.754800E-02  1.770231E-02  1.741089E+01
     6.1000   -1.641037E-02  1.987828E-02  1.787839E+01
     6.1500   -1.136877E-02  2.207291E-02  1.830848E+01
     6.2000   -3.389386E-03  2.406041E-02  1.870822E+01
     6.2500    5.944283E-03  2.566673E-02  1.908327E+01
     6.3000    1.484344E-02  2.677003E-02  1.943729E+01
     6.3500    2.175994E-02  2.730021E-02  1.977197E+01
     6.4000    2.574272E-02  2.724033E-02  2.008722E+01
     6.4500    2.660993E-02  2.663026E-02  2.038127E+01
     6.5000    2.488563E-02  2.560398E-02  2.065779E+01
     6.5500    2.150147E-02  2.432801E-02  2.090719E+01
     6.6000    1.756314E-02  2.302690E-02  2.112364E+01
     6.6500    1.391896E-02  2.199025E-02  2.130578E+01
     6.7000    1.090695E-02  2.152143E-02  2.145969E+01
     6.7500    8.298514E-03  2.184209E-02  2.160143E+01
     6.8000    5.444339E-03  2.299416E-02  2.175211E+01
     6.8500    1.571611E-03  2.482594E-02  2.192780E+01
     6.9000   -3.865659E-03  2.707190E-02  2.213443E+01
     6.9500   -1.089794E-02  2.944620E-02  2.237026E+01
     7.0000   -1.900734E-02  3.169470E-02  2.263428E+01
     7.0500   -2.687320E-02  3.361236E-02  2.291762E+01
     7.1000   -3.295655E-02  3.505025E-02  2.321456E+01
     7.1500   -3.587418E-02  3.590322E-02  2.352172E+01
     7.2000   -3.475325E-02  3.610553E-02  2.383650E+01
     7.2500   -2.950752E-02  3.562751E-02  2.415681E+01
     7.3000   -2.091142E-02  3.447249E-02  2.448095E+01
     7.3500   -1.044484E-02  3.267374E-02  2.480736E+01
     7.4000    5.203439E-05  3.029110E-02  2.513446E+01
     7.4500    8.820144E-03  2.740754E-02  2.546039E+01
     7.5000    1.461700E-02  2.415215E-02  2.578276E+01
     7.5500    1.693981E-02  2.062065E-02  2.609677E+01
     7.6000    1.613528E-02  1.693468E-02  2.639506E+01
     7.6500    1.324055E-02  1.325108E-02  2.666366E+01
     7.7000    9.634688E-03  9.773716E-03  2.687241E+01
     7.7500    6.626443E-03  6.837937E-03  2.695290E+01
     7.8000    5.088850E-03  5.113857E-03  2.680247E+01
     7.8500    5.243448E-03  5.297112E-03  2.656107E+01
     7.9000    6.650210E-03  6.734495E-03  2.654516E+01
     7.9500    8.397654E-03  8.398875E-03  2.672058E+01
     8.0000    9.442703E-03  9.854949E-03  2.699380E+01
     8.0500    8.924588E-03  1.093452E-02  2.731956E+01
     8.1000    6.495532E-03  1.158478E-02  2.767911E+01
     8.1500    2.450477E-03  1.181892E-02  2.806548E+01
     8.2000   -2.355169E-03  1.168918E-02  2.847721E+01
     8.2500   -6.751186E-03  1.128074E-02  2.891592E+01
     8.3000   -9.594820E-03  1.070909E-02  2.938490E+01
     8.3500   -1.010636E-02  1.011516E-02  2.988684E+01
     8.4000   -8.098865E-03  9.650601E-03  3.042010E+01
     8.4500   -4.036514E-03  9.444591E-03  3.097432E+01
     8.5000    1.091642E-03  9.530244E-03  3.153072E+01
     8.5500    6.019595E-03  9.884266E-03  3.207074E+01
     8.6000    9.579692E-03  1.042449E-02  3.258136E+01
     8.6500    1.099524E-02  1.102358E-02  3.305845E+01
     8.7000    1.005251E-02  1.156297E-02  3.350359E+01
     8.7500    7.111599E-03  1.195132E-02  3.392019E+01
     8.8000    2.958501E-03  1.212952E-02  3.431112E+01
     8.8500   -1.447919E-03  1.207059E-02  3.467776E+01
     8.9000   -5.252083E-03  1.177892E-02  3.501969E+01
     8.9500   -7.916885E-03  1.129061E-02  3.533459E+01
     9.0000   -9.320912E-03  1.067278E-02  3.561953E+01
     9.0500   -9.698424E-03  1.003276E-02  3.586943E+01
     9.1000   -9.497705E-03  9.508172E-03  3.608139E+01
     9.1500   -9.164178E-03  9.245595E-03  3.626112E+01
     9.2000   -8.944809E-03  9.356470E-03  3.642605E+01
     9.2500   -8.787507E-03  9.865711E-03  3.660020E+01
     9.3000   -8.364433E-03  1.070271E-02  3.680201E+01
     9.3500   -7.209972E-03  1.174241E-02  3.703798E+01
     9.4000   -4.924940E-03  1.285298E-02  3.730588E+01
     9.4500   -1.375495E-03  1.392101E-02  3.760014E+01
     9.5000    3.192606E-03  1.487120E-02  3.791548E+01
     9.5500    8.147210E-03  1.563819E-02  3.824711E+01
     9.6000    1.258336E-02  1.616661E-02  3.859115E+01
     9.6500    1.556871E-02  1.642850E-02  3.894495E+01
     9.7000    1.640009E-02  1.641109E-02  3.930653E+01
     9.7500    1.481458E-02  1.611475E-02  3.967436E+01
     9.8000    1.108529E-02  1.555099E-02  4.004717E+01
     9.8500    5.968842E-03  1.474056E-02  4.042381E+01
     9.9000    5.165009E-04  1.371140E-02  4.080303E+01
     9.9500   -4.198154E-03  1.249667E-02  4.118331E+01
    10.0000   -7.376411E-03  1.115495E-02  4.156321E+01
    10.0500   -8.651765E-03  9.715061E-03  4.193926E+01
    10.1000   -8.148287E-03  8.194707E-03  4.230501E+01
    10.1500   -6.451264E-03  6.638265E-03  4.264942E+01
    10.2000   -4.384181E-03  5.104157E-03  4.294909E+01
    10.2500   -2.736525E-03  3.698145E-03  4.314927E+01
    10.3000   -2.011431E-03  2.683282E-03  4.313482E+01
    10.3500   -2.271137E-03  2.580115E-03  4.290592E+01
    10.4000   -3.128260E-03  3.452852E-03  4.284858E+01
    10.4500   -3.886080E-03  4.770863E-03  4.303035E+01
    10.5000   -3.784936E-03  6.232907E-03  4.332970E+01
    10.5500   -2.278465E-03  7.730394E-03  4.368311E+01
    10.6000    7.469537E-04  9.215421E-03  4.406344E+01
    10.6500    4.880391E-03  1.065779E-02  4.445795E+01
    10.7000    9.255475E-03  1.203174E-02  4.485997E+01
    10.7500    1.276570E-02  1.331161E-02  4.526572E+01
    10.8000    1.436695E-02  1.447068E-02  4.567290E+01
    10.8500    1.338091E-02  1.548150E-02  4.608010E+01
    10.9000    9.711100E-03  1.631688E-02  4.648643E+01
    10.9500    3.906853E-03  1.695117E-02  4.689132E+01
    11.0000   -2.958054E-03  1.738638E-02  4.729486E+01
    11.0500   -9.545678E-03  1.760958E-02  4.769679E+01
    11.1000   -1.452713E-02  1.758033E-02  4.809645E+01
    11.1500   -1.694156E-02  1.728978E-02  4.849365E+01
    11.2000   -1.642342E-02  1.673581E-02  4.888820E+01
    11.2500   -1.327432E-02  1.592356E-02  4.927984E+01
    11.3000   -8.361017E-03  1.486557E-02  4.966815E+01
    11.3500   -2.871402E-03  1.358175E-02  5.005246E+01
    11.4000    2.001198E-03  1.209908E-02  5.043165E+01
    11.4500    5.357403E-03  1.045120E-02  5.080371E+01
    11.5000    6.794265E-03  8.678207E-03  5.116481E+01
    11.5500    6.460400E-03  6.827428E-03  5.150690E+01
    11.6000    4.956496E-03  4.958206E-03  5.181001E+01
    11.6500    3.117774E-03  3.166422E-03  5.201180E+01
    11.7000    1.746587E-03  1.747019E-03  5.185851E+01
    11.7500    1.374352E-03  1.760850E-03  5.116095E+01
    11.8000    2.119730E-03  3.004838E-03  5.104852E+01
    11.8500    3.679018E-03  4.388428E-03  5.125972E+01
    11.9000    5.444631E-03  5.652981E-03  5.156394E+01
    11.9500    6.710407E-03  6.725854E-03  5.190407E+01
    12.0000    6.906068E-03  7.584066E-03  5.226234E+01
    12.0500    5.754877E-03  8.216306E-03  5.263109E+01
    12.1000    3.360997E-03  8.600961E-03  5.300561E+01
    12.1500    2.009877E-04  8.736664E-03  5.338407E+01
    12.2000   -3.027023E-03  8.629373E-03  5.376548E+01
    12.2500   -5.604826E-03  8.291691E-03  5.414934E+01
    12.3000   -6.996783E-03  7.742155E-03  5.453547E+01
    12.3500   -6.994267E-03  7.004424E-03  5.492401E+01
    12.4000   -5.761581E-03  6.106374E-03  5.531552E+01
    12.4500   -3.773237E-03  5.079151E-03  5.571129E+01
    12.5000   -1.664589E-03  3.956267E-03  5.611440E+01
    12.5500   -4.231009E-05  2.773079E-03  5.653341E+01
    12.6000    6.887404E-04  1.568805E-03  5.700318E+01
    12.6500    4.325958E-04  4.405053E-04  5.792968E+01
    12.7000   -5.853833E-04  8.953968E-04  6.040282E+01
    12.7500   -1.900691E-03  1.980052E-03  6.097698E+01
    12.8000   -2.958956E-03  2.995723E-03  6.141789E+01
    12.8500   -3.286422E-03  3.905593E-03  6.183186E+01
    12.9000   -2.631388E-03  4.690528E-03  6.223626E+01
    12.9500   -1.036813E-03  5.337727E-03  6.263637E+01
    13.0000    1.180477E-03  5.845736E-03  6.303519E+01
    13.0500    3.521559E-03  6.217187E-03  6.343401E+01
    13.1000    5.423162E-03  6.444272E-03  6.383199E+01
    13.1500    6.433125E-03  6.530958E-03  6.422934E+01
    13.2000    6.323498E-03  6.484672E-03  6.462607E+01
    13.2500    5.142621E-03  6.315787E-03  6.502201E+01
    13.3000    3.189520E-03  6.037062E-03  6.541682E+01
    13.3500    9.220594E-04  5.663053E-03  6.580990E+01
    13.4000   -1.171592E-03  5.209551E-03  6.620028E+01
    13.4500   -2.700001E-03  4.693076E-03  6.658644E+01
    13.5000   -3.458743E-03  4.130521E-03  6.696589E+01
    13.5500   -3.461469E-03  3.539067E-03  6.733445E+01
    13.6000   -2.907767E-03  2.936680E-03  6.768468E+01
    13.6500   -2.102230E-03  2.343972E-03  6.800241E+01
    13.7000   -1.352048E-03  1.789739E-03  6.825871E+01
    13.7500   -8.746410E-04  1.326646E-03  6.839517E+01
    13.8000   -7.414806E-04  1.061488E-03  6.834170E+01
    13.8500   -8.718060E-04  1.109590E-03  6.821121E+01
    13.9000   -1.074268E-03  1.406557E-03  6.824592E+01
    13.9500   -1.120657E-03  1.805748E-03  6.844552E+01
    14.0000   -8.262989E-04  2.229066E-03  6.873528E+01
    14.0500   -1.162516E-04  2.645889E-03  6.907109E+01
    14.1000    9.434866E-04  3.041766E-03  6.943042E+01
    14.1500    2.164138E-03  3.409933E-03  6.980260E+01
    14.2000    3.280314E-03  3.746523E-03  7.018164E+01
    14.2500    4.018999E-03  4.049083E-03  7.056386E+01
    14.3000    4.169727E-03  4.315963E-03  7.094689E+01
    14.3500    3.637460E-03  4.546074E-03  7.132912E+01
    14.4000    2.465765E-03  4.738813E-03  7.170939E+01
    14.4500    8.266446E-04  4.894067E-03  7.208691E+01
    14.5000   -1.017804E-03  5.012229E-03  7.246112E+01
    14.5500   -2.770463E-03  5.094198E-03  7.283165E+01
    14.6000   -4.156964E-03  5.141350E-03  7.319829E+01
    14.6500   -4.973549E-03  5.155455E-03  7.356099E+01
    14.7000   -5.116633E-03  5.138553E-03  7.391983E+01
    14.7500   -4.591178E-03  5.092794E-03  7.427499E+01
    14.8000   -3.499932E-03  5.020257E-03  7.462679E+01
    14.8500   -2.018891E-03  4.922779E-03  7.497565E+01
    14.9000   -3.654390E-04  4.801809E-03  7.532205E+01
    14.9500    1.234955E-03  4.658314E-03  7.566654E+01
    15.0000    2.579165E-03  4.500012E-03  7.600856E+01
    15.0500    3.522930E-03  4.333466E-03  7.634744E+01
    15.1000    3.979563E-03  4.144729E-03  7.668576E+01
    15.1500    3.926846E-03  3.932806E-03  7.702408E+01
    15.2000    3.413767E-03  3.696700E-03  7.736281E+01
    15.2500    2.552894E-03  3.435709E-03  7.770220E+01
    15.3000    1.503056E-03  3.149715E-03  7.804235E+01
    15.3500    4.432620E-04  2.839444E-03  7.838307E+01
    15.4000   -4.587732E-04  2.506655E-03  7.872388E+01
    15.4500   -1.077820E-03  2.154264E-03  7.906378E+01
    15.5000   -1.355053E-03  1.786410E-03  7.940088E+01
    15.5500   -1.308327E-03  1.408487E-03  7.973122E+01
    15.6000   -1.025112E-03  1.027299E-03  8.004534E+01
    15.6500   -6.386949E-04  6.520606E-04  8.031343E+01
    15.7000   -2.929355E-04  3.034657E-04  8.037482E+01
    15.7500   -1.044954E-04  1.815954E-04  7.915295E+01
    15.8000   -1.327277E-04  4.518658E-04  7.883795E+01
    15.8500   -3.657148E-04  7.383740E-04  7.905799E+01
    15.9000   -7.265668E-04  9.922053E-04  7.936147E+01
    15.9500   -1.098257E-03  1.202807E-03  7.969059E+01
    16.0000   -1.361844E-03  1.366365E-03  8.002924E+01
    16.0500   -1.431826E-03  1.481740E-03  8.037091E+01
    16.1000   -1.271004E-03  1.542182E-03  8.071269E+01
    16.1500   -9.115808E-04  1.546863E-03  8.105121E+01
    16.2000   -4.407844E-04  1.496980E-03  8.138253E+01
    16.2500    2.738834E-05  1.396103E-03  8.170103E+01
    16.3000    3.886690E-04  1.250895E-03  8.199735E+01
    16.3500    5.816799E-04  1.072834E-03  8.225445E+01
    16.4000    6.070451E-04  8.826486E-04  8.243980E+01
    16.4500    5.260222E-04  7.210591E-04  8.249902E+01
    16.5000    4.386691E-04  6.599584E-04  8.240849E+01
    16.5500    4.481488E-04  7.559308E-04  8.231599E+01
    16.6000    6.224347E-04  9.751132E-04  8.237372E+01
    16.6500    9.658691E-04  1.253611E-03  8.256099E+01
    16.7000    1.410304E-03  1.550917E-03  8.282309E+01
    16.7500    1.829667E-03  1.844079E-03  8.312710E+01
    16.8000    2.074548E-03  2.118330E-03  8.345587E+01
    16.8500    2.016989E-03  2.363027E-03  8.380022E+01
    16.9000    1.592168E-03  2.570116E-03  8.415491E+01
    16.9500    8.241357E-04  2.733552E-03  8.451675E+01
    17.0000   -1.720484E-04  2.848686E-03  8.488343E+01
    17.0500   -1.214845E-03  2.912960E-03  8.525320E+01
    17.1000   -2.104363E-03  2.926346E-03  8.562552E+01
    17.1500   -2.667504E-03  2.889146E-03  8.599955E+01
    17.2000   -2.802574E-03  2.803098E-03  8.637447E+01
    17.2500   -2.504126E-03  2.671275E-03  8.674943E+01
    17.3000   -1.862089E-03  2.497962E-03  8.712339E+01
    17.3500   -1.035668E-03  2.288523E-03  8.749497E+01
    17.4000   -2.096660E-04  2.049274E-03  8.786210E+01
    17.4500    4.541438E-04  1.787406E-03  8.822149E+01
    17.5000    8.567853E-04  1.511059E-03  8.856747E+01
    17.5500    9.820452E-04  1.229784E-03  8.888948E+01
    17.6000    8.917039E-04  9.560990E-04  8.916628E+01
    17.6500    6.984655E-04  7.102591E-04  8.935290E+01
    17.7000    5.255093E-04  5.327978E-04  8.936979E+01
    17.7500    4.652928E-04  4.894639E-04  8.921981E+01
    17.8000    5.501143E-04  5.905236E-04  8.916330E+01
    17.8500    7.430949E-04  7.629021E-04  8.930702E+01
    17.9000    9.518885E-04  9.525926E-04  8.957384E+01
    17.9500    1.060515E-03  1.137272E-03  8.990489E+01
    18.0000    9.698310E-04  1.308685E-03  9.027152E+01
    18.0500    6.318506E-04  1.464559E-03  9.066011E+01
    18.1000    6.823568E-05  1.602751E-03  9.106360E+01
    18.1500   -6.248006E-04  1.723374E-03  9.147718E+01
    18.2000   -1.299704E-03  1.827081E-03  9.189761E+01
    18.2500   -1.795547E-03  1.914625E-03  9.232244E+01
    18.3000   -1.981300E-03  1.986551E-03  9.274971E+01
    18.3500   -1.792164E-03  2.043015E-03  9.317775E+01
    18.4000   -1.248791E-03  2.083699E-03  9.360513E+01
    18.4500   -4.540712E-04  2.107826E-03  9.403066E+01
    18.5000    4.314526E-04  2.114266E-03  9.445329E+01
    18.5500    1.228685E-03  2.101689E-03  9.487219E+01
    18.6000    1.782916E-03  2.068762E-03  9.528664E+01
    18.6500    1.999246E-03  2.014351E-03  9.569603E+01
    18.7000    1.861590E-03  1.937705E-03  9.609979E+01
    18.7500    1.431144E-03  1.838612E-03  9.649729E+01
    18.8000    8.258812E-04  1.717522E-03  9.688774E+01
    18.8500    1.875627E-04  1.575630E-03  9.727005E+01
    18.9000   -3.543324E-04  1.414928E-03  9.764249E+01
    18.9500   -7.122258E-04  1.238266E-03  9.800220E+01
    19.0000   -8.574731E-04  1.050215E-03  9.834465E+01
    19.0500   -8.183170E-04  8.560905E-04  9.866200E+01
    19.1000   -6.600938E-04  6.603390E-04  9.893291E+01
    19.1500   -4.701269E-04  4.753487E-04  9.910853E+01
    19.2000   -3.288341E-04  3.309036E-04  9.907207E+01
    19.2500   -2.879342E-04  2.939374E-04  9.875772E+01
    19.3000   -3.585474E-04  3.865876E-04  9.857695E+01
    19.3500   -5.114452E-04  5.341994E-04  9.866725E+01
    19.4000   -6.882896E-04  6.900937E-04  9.888784E+01
    19.4500   -8.199097E-04  8.374068E-04  9.916495E+01
    19.5000   -8.461892E-04  9.688918E-04  9.946891E+01
    19.5500   -7.322408E-04  1.080765E-03  9.978658E+01
    19.6000   -4.770258E-04  1.170952E-03  1.001114E+02
    19.6500   -1.129067E-04  1.238491E-03  1.004397E+02
    19.7000    3.029251E-04  1.283277E-03  1.007693E+02
    19.7500    7.022701E-04  1.305919E-03  1.010987E+02
    19.8000    1.021148E-03  1.307627E-03  1.014271E+02
    19.8500    1.212709E-03  1.290113E-03  1.017536E+02
    19.9000    1.255127E-03  1.255492E-03  1.020777E+02
    19.9500    1.153346E-03  1.206177E-03  1.023988E+02