# # tequil.ion_motion                                            FEFF 9.05   
# # POT  SCF  30  5.5000   1, core-hole, AFOLP (folp(0)= 1.150)
# # Abs   Z=30 Rmt= 1.338 Rnm= 1.420 K  shell
# # Pot 1 Z=26 Rmt= 1.258 Rnm= 1.366
# # Pot 2 Z= 8 Rmt= 1.000 Rnm= 1.075
# # Gam_ch=1.897E+00 H-L exch
# # Mu=-1.191E+01 kf=2.224E+00 Vint=-1.985E+01 Rs_int= 1.631
# # PATH  Rmax= 8.500,  Keep_limit= 0.00, Heap_limit 0.00  Pwcrit= 2.50%
#  S02=1.000                                        Global_sig2= 0.00000
#  Energy zero shift, vr, vi   -2.00000E+00   0.00000E+00
#  Curved wave amplitude ratio filter   4.000%
#     file         sig2 tot  cw amp ratio   deg  nlegs   reff  inp sig2
#           1       0.00000    100.00      2.00     2   1.9674
#           2       0.00000     41.76      1.00     2   2.1117
#           3       0.00000     36.91      1.00     2   2.2164
#           4       0.00000     34.52      1.00     2   2.2749
#           5       0.00000     31.72      1.00     2   2.3508
#           6       0.00000     18.18      1.00     2   2.8694
#           7       0.00000     17.56      1.00     2   2.9155
#           8       0.00000     17.37      1.00     2   2.9300
#           9       0.00000     15.12      1.00     2   3.1160
#          10       0.00000     14.90      1.00     2   3.1354
#          11       0.00000     12.94      1.00     2   3.3300
#          12       0.00000     12.56      1.00     2   3.3373
#          13       0.00000     12.74      1.00     2   3.3521
#          14       0.00000     12.24      1.00     2   3.3699
#          15       0.00000      6.04      2.00     3   3.3844
#          16       0.00000      5.84      2.00     3   3.4392
#          17       0.00000     11.55      1.00     2   3.4422
#          18       0.00000     11.49      1.00     2   3.4491
#          19       0.00000     11.01      1.00     2   3.5024
#          20       0.00000      8.60      2.00     3   3.5041
#          21       0.00000      9.13      2.00     3   3.5945
#          22       0.00000      4.67      2.00     3   3.5970
#          23       0.00000      5.36      2.00     3   3.6117
#          24       0.00000     10.04      1.00     2   3.6221
#          27       0.00000      6.97      2.00     3   3.6968
#          28       0.00000     10.01      1.00     2   3.6995
#          29       0.00000      9.77      1.00     2   3.7350
#          30       0.00000      9.67      1.00     2   3.7502
#          31       0.00000      9.65      1.00     2   3.7525
#          32       0.00000      9.60      1.00     2   3.7609
#          33       0.00000      9.16      1.00     2   3.8305
#          34       0.00000      8.57      1.00     2   3.8353
#          37       0.00000      8.95      2.00     3   3.8806
#          38       0.00000      5.41      2.00     3   3.8932
#          39       0.00000      8.00      1.00     2   3.9303
#          40       0.00000      9.14      2.00     4   3.9346
#          41       0.00000      7.21      2.00     3   3.9491
#          42       0.00000      6.56      2.00     3   3.9817
#          43       0.00000      4.74      2.00     3   3.9853
#          44       0.00000      7.11      2.00     3   4.0092
#          45       0.00000      7.55      1.00     2   4.0128
#          47       0.00000      6.08      2.00     3   4.0328
#          51       0.00000     10.82      2.00     3   4.1895
#          55       0.00000      7.37      2.00     4   4.2423
#          56       0.00000      6.39      1.00     2   4.2552
#          57       0.00000      6.32      1.00     2   4.2702
#          58       0.00000      9.88      2.00     3   4.2729
#          59       0.00000     10.61      2.00     3   4.2828
#          60       0.00000      6.18      1.00     2   4.3054
#          62       0.00000      7.60      2.00     4   4.3181
#          63       0.00000      4.04      2.00     3   4.3266
#          64       0.00000      6.54      2.00     4   4.3281
#          66       0.00000      5.80      1.00     2   4.3986
#          67       0.00000      5.59      1.00     2   4.4554
#          68       0.00000      5.57      1.00     2   4.4628
#          69       0.00000      5.42      1.00     2   4.5053
#          71       0.00000     10.99      2.00     3   4.5394
#          72       0.00000      8.54      2.00     3   4.5398
#          73       0.00000      5.28      1.00     2   4.5438
#          74       0.00000      8.62      2.00     3   4.5843
#          75       0.00000      5.12      1.00     2   4.5914
#          76       0.00000      9.37      2.00     3   4.6087
#          77       0.00000      5.05      1.00     2   4.6135
#          78       0.00000      6.48      1.00     4   4.6160
#          79       0.00000      5.01      1.00     2   4.6260
#          80       0.00000      4.07      2.00     3   4.6255
#          81       0.00000      5.01      1.00     2   4.6265
#          82       0.00000      4.97      1.00     2   4.6411
#          83       0.00000      4.92      1.00     2   4.6558
#          84       0.00000      4.91      1.00     2   4.6577
#          85       0.00000      9.27      2.00     3   4.6814
#          86       0.00000      4.49      1.00     4   4.6810
#          87       0.00000      4.84      1.00     2   4.6824
#          88       0.00000      4.84      1.00     2   4.6830
#          91       0.00000      5.22      1.00     4   4.7121
#          92       0.00000      4.56      1.00     4   4.7132
#          93       0.00000      4.66      2.00     3   4.7146
#          94       0.00000      8.40      2.00     3   4.7230
#          97       0.00000      4.22      2.00     3   4.7454
#          98       0.00000      5.75      2.00     3   4.7561
#         100       0.00000      5.18      1.00     4   4.7714
#         101       0.00000      6.97      2.00     3   4.7762
#         103       0.00000      4.58      1.00     4   4.8326
#         105       0.00000      5.43      2.00     3   4.8389
#         106       0.00000      4.92      2.00     3   4.9107
#         107       0.00000      4.52      2.00     3   4.9135
#         110       0.00000      4.54      2.00     3   4.9345
#         112       0.00000      4.11      2.00     3   4.9427
#         113       0.00000      4.11      1.00     2   4.9497
#         115       0.00000      4.57      1.00     2   4.9633
#         117       0.00000      4.38      1.00     2   5.0399
#         120       0.00000      9.52      2.00     3   5.0479
#         122       0.00000      5.92      1.00     4   5.0546
#         123       0.00000      4.25      1.00     2   5.0904
#         124       0.00000      4.22      1.00     2   5.1027
#         125       0.00000      4.38      2.00     3   5.1065
#         127       0.00000      8.99      2.00     3   5.1307
#         128       0.00000      5.55      1.00     4   5.1371
#         130       0.00000      4.12      1.00     2   5.1482
#         131       0.00000      4.38      2.00     3   5.1622
#         132       0.00000      4.07      2.00     3   5.1964
#         136       0.00000      7.62      2.00     3   5.2420
#         140       0.00000      4.63      2.00     3   5.2645
#         141       0.00000      4.37      1.00     4   5.2684
#         164       0.00000      4.08      2.00     3   5.5487
#         196       0.00000      4.29      2.00     3   5.9372
#   106/ 169 paths used
#  -----------------------------------------------------------------------
#       k          chi          mag           phase @#
    -0.7000   -3.498342E-01  4.153959E-01 -2.140297E+00
    -0.6500   -4.127962E-01  4.717216E-01 -2.075983E+00
    -0.6000   -4.706838E-01  5.175803E-01 -1.999771E+00
    -0.5500   -5.234215E-01  5.566421E-01 -1.918024E+00
    -0.5000   -5.664075E-01  5.877079E-01 -1.840849E+00
    -0.4500   -6.013860E-01  6.132660E-01 -1.767949E+00
    -0.4000   -6.275083E-01  6.331312E-01 -1.704169E+00
    -0.3500   -6.489072E-01  6.506084E-01 -1.643128E+00
    -0.3000   -6.638788E-01  6.640231E-01 -1.591646E+00
    -0.2500   -6.740919E-01  6.742510E-01 -1.549071E+00
    -0.2000   -6.808536E-01  6.819193E-01 -1.514881E+00
    -0.1500   -6.856568E-01  6.880936E-01 -1.486612E+00
    -0.1000   -6.886534E-01  6.924496E-01 -1.466036E+00
    -0.0500   -6.902182E-01  6.949710E-01 -1.453778E+00
     0.0000   -6.907016E-01  6.957965E-01 -1.449706E+00
     0.0500   -6.911658E-01  6.966145E-01 -1.445641E+00
     0.1000   -6.924455E-01  6.990246E-01 -1.433489E+00
     0.1500   -6.942064E-01  7.028977E-01 -1.413376E+00
     0.2000   -6.959092E-01  7.080285E-01 -1.385507E+00
     0.2500   -6.968366E-01  7.141489E-01 -1.350159E+00
     0.3000   -6.961298E-01  7.209437E-01 -1.307669E+00
     0.3500   -6.928649E-01  7.283390E-01 -1.257408E+00
     0.4000   -6.857702E-01  7.367032E-01 -1.196770E+00
     0.4500   -6.734019E-01  7.446702E-01 -1.129727E+00
     0.5000   -6.547025E-01  7.518535E-01 -1.056796E+00
     0.5500   -6.283483E-01  7.583492E-01 -9.765557E-01
     0.6000   -5.925100E-01  7.642600E-01 -8.871469E-01
     0.6500   -5.474329E-01  7.682912E-01 -7.931019E-01
     0.7000   -4.925646E-01  7.704755E-01 -6.935869E-01
     0.7500   -4.261262E-01  7.712594E-01 -5.853691E-01
     0.8000   -3.511515E-01  7.693949E-01 -4.739445E-01
     0.8500   -2.675274E-01  7.653159E-01 -3.571063E-01
     0.9000   -1.764811E-01  7.589929E-01 -2.346679E-01
     0.9500   -8.270905E-02  7.497935E-01 -1.105340E-01
     1.0000    1.458043E-02  7.386226E-01  1.974132E-02
     1.0500    1.093357E-01  7.248487E-01  1.514173E-01
     1.1000    1.995637E-01  7.089343E-01  2.853551E-01
     1.1500    2.830701E-01  6.912460E-01  4.219137E-01
     1.2000    3.555228E-01  6.717096E-01  5.577523E-01
     1.2500    4.179616E-01  6.513684E-01  6.966698E-01
     1.3000    4.664836E-01  6.299862E-01  8.337639E-01
     1.3500    5.025823E-01  6.085223E-01  9.718075E-01
     1.4000    5.255611E-01  5.871570E-01  1.108643E+00
     1.4500    5.366808E-01  5.664818E-01  1.244989E+00
     1.5000    5.371494E-01  5.469399E-01  1.381301E+00
     1.5500    5.279329E-01  5.287009E-01  1.516889E+00
     1.6000    5.104603E-01  5.122497E-01  1.654406E+00
     1.6500    4.851562E-01  4.972855E-01  1.792115E+00
     1.7000    4.525075E-01  4.841692E-01  1.934443E+00
     1.7500    4.125334E-01  4.721973E-01  2.078946E+00
     1.8000    3.646828E-01  4.613298E-01  2.229962E+00
     1.8500    3.093129E-01  4.508199E-01  2.385462E+00
     1.9000    2.453815E-01  4.403224E-01  2.550490E+00
     1.9500    1.747019E-01  4.290969E-01  2.722274E+00
     2.0000    1.001852E-01  4.166253E-01  2.898744E+00
     2.0500    2.494429E-02  4.025690E-01  3.079590E+00
     2.1000   -4.736374E-02  3.858445E-01  3.264656E+00
     2.1500   -1.123043E-01  3.661241E-01  3.453357E+00
     2.2000   -1.659764E-01  3.444147E-01  3.644424E+00
     2.2500   -2.055179E-01  3.208423E-01  3.836817E+00
     2.3000   -2.292433E-01  2.950604E-01  4.031379E+00
     2.3500   -2.355595E-01  2.657948E-01  4.230768E+00
     2.4000   -2.256521E-01  2.352681E-01  4.425496E+00
     2.4500   -2.031814E-01  2.042159E-01  4.611689E+00
     2.5000   -1.731697E-01  1.735928E-01  4.782225E+00
     2.5500   -1.441960E-01  1.468454E-01  4.902636E+00
     2.6000   -1.194625E-01  1.240114E-01  4.984079E+00
     2.6500   -1.014316E-01  1.064612E-01  5.021001E+00
     2.7000   -9.073284E-02  9.522604E-02  5.020806E+00
     2.7500   -8.369391E-02  8.859943E-02  5.046712E+00
     2.8000   -7.989890E-02  8.539221E-02  5.073033E+00
     2.8500   -7.843609E-02  8.509645E-02  5.110663E+00
     2.9000   -7.789137E-02  8.683471E-02  5.170234E+00
     2.9500   -7.663349E-02  8.926870E-02  5.250928E+00
     3.0000   -7.391922E-02  9.220731E-02  5.353113E+00
     3.0500   -6.881867E-02  9.520943E-02  5.475320E+00
     3.1000   -6.069976E-02  9.784755E-02  5.613996E+00
     3.1500   -4.968254E-02  9.977398E-02  5.761951E+00
     3.2000   -3.583939E-02  1.010100E-01  5.920474E+00
     3.2500   -1.955612E-02  1.012620E-01  6.088840E+00
     3.3000   -2.070805E-03  1.003507E-01  6.262548E+00
     3.3500    1.516912E-02  9.860533E-02  6.437635E+00
     3.4000    3.118969E-02  9.618316E-02  6.613429E+00
     3.4500    4.502675E-02  9.303440E-02  6.788382E+00
     3.5000    5.598756E-02  8.930368E-02  6.960797E+00
     3.5500    6.380888E-02  8.519459E-02  7.129704E+00
     3.6000    6.848189E-02  8.085590E-02  7.293430E+00
     3.6500    7.028181E-02  7.644151E-02  7.449787E+00
     3.7000    6.980945E-02  7.216596E-02  7.597727E+00
     3.7500    6.773039E-02  6.819592E-02  7.737070E+00
     3.8000    6.467997E-02  6.468627E-02  7.867941E+00
     3.8500    6.126971E-02  6.185555E-02  7.991721E+00
     3.9000    5.782336E-02  5.979932E-02  8.111768E+00
     3.9500    5.438840E-02  5.854165E-02  8.232928E+00
     4.0000    5.075409E-02  5.801844E-02  8.359771E+00
     4.0500    4.652743E-02  5.806208E-02  8.495247E+00
     4.1000    4.124483E-02  5.849174E-02  8.642158E+00
     4.1500    3.448365E-02  5.910872E-02  8.801877E+00
     4.2000    2.600633E-02  5.973130E-02  8.974308E+00
     4.2500    1.581967E-02  6.020109E-02  9.158875E+00
     4.3000    4.230825E-03  6.038441E-02  9.354656E+00
     4.3500   -8.130202E-03  6.018005E-02  9.560290E+00
     4.4000   -2.035125E-02  5.952923E-02  9.773684E+00
     4.4500   -3.150925E-02  5.840142E-02  9.994655E+00
     4.5000   -4.063319E-02  5.678201E-02  1.022226E+01
     4.5500   -4.690617E-02  5.469089E-02  1.045548E+01
     4.6000   -4.983605E-02  5.221350E-02  1.069265E+01
     4.6500   -4.924070E-02  4.933470E-02  1.093383E+01
     4.7000   -4.534474E-02  4.611228E-02  1.117828E+01
     4.7500   -3.875522E-02  4.262494E-02  1.142498E+01
     4.8000   -3.045264E-02  3.901662E-02  1.167090E+01
     4.8500   -2.134149E-02  3.528890E-02  1.191690E+01
     4.9000   -1.241247E-02  3.152937E-02  1.216174E+01
     4.9500   -4.506679E-03  2.783238E-02  1.240373E+01
     5.0000    1.752142E-03  2.435807E-02  1.263837E+01
     5.0500    6.216083E-03  2.111292E-02  1.286522E+01
     5.1000    8.954423E-03  1.817699E-02  1.308147E+01
     5.1500    1.027894E-02  1.562369E-02  1.328441E+01
     5.2000    1.066999E-02  1.356646E-02  1.347149E+01
     5.2500    1.056774E-02  1.198072E-02  1.364659E+01
     5.3000    1.031933E-02  1.087197E-02  1.381696E+01
     5.3500    1.010177E-02  1.020599E-02  1.399414E+01
     5.4000    9.925416E-03  9.940156E-03  1.419163E+01
     5.4500    9.568923E-03  9.954923E-03  1.441655E+01
     5.5000    8.770797E-03  1.018100E-02  1.466977E+01
     5.5500    7.288234E-03  1.057026E-02  1.494716E+01
     5.6000    4.967209E-03  1.109542E-02  1.524379E+01
     5.6500    1.835399E-03  1.172067E-02  1.555072E+01
     5.7000   -1.893018E-03  1.242424E-02  1.586092E+01
     5.7500   -5.860876E-03  1.318144E-02  1.616873E+01
     5.8000   -9.658107E-03  1.395705E-02  1.647220E+01
     5.8500   -1.284115E-02  1.473380E-02  1.676631E+01
     5.9000   -1.508803E-02  1.549640E-02  1.704868E+01
     5.9500   -1.622780E-02  1.624028E-02  1.731798E+01
     6.0000   -1.621012E-02  1.696221E-02  1.757766E+01
     6.0500   -1.513570E-02  1.770701E-02  1.782442E+01
     6.1000   -1.316594E-02  1.852058E-02  1.805881E+01
     6.1500   -1.044235E-02  1.945615E-02  1.828302E+01
     6.2000   -7.038359E-03  2.056796E-02  1.850030E+01
     6.2500   -2.947515E-03  2.190063E-02  1.871456E+01
     6.3000    1.882484E-03  2.347953E-02  1.892982E+01
     6.3500    7.477578E-03  2.530501E-02  1.914953E+01
     6.4000    1.374763E-02  2.735179E-02  1.937619E+01
     6.4500    2.040765E-02  2.957271E-02  1.961116E+01
     6.5000    2.701011E-02  3.189399E-02  1.985963E+01
     6.5500    3.267873E-02  3.424001E-02  2.011721E+01
     6.6000    3.650974E-02  3.653657E-02  2.038202E+01
     6.6500    3.766503E-02  3.870988E-02  2.065322E+01
     6.7000    3.552202E-02  4.069138E-02  2.092991E+01
     6.7500    2.983129E-02  4.242039E-02  2.121122E+01
     6.8000    2.081980E-02  4.384619E-02  2.149637E+01
     6.8500    9.211797E-03  4.492944E-02  2.178466E+01
     6.9000   -3.843399E-03  4.564311E-02  2.207545E+01
     6.9500   -1.692687E-02  4.597297E-02  2.236821E+01
     7.0000   -2.862581E-02  4.590327E-02  2.266450E+01
     7.0500   -3.751176E-02  4.544567E-02  2.296209E+01
     7.1000   -4.260448E-02  4.462489E-02  2.325988E+01
     7.1500   -4.347167E-02  4.347209E-02  2.355755E+01
     7.2000   -4.023722E-02  4.202688E-02  2.385483E+01
     7.2500   -3.352643E-02  4.033549E-02  2.415150E+01
     7.3000   -2.433522E-02  3.844871E-02  2.444741E+01
     7.3500   -1.385454E-02  3.641974E-02  2.474250E+01
     7.4000   -3.286768E-03  3.430203E-02  2.503678E+01
     7.4500    6.312552E-03  3.214717E-02  2.533039E+01
     7.5000    1.416094E-02  2.998558E-02  2.562459E+01
     7.5500    1.972096E-02  2.785895E-02  2.591924E+01
     7.6000    2.278518E-02  2.580838E-02  2.621466E+01
     7.6500    2.342522E-02  2.386249E-02  2.651181E+01
     7.7000    2.191384E-02  2.204300E-02  2.681185E+01
     7.7500    1.865670E-02  2.036534E-02  2.711609E+01
     7.8000    1.413435E-02  1.883973E-02  2.742591E+01
     7.8500    8.859428E-03  1.747254E-02  2.774258E+01
     7.9000    3.346864E-03  1.626756E-02  2.806712E+01
     7.9500   -1.909285E-03  1.522680E-02  2.840005E+01
     8.0000   -6.462233E-03  1.432517E-02  2.874234E+01
     8.0500   -9.910919E-03  1.357062E-02  2.909313E+01
     8.1000   -1.197421E-02  1.297269E-02  2.945022E+01
     8.1500   -1.251624E-02  1.252350E-02  2.981107E+01
     8.2000   -1.156062E-02  1.220917E-02  3.017253E+01
     8.2500   -9.291083E-03  1.200990E-02  3.053139E+01
     8.3000   -6.028864E-03  1.190169E-02  3.088474E+01
     8.3500   -2.188591E-03  1.185889E-02  3.123031E+01
     8.4000    1.779753E-03  1.185719E-02  3.156660E+01
     8.4500    5.451385E-03  1.187604E-02  3.189282E+01
     8.5000    8.474111E-03  1.188172E-02  3.220999E+01
     8.5500    1.059569E-02  1.187628E-02  3.251806E+01
     8.6000    1.169715E-02  1.186773E-02  3.281697E+01
     8.6500    1.176867E-02  1.185537E-02  3.310773E+01
     8.7000    1.088245E-02  1.184036E-02  3.339173E+01
     8.7500    9.164154E-03  1.182367E-02  3.367070E+01
     8.8000    6.771185E-03  1.180405E-02  3.394659E+01
     8.8500    3.883052E-03  1.177646E-02  3.422150E+01
     8.9000    7.031881E-04  1.173136E-02  3.449754E+01
     8.9500   -2.533966E-03  1.165490E-02  3.477669E+01
     9.0000   -5.559145E-03  1.152857E-02  3.506069E+01
     9.0500   -8.082142E-03  1.133803E-02  3.535105E+01
     9.1000   -9.820576E-03  1.106662E-02  3.564920E+01
     9.1500   -1.054070E-02  1.069804E-02  3.595660E+01
     9.2000   -1.011099E-02  1.022061E-02  3.627491E+01
     9.2500   -8.549953E-03  9.629347E-03  3.660634E+01
     9.3000   -6.053014E-03  8.928215E-03  3.695412E+01
     9.3500   -2.985946E-03  8.133052E-03  3.732318E+01
     9.4000    1.603618E-04  7.276057E-03  3.772115E+01
     9.4500    2.849179E-03  6.413313E-03  3.815946E+01
     9.5000    4.588933E-03  5.634485E-03  3.865087E+01
     9.5500    5.053945E-03  5.063989E-03  3.920691E+01
     9.6000    4.145692E-03  4.857485E-03  3.981811E+01
     9.6500    2.015673E-03  5.111563E-03  4.043536E+01
     9.7000   -9.450406E-04  5.782561E-03  4.100487E+01
     9.7500   -4.173889E-03  6.734756E-03  4.150913E+01
     9.8000   -7.041242E-03  7.833283E-03  4.195793E+01
     9.8500   -8.969274E-03  8.978405E-03  4.236640E+01
     9.9000   -9.540068E-03  1.010149E-02  4.274647E+01
     9.9500   -8.570483E-03  1.115528E-02  4.310613E+01
    10.0000   -6.131153E-03  1.211744E-02  4.345178E+01
    10.0500   -2.525365E-03  1.297375E-02  4.378639E+01
    10.1000    1.756166E-03  1.370400E-02  4.411080E+01
    10.1500    6.143361E-03  1.430210E-02  4.442628E+01
    10.2000    1.008175E-02  1.476877E-02  4.473367E+01
    10.2500    1.311650E-02  1.511086E-02  4.503349E+01
    10.3000    1.494717E-02  1.534045E-02  4.532617E+01
    10.3500    1.544683E-02  1.547373E-02  4.561207E+01
    10.4000    1.464824E-02  1.552971E-02  4.589164E+01
    10.4500    1.270706E-02  1.552858E-02  4.616544E+01
    10.5000    9.855547E-03  1.548995E-02  4.643426E+01
    10.5500    6.360036E-03  1.543109E-02  4.669907E+01
    10.6000    2.490941E-03  1.536528E-02  4.696106E+01
    10.6500   -1.491533E-03  1.530071E-02  4.722153E+01
    10.7000   -5.339061E-03  1.523986E-02  4.748182E+01
    10.7500   -8.811420E-03  1.517979E-02  4.774320E+01
    10.8000   -1.167556E-02  1.511296E-02  4.800674E+01
    10.8500   -1.371395E-02  1.502865E-02  4.827329E+01
    10.9000   -1.474424E-02  1.491456E-02  4.854341E+01
    10.9500   -1.464744E-02  1.475840E-02  4.881739E+01
    11.0000   -1.342486E-02  1.458040E-02  4.909549E+01
    11.0500   -1.115188E-02  1.437525E-02  4.937755E+01
    11.1000   -7.991440E-03  1.410247E-02  4.966302E+01
    11.1500   -4.249095E-03  1.375866E-02  4.995152E+01
    11.2000   -3.057710E-04  1.334387E-02  5.024257E+01
    11.2500    3.432643E-03  1.286143E-02  5.053565E+01
    11.3000    6.592482E-03  1.231764E-02  5.083023E+01
    11.3500    8.884949E-03  1.172127E-02  5.112575E+01
    11.4000    1.014382E-02  1.108302E-02  5.142163E+01
    11.4500    1.034130E-02  1.041496E-02  5.171728E+01
    11.5000    9.579973E-03  9.729939E-03  5.201208E+01
    11.5500    8.064188E-03  9.040988E-03  5.230542E+01
    11.6000    6.058035E-03  8.360814E-03  5.259666E+01
    11.6500    3.839361E-03  7.701336E-03  5.288517E+01
    11.7000    1.658881E-03  7.073290E-03  5.317034E+01
    11.7500   -2.887758E-04  6.485924E-03  5.345161E+01
    11.8000   -1.878827E-03  5.946769E-03  5.372852E+01
    11.8500   -3.055321E-03  5.461493E-03  5.400077E+01
    11.9000   -3.818833E-03  5.033831E-03  5.426829E+01
    11.9500   -4.208024E-03  4.665601E-03  5.453128E+01
    12.0000   -4.293765E-03  4.369769E-03  5.479109E+01
    12.0500   -4.135665E-03  4.146218E-03  5.504923E+01
    12.1000   -3.762450E-03  3.974313E-03  5.530586E+01
    12.1500   -3.211650E-03  3.849930E-03  5.556197E+01
    12.2000   -2.513850E-03  3.768398E-03  5.581838E+01
    12.2500   -1.697009E-03  3.724888E-03  5.607564E+01
    12.3000   -7.912470E-04  3.714719E-03  5.633402E+01
    12.3500    1.674970E-04  3.733541E-03  5.659355E+01
    12.4000    1.135736E-03  3.777404E-03  5.685406E+01
    12.4500    2.062793E-03  3.842737E-03  5.711531E+01
    12.5000    2.892967E-03  3.926255E-03  5.737703E+01
    12.5500    3.569083E-03  4.024850E-03  5.763896E+01
    12.6000    4.037059E-03  4.135477E-03  5.790086E+01
    12.6500    4.251144E-03  4.255088E-03  5.816252E+01
    12.7000    4.179406E-03  4.380613E-03  5.842372E+01
    12.7500    3.808853E-03  4.509020E-03  5.868422E+01
    12.8000    3.149294E-03  4.637437E-03  5.894372E+01
    12.8500    2.234940E-03  4.763347E-03  5.920188E+01
    12.9000    1.122928E-03  4.884823E-03  5.945831E+01
    12.9500   -1.115541E-04  5.000791E-03  5.971257E+01
    13.0000   -1.392870E-03  5.119246E-03  5.996582E+01
    13.0500   -2.643318E-03  5.245733E-03  6.021837E+01
    13.1000   -3.767482E-03  5.371372E-03  6.046762E+01
    13.1500   -4.696182E-03  5.500256E-03  6.071352E+01
    13.2000   -5.377893E-03  5.637664E-03  6.095631E+01
    13.2500   -5.777554E-03  5.789595E-03  6.119655E+01
    13.3000   -5.871916E-03  5.962086E-03  6.143520E+01
    13.3500   -5.643771E-03  6.160370E-03  6.167351E+01
    13.4000   -5.078069E-03  6.388028E-03  6.191295E+01
    13.4500   -4.162604E-03  6.646287E-03  6.215505E+01
    13.5000   -2.894631E-03  6.933612E-03  6.240118E+01
    13.5500   -1.292698E-03  7.245651E-03  6.265248E+01
    13.6000    5.892432E-04  7.575524E-03  6.290971E+01
    13.6500    2.650049E-03  7.914353E-03  6.317329E+01
    13.7000    4.736983E-03  8.251929E-03  6.344329E+01
    13.7500    6.652752E-03  8.577396E-03  6.371954E+01
    13.8000    8.175546E-03  8.879902E-03  6.400167E+01
    13.8500    9.090339E-03  9.149162E-03  6.428919E+01
    13.9000    9.226299E-03  9.375928E-03  6.458154E+01
    13.9500    8.492766E-03  9.552364E-03  6.487813E+01
    14.0000    6.910880E-03  9.683380E-03  6.517870E+01
    14.0500    4.604348E-03  9.772422E-03  6.548284E+01
    14.1000    1.794095E-03  9.798304E-03  6.578930E+01
    14.1500   -1.207456E-03  9.759974E-03  6.609748E+01
    14.2000   -4.055423E-03  9.658455E-03  6.640676E+01
    14.2500   -6.425295E-03  9.496796E-03  6.671655E+01
    14.3000   -8.062419E-03  9.279963E-03  6.702622E+01
    14.3500   -8.818323E-03  9.014680E-03  6.733514E+01
    14.4000   -8.667048E-03  8.709212E-03  6.764268E+01
    14.4500   -7.699194E-03  8.373114E-03  6.794820E+01
    14.5000   -6.096351E-03  8.016925E-03  6.825106E+01
    14.5500   -4.092762E-03  7.651834E-03  6.855068E+01
    14.6000   -1.933350E-03  7.289285E-03  6.884659E+01
    14.6500    1.627838E-04  6.940540E-03  6.913849E+01
    14.7000    2.026556E-03  6.616177E-03  6.942635E+01
    14.7500    3.547774E-03  6.325545E-03  6.971047E+01
    14.8000    4.669854E-03  6.076196E-03  6.999161E+01
    14.8500    5.375089E-03  5.873388E-03  7.027094E+01
    14.9000    5.667036E-03  5.719726E-03  7.055000E+01
    14.9500    5.556454E-03  5.615076E-03  7.083046E+01
    15.0000    5.060212E-03  5.563405E-03  7.111442E+01
    15.0500    4.193808E-03  5.567289E-03  7.140357E+01
    15.1000    2.973201E-03  5.609319E-03  7.169798E+01
    15.1500    1.453310E-03  5.682781E-03  7.199802E+01
    15.2000   -2.713946E-04  5.780638E-03  7.230360E+01
    15.2500   -2.063588E-03  5.895939E-03  7.261420E+01
    15.3000   -3.751056E-03  6.022065E-03  7.292906E+01
    15.3500   -5.145931E-03  6.152863E-03  7.324722E+01
    15.4000   -6.071963E-03  6.282702E-03  7.356769E+01
    15.4500   -6.394177E-03  6.406512E-03  7.388949E+01
    15.5000   -6.044323E-03  6.519818E-03  7.421171E+01
    15.5500   -5.036338E-03  6.618786E-03  7.453350E+01
    15.6000   -3.468236E-03  6.700271E-03  7.485415E+01
    15.6500   -1.509867E-03  6.761864E-03  7.517303E+01
    15.7000    6.209524E-04  6.801919E-03  7.548964E+01
    15.7500    2.689182E-03  6.819558E-03  7.580357E+01
    15.8000    4.474366E-03  6.814630E-03  7.611450E+01
    15.8500    5.798032E-03  6.787642E-03  7.642224E+01
    15.9000    6.542690E-03  6.739638E-03  7.672667E+01
    15.9500    6.660540E-03  6.672054E-03  7.702778E+01
    16.0000    6.177564E-03  6.591945E-03  7.732548E+01
    16.0500    5.176304E-03  6.506075E-03  7.761980E+01
    16.1000    3.765615E-03  6.404630E-03  7.791129E+01
    16.1500    2.094753E-03  6.288869E-03  7.820024E+01
    16.2000    3.253876E-04  6.159716E-03  7.848697E+01
    16.2500   -1.383611E-03  6.017720E-03  7.877181E+01
    16.3000   -2.889275E-03  5.863073E-03  7.905511E+01
    16.3500   -4.075258E-03  5.695692E-03  7.933715E+01
    16.4000   -4.860037E-03  5.515337E-03  7.961818E+01
    16.4500   -5.202346E-03  5.321767E-03  7.989836E+01
    16.5000   -5.103359E-03  5.114898E-03  8.017779E+01
    16.5500   -4.605084E-03  4.894949E-03  8.045648E+01
    16.6000   -3.784653E-03  4.662557E-03  8.073433E+01
    16.6500   -2.744741E-03  4.418854E-03  8.101121E+01
    16.7000   -1.601059E-03  4.165482E-03  8.128689E+01
    16.7500   -4.685580E-04  3.904570E-03  8.156112E+01
    16.8000    5.516289E-04  3.638647E-03  8.183360E+01
    16.8500    1.382486E-03  3.370523E-03  8.210405E+01
    16.9000    1.977175E-03  3.103132E-03  8.237221E+01
    16.9500    2.320229E-03  2.839357E-03  8.263789E+01
    17.0000    2.424111E-03  2.581543E-03  8.290117E+01
    17.0500    2.321909E-03  2.331383E-03  8.316203E+01
    17.1000    2.062052E-03  2.091439E-03  8.342004E+01
    17.1500    1.698670E-03  1.863129E-03  8.367553E+01
    17.2000    1.284093E-03  1.647183E-03  8.392902E+01
    17.2500    8.641139E-04  1.443666E-03  8.418130E+01
    17.3000    4.756300E-04  1.252077E-03  8.443334E+01
    17.3500    1.460635E-04  1.071527E-03  8.468626E+01
    17.4000   -1.063275E-04  9.009595E-04  8.494129E+01
    17.4500   -2.720269E-04  7.393918E-04  8.519976E+01
    17.5000   -3.501226E-04  5.861328E-04  8.546319E+01
    17.5500   -3.483349E-04  4.409447E-04  8.573377E+01
    17.6000   -2.826966E-04  3.041406E-04  8.601604E+01
    17.6500   -1.762417E-04  1.766580E-04  8.632513E+01
    17.7000   -5.627385E-05  6.079901E-05  8.678205E+01
    17.7500    4.973254E-05  4.978469E-05  8.958116E+01
    17.8000    1.189694E-04  1.394234E-04  9.008391E+01
    17.8500    1.377807E-04  2.148948E-04  9.041019E+01
    17.9000    1.045650E-04  2.731941E-04  9.071342E+01
    17.9500    3.011238E-05  3.127844E-04  9.100977E+01
    18.0000   -6.482603E-05  3.328409E-04  9.130221E+01
    18.0500   -1.553872E-04  3.331381E-04  9.159144E+01
    18.1000   -2.185691E-04  3.133140E-04  9.187823E+01
    18.1500   -2.381792E-04  2.740814E-04  9.215938E+01
    18.2000   -2.101042E-04  2.168355E-04  9.242716E+01
    18.2500   -1.437890E-04  1.438224E-04  9.265542E+01
    18.3000   -6.020076E-05  6.021209E-05  9.265758E+01
    18.3500    1.325910E-05  5.413888E-05  9.085876E+01
    18.4000    4.959656E-05  1.557339E-04  9.078207E+01
    18.4500    2.904184E-05  2.664415E-04  9.099697E+01
    18.5000   -5.592234E-05  3.792394E-04  9.125419E+01
    18.5500   -1.985799E-04  4.905597E-04  9.152295E+01
    18.6000   -3.794608E-04  5.974661E-04  9.179435E+01
    18.6500   -5.707550E-04  6.975683E-04  9.206447E+01
    18.7000   -7.423754E-04  7.891182E-04  9.233107E+01
    18.7500   -8.680180E-04  8.711195E-04  9.259257E+01
    18.8000   -9.296798E-04  9.434115E-04  9.284781E+01
    18.8500   -9.196476E-04  1.006708E-03  9.309593E+01
    18.9000   -8.397641E-04  1.062565E-03  9.333645E+01
    18.9500   -6.985875E-04  1.113261E-03  9.356942E+01
    19.0000   -5.081435E-04  1.162035E-03  9.379520E+01
    19.0500   -2.800272E-04  1.212869E-03  9.401480E+01
    19.1000   -2.111104E-05  1.267305E-03  9.423112E+01
    19.1500    2.622044E-04  1.327233E-03  9.444664E+01
    19.2000    5.632867E-04  1.393490E-03  9.466391E+01
    19.2500    8.722402E-04  1.465718E-03  9.488516E+01
    19.3000    1.173203E-03  1.542427E-03  9.511205E+01
    19.3500    1.443202E-03  1.621222E-03  9.534555E+01
    19.4000    1.653362E-03  1.699109E-03  9.558600E+01
    19.4500    1.772621E-03  1.772811E-03  9.583324E+01
    19.5000    1.773304E-03  1.839054E-03  9.608678E+01
    19.5500    1.637352E-03  1.894774E-03  9.634593E+01
    19.6000    1.361694E-03  1.937283E-03  9.660992E+01
    19.6500    9.613507E-04  1.964362E-03  9.687798E+01
    19.7000    4.693510E-04  1.974325E-03  9.714935E+01
    19.7500   -6.677635E-05  1.966034E-03  9.742334E+01
    19.8000   -5.914077E-04  1.938900E-03  9.769933E+01
    19.8500   -1.048964E-03  1.892844E-03  9.797674E+01
    19.9000   -1.392274E-03  1.828267E-03  9.825504E+01
    19.9500   -1.589616E-03  1.745985E-03  9.853372E+01