# # tequil.ion_motion                                            FEFF 9.05   
# # POT  SCF  30  5.5000   1, core-hole, AFOLP (folp(0)= 1.150)
# # Abs   Z=30 Rmt= 1.350 Rnm= 1.424 K  shell
# # Pot 1 Z=26 Rmt= 1.288 Rnm= 1.397
# # Pot 2 Z= 8 Rmt= 0.995 Rnm= 1.105
# # Gam_ch=1.897E+00 H-L exch
# # Mu=-1.146E+01 kf=2.141E+00 Vint=-1.785E+01 Rs_int= 1.694
# # PATH  Rmax= 8.500,  Keep_limit= 0.00, Heap_limit 0.00  Pwcrit= 2.50%
#  S02=1.000                                        Global_sig2= 0.00000
#  Energy zero shift, vr, vi   -2.00000E+00   0.00000E+00
#  Curved wave amplitude ratio filter   4.000%
#     file         sig2 tot  cw amp ratio   deg  nlegs   reff  inp sig2
#           1       0.00000    100.00      1.00     2   2.0305
#           2       0.00000     98.39      1.00     2   2.0430
#           3       0.00000     93.78      1.00     2   2.0802
#           4       0.00000     90.63      1.00     2   2.1072
#           5       0.00000     81.41      1.00     2   2.1940
#           6       0.00000     69.01      1.00     2   2.3345
#           7       0.00000     41.53      1.00     2   2.7552
#           8       0.00000     38.54      1.00     2   2.8500
#           9       0.00000     33.89      1.00     2   3.0173
#          10       0.00000     32.82      1.00     2   3.0595
#          11       0.00000     31.36      1.00     2   3.1202
#          12       0.00000     27.02      1.00     2   3.2977
#          13       0.00000     26.64      1.00     2   3.3417
#          14       0.00000     13.28      2.00     3   3.3616
#          15       0.00000     14.55      2.00     3   3.4330
#          16       0.00000     23.80      1.00     2   3.4514
#          17       0.00000     10.33      2.00     3   3.4512
#          18       0.00000     10.91      2.00     3   3.4791
#          19       0.00000     17.86      2.00     3   3.5091
#          20       0.00000     12.35      2.00     3   3.5316
#          21       0.00000     23.11      1.00     2   3.5409
#          22       0.00000     13.36      2.00     3   3.5488
#          23       0.00000     22.78      1.00     2   3.5611
#          24       0.00000      9.59      2.00     3   3.5643
#          25       0.00000      8.92      2.00     3   3.5694
#          26       0.00000     12.46      2.00     3   3.5703
#          27       0.00000     11.05      2.00     3   3.5754
#          28       0.00000      8.15      2.00     3   3.6009
#          29       0.00000      8.44      2.00     3   3.6263
#          30       0.00000     10.49      2.00     3   3.6312
#          31       0.00000     21.60      1.00     2   3.6378
#          32       0.00000     10.53      2.00     3   3.6376
#          33       0.00000      9.99      2.00     3   3.6410
#          34       0.00000     18.13      2.00     3   3.6509
#          35       0.00000      7.15      2.00     3   3.6554
#          36       0.00000     20.23      1.00     2   3.6570
#          37       0.00000      7.21      2.00     3   3.6597
#          38       0.00000      7.91      2.00     3   3.6629
#          39       0.00000     10.47      2.00     3   3.6654
#          40       0.00000     20.95      1.00     2   3.6814
#          41       0.00000     19.63      1.00     2   3.6956
#          42       0.00000     19.28      1.00     2   3.7193
#          43       0.00000      6.68      2.00     3   3.7253
#          44       0.00000     19.01      1.00     2   3.7374
#          45       0.00000     18.74      2.00     3   3.7609
#          46       0.00000     18.21      1.00     2   3.7948
#          47       0.00000     18.19      1.00     2   3.7962
#          48       0.00000      7.80      2.00     3   3.8111
#          49       0.00000     15.96      2.00     3   3.8436
#          50       0.00000     16.87      2.00     3   3.8555
#          51       0.00000     16.16      2.00     3   3.8970
#          52       0.00000      6.33      1.00     4   3.8980
#          53       0.00000     17.62      1.00     2   3.9374
#          54       0.00000     10.99      2.00     3   3.9426
#          55       0.00000      4.93      1.00     4   3.9600
#          56       0.00000      7.85      1.00     4   3.9681
#          57       0.00000      5.78      1.00     4   3.9809
#          58       0.00000     15.63      1.00     2   4.0020
#          59       0.00000     15.56      1.00     2   4.0081
#          60       0.00000     16.77      1.00     2   4.0117
#          61       0.00000     10.48      1.00     4   4.0610
#          62       0.00000     27.48      2.00     3   4.0720
#          63       0.00000      5.82      1.00     4   4.0732
#          65       0.00000      5.43      1.00     4   4.0810
#          66       0.00000     15.99      1.00     2   4.0841
#          67       0.00000     10.13      1.00     4   4.0859
#          68       0.00000     15.24      2.00     3   4.1053
#          69       0.00000     30.05      2.00     4   4.1107
#          70       0.00000      5.93      1.00     4   4.1125
#          71       0.00000      9.20      2.00     3   4.1186
#          72       0.00000      4.14      1.00     4   4.1261
#          73       0.00000      5.10      1.00     4   4.1336
#          74       0.00000      8.80      2.00     3   4.1470
#          75       0.00000      9.17      1.00     4   4.1604
#          76       0.00000     14.61      2.00     3   4.1760
#          77       0.00000     13.76      1.00     2   4.1819
#          78       0.00000      4.81      1.00     4   4.2029
#          79       0.00000      8.54      1.00     4   4.2144
#          80       0.00000      9.70      2.00     3   4.2338
#          81       0.00000     22.97      2.00     3   4.2661
#          82       0.00000      6.73      1.00     4   4.2733
#          83       0.00000      8.01      2.00     3   4.2796
#          84       0.00000     24.47      2.00     4   4.3012
#          85       0.00000     12.61      1.00     2   4.3083
#          86       0.00000      8.04      2.00     3   4.3119
#          87       0.00000     12.43      1.00     2   4.3294
#          88       0.00000      6.35      1.00     4   4.3403
#          89       0.00000      7.70      2.00     3   4.3486
#          91       0.00000     22.92      2.00     3   4.3681
#          92       0.00000     26.23      2.00     4   4.3774
#          93       0.00000     10.61      2.00     3   4.3811
#          94       0.00000      6.85      1.00     4   4.3881
#          95       0.00000      6.97      2.00     3   4.3946
#          96       0.00000      7.60      2.00     3   4.3964
#          97       0.00000      7.20      2.00     3   4.4135
#          98       0.00000      7.29      2.00     3   4.4192
#          99       0.00000      6.53      2.00     3   4.4382
#         100       0.00000      6.41      2.00     3   4.4413
#         101       0.00000     11.50      1.00     2   4.4453
#         102       0.00000      8.42      2.00     3   4.4702
#         103       0.00000     19.20      2.00     3   4.4717
#         104       0.00000     11.06      1.00     2   4.5038
#         105       0.00000      6.24      2.00     3   4.5147
#         106       0.00000     10.96      1.00     2   4.5171
#         107       0.00000      6.10      2.00     3   4.5272
#         108       0.00000      5.53      2.00     3   4.5298
#         109       0.00000      4.69      2.00     3   4.5330
#         110       0.00000      9.80      2.00     3   4.5384
#         111       0.00000     21.59      2.00     3   4.5410
#         113       0.00000     10.71      1.00     2   4.5519
#         114       0.00000      4.42      2.00     3   4.5520
#         115       0.00000      6.93      2.00     3   4.5585
#         116       0.00000     10.62      1.00     2   4.5661
#         117       0.00000      5.36      2.00     3   4.5680
#         118       0.00000     10.43      1.00     2   4.5933
#         119       0.00000     21.09      2.00     3   4.6055
#         120       0.00000      6.23      2.00     3   4.6085
#         121       0.00000      4.57      2.00     3   4.6125
#         122       0.00000     10.51      1.00     4   4.6141
#         123       0.00000     12.75      1.00     4   4.6368
#         124       0.00000     21.08      2.00     3   4.6461
#         125       0.00000      9.09      2.00     3   4.6601
#         126       0.00000      4.89      1.00     4   4.6689
#         128       0.00000      9.88      1.00     2   4.6773
#         129       0.00000      6.00      2.00     3   4.6861
#         130       0.00000      5.29      2.00     3   4.6940
#         131       0.00000     12.52      1.00     4   4.6940
#         132       0.00000      9.74      1.00     2   4.6986
#         134       0.00000      9.70      1.00     2   4.7051
#         135       0.00000      9.57      1.00     2   4.7265
#         136       0.00000     12.62      1.00     4   4.7261
#         139       0.00000      5.68      2.00     3   4.7602
#         140       0.00000      6.89      2.00     3   4.7615
#         141       0.00000     10.47      1.00     2   4.7669
#         144       0.00000      9.65      2.00     3   4.7935
#         145       0.00000     10.64      2.00     3   4.8038
#         146       0.00000      9.06      1.00     2   4.8132
#         147       0.00000      9.04      1.00     2   4.8171
#         148       0.00000     15.93      2.00     3   4.8178
#         149       0.00000      7.27      2.00     3   4.8235
#         152       0.00000      9.88      1.00     2   4.8654
#         153       0.00000      9.57      2.00     3   4.8677
#         154       0.00000      5.12      2.00     3   4.8742
#         155       0.00000      8.68      1.00     2   4.8821
#         156       0.00000     11.34      2.00     3   4.8877
#         160       0.00000      8.59      1.00     2   4.8990
#         161       0.00000     17.09      2.00     3   4.8989
#         162       0.00000     12.46      2.00     3   4.9027
#         164       0.00000      8.67      1.00     4   4.9370
#         166       0.00000      4.88      2.00     4   4.9492
#         167       0.00000      9.54      2.00     3   4.9591
#         168       0.00000      8.12      2.00     3   4.9636
#         170       0.00000      7.66      2.00     3   4.9646
#         171       0.00000      9.77      1.00     4   4.9807
#         172       0.00000      5.14      2.00     3   4.9869
#         173       0.00000      8.12      1.00     2   4.9902
#         175       0.00000     21.36      2.00     3   4.9933
#         176       0.00000     14.20      1.00     4   4.9963
#         177       0.00000      9.14      1.00     2   4.9996
#         178       0.00000      8.06      1.00     2   5.0026
#         181       0.00000     20.16      2.00     3   5.0170
#         182       0.00000      8.50      2.00     3   5.0174
#         183       0.00000     13.03      1.00     4   5.0314
#         185       0.00000      4.65      1.00     4   5.0557
#         186       0.00000      5.79      2.00     4   5.0602
#         187       0.00000      8.58      2.00     3   5.0761
#         188       0.00000      6.20      1.00     4   5.0788
#         189       0.00000     10.18      2.00     3   5.0832
#         191       0.00000      4.55      2.00     3   5.0873
#         192       0.00000      7.65      1.00     2   5.0887
#         194       0.00000      5.35      1.00     4   5.0980
#         195       0.00000     17.93      2.00     3   5.1099
#         196       0.00000     11.02      1.00     4   5.1312
#         197       0.00000      8.97      2.00     3   5.1327
#         199       0.00000      8.41      1.00     2   5.1470
#         201       0.00000      7.36      1.00     2   5.1528
#         203       0.00000      8.20      2.00     3   5.1639
#         205       0.00000      8.22      1.00     2   5.1881
#         206       0.00000      7.66      2.00     4   5.2004
#         207       0.00000      4.11      1.00     4   5.2130
#         209       0.00000      6.31      2.00     3   5.2282
#         210       0.00000      4.44      2.00     3   5.2381
#         211       0.00000      7.87      1.00     2   5.2656
#         212       0.00000      9.13      2.00     3   5.2742
#         213       0.00000      4.77      1.00     4   5.2842
#         214       0.00000      6.02      2.00     3   5.3132
#         216       0.00000      7.66      1.00     2   5.3157
#         218       0.00000     10.07      2.00     3   5.3486
#         219       0.00000      6.50      1.00     2   5.3616
#         221       0.00000      4.40      2.00     3   5.3760
#         223       0.00000      4.53      2.00     3   5.3763
#         225       0.00000      5.73      2.00     3   5.3948
#         226       0.00000      4.32      1.00     4   5.4014
#         227       0.00000      7.25      1.00     2   5.4150
#         228       0.00000      4.71      1.00     4   5.4316
#         229       0.00000      7.28      2.00     3   5.4322
#         230       0.00000      7.17      1.00     2   5.4369
#         232       0.00000      6.20      1.00     2   5.4451
#         235       0.00000      4.57      2.00     3   5.4590
#         238       0.00000      6.70      2.00     3   5.4832
#         239       0.00000      5.99      2.00     3   5.4912
#         242       0.00000      5.99      1.00     2   5.5056
#         243       0.00000      8.69      2.00     3   5.5207
#         245       0.00000      5.68      2.00     4   5.5316
#         246       0.00000      6.07      2.00     3   5.5518
#         248       0.00000      5.80      1.00     2   5.5619
#         249       0.00000      6.70      1.00     2   5.5628
#         250       0.00000      4.77      2.00     3   5.5705
#         251       0.00000      6.64      1.00     2   5.5803
#         252       0.00000      4.58      2.00     3   5.5806
#         253       0.00000      4.22      2.00     3   5.5824
#         254       0.00000      4.78      2.00     3   5.5855
#         255       0.00000      5.48      2.00     3   5.5893
#         256       0.00000      5.87      2.00     3   5.5915
#         259       0.00000      5.59      2.00     3   5.6025
#         260       0.00000      6.55      1.00     2   5.6036
#         263       0.00000      5.59      1.00     2   5.6268
#         269       0.00000      5.03      2.00     3   5.6525
#         270       0.00000      6.49      2.00     3   5.6528
#         272       0.00000     10.25      2.00     3   5.6675
#         273       0.00000      6.57      2.00     4   5.6683
#         274       0.00000      4.55      2.00     4   5.6683
#         275       0.00000      5.44      1.00     2   5.6749
#         276       0.00000      5.29      2.00     3   5.6758
#         278       0.00000      4.31      1.00     4   5.6797
#         279       0.00000      5.41      1.00     2   5.6866
#         280       0.00000      5.43      2.00     3   5.6912
#         281       0.00000      6.71      2.00     3   5.7116
#         282       0.00000      6.19      1.00     2   5.7138
#         283       0.00000      5.31      1.00     2   5.7174
#         285       0.00000      5.01      1.00     4   5.7315
#         287       0.00000      5.26      1.00     2   5.7364
#         288       0.00000      6.11      1.00     2   5.7376
#         289       0.00000      6.30      2.00     3   5.7428
#         294       0.00000      9.96      2.00     3   5.7595
#         295       0.00000      5.18      1.00     2   5.7619
#         299       0.00000      4.72      2.00     3   5.7720
#         301       0.00000      4.81      2.00     3   5.7760
#         303       0.00000      4.82      1.00     4   5.8053
#         305       0.00000      5.78      2.00     3   5.8135
#         309       0.00000      8.10      2.00     3   5.8282
#         310       0.00000      5.80      1.00     2   5.8369
#         313       0.00000      5.78      1.00     2   5.8449
#         317       0.00000      4.27      2.00     3   5.8599
#         318       0.00000      5.72      1.00     2   5.8641
#         319       0.00000      4.31      2.00     3   5.8642
#         320       0.00000      4.89      1.00     2   5.8675
#         321       0.00000      5.71      1.00     2   5.8684
#         322       0.00000      4.46      2.00     4   5.8705
#         323       0.00000      5.48      2.00     3   5.8715
#         325       0.00000      4.39      2.00     5   5.8860
#         326       0.00000      4.47      2.00     5   5.8860
#         327       0.00000      9.67      2.00     3   5.8896
#         328       0.00000      8.97      2.00     3   5.8929
#         331       0.00000      4.50      2.00     4   5.9034
#         332       0.00000      4.10      2.00     3   5.9151
#         337       0.00000      8.14      2.00     3   5.9236
#         338       0.00000      5.16      2.00     3   5.9294
#         339       0.00000      5.77      2.00     3   5.9299
#         340       0.00000      4.72      1.00     2   5.9341
#         342       0.00000      5.51      1.00     2   5.9371
#         344       0.00000      4.21      1.00     4   5.9408
#         346       0.00000      4.78      1.00     4   5.9422
#   263/ 330 paths used
#  -----------------------------------------------------------------------
#       k          chi          mag           phase @#
    -0.7000   -6.112396E-01  6.112784E-01 -1.559532E+00
    -0.6500   -5.788655E-01  5.804933E-01 -1.495888E+00
    -0.6000   -5.521570E-01  5.564986E-01 -1.445803E+00
    -0.5500   -5.303109E-01  5.378101E-01 -1.403604E+00
    -0.5000   -5.137775E-01  5.242676E-01 -1.370416E+00
    -0.4500   -5.013074E-01  5.146269E-01 -1.342786E+00
    -0.4000   -4.922401E-01  5.080471E-01 -1.320692E+00
    -0.3500   -4.856496E-01  5.040197E-01 -1.299980E+00
    -0.3000   -4.809891E-01  5.016060E-01 -1.283094E+00
    -0.2500   -4.777102E-01  5.002695E-01 -1.269342E+00
    -0.2000   -4.754263E-01  4.996168E-01 -1.258341E+00
    -0.1500   -4.740524E-01  4.996885E-01 -1.249086E+00
    -0.1000   -4.732394E-01  4.999793E-01 -1.242267E+00
    -0.0500   -4.727949E-01  5.002107E-01 -1.238181E+00
     0.0000   -4.726536E-01  5.002970E-01 -1.236819E+00
     0.0500   -4.725156E-01  5.003879E-01 -1.235457E+00
     0.1000   -4.721211E-01  5.006874E-01 -1.231370E+00
     0.1500   -4.715248E-01  5.012736E-01 -1.224551E+00
     0.2000   -4.708063E-01  5.022684E-01 -1.214973E+00
     0.2500   -4.700538E-01  5.038266E-01 -1.202571E+00
     0.3000   -4.693430E-01  5.061203E-01 -1.187227E+00
     0.3500   -4.688566E-01  5.095811E-01 -1.168290E+00
     0.4000   -4.689717E-01  5.151960E-01 -1.143956E+00
     0.4500   -4.690060E-01  5.222467E-01 -1.115326E+00
     0.5000   -4.686370E-01  5.308032E-01 -1.081966E+00
     0.5500   -4.677019E-01  5.415417E-01 -1.042464E+00
     0.6000   -4.657083E-01  5.552928E-01 -9.948394E-01
     0.6500   -4.609267E-01  5.705318E-01 -9.405620E-01
     0.7000   -4.522456E-01  5.875100E-01 -8.784756E-01
     0.7500   -4.380161E-01  6.073174E-01 -8.055777E-01
     0.8000   -4.163336E-01  6.277068E-01 -7.251682E-01
     0.8500   -3.855691E-01  6.495260E-01 -6.355450E-01
     0.9000   -3.435812E-01  6.726265E-01 -5.361214E-01
     0.9500   -2.894480E-01  6.948869E-01 -4.296357E-01
     1.0000   -2.207612E-01  7.180549E-01 -3.125052E-01
     1.0500   -1.385356E-01  7.396426E-01 -1.884135E-01
     1.1000   -4.308834E-02  7.598121E-01 -5.673964E-02
     1.1500    6.446761E-02  7.784447E-01  8.291087E-02
     1.2000    1.790960E-01  7.937910E-01  2.275805E-01
     1.2500    3.000051E-01  8.073952E-01  3.807012E-01
     1.3000    4.183827E-01  8.168219E-01  5.377536E-01
     1.3500    5.310715E-01  8.231519E-01  7.012436E-01
     1.4000    6.301673E-01  8.252458E-01  8.688884E-01
     1.4500    7.104285E-01  8.232580E-01  1.041074E+00
     1.5000    7.667082E-01  8.171191E-01  1.217700E+00
     1.5500    7.942392E-01  8.063627E-01  1.397172E+00
     1.6000    7.915632E-01  7.916068E-01  1.581294E+00
     1.6500    7.573872E-01  7.721640E-01  1.766746E+00
     1.7000    6.937797E-01  7.490038E-01  1.957201E+00
     1.7500    6.046054E-01  7.215428E-01  2.148106E+00
     1.8000    4.946677E-01  6.904924E-01  2.342966E+00
     1.8500    3.722080E-01  6.558560E-01  2.538108E+00
     1.9000    2.424291E-01  6.179017E-01  2.738416E+00
     1.9500    1.156556E-01  5.769445E-01  2.939763E+00
     2.0000    1.282736E-03  5.336253E-01  3.139189E+00
     2.0500   -9.434672E-02  4.885754E-01  3.335919E+00
     2.1000   -1.673628E-01  4.406634E-01  3.531170E+00
     2.1500   -2.144165E-01  3.902624E-01  3.723258E+00
     2.2000   -2.357109E-01  3.402880E-01  3.906791E+00
     2.2500   -2.348236E-01  2.915626E-01  4.077937E+00
     2.3000   -2.156941E-01  2.435482E-01  4.229446E+00
     2.3500   -1.819716E-01  1.953209E-01  4.340533E+00
     2.4000   -1.466122E-01  1.546780E-01  4.388026E+00
     2.4500   -1.171983E-01  1.254735E-01  4.347178E+00
     2.5000   -9.908605E-02  1.116781E-01  4.232936E+00
     2.5500   -9.427389E-02  1.105897E-01  4.162276E+00
     2.6000   -9.801242E-02  1.171024E-01  4.133335E+00
     2.6500   -1.091056E-01  1.278762E-01  4.163707E+00
     2.7000   -1.251211E-01  1.399898E-01  4.247312E+00
     2.7500   -1.402411E-01  1.496682E-01  4.355572E+00
     2.8000   -1.544530E-01  1.585901E-01  4.483475E+00
     2.8500   -1.658678E-01  1.664787E-01  4.626697E+00
     2.9000   -1.726286E-01  1.730367E-01  4.781086E+00
     2.9500   -1.735638E-01  1.782801E-01  4.942916E+00
     3.0000   -1.677626E-01  1.819797E-01  5.110292E+00
     3.0500   -1.551331E-01  1.841057E-01  5.281035E+00
     3.1000   -1.363449E-01  1.847848E-01  5.453295E+00
     3.1500   -1.124166E-01  1.845258E-01  5.628110E+00
     3.2000   -8.447831E-02  1.832535E-01  5.804073E+00
     3.2500   -5.418997E-02  1.809518E-01  5.979046E+00
     3.3000   -2.324278E-02  1.778364E-01  6.152113E+00
     3.3500    7.259136E-03  1.743046E-01  6.324844E+00
     3.4000    3.613932E-02  1.704590E-01  6.496818E+00
     3.4500    6.222245E-02  1.663868E-01  6.666463E+00
     3.5000    8.496529E-02  1.622663E-01  6.834276E+00
     3.5500    1.043781E-01  1.584348E-01  7.002419E+00
     3.6000    1.202091E-01  1.548904E-01  7.171629E+00
     3.6500    1.318767E-01  1.513674E-01  7.340900E+00
     3.7000    1.392407E-01  1.478592E-01  7.510867E+00
     3.7500    1.422885E-01  1.443832E-01  7.683434E+00
     3.8000    1.408428E-01  1.408451E-01  7.859750E+00
     3.8500    1.347102E-01  1.370224E-01  8.037951E+00
     3.9000    1.241270E-01  1.328142E-01  8.217669E+00
     3.9500    1.096647E-01  1.282715E-01  8.399338E+00
     4.0000    9.205109E-02  1.234639E-01  8.583387E+00
     4.0500    7.232923E-02  1.181880E-01  8.766210E+00
     4.1000    5.177749E-02  1.125029E-01  8.946521E+00
     4.1500    3.164286E-02  1.065304E-01  9.123196E+00
     4.2000    1.299830E-02  1.004552E-01  9.295020E+00
     4.2500   -3.213401E-03  9.445888E-02  9.458804E+00
     4.3000   -1.665029E-02  8.880095E-02  9.613396E+00
     4.3500   -2.743914E-02  8.374927E-02  9.758577E+00
     4.4000   -3.605922E-02  7.956319E-02  9.895147E+00
     4.4500   -4.321734E-02  7.641688E-02  1.002587E+01
     4.5000   -4.964370E-02  7.436793E-02  1.015568E+01
     4.5500   -5.584604E-02  7.334760E-02  1.029023E+01
     4.6000   -6.202349E-02  7.325600E-02  1.043447E+01
     4.6500   -6.774498E-02  7.365570E-02  1.059223E+01
     4.7000   -7.222329E-02  7.418517E-02  1.076508E+01
     4.7500   -7.445289E-02  7.452090E-02  1.095285E+01
     4.8000   -7.359490E-02  7.452547E-02  1.115377E+01
     4.8500   -6.877964E-02  7.380533E-02  1.136674E+01
     4.9000   -5.982516E-02  7.219905E-02  1.158974E+01
     4.9500   -4.723883E-02  6.962689E-02  1.182071E+01
     5.0000   -3.230752E-02  6.621115E-02  1.205663E+01
     5.0500   -1.650886E-02  6.181938E-02  1.229604E+01
     5.1000   -1.681196E-03  5.653288E-02  1.253663E+01
     5.1500    1.048412E-02  5.047940E-02  1.277558E+01
     5.2000    1.876442E-02  4.394655E-02  1.300752E+01
     5.2500    2.269973E-02  3.700425E-02  1.322677E+01
     5.3000    2.257721E-02  2.990421E-02  1.342200E+01
     5.3500    1.939038E-02  2.297932E-02  1.357073E+01
     5.4000    1.464636E-02  1.684643E-02  1.362037E+01
     5.4500    9.957525E-03  1.249971E-02  1.348805E+01
     5.5000    6.728644E-03  1.154889E-02  1.318832E+01
     5.5500    5.870979E-03  1.395612E-02  1.300056E+01
     5.6000    7.749925E-03  1.781996E-02  1.301630E+01
     5.6500    1.188445E-02  2.172838E-02  1.314509E+01
     5.7000    1.735768E-02  2.514356E-02  1.332833E+01
     5.7500    2.300412E-02  2.785039E-02  1.353833E+01
     5.8000    2.777556E-02  2.983653E-02  1.376331E+01
     5.8500    3.072745E-02  3.105194E-02  1.399247E+01
     5.9000    3.143977E-02  3.154885E-02  1.422035E+01
     5.9500    2.997125E-02  3.142938E-02  1.444297E+01
     6.0000    2.677420E-02  3.090881E-02  1.466035E+01
     6.0500    2.242546E-02  3.008775E-02  1.486693E+01
     6.1000    1.755820E-02  2.913340E-02  1.506110E+01
     6.1500    1.264144E-02  2.821932E-02  1.524347E+01
     6.2000    7.890672E-03  2.749081E-02  1.541684E+01
     6.2500    3.282285E-03  2.703875E-02  1.558627E+01
     6.3000   -1.347838E-03  2.688155E-02  1.575812E+01
     6.3500   -6.160400E-03  2.696504E-02  1.593846E+01
     6.4000   -1.117447E-02  2.718174E-02  1.613163E+01
     6.4500   -1.618221E-02  2.740010E-02  1.633975E+01
     6.5000   -2.076493E-02  2.749071E-02  1.656414E+01
     6.5500   -2.426785E-02  2.732967E-02  1.680087E+01
     6.6000   -2.613128E-02  2.684524E-02  1.704761E+01
     6.6500   -2.599283E-02  2.600005E-02  1.730233E+01
     6.7000   -2.379362E-02  2.478784E-02  1.756294E+01
     6.7500   -1.982060E-02  2.323045E-02  1.782743E+01
     6.8000   -1.465941E-02  2.137365E-02  1.809377E+01
     6.8500   -9.070379E-03  1.928256E-02  1.835982E+01
     6.9000   -3.822206E-03  1.703661E-02  1.862328E+01
     6.9500    4.701827E-04  1.472438E-02  1.888149E+01
     7.0000    3.361393E-03  1.243057E-02  1.912338E+01
     7.0500    4.876104E-03  1.025416E-02  1.934512E+01
     7.1000    5.294709E-03  8.287234E-03  1.954262E+01
     7.1500    5.009309E-03  6.602555E-03  1.971086E+01
     7.2000    4.410980E-03  5.238996E-03  1.985045E+01
     7.2500    3.770008E-03  4.178216E-03  1.997463E+01
     7.3000    3.175102E-03  3.331373E-03  2.011285E+01
     7.3500    2.547683E-03  2.563834E-03  2.030805E+01
     7.4000    1.722400E-03  1.763545E-03  2.063679E+01
     7.4500    5.632532E-04  1.011008E-03  2.140023E+01
     7.5000   -8.909228E-04  1.178231E-03  2.284856E+01
     7.5500   -2.428893E-03  2.429497E-03  2.358423E+01
     7.6000   -3.673250E-03  4.068597E-03  2.400644E+01
     7.6500   -4.142094E-03  5.914959E-03  2.435696E+01
     7.7000   -3.402756E-03  7.878851E-03  2.468616E+01
     7.7500   -1.225536E-03  9.878403E-03  2.500836E+01
     7.8000    2.301139E-03  1.183178E-02  2.532848E+01
     7.8500    6.734204E-03  1.365862E-02  2.564832E+01
     7.9000    1.133684E-02  1.528293E-02  2.596849E+01
     7.9500    1.522763E-02  1.663614E-02  2.628908E+01
     8.0000    1.759367E-02  1.766669E-02  2.661259E+01
     8.0500    1.783535E-02  1.833189E-02  2.693681E+01
     8.1000    1.579136E-02  1.859547E-02  2.725986E+01
     8.1500    1.178156E-02  1.843817E-02  2.758117E+01
     8.2000    6.529659E-03  1.785645E-02  2.789998E+01
     8.2500    9.968771E-04  1.686264E-02  2.821518E+01
     8.3000   -3.842711E-03  1.548461E-02  2.852512E+01
     8.3500   -7.227186E-03  1.376528E-02  2.882708E+01
     8.4000   -8.774332E-03  1.176235E-02  2.911632E+01
     8.4500   -8.550080E-03  9.549860E-03  2.938346E+01
     8.5000   -7.016426E-03  7.222735E-03  2.960554E+01
     8.5500   -4.917703E-03  4.955522E-03  2.972151E+01
     8.6000   -3.058420E-03  3.192266E-03  2.955453E+01
     8.6500   -2.088966E-03  3.050011E-03  2.902881E+01
     8.7000   -2.356938E-03  4.546699E-03  2.881929E+01
     8.7500   -3.841254E-03  6.470490E-03  2.890993E+01
     8.8000   -6.185962E-03  8.344193E-03  2.910941E+01
     8.8500   -8.817359E-03  1.001628E-02  2.935083E+01
     8.9000   -1.110656E-02  1.142242E-02  2.960941E+01
     8.9500   -1.252999E-02  1.253513E-02  2.987378E+01
     9.0000   -1.279271E-02  1.336547E-02  3.013895E+01
     9.0500   -1.183908E-02  1.392943E-02  3.040007E+01
     9.1000   -9.850721E-03  1.425456E-02  3.065298E+01
     9.1500   -7.160830E-03  1.439549E-02  3.089529E+01
     9.2000   -4.129812E-03  1.442183E-02  3.112550E+01
     9.2500   -1.043896E-03  1.441265E-02  3.134343E+01
     9.3000    1.941565E-03  1.444750E-02  3.155072E+01
     9.3500    4.800163E-03  1.459385E-02  3.175108E+01
     9.4000    7.580044E-03  1.489415E-02  3.194987E+01
     9.4500    1.032046E-02  1.535735E-02  3.215286E+01
     9.5000    1.299454E-02  1.597655E-02  3.236582E+01
     9.5500    1.541249E-02  1.670032E-02  3.259144E+01
     9.6000    1.723833E-02  1.745239E-02  3.282994E+01
     9.6500    1.808765E-02  1.816802E-02  3.308082E+01
     9.7000    1.761013E-02  1.878799E-02  3.334270E+01
     9.7500    1.559840E-02  1.926327E-02  3.361380E+01
     9.8000    1.207207E-02  1.955720E-02  3.389225E+01
     9.8500    7.310393E-03  1.964626E-02  3.417625E+01
     9.9000    1.821471E-03  1.951991E-02  3.446407E+01
     9.9500   -3.746148E-03  1.917981E-02  3.475410E+01
    10.0000   -8.761151E-03  1.868070E-02  3.504567E+01
    10.0500   -1.267941E-02  1.803811E-02  3.533702E+01
    10.1000   -1.511127E-02  1.724334E-02  3.562576E+01
    10.1500   -1.594714E-02  1.633356E-02  3.591036E+01
    10.2000   -1.532293E-02  1.535152E-02  3.618935E+01
    10.2500   -1.355492E-02  1.434341E-02  3.646143E+01
    10.3000   -1.104293E-02  1.335614E-02  3.672571E+01
    10.3500   -8.171451E-03  1.243391E-02  3.698203E+01
    10.4000   -5.236303E-03  1.161400E-02  3.723138E+01
    10.4500   -2.414288E-03  1.092222E-02  3.747623E+01
    10.5000    2.213157E-04  1.036905E-02  3.772046E+01
    10.5500    2.651427E-03  9.948247E-03  3.796889E+01
    10.6000    4.850138E-03  9.639013E-03  3.822638E+01
    10.6500    6.736732E-03  9.411386E-03  3.849689E+01
    10.7000    8.159896E-03  9.233011E-03  3.878298E+01
    10.7500    8.921554E-03  9.074946E-03  3.908579E+01
    10.8000    8.833662E-03  8.915231E-03  3.940528E+01
    10.8500    7.789449E-03  8.740053E-03  3.974064E+01
    10.9000    5.824729E-03  8.543078E-03  4.009047E+01
    10.9500    3.146849E-03  8.323640E-03  4.045300E+01
    11.0000    1.168721E-04  8.096970E-03  4.082627E+01
    11.0500   -2.826271E-03  7.864491E-03  4.120830E+01
    11.1000   -5.221886E-03  7.614499E-03  4.159638E+01
    11.1500   -6.697635E-03  7.348075E-03  4.198758E+01
    11.2000   -7.059405E-03  7.063199E-03  4.237872E+01
    11.2500   -6.333592E-03  6.754845E-03  4.276653E+01
    11.3000   -4.755025E-03  6.416003E-03  4.314756E+01
    11.3500   -2.703517E-03  6.039451E-03  4.351817E+01
    11.4000   -6.064004E-04  5.620069E-03  4.387419E+01
    11.4500    1.166231E-03  5.157610E-03  4.421039E+01
    11.5000    2.385204E-03  4.660118E-03  4.451961E+01
    11.5500    3.002942E-03  4.148644E-03  4.479164E+01
    11.6000    3.141800E-03  3.664093E-03  4.501260E+01
    11.6500    3.035668E-03  3.275038E-03  4.516839E+01
    11.7000    2.943515E-03  3.075158E-03  4.525944E+01
    11.7500    3.060876E-03  3.144916E-03  4.532139E+01
    11.8000    3.455037E-03  3.490424E-03  4.541058E+01
    11.8500    4.042054E-03  4.042094E-03  4.555752E+01
    11.9000    4.611150E-03  4.710953E-03  4.575930E+01
    11.9500    4.888282E-03  5.423874E-03  4.600124E+01
    12.0000    4.624320E-03  6.137100E-03  4.627052E+01
    12.0500    3.657739E-03  6.818505E-03  4.655767E+01
    12.1000    1.971015E-03  7.428510E-03  4.685534E+01
    12.1500   -2.791968E-04  7.945813E-03  4.715903E+01
    12.2000   -2.799340E-03  8.355471E-03  4.746553E+01
    12.2500   -5.223373E-03  8.648448E-03  4.777236E+01
    12.3000   -7.193990E-03  8.821460E-03  4.807750E+01
    12.3500   -8.438677E-03  8.876915E-03  4.837916E+01
    12.4000   -8.821232E-03  8.822834E-03  4.867563E+01
    12.4500   -8.357130E-03  8.672689E-03  4.896527E+01
    12.5000   -7.191813E-03  8.445087E-03  4.924646E+01
    12.5500   -5.551135E-03  8.163192E-03  4.951769E+01
    12.6000   -3.680130E-03  7.853719E-03  4.977779E+01
    12.6500   -1.788058E-03  7.545286E-03  5.002623E+01
    12.7000   -1.417757E-05  7.265877E-03  5.026353E+01
    12.7500    1.578815E-03  7.039423E-03  5.049169E+01
    12.8000    2.985667E-03  6.881967E-03  5.071423E+01
    12.8500    4.223530E-03  6.798611E-03  5.093580E+01
    12.9000    5.294959E-03  6.782571E-03  5.116122E+01
    12.9500    6.162555E-03  6.816968E-03  5.139452E+01
    13.0000    6.757706E-03  6.890562E-03  5.163959E+01
    13.0500    6.970170E-03  6.983517E-03  5.189811E+01
    13.1000    6.669828E-03  7.054342E-03  5.216797E+01
    13.1500    5.797803E-03  7.082992E-03  5.244819E+01
    13.2000    4.378687E-03  7.054293E-03  5.273742E+01
    13.2500    2.534688E-03  6.958268E-03  5.303423E+01
    13.3000    4.743069E-04  6.789964E-03  5.333716E+01
    13.3500   -1.542784E-03  6.549019E-03  5.364489E+01
    13.4000   -3.256008E-03  6.239092E-03  5.395612E+01
    13.4500   -4.456291E-03  5.867232E-03  5.426965E+01
    13.5000   -5.027024E-03  5.443219E-03  5.458428E+01
    13.5500   -4.963326E-03  4.978900E-03  5.489876E+01
    13.6000   -4.365436E-03  4.487545E-03  5.521169E+01
    13.6500   -3.409082E-03  3.983240E-03  5.552146E+01
    13.7000   -2.301561E-03  3.480327E-03  5.582611E+01
    13.7500   -1.235486E-03  2.992911E-03  5.612314E+01
    13.8000   -3.518522E-04  2.534445E-03  5.640939E+01
    13.8500    2.793645E-04  2.117355E-03  5.668099E+01
    13.9000    6.582780E-04  1.752635E-03  5.693370E+01
    13.9500    8.367980E-04  1.449149E-03  5.716426E+01
    14.0000    8.887080E-04  1.212837E-03  5.737102E+01
    14.0500    8.852929E-04  1.044891E-03  5.755947E+01
    14.1000    8.755017E-04  9.376916E-04  5.775322E+01
    14.1500    8.680863E-04  8.768799E-04  5.797772E+01
    14.2000    8.390516E-04  8.464632E-04  5.825189E+01
    14.2500    7.474196E-04  8.355155E-04  5.858281E+01
    14.3000    5.563599E-04  8.409921E-04  5.896737E+01
    14.3500    2.524370E-04  8.661911E-04  5.939454E+01
    14.4000   -1.431678E-04  9.166202E-04  5.984709E+01
    14.4500   -5.747655E-04  9.955148E-04  6.030575E+01
    14.5000   -9.633160E-04  1.101400E-03  6.075493E+01
    14.5500   -1.225110E-03  1.228556E-03  6.118613E+01
    14.6000   -1.292486E-03  1.369028E-03  6.159703E+01
    14.6500   -1.130861E-03  1.514496E-03  6.198878E+01
    14.7000   -7.477127E-04  1.657405E-03  6.236382E+01
    14.7500   -1.916807E-04  1.791460E-03  6.272465E+01
    14.8000    4.573825E-04  1.911792E-03  6.307344E+01
    14.8500    1.104324E-03  2.014944E-03  6.341190E+01
    14.9000    1.656399E-03  2.098773E-03  6.374139E+01
    14.9500    2.038743E-03  2.162282E-03  6.406298E+01
    15.0000    2.207779E-03  2.208540E-03  6.437640E+01
    15.0500    2.154101E-03  2.240919E-03  6.468192E+01
    15.1000    1.885633E-03  2.254340E-03  6.498268E+01
    15.1500    1.439022E-03  2.249592E-03  6.527936E+01
    15.2000    8.692095E-04  2.227518E-03  6.557258E+01
    15.2500    2.414940E-04  2.188914E-03  6.586289E+01
    15.3000   -3.765158E-04  2.134495E-03  6.615077E+01
    15.3500   -9.224497E-04  2.064907E-03  6.643655E+01
    15.4000   -1.345804E-03  1.980809E-03  6.672042E+01
    15.4500   -1.613221E-03  1.882973E-03  6.700236E+01
    15.5000   -1.711870E-03  1.772407E-03  6.728213E+01
    15.5500   -1.650292E-03  1.650477E-03  6.755918E+01
    15.6000   -1.456258E-03  1.518999E-03  6.783266E+01
    15.6500   -1.171626E-03  1.380300E-03  6.810129E+01
    15.7000   -8.448590E-04  1.237228E-03  6.836336E+01
    15.7500   -5.225560E-04  1.093110E-03  6.861661E+01
    15.8000   -2.417586E-04  9.516501E-04  6.885818E+01
    15.8500   -2.479241E-05  8.167475E-04  6.908468E+01
    15.9000    1.221800E-04  6.922002E-04  6.929248E+01
    15.9500    2.066810E-04  5.812422E-04  6.947858E+01
    16.0000    2.429030E-04  4.848171E-04  6.963982E+01
    16.0500    2.468088E-04  4.038595E-04  6.977252E+01
    16.1000    2.372823E-04  3.391929E-04  6.988981E+01
    16.1500    2.217189E-04  2.847878E-04  7.000738E+01
    16.2000    1.980239E-04  2.322026E-04  7.013637E+01
    16.2500    1.586348E-04  1.733417E-04  7.027093E+01
    16.3000    9.732672E-05  1.030573E-04  7.035079E+01
    16.3500    1.606781E-05  3.348060E-05  6.961560E+01
    16.4000   -7.093798E-05  1.014253E-04  6.834047E+01
    16.4500   -1.379879E-04  2.198362E-04  6.843646E+01
    16.5000   -1.537209E-04  3.532055E-04  6.866476E+01
    16.5500   -9.055108E-05  4.961954E-04  6.893152E+01
    16.6000    6.521023E-05  6.439606E-04  6.921648E+01
    16.6500    3.059175E-04  7.914708E-04  6.951189E+01
    16.7000    6.005680E-04  9.336708E-04  6.981375E+01
    16.7500    8.993516E-04  1.065719E-03  7.011953E+01
    16.8000    1.143934E-03  1.183223E-03  7.042742E+01
    16.8500    1.280839E-03  1.282447E-03  7.073592E+01
    16.9000    1.274281E-03  1.360500E-03  7.104376E+01
    16.9500    1.114886E-03  1.415477E-03  7.134966E+01
    17.0000    8.228309E-04  1.447837E-03  7.165217E+01
    17.0500    4.401790E-04  1.459443E-03  7.195025E+01
    17.1000    1.971936E-05  1.448632E-03  7.224302E+01
    17.1500   -3.809331E-04  1.417798E-03  7.252865E+01
    17.2000   -7.147343E-04  1.370628E-03  7.280520E+01
    17.2500   -9.539469E-04  1.312020E-03  7.307069E+01
    17.3000   -1.092766E-03  1.247872E-03  7.332352E+01
    17.3500   -1.143492E-03  1.184663E-03  7.356302E+01
    17.4000   -1.127948E-03  1.128723E-03  7.379035E+01
    17.4500   -1.067276E-03  1.085182E-03  7.400934E+01
    17.5000   -9.737486E-04  1.056796E-03  7.422651E+01
    17.5500   -8.474261E-04  1.043180E-03  7.445006E+01
    17.6000   -6.788490E-04  1.040931E-03  7.468780E+01
    17.6500   -4.568146E-04  1.044674E-03  7.494565E+01
    17.7000   -1.784572E-04  1.048537E-03  7.522719E+01
    17.7500    1.421315E-04  1.047470E-03  7.553433E+01
    17.8000    4.702579E-04  1.038174E-03  7.586831E+01
    17.8500    7.540557E-04  1.019698E-03  7.623053E+01
    17.9000    9.348987E-04  9.938351E-04  7.662291E+01
    17.9500    9.624122E-04  9.653812E-04  7.704747E+01
    18.0000    8.108832E-04  9.432259E-04  7.750515E+01
    18.0500    4.888560E-04  9.394722E-04  7.799255E+01
    18.1000    3.952050E-05  9.613172E-04  7.849869E+01
    18.1500   -4.578456E-04  1.014862E-03  7.900786E+01
    18.2000   -9.044629E-04  1.100421E-03  7.950460E+01
    18.2500   -1.202437E-03  1.212890E-03  7.997923E+01
    18.3000   -1.276531E-03  1.344028E-03  8.042888E+01
    18.3500   -1.091975E-03  1.484735E-03  8.085505E+01
    18.4000   -6.638016E-04  1.626405E-03  8.126099E+01
    18.4500   -5.524965E-05  1.761486E-03  8.165004E+01
    18.5000    6.345185E-04  1.883657E-03  8.202498E+01
    18.5500    1.290489E-03  1.987854E-03  8.238792E+01
    18.6000    1.804899E-03  2.070272E-03  8.274031E+01
    18.6500    2.097981E-03  2.128366E-03  8.308303E+01
    18.7000    2.131740E-03  2.160842E-03  8.341651E+01
    18.7500    1.914033E-03  2.167657E-03  8.374079E+01
    18.8000    1.492717E-03  2.149995E-03  8.405557E+01
    18.8500    9.420505E-04  2.110235E-03  8.436024E+01
    18.9000    3.451982E-04  2.051888E-03  8.465396E+01
    18.9500   -2.226865E-04  1.979510E-03  8.493574E+01
    19.0000   -7.068136E-04  1.899781E-03  8.520422E+01
    19.0500   -1.080292E-03  1.820702E-03  8.545820E+01
    19.1000   -1.340161E-03  1.745393E-03  8.569845E+01
    19.1500   -1.499417E-03  1.680019E-03  8.592586E+01
    19.2000   -1.578697E-03  1.629767E-03  8.614280E+01
    19.2500   -1.596701E-03  1.598024E-03  8.635310E+01
    19.3000   -1.563472E-03  1.585749E-03  8.656162E+01
    19.3500   -1.478141E-03  1.591332E-03  8.677324E+01
    19.4000   -1.331308E-03  1.611033E-03  8.699196E+01
    19.4500   -1.110934E-03  1.639832E-03  8.722028E+01
    19.5000   -8.096755E-04  1.672343E-03  8.745920E+01
    19.5500   -4.313804E-04  1.703531E-03  8.770858E+01
    19.6000    5.200483E-06  1.729147E-03  8.796760E+01
    19.6500    4.665677E-04  1.745918E-03  8.823512E+01
    19.7000    9.085137E-04  1.751573E-03  8.850991E+01
    19.7500    1.283087E-03  1.744771E-03  8.879084E+01
    19.8000    1.546852E-03  1.724997E-03  8.907691E+01
    19.8500    1.668585E-03  1.692436E-03  8.936731E+01
    19.9000    1.634791E-03  1.647848E-03  8.966136E+01
    19.9500    1.451982E-03  1.592451E-03  8.995856E+01