# # tequil.ion_motion                                            FEFF 9.05   
# # POT  SCF  30  5.5000   1, core-hole, AFOLP (folp(0)= 1.150)
# # Abs   Z=30 Rmt= 1.335 Rnm= 1.414 K  shell
# # Pot 1 Z=26 Rmt= 1.284 Rnm= 1.383
# # Pot 2 Z= 8 Rmt= 0.980 Rnm= 1.072
# # Gam_ch=1.897E+00 H-L exch
# # Mu=-1.175E+01 kf=2.218E+00 Vint=-1.968E+01 Rs_int= 1.635
# # PATH  Rmax= 8.500,  Keep_limit= 0.00, Heap_limit 0.00  Pwcrit= 2.50%
#  S02=1.000                                        Global_sig2= 0.00000
#  Energy zero shift, vr, vi   -2.00000E+00   0.00000E+00
#  Curved wave amplitude ratio filter   4.000%
#     file         sig2 tot  cw amp ratio   deg  nlegs   reff  inp sig2
#           1       0.00000    100.00      1.00     2   1.9962
#           2       0.00000     97.92      1.00     2   2.0128
#           3       0.00000     94.49      1.00     2   2.0412
#           4       0.00000     90.89      1.00     2   2.0727
#           5       0.00000     67.40      1.00     2   2.3296
#           6       0.00000     63.46      1.00     2   2.3846
#           7       0.00000     37.58      1.00     2   2.8782
#           8       0.00000     37.16      1.00     2   2.8931
#           9       0.00000     36.85      1.00     2   2.9042
#          10       0.00000     34.16      1.00     2   3.0050
#          11       0.00000     32.49      1.00     2   3.0725
#          12       0.00000     28.17      1.00     2   3.2680
#          13       0.00000     25.87      1.00     2   3.3472
#          14       0.00000     24.94      1.00     2   3.3924
#          15       0.00000     12.52      2.00     3   3.3955
#          16       0.00000     25.51      1.00     2   3.4067
#          17       0.00000     12.32      2.00     3   3.4130
#          18       0.00000     11.21      2.00     3   3.4421
#          19       0.00000     10.94      2.00     3   3.4519
#          20       0.00000     16.84      2.00     3   3.4638
#          21       0.00000     23.31      1.00     2   3.4776
#          22       0.00000     13.02      2.00     3   3.4841
#          23       0.00000     22.86      1.00     2   3.5026
#          24       0.00000      9.01      2.00     3   3.5060
#          25       0.00000      8.31      2.00     3   3.5070
#          26       0.00000     23.56      1.00     2   3.5201
#          27       0.00000     21.85      1.00     2   3.5604
#          28       0.00000      8.84      2.00     3   3.5615
#          29       0.00000     11.01      2.00     3   3.5850
#          30       0.00000      8.75      2.00     3   3.5982
#          31       0.00000      7.18      2.00     3   3.6009
#          32       0.00000      9.87      2.00     3   3.6164
#          33       0.00000      7.04      2.00     3   3.6169
#          34       0.00000     16.03      2.00     3   3.6169
#          35       0.00000     22.03      1.00     2   3.6176
#          36       0.00000      7.83      2.00     3   3.6210
#          37       0.00000      7.80      2.00     3   3.6707
#          38       0.00000      8.56      2.00     3   3.6833
#          39       0.00000     19.88      1.00     2   3.6843
#          40       0.00000     17.17      2.00     3   3.6879
#          41       0.00000     18.65      2.00     3   3.7108
#          42       0.00000      9.67      2.00     3   3.7265
#          43       0.00000      9.01      2.00     3   3.7348
#          44       0.00000      7.30      2.00     3   3.7418
#          45       0.00000      6.55      2.00     3   3.7478
#          46       0.00000      7.00      2.00     3   3.7730
#          47       0.00000     18.26      1.00     2   3.7990
#          48       0.00000      5.84      1.00     4   3.8552
#          49       0.00000     18.73      1.00     2   3.8581
#          50       0.00000     17.43      1.00     2   3.8626
#          51       0.00000     18.65      1.00     2   3.8650
#          52       0.00000     18.59      1.00     2   3.8693
#          53       0.00000     14.06      2.00     3   3.8872
#          54       0.00000      6.29      1.00     4   3.9015
#          55       0.00000      6.42      1.00     4   3.9129
#          56       0.00000      6.27      1.00     4   3.9329
#          57       0.00000      4.39      1.00     4   3.9657
#          58       0.00000      4.27      1.00     4   3.9692
#          59       0.00000      8.98      1.00     4   3.9923
#          60       0.00000      5.49      1.00     4   3.9996
#          61       0.00000     17.06      1.00     2   4.0005
#          62       0.00000     27.05      2.00     3   4.0056
#          63       0.00000     15.59      1.00     2   4.0191
#          64       0.00000     15.33      2.00     3   4.0236
#          65       0.00000      8.60      1.00     4   4.0256
#          66       0.00000     20.39      2.00     4   4.0540
#          67       0.00000      9.64      2.00     3   4.0565
#          69       0.00000      8.00      1.00     4   4.0824
#          70       0.00000     12.65      2.00     3   4.0990
#          71       0.00000      7.98      2.00     3   4.0992
#          72       0.00000      8.44      2.00     3   4.1223
#          73       0.00000      8.87      2.00     3   4.1284
#          74       0.00000      7.40      1.00     4   4.1454
#          75       0.00000      7.47      2.00     3   4.1554
#          76       0.00000      4.02      1.00     4   4.1567
#          77       0.00000     14.15      1.00     2   4.1589
#          78       0.00000      7.60      2.00     3   4.1613
#          79       0.00000      7.88      2.00     3   4.1612
#          80       0.00000      7.38      2.00     3   4.1704
#          81       0.00000      6.73      1.00     4   4.1890
#          83       0.00000     12.13      2.00     3   4.1998
#          84       0.00000     13.24      1.00     2   4.2569
#          85       0.00000     21.11      2.00     3   4.2789
#          86       0.00000     15.30      2.00     4   4.3257
#          88       0.00000      6.98      2.00     3   4.3318
#          89       0.00000      6.75      2.00     3   4.3494
#          90       0.00000      7.41      2.00     3   4.3571
#          91       0.00000      7.36      2.00     3   4.3646
#          92       0.00000     12.30      1.00     2   4.3673
#          93       0.00000      6.10      2.00     3   4.3700
#          94       0.00000      6.91      2.00     3   4.3972
#          95       0.00000      4.40      1.00     4   4.3992
#          96       0.00000     18.79      2.00     3   4.4125
#          97       0.00000     11.81      1.00     2   4.4290
#          98       0.00000     11.74      1.00     2   4.4377
#          99       0.00000     11.69      1.00     2   4.4450
#         100       0.00000     13.38      2.00     4   4.4573
#         101       0.00000      6.63      2.00     3   4.4603
#         102       0.00000     18.84      2.00     3   4.4985
#         103       0.00000     11.26      1.00     2   4.5023
#         104       0.00000      6.50      2.00     3   4.5069
#         105       0.00000      6.11      2.00     3   4.5080
#         106       0.00000      9.39      2.00     3   4.5129
#         107       0.00000     22.95      2.00     3   4.5153
#         108       0.00000     11.08      1.00     2   4.5272
#         110       0.00000     10.96      1.00     2   4.5440
#         111       0.00000     10.96      1.00     2   4.5447
#         112       0.00000      6.63      2.00     3   4.5506
#         114       0.00000     10.71      1.00     2   4.5809
#         115       0.00000      5.85      2.00     3   4.5877
#         116       0.00000     13.37      1.00     4   4.5929
#         117       0.00000     19.81      2.00     3   4.6003
#         118       0.00000     10.57      1.00     2   4.6012
#         119       0.00000      8.69      2.00     3   4.6155
#         120       0.00000     19.98      2.00     3   4.6198
#         121       0.00000      9.96      1.00     4   4.6296
#         123       0.00000     19.02      2.00     3   4.6451
#         124       0.00000      4.07      1.00     4   4.6591
#         125       0.00000      6.27      2.00     3   4.6631
#         127       0.00000     10.08      1.00     2   4.6764
#         128       0.00000     10.07      1.00     2   4.6770
#         129       0.00000      5.06      2.00     3   4.6787
#         130       0.00000     10.73      2.00     3   4.6881
#         131       0.00000     15.20      2.00     3   4.6944
#         132       0.00000     11.00      1.00     4   4.6983
#         133       0.00000     11.22      1.00     4   4.7124
#         134       0.00000      6.60      2.00     3   4.7138
#         135       0.00000      4.63      2.00     3   4.7185
#         136       0.00000     15.09      2.00     3   4.7267
#         137       0.00000      6.78      2.00     3   4.7300
#         138       0.00000      4.96      2.00     3   4.7412
#         139       0.00000     10.50      1.00     4   4.7454
#         140       0.00000      9.65      1.00     2   4.7463
#         141       0.00000      4.57      2.00     3   4.7497
#         142       0.00000      4.40      2.00     3   4.7603
#         143       0.00000      8.72      2.00     3   4.7611
#         145       0.00000      7.09      2.00     3   4.7822
#         146       0.00000      6.73      2.00     3   4.7881
#         147       0.00000      9.39      1.00     2   4.7908
#         148       0.00000      4.47      2.00     3   4.7904
#         149       0.00000      9.37      1.00     2   4.7928
#         151       0.00000      7.66      2.00     3   4.8363
#         152       0.00000      4.13      2.00     3   4.8410
#         153       0.00000      7.63      1.00     4   4.8447
#         154       0.00000     10.11      1.00     2   4.8565
#         156       0.00000      6.33      2.00     3   4.8714
#         157       0.00000      7.61      1.00     4   4.8725
#         161       0.00000      9.95      2.00     3   4.9113
#         162       0.00000      8.55      2.00     3   4.9142
#         163       0.00000      5.77      2.00     3   4.9145
#         164       0.00000      8.69      1.00     2   4.9167
#         166       0.00000      7.87      2.00     3   4.9201
#         168       0.00000      8.94      2.00     3   4.9412
#         169       0.00000      4.43      1.00     4   4.9472
#         170       0.00000      9.52      1.00     2   4.9614
#         172       0.00000      5.32      2.00     4   4.9769
#         173       0.00000      8.18      1.00     2   5.0181
#         176       0.00000     20.56      2.00     3   5.0253
#         177       0.00000      8.19      2.00     3   5.0252
#         178       0.00000      9.13      2.00     3   5.0289
#         179       0.00000     13.11      1.00     4   5.0326
#         180       0.00000      8.43      2.00     3   5.0543
#         181       0.00000      7.30      2.00     3   5.0569
#         182       0.00000      7.97      1.00     2   5.0614
#         184       0.00000      8.97      1.00     2   5.0681
#         186       0.00000      7.90      1.00     2   5.0755
#         188       0.00000     19.18      2.00     3   5.0809
#         190       0.00000     11.79      1.00     4   5.0862
#         191       0.00000      7.67      2.00     3   5.1101
#         193       0.00000      8.73      1.00     2   5.1170
#         194       0.00000      7.17      2.00     3   5.1365
#         195       0.00000      4.29      1.00     4   5.1461
#         196       0.00000      8.47      2.00     3   5.1539
#         199       0.00000      9.45      2.00     3   5.1926
#         200       0.00000      7.34      1.00     2   5.2011
#         201       0.00000      6.88      2.00     3   5.2040
#         203       0.00000     17.35      2.00     3   5.2082
#         205       0.00000     10.43      1.00     4   5.2152
#         206       0.00000      8.25      1.00     2   5.2189
#         208       0.00000      7.14      2.00     3   5.2433
#         211       0.00000      8.04      1.00     2   5.2668
#         213       0.00000      6.72      2.00     3   5.2739
#         214       0.00000      4.03      2.00     4   5.2808
#         219       0.00000      4.35      1.00     4   5.3170
#         221       0.00000      6.06      2.00     3   5.3319
#         224       0.00000      7.64      1.00     2   5.3614
#         226       0.00000      6.67      1.00     2   5.3684
#         227       0.00000      6.62      1.00     2   5.3798
#         228       0.00000      7.13      2.00     3   5.3807
#         232       0.00000      6.57      1.00     2   5.3932
#         233       0.00000      7.74      2.00     3   5.4010
#         235       0.00000      7.44      1.00     2   5.4114
#         236       0.00000      6.53      2.00     3   5.4175
#         240       0.00000      6.41      1.00     2   5.4369
#         241       0.00000      5.55      2.00     3   5.4481
#         242       0.00000      5.66      2.00     3   5.4596
#         243       0.00000      6.89      2.00     3   5.4658
#         244       0.00000      4.53      2.00     3   5.4669
#         245       0.00000     10.11      2.00     3   5.4767
#         246       0.00000      4.93      2.00     3   5.4851
#         247       0.00000      7.14      1.00     2   5.4884
#         248       0.00000      4.36      2.00     4   5.4904
#         249       0.00000      6.57      2.00     3   5.4950
#         250       0.00000      6.09      2.00     3   5.5043
#         251       0.00000      7.06      1.00     2   5.5080
#         252       0.00000      5.58      2.00     3   5.5346
#         254       0.00000      4.49      1.00     4   5.5419
#         258       0.00000      5.94      1.00     2   5.5736
#         260       0.00000      7.98      2.00     3   5.5801
#         262       0.00000      6.79      1.00     2   5.5832
#         264       0.00000      6.88      2.00     3   5.5850
#         265       0.00000      5.77      2.00     3   5.5902
#         266       0.00000      4.71      2.00     3   5.5946
#         267       0.00000      4.50      2.00     3   5.5955
#         271       0.00000      7.01      2.00     3   5.6174
#         272       0.00000      5.78      1.00     2   5.6236
#         276       0.00000      5.74      1.00     2   5.6373
#         277       0.00000      5.49      2.00     3   5.6417
#         279       0.00000      9.45      2.00     3   5.6628
#         283       0.00000      5.66      2.00     3   5.6796
#         284       0.00000      4.33      2.00     3   5.6846
#         285       0.00000      4.35      2.00     4   5.6950
#         287       0.00000      4.78      2.00     3   5.7045
#         290       0.00000      6.28      1.00     2   5.7339
#         291       0.00000      5.44      1.00     2   5.7352
#         292       0.00000      4.44      1.00     4   5.7423
#         293       0.00000      4.34      2.00     3   5.7516
#         296       0.00000      6.19      1.00     2   5.7629
#         297       0.00000      6.17      1.00     2   5.7686
#         298       0.00000      7.10      2.00     3   5.7722
#         299       0.00000     12.72      2.00     3   5.7784
#         300       0.00000      5.31      1.00     2   5.7797
#         303       0.00000      6.47      1.00     4   5.7882
#         306       0.00000      5.03      2.00     3   5.7990
#         311       0.00000      6.02      1.00     2   5.8162
#         313       0.00000      5.77      2.00     3   5.8294
#         315       0.00000      7.22      2.00     3   5.8363
#         324       0.00000      4.60      2.00     3   5.8748
#         325       0.00000      9.27      2.00     3   5.8788
#         327       0.00000      5.01      1.00     2   5.8892
#         331       0.00000      6.69      2.00     3   5.8991
#         334       0.00000      4.31      2.00     3   5.9081
#         339       0.00000      5.69      1.00     2   5.9300
#   243/ 317 paths used
#  -----------------------------------------------------------------------
#       k          chi          mag           phase @#
    -0.7000   -3.767433E-01  4.098589E-01 -1.166050E+00
    -0.6500   -3.615072E-01  3.834703E-01 -1.230709E+00
    -0.6000   -3.609850E-01  3.759297E-01 -1.287882E+00
    -0.5500   -3.681218E-01  3.792851E-01 -1.327576E+00
    -0.5000   -3.787748E-01  3.883059E-01 -1.348776E+00
    -0.4500   -3.905929E-01  3.998083E-01 -1.355675E+00
    -0.4000   -4.019328E-01  4.116049E-01 -1.353581E+00
    -0.3500   -4.124858E-01  4.232699E-01 -1.344580E+00
    -0.3000   -4.214896E-01  4.336911E-01 -1.333028E+00
    -0.2500   -4.288428E-01  4.425858E-01 -1.320942E+00
    -0.2000   -4.346032E-01  4.498508E-01 -1.309691E+00
    -0.1500   -4.390411E-01  4.557276E-01 -1.299353E+00
    -0.1000   -4.421380E-01  4.599850E-01 -1.291324E+00
    -0.0500   -4.439458E-01  4.625311E-01 -1.286354E+00
     0.0000   -4.445396E-01  4.633782E-01 -1.284673E+00
     0.0500   -4.451290E-01  4.642244E-01 -1.282980E+00
     0.1000   -4.468695E-01  4.667572E-01 -1.277831E+00
     0.1500   -4.496757E-01  4.709572E-01 -1.269027E+00
     0.2000   -4.533950E-01  4.767853E-01 -1.256265E+00
     0.2500   -4.577958E-01  4.841751E-01 -1.239179E+00
     0.3000   -4.625557E-01  4.930250E-01 -1.217390E+00
     0.3500   -4.673207E-01  5.033728E-01 -1.190027E+00
     0.4000   -4.716914E-01  5.155983E-01 -1.155119E+00
     0.4500   -4.746939E-01  5.288900E-01 -1.114132E+00
     0.5000   -4.755168E-01  5.429880E-01 -1.066968E+00
     0.5500   -4.732639E-01  5.580319E-01 -1.012379E+00
     0.6000   -4.666827E-01  5.742591E-01 -9.487182E-01
     0.6500   -4.546153E-01  5.904784E-01 -8.787001E-01
     0.7000   -4.359620E-01  6.067420E-01 -8.016856E-01
     0.7500   -4.090465E-01  6.237738E-01 -7.151900E-01
     0.8000   -3.732941E-01  6.398679E-01 -6.228994E-01
     0.8500   -3.273952E-01  6.555196E-01 -5.229567E-01
     0.9000   -2.703515E-01  6.706026E-01 -4.149532E-01
     0.9500   -2.034622E-01  6.838297E-01 -3.021080E-01
     1.0000   -1.248417E-01  6.964527E-01 -1.802278E-01
     1.0500   -3.773236E-02  7.068766E-01 -5.340438E-02
     1.1000    5.674442E-02  7.153192E-01  7.941085E-02
     1.1500    1.567325E-01  7.217756E-01  2.188924E-01
     1.2000    2.566971E-01  7.252228E-01  3.617978E-01
     1.2500    3.563526E-01  7.266990E-01  5.125162E-01
     1.3000    4.477136E-01  7.247933E-01  6.658300E-01
     1.3500    5.290654E-01  7.202353E-01  8.250372E-01
     1.4000    5.946430E-01  7.124262E-01  9.875392E-01
     1.4500    6.414280E-01  7.015117E-01  1.153902E+00
     1.5000    6.666973E-01  6.875108E-01  1.324107E+00
     1.5500    6.684610E-01  6.703161E-01  1.496382E+00
     1.6000    6.468652E-01  6.502426E-01  1.672762E+00
     1.6500    6.030124E-01  6.272240E-01  1.849551E+00
     1.7000    5.391949E-01  6.016552E-01  2.030496E+00
     1.7500    4.601361E-01  5.736585E-01  2.210776E+00
     1.8000    3.695586E-01  5.434106E-01  2.393731E+00
     1.8500    2.742993E-01  5.114355E-01  2.575507E+00
     1.9000    1.778349E-01  4.776322E-01  2.760079E+00
     1.9500    8.720672E-02  4.427012E-01  2.943308E+00
     2.0000    7.857454E-03  4.074374E-01  3.122306E+00
     2.0500   -5.733809E-02  3.724068E-01  3.296174E+00
     2.1000   -1.067474E-01  3.367705E-01  3.464130E+00
     2.1500   -1.396452E-01  3.010555E-01  3.623931E+00
     2.2000   -1.580394E-01  2.675710E-01  3.773451E+00
     2.2500   -1.647756E-01  2.367922E-01  3.911218E+00
     2.3000   -1.623155E-01  2.082880E-01  4.035115E+00
     2.3500   -1.518836E-01  1.807624E-01  4.139317E+00
     2.4000   -1.386746E-01  1.571991E-01  4.222021E+00
     2.4500   -1.254953E-01  1.380999E-01  4.281820E+00
     2.5000   -1.147262E-01  1.240118E-01  4.322953E+00
     2.5500   -1.097970E-01  1.170481E-01  4.358551E+00
     2.6000   -1.069357E-01  1.124650E-01  4.397516E+00
     2.6500   -1.058004E-01  1.097338E-01  4.443832E+00
     2.7000   -1.060819E-01  1.085243E-01  4.499834E+00
     2.7500   -1.070932E-01  1.080482E-01  4.579337E+00
     2.8000   -1.080280E-01  1.081386E-01  4.667152E+00
     2.8500   -1.085713E-01  1.087019E-01  4.761402E+00
     2.9000   -1.084535E-01  1.096757E-01  4.861814E+00
     2.9500   -1.070130E-01  1.106549E-01  4.969660E+00
     3.0000   -1.041836E-01  1.117903E-01  5.083416E+00
     3.0500   -9.981532E-02  1.131412E-01  5.202630E+00
     3.1000   -9.365594E-02  1.146699E-01  5.327440E+00
     3.1500   -8.544137E-02  1.162262E-01  5.457327E+00
     3.2000   -7.487349E-02  1.176991E-01  5.593696E+00
     3.2500   -6.192968E-02  1.189782E-01  5.735734E+00
     3.3000   -4.688315E-02  1.200572E-01  5.882003E+00
     3.3500   -3.001664E-02  1.210824E-01  6.032671E+00
     3.4000   -1.147988E-02  1.219349E-01  6.188898E+00
     3.4500    8.187578E-03  1.224306E-01  6.350110E+00
     3.5000    2.822105E-02  1.224741E-01  6.515699E+00
     3.5500    4.781060E-02  1.221601E-01  6.685312E+00
     3.6000    6.609391E-02  1.214421E-01  6.858671E+00
     3.6500    8.197992E-02  1.200840E-01  7.034620E+00
     3.7000    9.457336E-02  1.180698E-01  7.212141E+00
     3.7500    1.032890E-01  1.154563E-01  7.390756E+00
     3.8000    1.077723E-01  1.122797E-01  7.569672E+00
     3.8500    1.079243E-01  1.085468E-01  7.746840E+00
     3.9000    1.041306E-01  1.043657E-01  7.921110E+00
     3.9500    9.713058E-02  9.995376E-02  8.092220E+00
     4.0000    8.777802E-02  9.554556E-02  8.259994E+00
     4.0500    7.686272E-02  9.116822E-02  8.421780E+00
     4.1000    6.523872E-02  8.702153E-02  8.577192E+00
     4.1500    5.353087E-02  8.329495E-02  8.726804E+00
     4.2000    4.206566E-02  8.013421E-02  8.872133E+00
     4.2500    3.095275E-02  7.765385E-02  9.014789E+00
     4.3000    2.000661E-02  7.589007E-02  9.157999E+00
     4.3500    8.922343E-03  7.479321E-02  9.305200E+00
     4.4000   -2.538148E-03  7.425147E-02  9.458968E+00
     4.4500   -1.455393E-02  7.408034E-02  9.622526E+00
     4.5000   -2.697317E-02  7.405540E-02  9.797583E+00
     4.5500   -3.928970E-02  7.396748E-02  9.984765E+00
     4.6000   -5.071568E-02  7.370403E-02  1.018364E+01
     4.6500   -6.019399E-02  7.300055E-02  1.039422E+01
     4.7000   -6.660474E-02  7.172084E-02  1.061558E+01
     4.7500   -6.902285E-02  6.979534E-02  1.084666E+01
     4.8000   -6.698728E-02  6.726041E-02  1.108572E+01
     4.8500   -6.042688E-02  6.403503E-02  1.133287E+01
     4.9000   -4.992291E-02  6.016775E-02  1.158775E+01
     4.9500   -3.658997E-02  5.573831E-02  1.185025E+01
     5.0000   -2.200437E-02  5.085242E-02  1.211887E+01
     5.0500   -7.768733E-03  4.560672E-02  1.239519E+01
     5.1000    4.571159E-03  4.015532E-02  1.268045E+01
     5.1500    1.383517E-02  3.466673E-02  1.297690E+01
     5.2000    1.927911E-02  2.927468E-02  1.328527E+01
     5.2500    2.093110E-02  2.416632E-02  1.361377E+01
     5.3000    1.927753E-02  1.954293E-02  1.397217E+01
     5.3500    1.519468E-02  1.563295E-02  1.437451E+01
     5.4000    9.654575E-03  1.257481E-02  1.483261E+01
     5.4500    3.766038E-03  1.071525E-02  1.534883E+01
     5.5000   -1.699291E-03  1.013983E-02  1.587634E+01
     5.5500   -6.305543E-03  1.059706E-02  1.634526E+01
     5.6000   -9.931275E-03  1.161425E-02  1.673370E+01
     5.6500   -1.267726E-02  1.303179E-02  1.704497E+01
     5.7000   -1.476664E-02  1.477024E-02  1.730082E+01
     5.7500   -1.635141E-02  1.685277E-02  1.752329E+01
     5.8000   -1.728798E-02  1.927452E-02  1.773677E+01
     5.8500   -1.735280E-02  2.210312E-02  1.794672E+01
     5.9000   -1.609617E-02  2.531199E-02  1.816037E+01
     5.9500   -1.300270E-02  2.882343E-02  1.838154E+01
     6.0000   -7.455326E-03  3.244051E-02  1.861767E+01
     6.0500    4.351473E-04  3.611722E-02  1.886160E+01
     6.1000    1.028742E-02  3.973495E-02  1.911144E+01
     6.1500    2.131234E-02  4.316594E-02  1.936593E+01
     6.2000    3.236572E-02  4.629293E-02  1.962376E+01
     6.2500    4.212387E-02  4.901484E-02  1.988367E+01
     6.3000    4.931291E-02  5.125122E-02  2.014445E+01
     6.3500    5.293923E-02  5.294550E-02  2.040497E+01
     6.4000    5.246841E-02  5.406725E-02  2.066415E+01
     6.4500    4.791215E-02  5.461334E-02  2.092095E+01
     6.5000    3.971610E-02  5.464431E-02  2.117748E+01
     6.5500    2.885059E-02  5.420395E-02  2.142988E+01
     6.6000    1.651081E-02  5.335692E-02  2.167654E+01
     6.6500    3.876251E-03  5.219207E-02  2.191681E+01
     6.7000   -8.051605E-03  5.081006E-02  2.215028E+01
     6.7500   -1.855721E-02  4.931522E-02  2.237695E+01
     6.8000   -2.723468E-02  4.780558E-02  2.259729E+01
     6.8500   -3.393627E-02  4.636210E-02  2.281238E+01
     6.9000   -3.867427E-02  4.503865E-02  2.302386E+01
     6.9500   -4.151474E-02  4.385510E-02  2.323378E+01
     7.0000   -4.259401E-02  4.288440E-02  2.344550E+01
     7.0500   -4.181102E-02  4.201247E-02  2.365991E+01
     7.1000   -3.909991E-02  4.113674E-02  2.387794E+01
     7.1500   -3.449302E-02  4.017570E-02  2.410030E+01
     7.2000   -2.817022E-02  3.905097E-02  2.432696E+01
     7.2500   -2.051602E-02  3.769749E-02  2.455727E+01
     7.3000   -1.212292E-02  3.607071E-02  2.478998E+01
     7.3500   -3.730280E-03  3.415118E-02  2.502329E+01
     7.4000    3.891329E-03  3.194685E-02  2.525485E+01
     7.4500    1.008232E-02  2.949414E-02  2.548162E+01
     7.5000    1.442172E-02  2.690541E-02  2.569845E+01
     7.5500    1.683509E-02  2.425345E-02  2.589995E+01
     7.6000    1.758139E-02  2.165420E-02  2.608017E+01
     7.6500    1.717837E-02  1.927843E-02  2.623243E+01
     7.7000    1.626564E-02  1.732311E-02  2.635232E+01
     7.7500    1.543740E-02  1.597758E-02  2.644277E+01
     7.8000    1.509202E-02  1.535389E-02  2.651858E+01
     7.8500    1.533833E-02  1.541644E-02  2.660283E+01
     7.9000    1.598322E-02  1.598421E-02  2.671466E+01
     7.9500    1.660264E-02  1.681174E-02  2.686142E+01
     8.0000    1.673745E-02  1.774130E-02  2.704155E+01
     8.0500    1.587092E-02  1.856262E-02  2.724880E+01
     8.1000    1.369566E-02  1.911966E-02  2.747583E+01
     8.1500    1.023790E-02  1.934226E-02  2.771656E+01
     8.2000    5.827023E-03  1.919938E-02  2.796597E+01
     8.2500    1.018400E-03  1.869138E-02  2.821982E+01
     8.3000   -3.543160E-03  1.784452E-02  2.847422E+01
     8.3500   -7.280402E-03  1.670702E-02  2.872523E+01
     8.4000   -9.817422E-03  1.534636E-02  2.896847E+01
     8.4500   -1.105430E-02  1.384736E-02  2.919880E+01
     8.5000   -1.118638E-02  1.233372E-02  2.941038E+01
     8.5500   -1.057127E-02  1.090845E-02  2.959585E+01
     8.6000   -9.640269E-03  9.684085E-03  2.974997E+01
     8.6500   -8.775086E-03  8.778932E-03  2.987473E+01
     8.7000   -8.182209E-03  8.262307E-03  2.998449E+01
     8.7500   -7.843521E-03  8.113274E-03  3.010372E+01
     8.8000   -7.541642E-03  8.221708E-03  3.025472E+01
     8.8500   -6.951195E-03  8.439363E-03  3.044809E+01
     8.9000   -5.767746E-03  8.633655E-03  3.068434E+01
     8.9500   -3.835070E-03  8.712713E-03  3.096014E+01
     9.0000   -1.229308E-03  8.645580E-03  3.127325E+01
     9.0500    1.727881E-03  8.420040E-03  3.162261E+01
     9.1000    4.508761E-03  8.054262E-03  3.201007E+01
     9.1500    6.509232E-03  7.618078E-03  3.244041E+01
     9.2000    7.205801E-03  7.222825E-03  3.291805E+01
     9.2500    6.302826E-03  7.012210E-03  3.344041E+01
     9.3000    3.831142E-03  7.123952E-03  3.398971E+01
     9.3500    1.703257E-04  7.626217E-03  3.453518E+01
     9.4000   -4.013449E-03  8.484646E-03  3.505024E+01
     9.4500   -7.900224E-03  9.595371E-03  3.552479E+01
     9.5000   -1.069005E-02  1.083993E-02  3.596183E+01
     9.5500   -1.176929E-02  1.211832E-02  3.636890E+01
     9.6000   -1.083093E-02  1.334817E-02  3.675254E+01
     9.6500   -7.942333E-03  1.446555E-02  3.711788E+01
     9.7000   -3.524177E-03  1.542287E-02  3.746857E+01
     9.7500    1.743679E-03  1.618699E-02  3.780704E+01
     9.8000    7.064525E-03  1.673791E-02  3.813484E+01
     9.8500    1.168049E-02  1.706768E-02  3.845284E+01
     9.9000    1.500636E-02  1.717954E-02  3.876146E+01
     9.9500    1.671450E-02  1.708691E-02  3.906074E+01
    10.0000    1.679511E-02  1.685099E-02  3.935137E+01
    10.0500    1.542838E-02  1.650225E-02  3.963265E+01
    10.1000    1.292991E-02  1.604196E-02  3.990333E+01
    10.1500    9.722397E-03  1.550896E-02  4.016315E+01
    10.2000    6.209558E-03  1.494349E-02  4.041217E+01
    10.2500    2.712821E-03  1.438373E-02  4.065096E+01
    10.3000   -5.552781E-04  1.386200E-02  4.088077E+01
    10.3500   -3.482218E-03  1.340102E-02  4.110357E+01
    10.4000   -6.022117E-03  1.301104E-02  4.132191E+01
    10.4500   -8.153928E-03  1.268891E-02  4.153860E+01
    10.5000   -9.847155E-03  1.241941E-02  4.175623E+01
    10.5500   -1.104621E-02  1.217876E-02  4.197683E+01
    10.6000   -1.167695E-02  1.193912E-02  4.220155E+01
    10.6500   -1.167095E-02  1.167310E-02  4.243071E+01
    10.7000   -1.099755E-02  1.135728E-02  4.266386E+01
    10.7500   -9.691315E-03  1.097457E-02  4.289993E+01
    10.8000   -7.864564E-03  1.051538E-02  4.313739E+01
    10.8500   -5.699661E-03  9.977959E-03  4.337430E+01
    10.9000   -3.422016E-03  9.368146E-03  4.360836E+01
    10.9500   -1.260670E-03  8.698843E-03  4.383686E+01
    11.0000    5.982343E-04  8.012015E-03  4.405703E+01
    11.0500    2.046937E-03  7.331985E-03  4.426524E+01
    11.1000    3.045596E-03  6.662928E-03  4.445702E+01
    11.1500    3.636668E-03  6.038991E-03  4.462855E+01
    11.2000    3.923261E-03  5.496384E-03  4.477719E+01
    11.2500    4.036257E-03  5.068830E-03  4.490343E+01
    11.3000    4.099022E-03  4.780062E-03  4.501274E+01
    11.3500    4.198704E-03  4.635516E-03  4.511549E+01
    11.4000    4.370529E-03  4.618880E-03  4.522368E+01
    11.4500    4.597402E-03  4.697491E-03  4.534629E+01
    11.5000    4.822792E-03  4.833335E-03  4.548703E+01
    11.5500    4.971595E-03  4.992720E-03  4.564512E+01
    11.6000    4.972223E-03  5.151120E-03  4.581741E+01
    11.6500    4.773797E-03  5.294030E-03  4.600013E+01
    11.7000    4.354629E-03  5.415752E-03  4.618978E+01
    11.7500    3.721321E-03  5.517455E-03  4.638365E+01
    11.8000    2.900769E-03  5.605052E-03  4.657993E+01
    11.8500    1.929259E-03  5.687041E-03  4.677778E+01
    11.9000    8.432026E-04  5.772408E-03  4.697729E+01
    11.9500   -3.250384E-04  5.868723E-03  4.717930E+01
    12.0000   -1.552052E-03  5.990168E-03  4.738598E+01
    12.0500   -2.811786E-03  6.142165E-03  4.759939E+01
    12.1000   -4.046546E-03  6.309611E-03  4.782012E+01
    12.1500   -5.180933E-03  6.485455E-03  4.804928E+01
    12.2000   -6.115839E-03  6.660425E-03  4.828749E+01
    12.2500   -6.737377E-03  6.824257E-03  4.853495E+01
    12.3000   -6.934194E-03  6.966810E-03  4.879149E+01
    12.3500   -6.620040E-03  7.078931E-03  4.905673E+01
    12.4000   -5.756613E-03  7.153048E-03  4.933018E+01
    12.4500   -4.371099E-03  7.183522E-03  4.961133E+01
    12.5000   -2.563568E-03  7.166799E-03  4.989968E+01
    12.5500   -5.013895E-04  7.101419E-03  5.019482E+01
    12.6000    1.599478E-03  6.987924E-03  5.049642E+01
    12.6500    3.503645E-03  6.828690E-03  5.080425E+01
    12.7000    4.990946E-03  6.627712E-03  5.111816E+01
    12.7500    5.890383E-03  6.390362E-03  5.143808E+01
    12.8000    6.107133E-03  6.123114E-03  5.176401E+01
    12.8500    5.637632E-03  5.833252E-03  5.209599E+01
    12.9000    4.569956E-03  5.528565E-03  5.243402E+01
    12.9500    3.069406E-03  5.217003E-03  5.277806E+01
    13.0000    1.350042E-03  4.911457E-03  5.312861E+01
    13.0500   -3.623140E-04  4.620368E-03  5.348557E+01
    13.1000   -1.850042E-03  4.342393E-03  5.384719E+01
    13.1500   -2.943946E-03  4.083096E-03  5.421233E+01
    13.2000   -3.545039E-03  3.846418E-03  5.457938E+01
    13.2500   -3.632638E-03  3.634459E-03  5.494622E+01
    13.3000   -3.258695E-03  3.447474E-03  5.531033E+01
    13.3500   -2.530548E-03  3.284146E-03  5.566899E+01
    13.4000   -1.586361E-03  3.142115E-03  5.601944E+01
    13.4500   -5.686451E-04  3.018682E-03  5.635916E+01
    13.5000    3.987805E-04  2.911543E-03  5.668607E+01
    13.5500    1.226249E-03  2.819389E-03  5.699863E+01
    13.6000    1.863994E-03  2.742244E-03  5.729607E+01
    13.6500    2.298470E-03  2.681442E-03  5.757843E+01
    13.7000    2.541697E-03  2.639205E-03  5.784679E+01
    13.7500    2.617525E-03  2.617869E-03  5.810325E+01
    13.8000    2.549123E-03  2.618913E-03  5.835084E+01
    13.8500    2.351173E-03  2.642043E-03  5.859312E+01
    13.9000    2.028618E-03  2.684633E-03  5.883363E+01
    13.9500    1.581662E-03  2.741689E-03  5.907534E+01
    14.0000    1.014223E-03  2.811767E-03  5.932123E+01
    14.0500    3.389072E-04  2.890687E-03  5.957275E+01
    14.1000   -4.070529E-04  2.961445E-03  5.982815E+01
    14.1500   -1.164718E-03  3.016526E-03  6.008667E+01
    14.2000   -1.861997E-03  3.049364E-03  6.034710E+01
    14.2500   -2.425876E-03  3.054755E-03  6.060784E+01
    14.3000   -2.796984E-03  3.029193E-03  6.086696E+01
    14.3500   -2.942595E-03  2.971206E-03  6.112217E+01
    14.4000   -2.864376E-03  2.881689E-03  6.137073E+01
    14.4500   -2.598360E-03  2.764311E-03  6.160932E+01
    14.5000   -2.206672E-03  2.626013E-03  6.183399E+01
    14.5500   -1.762750E-03  2.477586E-03  6.204025E+01
    14.6000   -1.333668E-03  2.334154E-03  6.222368E+01
    14.6500   -9.641110E-04  2.215022E-03  6.238153E+01
    14.7000   -6.662881E-04  2.141754E-03  6.251551E+01
    14.7500   -4.186023E-04  2.133412E-03  6.263436E+01
    14.8000   -1.736324E-04  2.200047E-03  6.275285E+01
    14.8500    1.264898E-04  2.338801E-03  6.288596E+01
    14.9000    5.312305E-04  2.535985E-03  6.304289E+01
    14.9500    1.064235E-03  2.772886E-03  6.322576E+01
    15.0000    1.714148E-03  3.032935E-03  6.343250E+01
    15.0500    2.430355E-03  3.302674E-03  6.365881E+01
    15.1000    3.124561E-03  3.566402E-03  6.389959E+01
    15.1500    3.695093E-03  3.814944E-03  6.415132E+01
    15.2000    4.041428E-03  4.041576E-03  6.441121E+01
    15.2500    4.083056E-03  4.241722E-03  6.467703E+01
    15.3000    3.774674E-03  4.412684E-03  6.494710E+01
    15.3500    3.114803E-03  4.553392E-03  6.522013E+01
    15.4000    2.146615E-03  4.664160E-03  6.549518E+01
    15.4500    9.515287E-04  4.746417E-03  6.577160E+01
    15.5000   -3.624215E-04  4.802432E-03  6.604898E+01
    15.5500   -1.674685E-03  4.835013E-03  6.632714E+01
    15.6000   -2.866086E-03  4.847199E-03  6.660610E+01
    15.6500   -3.830541E-03  4.841976E-03  6.688607E+01
    15.7000   -4.483687E-03  4.822019E-03  6.716741E+01
    15.7500   -4.768529E-03  4.789507E-03  6.745061E+01
    15.8000   -4.658811E-03  4.746016E-03  6.773624E+01
    15.8500   -4.160861E-03  4.692506E-03  6.802487E+01
    15.9000   -3.314245E-03  4.629402E-03  6.831711E+01
    15.9500   -2.190890E-03  4.556745E-03  6.861347E+01
    16.0000   -8.899105E-04  4.475399E-03  6.891486E+01
    16.0500    4.678737E-04  4.385708E-03  6.922192E+01
    16.1000    1.742611E-03  4.285953E-03  6.953375E+01
    16.1500    2.802191E-03  4.177369E-03  6.985033E+01
    16.2000    3.536214E-03  4.061705E-03  7.017151E+01
    16.2500    3.871127E-03  3.941186E-03  7.049700E+01
    16.3000    3.780771E-03  3.818422E-03  7.082638E+01
    16.3500    3.290073E-03  3.696264E-03  7.115905E+01
    16.4000    2.470925E-03  3.577637E-03  7.149423E+01
    16.4500    1.430903E-03  3.465357E-03  7.183098E+01
    16.5000    2.970143E-04  3.361969E-03  7.216817E+01
    16.5500   -8.024076E-04  3.269617E-03  7.250458E+01
    16.6000   -1.754258E-03  3.189977E-03  7.283891E+01
    16.6500   -2.472887E-03  3.124241E-03  7.316992E+01
    16.7000   -2.906406E-03  3.073158E-03  7.349649E+01
    16.7500   -3.036953E-03  3.037094E-03  7.381777E+01
    16.8000   -2.876169E-03  3.016093E-03  7.413322E+01
    16.8500   -2.457970E-03  3.009894E-03  7.444268E+01
    16.9000   -1.830920E-03  3.017907E-03  7.474634E+01
    16.9500   -1.052032E-03  3.039129E-03  7.504475E+01
    17.0000   -1.822698E-04  3.072621E-03  7.533887E+01
    17.0500    7.165459E-04  3.117151E-03  7.563017E+01
    17.1000    1.577142E-03  3.168321E-03  7.591927E+01
    17.1500    2.330760E-03  3.222106E-03  7.620689E+01
    17.2000    2.910729E-03  3.273968E-03  7.649349E+01
    17.2500    3.259537E-03  3.319125E-03  7.677925E+01
    17.3000    3.337763E-03  3.352872E-03  7.706399E+01
    17.3500    3.132635E-03  3.370925E-03  7.734728E+01
    17.4000    2.663432E-03  3.369755E-03  7.762837E+01
    17.4500    1.981432E-03  3.346916E-03  7.790626E+01
    17.5000    1.163392E-03  3.301349E-03  7.817968E+01
    17.5500    2.993182E-04  3.233664E-03  7.844712E+01
    17.6000   -5.229884E-04  3.146393E-03  7.870681E+01
    17.6500   -1.232965E-03  3.044192E-03  7.895682E+01
    17.7000   -1.788151E-03  2.933958E-03  7.919520E+01
    17.7500   -2.178063E-03  2.824744E-03  7.942033E+01
    17.8000   -2.420114E-03  2.727320E-03  7.963140E+01
    17.8500   -2.548776E-03  2.653144E-03  7.982919E+01
    17.9000   -2.601107E-03  2.612633E-03  8.001664E+01
    17.9500   -2.602808E-03  2.612979E-03  8.019888E+01
    18.0000   -2.558885E-03  2.656251E-03  8.038221E+01
    18.0500   -2.452798E-03  2.739717E-03  8.057236E+01
    18.1000   -2.250585E-03  2.855957E-03  8.077380E+01
    18.1500   -1.912133E-03  2.994064E-03  8.098868E+01
    18.2000   -1.407086E-03  3.142133E-03  8.121709E+01
    18.2500   -7.292688E-04  3.288836E-03  8.145781E+01
    18.3000    9.422621E-05  3.424362E-03  8.170893E+01
    18.3500    1.002094E-03  3.540857E-03  8.196834E+01
    18.4000    1.906633E-03  3.632575E-03  8.223397E+01
    18.4500    2.708529E-03  3.695865E-03  8.250392E+01
    18.5000    3.314945E-03  3.729090E-03  8.277644E+01
    18.5500    3.656441E-03  3.732490E-03  8.304999E+01
    18.6000    3.698668E-03  3.708012E-03  8.332321E+01
    18.6500    3.446320E-03  3.659095E-03  8.359491E+01
    18.7000    2.938977E-03  3.590405E-03  8.386409E+01
    18.7500    2.240624E-03  3.507505E-03  8.413005E+01
    18.8000    1.426125E-03  3.416453E-03  8.439239E+01
    18.8500    5.683986E-04  3.323332E-03  8.465112E+01
    18.9000   -2.705928E-04  3.233719E-03  8.490678E+01
    18.9500   -1.043449E-03  3.152167E-03  8.516039E+01
    19.0000   -1.717023E-03  3.083228E-03  8.541364E+01
    19.0500   -2.267770E-03  3.030329E-03  8.566858E+01
    19.1000   -2.668970E-03  2.989147E-03  8.592672E+01
    19.1500   -2.896615E-03  2.957920E-03  8.618985E+01
    19.2000   -2.927458E-03  2.933784E-03  8.645948E+01
    19.2500   -2.743710E-03  2.913299E-03  8.673668E+01
    19.3000   -2.340491E-03  2.892985E-03  8.702211E+01
    19.3500   -1.733582E-03  2.869764E-03  8.731598E+01
    19.4000   -9.646065E-04  2.841268E-03  8.761821E+01
    19.4500   -1.012934E-04  2.806008E-03  8.792849E+01
    19.5000    7.682772E-04  2.763408E-03  8.824632E+01
    19.5500    1.546882E-03  2.713752E-03  8.857112E+01
    19.6000    2.142737E-03  2.658047E-03  8.890218E+01
    19.6500    2.484368E-03  2.597850E-03  8.923873E+01
    19.7000    2.532553E-03  2.535062E-03  8.957989E+01
    19.7500    2.286759E-03  2.471727E-03  8.992471E+01
    19.8000    1.784867E-03  2.409829E-03  9.027213E+01
    19.8500    1.096467E-03  2.351127E-03  9.062102E+01
    19.9000    3.114294E-04  2.297028E-03  9.097019E+01
    19.9500   -4.737559E-04  2.248503E-03  9.131848E+01