# # tequil.ion_motion                                            FEFF 9.05   
# # POT  SCF  30  5.5000   1, core-hole, AFOLP (folp(0)= 1.150)
# # Abs   Z=30 Rmt= 1.330 Rnm= 1.424 K  shell
# # Pot 1 Z=26 Rmt= 1.272 Rnm= 1.386
# # Pot 2 Z= 8 Rmt= 0.998 Rnm= 1.082
# # Gam_ch=1.897E+00 H-L exch
# # Mu=-1.177E+01 kf=2.198E+00 Vint=-1.906E+01 Rs_int= 1.650
# # PATH  Rmax= 8.500,  Keep_limit= 0.00, Heap_limit 0.00  Pwcrit= 2.50%
#  S02=1.000                                        Global_sig2= 0.00000
#  Energy zero shift, vr, vi   -2.00000E+00   0.00000E+00
#  Curved wave amplitude ratio filter   4.000%
#     file         sig2 tot  cw amp ratio   deg  nlegs   reff  inp sig2
#           1       0.00000    100.00      1.00     2   1.9370
#           2       0.00000     94.18      1.00     2   1.9827
#           3       0.00000     80.25      1.00     2   2.1096
#           4       0.00000     65.97      1.00     2   2.2752
#           5       0.00000     63.61      1.00     2   2.3073
#           6       0.00000     61.35      1.00     2   2.3396
#           7       0.00000     33.33      1.00     2   2.8809
#           8       0.00000     31.57      1.00     2   2.9526
#           9       0.00000     30.30      1.00     2   3.0072
#          10       0.00000     26.48      1.00     2   3.1895
#          11       0.00000     25.12      1.00     2   3.2625
#          12       0.00000     24.77      1.00     2   3.2820
#          13       0.00000     24.67      1.00     2   3.2874
#          14       0.00000     22.65      1.00     2   3.3976
#          15       0.00000     22.09      1.00     2   3.4288
#          16       0.00000     21.33      1.00     2   3.4727
#          17       0.00000     21.30      1.00     2   3.4744
#          18       0.00000      9.95      2.00     3   3.4859
#          19       0.00000      8.90      2.00     3   3.4862
#          20       0.00000     21.04      1.00     2   3.4899
#          21       0.00000      8.82      2.00     3   3.5185
#          22       0.00000     20.91      1.00     2   3.5207
#          23       0.00000      7.91      2.00     3   3.5413
#          24       0.00000      9.04      2.00     3   3.5579
#          25       0.00000     19.83      1.00     2   3.5654
#          26       0.00000      9.39      2.00     3   3.5737
#          27       0.00000     16.18      2.00     3   3.5840
#          28       0.00000      7.90      2.00     3   3.6033
#          29       0.00000     14.61      2.00     3   3.6194
#          30       0.00000     14.40      2.00     3   3.6275
#          31       0.00000      6.67      2.00     3   3.6309
#          32       0.00000     10.34      2.00     3   3.6320
#          33       0.00000      8.70      2.00     3   3.6337
#          34       0.00000      7.75      2.00     3   3.6410
#          35       0.00000      8.02      2.00     3   3.6462
#          36       0.00000      7.60      2.00     3   3.6535
#          37       0.00000      8.40      2.00     3   3.6626
#          38       0.00000     18.41      1.00     2   3.7059
#          39       0.00000      9.06      2.00     3   3.7099
#          40       0.00000      6.90      2.00     3   3.7155
#          41       0.00000      7.48      2.00     3   3.7209
#          42       0.00000     16.06      2.00     3   3.7295
#          43       0.00000      7.09      2.00     3   3.7879
#          44       0.00000     16.99      1.00     2   3.8256
#          45       0.00000      6.32      2.00     3   3.8324
#          46       0.00000     16.16      1.00     2   3.8367
#          47       0.00000     16.51      1.00     2   3.8679
#          48       0.00000     10.27      1.00     4   3.8741
#          49       0.00000      4.41      1.00     4   3.8860
#          50       0.00000     15.58      1.00     2   3.8868
#          52       0.00000     15.90      1.00     2   3.9256
#          53       0.00000      4.95      2.00     3   3.9298
#          54       0.00000      5.22      1.00     4   3.9382
#          55       0.00000     15.64      1.00     2   3.9505
#          56       0.00000     14.82      1.00     2   3.9562
#          57       0.00000      9.07      1.00     4   3.9653
#          58       0.00000      4.02      1.00     4   3.9676
#          59       0.00000      4.12      1.00     4   3.9764
#          60       0.00000     14.52      2.00     3   3.9868
#          61       0.00000      4.84      1.00     4   4.0191
#          62       0.00000      8.64      2.00     3   4.0423
#          63       0.00000      9.35      2.00     3   4.0434
#          64       0.00000     12.98      2.00     3   4.0462
#          65       0.00000      8.76      2.00     3   4.0733
#          66       0.00000     15.14      2.00     3   4.0831
#          67       0.00000      4.19      1.00     4   4.1087
#          68       0.00000      8.01      2.00     3   4.1120
#          69       0.00000     11.91      2.00     3   4.1173
#          70       0.00000      7.68      2.00     3   4.1338
#          71       0.00000      6.51      1.00     4   4.1481
#          72       0.00000     21.70      2.00     3   4.1634
#          73       0.00000      7.21      2.00     3   4.1944
#          74       0.00000     17.25      2.00     4   4.2122
#          75       0.00000      6.44      1.00     4   4.2157
#          76       0.00000      6.53      1.00     4   4.2192
#          77       0.00000      4.90      1.00     4   4.2244
#          78       0.00000     20.05      2.00     3   4.2396
#          79       0.00000      6.44      2.00     3   4.2552
#          80       0.00000      6.73      2.00     3   4.2592
#          81       0.00000     15.61      2.00     4   4.2900
#          82       0.00000      8.34      2.00     3   4.3039
#          83       0.00000      4.31      1.00     4   4.3090
#          84       0.00000     11.42      1.00     2   4.3326
#          85       0.00000     11.41      1.00     2   4.3339
#          86       0.00000     17.04      2.00     3   4.3943
#          87       0.00000     10.94      1.00     2   4.3969
#          88       0.00000     10.93      1.00     2   4.3981
#          89       0.00000     10.90      1.00     2   4.4030
#          90       0.00000      6.97      2.00     3   4.4181
#          91       0.00000     10.64      1.00     2   4.4391
#          92       0.00000     12.65      2.00     4   4.4492
#          93       0.00000     10.43      1.00     2   4.4691
#          94       0.00000     17.44      2.00     3   4.4710
#          95       0.00000     10.22      1.00     2   4.5015
#          96       0.00000     19.28      2.00     3   4.5031
#          97       0.00000      6.30      2.00     3   4.5043
#          98       0.00000      9.97      1.00     2   4.5400
#          99       0.00000      9.96      1.00     2   4.5405
#         100       0.00000      9.94      1.00     2   4.5436
#         101       0.00000      4.40      1.00     4   4.5504
#         102       0.00000     18.51      2.00     3   4.5721
#         103       0.00000      4.67      2.00     3   4.5996
#         104       0.00000     14.55      2.00     3   4.6011
#         105       0.00000      4.85      2.00     3   4.6032
#         106       0.00000     11.00      1.00     4   4.6093
#         107       0.00000      9.37      1.00     4   4.6094
#         108       0.00000      4.09      1.00     4   4.6147
#         109       0.00000     19.35      2.00     3   4.6225
#         110       0.00000     16.69      2.00     3   4.6221
#         111       0.00000      4.89      2.00     3   4.6334
#         112       0.00000      4.61      2.00     3   4.6495
#         113       0.00000      4.73      2.00     3   4.6509
#         114       0.00000      9.26      1.00     2   4.6543
#         115       0.00000      4.46      2.00     3   4.6539
#         116       0.00000     10.54      1.00     4   4.6751
#         118       0.00000      7.44      2.00     3   4.7037
#         119       0.00000      8.88      2.00     3   4.7038
#         120       0.00000     11.42      1.00     4   4.7051
#         121       0.00000     13.09      2.00     3   4.7132
#         122       0.00000      9.22      1.00     4   4.7427
#         123       0.00000      6.64      2.00     3   4.7451
#         124       0.00000      4.61      2.00     3   4.7459
#         125       0.00000      7.39      1.00     4   4.7632
#         126       0.00000      6.28      2.00     3   4.7659
#         128       0.00000      8.60      1.00     2   4.7728
#         129       0.00000      8.59      1.00     2   4.7749
#         130       0.00000      6.91      2.00     3   4.7808
#         131       0.00000      8.53      1.00     2   4.7848
#         132       0.00000      8.45      1.00     2   4.7995
#         133       0.00000      9.28      2.00     3   4.8015
#         134       0.00000      4.16      2.00     4   4.8179
#         135       0.00000      8.28      1.00     2   4.8341
#         136       0.00000      5.94      2.00     3   4.8354
#         137       0.00000      7.29      2.00     3   4.8416
#         138       0.00000      9.16      2.00     3   4.8417
#         139       0.00000     10.64      2.00     3   4.8563
#         140       0.00000      5.36      2.00     3   4.8793
#         141       0.00000      6.57      1.00     4   4.8829
#         142       0.00000      4.97      2.00     3   4.8957
#         144       0.00000      5.69      2.00     3   4.9013
#         145       0.00000      7.83      1.00     2   4.9247
#         146       0.00000      8.61      1.00     2   4.9252
#         147       0.00000     11.69      2.00     3   4.9312
#         148       0.00000      4.30      2.00     4   4.9353
#         153       0.00000      8.65      2.00     3   5.0117
#         154       0.00000      8.14      1.00     2   5.0236
#         155       0.00000      6.41      2.00     3   5.0289
#         157       0.00000      9.55      2.00     3   5.0457
#         158       0.00000      4.96      1.00     4   5.0584
#         160       0.00000      7.16      2.00     3   5.0869
#         161       0.00000      7.84      1.00     2   5.0901
#         162       0.00000      5.93      1.00     4   5.0897
#         164       0.00000      7.80      1.00     2   5.1012
#         165       0.00000      6.47      2.00     3   5.1066
#         167       0.00000      6.80      2.00     3   5.1310
#         168       0.00000      8.37      2.00     3   5.1426
#         172       0.00000      4.62      1.00     4   5.1663
#         173       0.00000      7.48      1.00     2   5.1763
#         174       0.00000      6.70      1.00     2   5.1858
#         175       0.00000      6.73      2.00     3   5.1941
#         177       0.00000      6.54      1.00     2   5.2260
#         178       0.00000      7.42      2.00     3   5.2372
#         179       0.00000      6.47      1.00     2   5.2437
#         180       0.00000     15.78      2.00     3   5.2473
#         181       0.00000      6.46      1.00     2   5.2477
#         183       0.00000      9.73      1.00     4   5.2510
#         184       0.00000      6.21      2.00     3   5.2536
#         185       0.00000      5.57      2.00     3   5.2628
#         186       0.00000      7.13      1.00     2   5.2640
#         187       0.00000      6.39      1.00     2   5.2658
#         188       0.00000      6.38      1.00     2   5.2703
#         189       0.00000     14.82      2.00     3   5.2806
#         190       0.00000      7.66      2.00     3   5.2855
#         191       0.00000      6.31      1.00     2   5.2879
#         193       0.00000      6.17      2.00     3   5.2909
#         194       0.00000      8.88      1.00     4   5.2955
#         195       0.00000      6.99      1.00     2   5.3003
#         196       0.00000      6.44      2.00     3   5.3097
#         197       0.00000      6.16      1.00     2   5.3295
#         198       0.00000     14.83      2.00     3   5.3323
#         199       0.00000      9.02      1.00     4   5.3351
#         201       0.00000      6.83      1.00     2   5.3428
#         202       0.00000      6.61      2.00     3   5.3424
#         204       0.00000      6.79      2.00     3   5.3590
#         209       0.00000      6.64      2.00     3   5.3858
#         210       0.00000      8.17      2.00     3   5.3890
#         213       0.00000      6.73      2.00     3   5.4070
#         218       0.00000      6.49      1.00     2   5.4359
#         219       0.00000      6.89      2.00     3   5.4540
#         220       0.00000      5.73      1.00     2   5.4558
#         222       0.00000      4.73      2.00     3   5.4604
#         223       0.00000      4.76      2.00     3   5.4725
#         227       0.00000      6.40      2.00     3   5.4842
#         228       0.00000      4.35      2.00     3   5.4863
#         229       0.00000      4.30      2.00     3   5.4937
#         230       0.00000      5.59      1.00     2   5.5004
#         233       0.00000      4.24      2.00     4   5.5184
#         234       0.00000      5.49      1.00     2   5.5335
#         235       0.00000      4.50      2.00     3   5.5415
#         236       0.00000      5.56      2.00     3   5.5448
#         240       0.00000      6.08      1.00     2   5.5601
#         245       0.00000      5.51      2.00     3   5.5839
#         246       0.00000      5.03      2.00     3   5.5873
#         251       0.00000      5.21      2.00     3   5.6157
#         252       0.00000      4.01      2.00     3   5.6167
#         255       0.00000      4.96      2.00     3   5.6394
#         256       0.00000      4.57      2.00     3   5.6454
#         259       0.00000      5.78      1.00     2   5.6563
#         260       0.00000      4.08      2.00     3   5.6570
#         263       0.00000      5.10      1.00     2   5.6648
#         264       0.00000      4.80      2.00     3   5.6681
#         268       0.00000      6.35      2.00     3   5.6813
#         271       0.00000      5.66      1.00     2   5.6981
#         275       0.00000      4.39      2.00     3   5.7134
#         289       0.00000      4.39      2.00     3   5.7782
#         291       0.00000      4.17      2.00     3   5.7905
#         295       0.00000      5.22      2.00     3   5.8063
#         299       0.00000      5.52      2.00     3   5.8322
#         300       0.00000      5.28      1.00     2   5.8334
#         303       0.00000      4.28      2.00     3   5.8438
#         304       0.00000      5.24      1.00     2   5.8476
#         307       0.00000      4.24      2.00     3   5.8607
#         309       0.00000      5.50      2.00     3   5.8737
#         310       0.00000      5.16      1.00     2   5.8756
#         311       0.00000      5.16      1.00     2   5.8771
#         313       0.00000      5.09      1.00     2   5.9046
#         316       0.00000      8.56      2.00     3   5.9129
#         317       0.00000      4.45      1.00     2   5.9143
#         318       0.00000      4.45      1.00     2   5.9183
#         321       0.00000      4.43      1.00     2   5.9269
#         325       0.00000      4.39      1.00     2   5.9417
#         327       0.00000      8.48      2.00     3   5.9485
#   232/ 293 paths used
#  -----------------------------------------------------------------------
#       k          chi          mag           phase @#
    -0.7000   -3.608794E-01  3.644309E-01 -1.710519E+00
    -0.6500   -3.853358E-01  3.914401E-01 -1.747631E+00
    -0.6000   -4.136892E-01  4.198356E-01 -1.742119E+00
    -0.5500   -4.419924E-01  4.464450E-01 -1.712148E+00
    -0.5000   -4.665278E-01  4.689456E-01 -1.672386E+00
    -0.4500   -4.872058E-01  4.880134E-01 -1.628336E+00
    -0.4000   -5.033140E-01  5.033727E-01 -1.586067E+00
    -0.3500   -5.163020E-01  5.164986E-01 -1.543207E+00
    -0.3000   -5.257299E-01  5.268491E-01 -1.505603E+00
    -0.2500   -5.323865E-01  5.349093E-01 -1.473637E+00
    -0.2000   -5.369441E-01  5.410541E-01 -1.447461E+00
    -0.1500   -5.401887E-01  5.459151E-01 -1.425827E+00
    -0.1000   -5.422565E-01  5.493421E-01 -1.410010E+00
    -0.0500   -5.433675E-01  5.513402E-01 -1.400528E+00
     0.0000   -5.437163E-01  5.519967E-01 -1.397369E+00
     0.0500   -5.440544E-01  5.526485E-01 -1.394210E+00
     0.1000   -5.450048E-01  5.545758E-01 -1.384742E+00
     0.1500   -5.463769E-01  5.576956E-01 -1.368982E+00
     0.2000   -5.478590E-01  5.618741E-01 -1.346975E+00
     0.2500   -5.490271E-01  5.669335E-01 -1.318795E+00
     0.3000   -5.493602E-01  5.726604E-01 -1.284557E+00
     0.3500   -5.483163E-01  5.790094E-01 -1.243734E+00
     0.4000   -5.452431E-01  5.862783E-01 -1.194433E+00
     0.4500   -5.391047E-01  5.935172E-01 -1.139254E+00
     0.5000   -5.291596E-01  6.004548E-01 -1.078532E+00
     0.5500   -5.146491E-01  6.072642E-01 -1.011235E+00
     0.6000   -4.945305E-01  6.141944E-01 -9.359609E-01
     0.6500   -4.683371E-01  6.201391E-01 -8.559789E-01
     0.7000   -4.355633E-01  6.252489E-01 -7.706808E-01
     0.7500   -3.950619E-01  6.302228E-01 -6.775175E-01
     0.8000   -3.477042E-01  6.337744E-01 -5.807183E-01
     0.8500   -2.931779E-01  6.366074E-01 -4.785941E-01
     0.9000   -2.315313E-01  6.388595E-01 -3.708562E-01
     0.9500   -1.647019E-01  6.396176E-01 -2.604346E-01
     1.0000   -9.150886E-02  6.402836E-01 -1.434103E-01
     1.0500   -1.499925E-02  6.397431E-01 -2.344789E-02
     1.1000    6.406719E-02  6.384997E-01  1.005093E-01
     1.1500    1.447301E-01  6.368676E-01  2.292559E-01
     1.2000    2.235577E-01  6.341192E-01  3.602930E-01
     1.2500    3.014851E-01  6.315387E-01  4.976728E-01
     1.3000    3.736330E-01  6.278402E-01  6.374006E-01
     1.3500    4.399703E-01  6.239258E-01  7.826551E-01
     1.4000    4.969557E-01  6.191286E-01  9.317579E-01
     1.4500    5.427545E-01  6.135438E-01  1.085683E+00
     1.5000    5.750929E-01  6.070388E-01  1.244931E+00
     1.5500    5.912135E-01  5.990954E-01  1.408406E+00
     1.6000    5.899040E-01  5.899210E-01  1.578393E+00
     1.6500    5.691891E-01  5.786556E-01  1.751928E+00
     1.7000    5.290185E-01  5.657082E-01  1.932928E+00
     1.7500    4.701013E-01  5.501819E-01  2.117107E+00
     1.8000    3.940070E-01  5.322539E-01  2.308134E+00
     1.8500    3.051513E-01  5.115235E-01  2.502392E+00
     1.9000    2.064508E-01  4.879429E-01  2.704724E+00
     1.9500    1.054314E-01  4.613926E-01  2.911049E+00
     2.0000    1.005665E-02  4.321548E-01  3.118320E+00
     2.0500   -7.333456E-02  4.006346E-01  3.325677E+00
     2.1000   -1.395926E-01  3.658087E-01  3.533119E+00
     2.1500   -1.844381E-01  3.279562E-01  3.738862E+00
     2.2000   -2.073405E-01  2.896593E-01  3.939373E+00
     2.2500   -2.105104E-01  2.517551E-01  4.131858E+00
     2.3000   -1.972016E-01  2.139960E-01  4.313569E+00
     2.3500   -1.702007E-01  1.750259E-01  4.477033E+00
     2.4000   -1.391964E-01  1.400152E-01  4.604194E+00
     2.4500   -1.107263E-01  1.107918E-01  4.678012E+00
     2.5000   -8.925598E-02  8.929184E-02  4.684047E+00
     2.5500   -7.770885E-02  7.803529E-02  4.620889E+00
     2.6000   -7.347747E-02  7.446493E-02  4.549354E+00
     2.6500   -7.473083E-02  7.611597E-02  4.521322E+00
     2.7000   -7.899110E-02  7.999780E-02  4.553577E+00
     2.7500   -8.323227E-02  8.356328E-02  4.623353E+00
     2.8000   -8.720792E-02  8.721011E-02  4.719478E+00
     2.8500   -8.979823E-02  9.049170E-02  4.836269E+00
     2.9000   -9.008722E-02  9.311177E-02  4.967968E+00
     2.9500   -8.773809E-02  9.511422E-02  5.108807E+00
     3.0000   -8.248659E-02  9.641700E-02  5.256633E+00
     3.0500   -7.442503E-02  9.704276E-02  5.409141E+00
     3.1000   -6.392866E-02  9.710933E-02  5.564606E+00
     3.1500   -5.133103E-02  9.659368E-02  5.722919E+00
     3.2000   -3.720208E-02  9.574363E-02  5.884118E+00
     3.2500   -2.197335E-02  9.460741E-02  6.048786E+00
     3.3000   -6.195264E-03  9.307306E-02  6.216573E+00
     3.3500    9.351977E-03  9.125408E-02  6.385848E+00
     3.4000    2.411534E-02  8.931729E-02  6.556575E+00
     3.4500    3.764771E-02  8.721936E-02  6.729500E+00
     3.5000    4.950293E-02  8.495234E-02  6.905250E+00
     3.5500    5.926570E-02  8.249081E-02  7.084760E+00
     3.6000    6.646799E-02  7.979274E-02  7.267708E+00
     3.6500    7.074022E-02  7.682133E-02  7.453417E+00
     3.7000    7.190266E-02  7.355363E-02  7.641707E+00
     3.7500    6.990936E-02  6.992575E-02  7.832332E+00
     3.8000    6.498154E-02  6.593368E-02  8.024133E+00
     3.8500    5.767968E-02  6.167679E-02  8.215975E+00
     3.9000    4.865616E-02  5.717467E-02  8.406874E+00
     3.9500    3.871170E-02  5.249080E-02  8.595424E+00
     4.0000    2.871750E-02  4.773953E-02  8.779344E+00
     4.0500    1.945962E-02  4.299353E-02  8.955079E+00
     4.1000    1.154696E-02  3.838218E-02  9.119203E+00
     4.1500    5.331555E-03  3.403883E-02  9.267499E+00
     4.2000    9.019070E-04  3.010845E-02  9.394818E+00
     4.2500   -1.994122E-03  2.682812E-02  9.499176E+00
     4.3000   -3.832117E-03  2.435595E-02  9.582772E+00
     4.3500   -5.169524E-03  2.276716E-02  9.653836E+00
     4.4000   -6.491654E-03  2.203121E-02  9.723875E+00
     4.4500   -8.328400E-03  2.198180E-02  9.813361E+00
     4.5000   -1.086036E-02  2.234048E-02  9.932433E+00
     4.5500   -1.397523E-02  2.284164E-02  1.008315E+01
     4.6000   -1.732328E-02  2.332322E-02  1.026194E+01
     4.6500   -2.035676E-02  2.358807E-02  1.046598E+01
     4.7000   -2.246073E-02  2.354327E-02  1.069115E+01
     4.7500   -2.310917E-02  2.315346E-02  1.093371E+01
     4.8000   -2.205191E-02  2.247417E-02  1.118973E+01
     4.8500   -1.921402E-02  2.146926E-02  1.145804E+01
     4.9000   -1.490843E-02  2.020342E-02  1.173639E+01
     4.9500   -9.697416E-03  1.876435E-02  1.202326E+01
     5.0000   -4.255383E-03  1.724962E-02  1.231710E+01
     5.0500    7.775553E-04  1.572181E-02  1.261585E+01
     5.1000    4.897629E-03  1.427461E-02  1.291659E+01
     5.1500    7.853375E-03  1.299605E-02  1.321524E+01
     5.2000    9.674899E-03  1.197336E-02  1.350718E+01
     5.2500    1.058052E-02  1.126230E-02  1.378743E+01
     5.3000    1.089044E-02  1.092948E-02  1.405262E+01
     5.3500    1.088190E-02  1.103400E-02  1.430340E+01
     5.4000    1.067780E-02  1.164376E-02  1.454737E+01
     5.4500    1.012166E-02  1.276108E-02  1.479197E+01
     5.5000    8.860614E-03  1.437272E-02  1.504369E+01
     5.5500    6.435930E-03  1.643589E-02  1.530562E+01
     5.6000    2.402391E-03  1.892611E-02  1.558068E+01
     5.6500   -3.403344E-03  2.172909E-02  1.586524E+01
     5.7000   -1.074195E-02  2.474502E-02  1.615701E+01
     5.7500   -1.891563E-02  2.786678E-02  1.645407E+01
     5.8000   -2.691085E-02  3.103041E-02  1.675760E+01
     5.8500   -3.330174E-02  3.408574E-02  1.706387E+01
     5.9000   -3.675477E-02  3.691379E-02  1.737161E+01
     5.9500   -3.627483E-02  3.940537E-02  1.768006E+01
     6.0000   -3.138505E-02  4.152928E-02  1.799278E+01
     6.0500   -2.233985E-02  4.314642E-02  1.830532E+01
     6.1000   -1.020419E-02  4.417566E-02  1.861646E+01
     6.1500    3.384573E-03  4.456441E-02  1.892558E+01
     6.2000    1.652239E-02  4.428226E-02  1.923192E+01
     6.2500    2.740930E-02  4.332295E-02  1.953456E+01
     6.3000    3.469944E-02  4.170588E-02  1.983227E+01
     6.3500    3.774919E-02  3.947715E-02  2.012339E+01
     6.4000    3.670675E-02  3.671074E-02  2.040560E+01
     6.4500    3.242479E-02  3.351018E-02  2.067556E+01
     6.5000    2.622997E-02  3.008171E-02  2.093196E+01
     6.5500    1.951149E-02  2.653473E-02  2.116501E+01
     6.6000    1.353567E-02  2.307600E-02  2.136433E+01
     6.6500    9.101935E-03  1.999559E-02  2.151855E+01
     6.7000    6.400201E-03  1.764664E-02  2.162000E+01
     6.7500    5.044371E-03  1.636878E-02  2.167788E+01
     6.8000    4.253793E-03  1.629961E-02  2.172712E+01
     6.8500    3.126897E-03  1.723764E-02  2.180874E+01
     6.9000    9.298292E-04  1.876590E-02  2.194158E+01
     6.9500   -2.677557E-03  2.047506E-02  2.212230E+01
     7.0000   -7.553852E-03  2.206920E-02  2.234049E+01
     7.0500   -1.304805E-02  2.334800E-02  2.258415E+01
     7.1000   -1.823373E-02  2.419267E-02  2.284480E+01
     7.1500   -2.214813E-02  2.454214E-02  2.311658E+01
     7.2000   -2.403843E-02  2.437699E-02  2.339509E+01
     7.2500   -2.355410E-02  2.371039E-02  2.367683E+01
     7.3000   -2.082794E-02  2.258196E-02  2.395868E+01
     7.3500   -1.642898E-02  2.105329E-02  2.423751E+01
     7.4000   -1.120611E-02  1.920457E-02  2.450969E+01
     7.4500   -6.069708E-03  1.713232E-02  2.477059E+01
     7.5000   -1.819245E-03  1.494854E-02  2.501074E+01
     7.5500    1.126810E-03  1.278767E-02  2.522097E+01
     7.6000    2.749835E-03  1.081107E-02  2.538992E+01
     7.6500    3.355685E-03  9.206622E-03  2.550582E+01
     7.7000    3.455349E-03  8.160882E-03  2.556994E+01
     7.7500    3.585324E-03  7.767782E-03  2.561250E+01
     7.8000    4.138157E-03  7.932301E-03  2.568157E+01
     7.8500    5.250561E-03  8.416733E-03  2.580637E+01
     7.9000    6.776945E-03  8.981723E-03  2.598767E+01
     7.9500    8.349947E-03  9.460807E-03  2.621407E+01
     8.0000    9.539805E-03  9.799861E-03  2.647265E+01
     8.0500    9.917659E-03  9.930985E-03  2.675535E+01
     8.1000    9.216880E-03  9.824600E-03  2.705711E+01
     8.1500    7.438617E-03  9.498581E-03  2.737465E+01
     8.2000    4.834038E-03  8.989189E-03  2.770655E+01
     8.2500    1.833880E-03  8.346051E-03  2.805280E+01
     8.3000   -1.065311E-03  7.628326E-03  2.841444E+01
     8.3500   -3.422080E-03  6.901336E-03  2.879316E+01
     8.4000   -4.942853E-03  6.232849E-03  2.919011E+01
     8.4500   -5.523058E-03  5.687721E-03  2.960392E+01
     8.5000   -5.242074E-03  5.326928E-03  3.002386E+01
     8.5500   -4.283463E-03  5.167238E-03  3.043867E+01
     8.6000   -2.851636E-03  5.213528E-03  3.083719E+01
     8.6500   -1.120293E-03  5.463168E-03  3.120940E+01
     8.7000    8.054007E-04  5.908933E-03  3.155265E+01
     8.7500    2.877829E-03  6.545949E-03  3.187112E+01
     8.8000    5.059318E-03  7.370732E-03  3.217246E+01
     8.8500    7.259570E-03  8.375751E-03  3.246455E+01
     8.9000    9.286173E-03  9.544577E-03  3.275350E+01
     8.9500    1.083274E-02  1.085003E-02  3.304319E+01
     9.0000    1.152485E-02  1.226501E-02  3.333591E+01
     9.0500    1.097626E-02  1.374386E-02  3.363250E+01
     9.1000    8.911930E-03  1.523133E-02  3.393251E+01
     9.1500    5.282595E-03  1.667732E-02  3.423521E+01
     9.2000    3.205274E-04  1.803302E-02  3.453974E+01
     9.2500   -5.461972E-03  1.925336E-02  3.484516E+01
     9.3000   -1.134401E-02  2.029935E-02  3.515050E+01
     9.3500   -1.652373E-02  2.114000E-02  3.545480E+01
     9.4000   -2.027199E-02  2.175402E-02  3.575706E+01
     9.4500   -2.207368E-02  2.213111E-02  3.605626E+01
     9.5000   -2.173819E-02  2.229396E-02  3.635207E+01
     9.5500   -1.937047E-02  2.225544E-02  3.664316E+01
     9.6000   -1.535395E-02  2.202501E-02  3.692775E+01
     9.6500   -1.026744E-02  2.164003E-02  3.720476E+01
     9.7000   -4.735523E-03  2.114831E-02  3.747328E+01
     9.7500    6.937754E-04  2.060552E-02  3.773279E+01
     9.8000    5.629413E-03  2.007085E-02  3.798340E+01
     9.8500    9.858964E-03  1.960099E-02  3.822616E+01
     9.9000    1.331322E-02  1.924268E-02  3.846317E+01
     9.9500    1.599319E-02  1.902523E-02  3.869756E+01
    10.0000    1.792777E-02  1.899084E-02  3.893373E+01
    10.0500    1.903645E-02  1.912242E-02  3.917505E+01
    10.1000    1.912447E-02  1.935323E-02  3.942382E+01
    10.1500    1.799041E-02  1.963406E-02  3.968200E+01
    10.2000    1.547376E-02  1.990975E-02  3.995051E+01
    10.2500    1.155154E-02  2.012628E-02  4.022938E+01
    10.3000    6.416591E-03  2.023587E-02  4.051805E+01
    10.3500    5.069876E-04  2.020010E-02  4.081560E+01
    10.4000   -5.530388E-03  1.999131E-02  4.112100E+01
    10.4500   -1.094037E-02  1.959293E-02  4.143314E+01
    10.5000   -1.500267E-02  1.899909E-02  4.175095E+01
    10.5500   -1.718232E-02  1.821369E-02  4.207336E+01
    10.6000   -1.724802E-02  1.724930E-02  4.239933E+01
    10.6500   -1.532604E-02  1.612581E-02  4.272776E+01
    10.7000   -1.187357E-02  1.486906E-02  4.305743E+01
    10.7500   -7.576982E-03  1.350951E-02  4.338687E+01
    10.8000   -3.200074E-03  1.208094E-02  4.371421E+01
    10.8500    5.793821E-04  1.061949E-02  4.403688E+01
    10.9000    3.303820E-03  9.163079E-03  4.435116E+01
    10.9500    4.808477E-03  7.751648E-03  4.465144E+01
    11.0000    5.228360E-03  6.447363E-03  4.492804E+01
    11.0500    4.910547E-03  5.300397E-03  4.516716E+01
    11.1000    4.271168E-03  4.357983E-03  4.535316E+01
    11.1500    3.693415E-03  3.704580E-03  4.547543E+01
    11.2000    3.410557E-03  3.410558E-03  4.555370E+01
    11.2500    3.451521E-03  3.466411E-03  4.564582E+01
    11.3000    3.653270E-03  3.768122E-03  4.580063E+01
    11.3500    3.732806E-03  4.191800E-03  4.602544E+01
    11.4000    3.394719E-03  4.649616E-03  4.630541E+01
    11.4500    2.440835E-03  5.092110E-03  4.662399E+01
    11.5000    8.490515E-04  5.494149E-03  4.696873E+01
    11.5500   -1.201618E-03  5.843656E-03  4.733099E+01
    11.6000   -3.366540E-03  6.134928E-03  4.770476E+01
    11.6500   -5.220594E-03  6.364976E-03  4.808566E+01
    11.7000   -6.368089E-03  6.531649E-03  4.847043E+01
    11.7500   -6.546203E-03  6.632839E-03  4.885649E+01
    11.8000   -5.693325E-03  6.666362E-03  4.924178E+01
    11.8500   -3.964413E-03  6.630254E-03  4.962457E+01
    11.9000   -1.690736E-03  6.523306E-03  5.000331E+01
    11.9500    7.031955E-04  6.345674E-03  5.037653E+01
    12.0000    2.809271E-03  6.110434E-03  5.074320E+01
    12.0500    4.321566E-03  5.824192E-03  5.110154E+01
    12.1000    5.073467E-03  5.479932E-03  5.144870E+01
    12.1500    5.081269E-03  5.088787E-03  5.178192E+01
    12.2000    4.507907E-03  4.666238E-03  5.209753E+01
    12.2500    3.598576E-03  4.232867E-03  5.239080E+01
    12.3000    2.603184E-03  3.815180E-03  5.265614E+01
    12.3500    1.708646E-03  3.445912E-03  5.288827E+01
    12.4000    9.992687E-04  3.161963E-03  5.308554E+01
    12.4500    4.538590E-04  2.996942E-03  5.325505E+01
    12.5000   -2.332609E-05  2.967968E-03  5.341493E+01
    12.5500   -5.504277E-04  3.065561E-03  5.358761E+01
    12.6000   -1.212660E-03  3.257795E-03  5.378849E+01
    12.6500   -2.021490E-03  3.504925E-03  5.402183E+01
    12.7000   -2.900428E-03  3.771414E-03  5.428444E+01
    12.7500   -3.700736E-03  4.030468E-03  5.457056E+01
    12.8000   -4.241172E-03  4.263910E-03  5.487455E+01
    12.8500   -4.359019E-03  4.460619E-03  5.519171E+01
    12.9000   -3.957067E-03  4.614926E-03  5.551837E+01
    12.9500   -3.033264E-03  4.725336E-03  5.585167E+01
    13.0000   -1.684697E-03  4.802498E-03  5.619025E+01
    13.0500   -7.846956E-05  4.855209E-03  5.653251E+01
    13.1000    1.565567E-03  4.876090E-03  5.687553E+01
    13.1500    3.023043E-03  4.872054E-03  5.721803E+01
    13.2000    4.108642E-03  4.850897E-03  5.755896E+01
    13.2500    4.702573E-03  4.820853E-03  5.789749E+01
    13.3000    4.759271E-03  4.790161E-03  5.823309E+01
    13.3500    4.300158E-03  4.766605E-03  5.856555E+01
    13.4000    3.396636E-03  4.757054E-03  5.889504E+01
    13.4500    2.151124E-03  4.766980E-03  5.922209E+01
    13.5000    6.825620E-04  4.800029E-03  5.954758E+01
    13.5500   -8.807439E-04  4.857678E-03  5.987258E+01
    13.6000   -2.402391E-03  4.939061E-03  6.019823E+01
    13.6500   -3.737971E-03  5.040998E-03  6.052558E+01
    13.7000   -4.739726E-03  5.158220E-03  6.085546E+01
    13.7500   -5.269819E-03  5.283753E-03  6.118842E+01
    13.8000   -5.222481E-03  5.409402E-03  6.152471E+01
    13.8500   -4.550759E-03  5.526268E-03  6.186434E+01
    13.9000   -3.290070E-03  5.625256E-03  6.220713E+01
    13.9500   -1.569650E-03  5.697549E-03  6.255275E+01
    14.0000    3.970128E-04  5.742432E-03  6.290104E+01
    14.0500    2.347288E-03  5.758088E-03  6.325173E+01
    14.1000    3.994549E-03  5.726293E-03  6.360387E+01
    14.1500    5.091127E-03  5.642483E-03  6.395689E+01
    14.2000    5.480403E-03  5.503897E-03  6.431022E+01
    14.2500    5.130530E-03  5.309748E-03  6.466320E+01
    14.3000    4.141351E-03  5.061331E-03  6.501511E+01
    14.3500    2.721677E-03  4.762064E-03  6.536507E+01
    14.4000    1.141952E-03  4.417479E-03  6.571197E+01
    14.4500   -3.260087E-04  4.035162E-03  6.605433E+01
    14.5000   -1.466904E-03  3.624674E-03  6.639010E+01
    14.5500   -2.162850E-03  3.197494E-03  6.671634E+01
    14.6000   -2.407429E-03  2.767047E-03  6.702872E+01
    14.6500   -2.290561E-03  2.348940E-03  6.732083E+01
    14.7000   -1.959972E-03  1.961479E-03  6.758344E+01
    14.7500   -1.571407E-03  1.626348E-03  6.780491E+01
    14.8000   -1.242447E-03  1.368035E-03  6.797608E+01
    14.8500   -1.023193E-03  1.207823E-03  6.810446E+01
    14.9000   -8.915541E-04  1.149362E-03  6.822722E+01
    14.9500   -7.732208E-04  1.169344E-03  6.839256E+01
    15.0000   -5.784481E-04  1.232394E-03  6.862646E+01
    15.0500   -2.410887E-04  1.309867E-03  6.892993E+01
    15.1000    2.428094E-04  1.384021E-03  6.929139E+01
    15.1500    8.035982E-04  1.453299E-03  6.970094E+01
    15.2000    1.311488E-03  1.525701E-03  7.014952E+01
    15.2500    1.611787E-03  1.614587E-03  7.062694E+01
    15.3000    1.572408E-03  1.733720E-03  7.112063E+01
    15.3500    1.129398E-03  1.892242E-03  7.161705E+01
    15.4000    3.163502E-04  2.091570E-03  7.210480E+01
    15.4500   -7.321361E-04  2.325434E-03  7.257692E+01
    15.5000   -1.805436E-03  2.582160E-03  7.303090E+01
    15.5500   -2.664612E-03  2.847375E-03  7.346719E+01
    15.6000   -3.100468E-03  3.106083E-03  7.388757E+01
    15.6500   -2.986362E-03  3.343969E-03  7.429412E+01
    15.7000   -2.311417E-03  3.548175E-03  7.468875E+01
    15.7500   -1.185079E-03  3.707791E-03  7.507290E+01
    15.8000    1.882036E-04  3.814178E-03  7.544759E+01
    15.8500    1.557295E-03  3.861208E-03  7.581336E+01
    15.9000    2.682717E-03  3.845444E-03  7.617032E+01
    15.9500    3.389711E-03  3.766260E-03  7.651804E+01
    16.0000    3.605009E-03  3.628423E-03  7.685535E+01
    16.0500    3.361773E-03  3.438339E-03  7.718045E+01
    16.1000    2.772098E-03  3.198246E-03  7.749116E+01
    16.1500    2.003741E-03  2.919616E-03  7.778342E+01
    16.2000    1.228716E-03  2.618014E-03  7.805128E+01
    16.2500    5.800856E-04  2.314112E-03  7.828644E+01
    16.3000    1.238353E-04  2.034938E-03  7.847892E+01
    16.3500   -1.478003E-04  1.813904E-03  7.862139E+01
    16.4000   -3.015055E-04  1.685125E-03  7.871971E+01
    16.4500   -4.324788E-04  1.667860E-03  7.880212E+01
    16.5000   -6.283451E-04  1.751568E-03  7.890673E+01
    16.5500   -9.382343E-04  1.901607E-03  7.905580E+01
    16.6000   -1.355729E-03  2.078744E-03  7.925028E+01
    16.6500   -1.819912E-03  2.251352E-03  7.948118E+01
    16.7000   -2.233323E-03  2.397369E-03  7.973853E+01
    16.7500   -2.490886E-03  2.502478E-03  8.001433E+01
    16.8000   -2.511019E-03  2.558081E-03  8.030273E+01
    16.8500   -2.259966E-03  2.559873E-03  8.059953E+01
    16.9000   -1.762705E-03  2.506893E-03  8.090160E+01
    16.9500   -1.097864E-03  2.400885E-03  8.120648E+01
    17.0000   -3.770500E-04  2.247448E-03  8.151284E+01
    17.0500    2.835274E-04  2.053800E-03  8.181990E+01
    17.1000    7.801593E-04  1.822794E-03  8.212369E+01
    17.1500    1.053060E-03  1.562305E-03  8.242108E+01
    17.2000    1.095302E-03  1.281136E-03  8.270686E+01
    17.2500    9.500896E-04  9.890475E-04  8.297060E+01
    17.3000    6.961624E-04  6.976712E-04  8.318643E+01
    17.3500    4.259051E-04  4.259656E-04  8.326906E+01
    17.4000    2.222471E-04  2.386156E-04  8.287965E+01
    17.4500    1.402039E-04  3.014446E-04  8.216516E+01
    17.5000    1.971697E-04  4.985156E-04  8.208804E+01
    17.5500    3.734150E-04  6.987680E-04  8.224520E+01
    17.6000    6.214758E-04  8.759424E-04  8.247019E+01
    17.6500    8.809878E-04  1.022952E-03  8.271908E+01
    17.7000    1.094535E-03  1.137706E-03  8.297584E+01
    17.7500    1.220387E-03  1.220615E-03  8.323285E+01
    17.8000    1.239361E-03  1.273895E-03  8.348558E+01
    17.8500    1.154987E-03  1.301246E-03  8.373089E+01
    17.9000    9.880401E-04  1.307597E-03  8.396641E+01
    17.9500    7.678848E-04  1.298799E-03  8.419042E+01
    18.0000    5.234497E-04  1.281346E-03  8.440217E+01
    18.0500    2.764947E-04  1.261549E-03  8.460204E+01
    18.1000    3.953209E-05  1.244766E-03  8.479124E+01
    18.1500   -1.843894E-04  1.235407E-03  8.497282E+01
    18.2000   -3.980255E-04  1.235830E-03  8.515092E+01
    18.2500   -6.049364E-04  1.246067E-03  8.532991E+01
    18.3000   -8.050049E-04  1.264098E-03  8.551337E+01
    18.3500   -9.919631E-04  1.286559E-03  8.570344E+01
    18.4000   -1.153606E-03  1.309603E-03  8.590072E+01
    18.4500   -1.274425E-03  1.329659E-03  8.610456E+01
    18.5000   -1.339621E-03  1.343956E-03  8.631346E+01
    18.5500   -1.339091E-03  1.350800E-03  8.652556E+01
    18.6000   -1.270087E-03  1.349659E-03  8.673889E+01
    18.6500   -1.137780E-03  1.341102E-03  8.695165E+01
    18.7000   -9.536887E-04  1.326622E-03  8.716240E+01
    18.7500   -7.326698E-04  1.308358E-03  8.737022E+01
    18.8000   -4.895634E-04  1.288721E-03  8.757492E+01
    18.8500   -2.366706E-04  1.269960E-03  8.777714E+01
    18.9000    1.714608E-05  1.253711E-03  8.797827E+01
    18.9500    2.655719E-04  1.240624E-03  8.818033E+01
    19.0000    5.026513E-04  1.230617E-03  8.838535E+01
    19.0500    7.207235E-04  1.222890E-03  8.859486E+01
    19.1000    9.088918E-04  1.213917E-03  8.881073E+01
    19.1500    1.052846E-03  1.200737E-03  8.903383E+01
    19.2000    1.137101E-03  1.180211E-03  8.926428E+01
    19.2500    1.148736E-03  1.149396E-03  8.950151E+01
    19.3000    1.081807E-03  1.105860E-03  8.974434E+01
    19.3500    9.410098E-04  1.047910E-03  8.999101E+01
    19.4000    7.432121E-04  9.747516E-04  9.023908E+01
    19.4500    5.159329E-04  8.866070E-04  9.048510E+01
    19.5000    2.927142E-04  7.848285E-04  9.072398E+01
    19.5500    1.062607E-04  6.720975E-04  9.094742E+01
    19.6000   -1.898826E-05  5.529107E-04  9.114054E+01
    19.6500   -7.284638E-05  4.349171E-04  9.127448E+01
    19.7000   -6.214522E-05  3.325598E-04  9.129416E+01
    19.7500   -9.275560E-06  2.733489E-04  9.114013E+01
    19.8000    5.336429E-05  2.856483E-04  9.091826E+01
    19.8500    9.170948E-05  3.557418E-04  9.084544E+01
    19.9000    7.899493E-05  4.479830E-04  9.092893E+01
    19.9500    2.906928E-06  5.403399E-04  9.110081E+01