# # tequil.ion_motion                                            FEFF 9.05   
# # POT  SCF  30  5.5000   1, core-hole, AFOLP (folp(0)= 1.150)
# # Abs   Z=30 Rmt= 1.306 Rnm= 1.419 K  shell
# # Pot 1 Z=26 Rmt= 1.288 Rnm= 1.388
# # Pot 2 Z= 8 Rmt= 0.982 Rnm= 1.074
# # Gam_ch=1.897E+00 H-L exch
# # Mu=-1.181E+01 kf=2.203E+00 Vint=-1.958E+01 Rs_int= 1.646
# # PATH  Rmax= 8.500,  Keep_limit= 0.00, Heap_limit 0.00  Pwcrit= 2.50%
#  S02=1.000                                        Global_sig2= 0.00000
#  Energy zero shift, vr, vi   -2.00000E+00   0.00000E+00
#  Curved wave amplitude ratio filter   4.000%
#     file         sig2 tot  cw amp ratio   deg  nlegs   reff  inp sig2
#           1       0.00000    100.00      1.00     2   1.9216
#           2       0.00000     97.45      1.00     2   1.9412
#           3       0.00000     77.09      1.00     2   2.1279
#           4       0.00000     66.40      1.00     2   2.2552
#           5       0.00000     57.50      1.00     2   2.3843
#           6       0.00000     54.09      1.00     2   2.4411
#           7       0.00000     34.25      1.00     2   2.8622
#           8       0.00000     30.96      1.00     2   2.9957
#           9       0.00000     29.84      1.00     2   3.0450
#          10       0.00000     28.27      1.00     2   3.1182
#          11       0.00000     26.22      1.00     2   3.2081
#          12       0.00000     26.38      1.00     2   3.2131
#          13       0.00000     24.28      1.00     2   3.3282
#          14       0.00000     23.60      1.00     2   3.3351
#          15       0.00000     23.18      1.00     2   3.3570
#          16       0.00000     22.73      1.00     2   3.4211
#          17       0.00000      8.86      2.00     3   3.4558
#          18       0.00000     17.42      2.00     3   3.5148
#          19       0.00000      9.36      2.00     3   3.5361
#          20       0.00000      8.91      2.00     3   3.5519
#          21       0.00000     19.85      1.00     2   3.5527
#          22       0.00000      7.68      2.00     3   3.5725
#          23       0.00000     11.58      2.00     3   3.5792
#          24       0.00000     12.18      2.00     3   3.5862
#          25       0.00000     20.09      1.00     2   3.5978
#          26       0.00000      9.81      2.00     3   3.6051
#          27       0.00000      7.38      2.00     3   3.6078
#          28       0.00000      6.33      2.00     3   3.6460
#          29       0.00000     19.39      1.00     2   3.6498
#          30       0.00000      7.10      2.00     3   3.6558
#          31       0.00000     19.22      1.00     2   3.6627
#          32       0.00000      7.54      2.00     3   3.6714
#          33       0.00000     14.10      2.00     3   3.6747
#          34       0.00000     19.04      1.00     2   3.6759
#          35       0.00000      8.81      2.00     3   3.6780
#          36       0.00000      7.18      2.00     3   3.6812
#          37       0.00000     15.41      2.00     3   3.6863
#          38       0.00000     17.79      1.00     2   3.6963
#          39       0.00000      7.59      2.00     3   3.6963
#          40       0.00000      7.92      2.00     3   3.7176
#          41       0.00000     16.90      1.00     2   3.7646
#          42       0.00000      6.02      2.00     3   3.7679
#          43       0.00000      4.79      1.00     4   3.8166
#          44       0.00000      9.86      1.00     4   3.8433
#          45       0.00000      4.91      2.00     4   3.8629
#          46       0.00000     13.84      2.00     3   3.8652
#          47       0.00000     12.34      2.00     3   3.8792
#          48       0.00000      9.34      1.00     4   3.8825
#          49       0.00000     15.36      1.00     2   3.8958
#          50       0.00000     13.56      2.00     3   3.9066
#          51       0.00000     16.21      1.00     2   3.9165
#          52       0.00000     14.94      1.00     2   3.9335
#          53       0.00000      4.34      1.00     4   3.9516
#          54       0.00000     15.51      1.00     2   3.9842
#          55       0.00000      8.89      2.00     3   3.9925
#          56       0.00000      8.16      2.00     3   3.9944
#          58       0.00000      4.36      1.00     4   4.0403
#          59       0.00000      4.64      1.00     4   4.0494
#          61       0.00000      4.22      1.00     4   4.0765
#          62       0.00000      5.13      1.00     4   4.0805
#          63       0.00000      7.52      2.00     3   4.0991
#          64       0.00000     13.19      1.00     2   4.1111
#          65       0.00000      7.24      2.00     3   4.1230
#          66       0.00000     13.22      2.00     3   4.1376
#          69       0.00000     10.60      2.00     3   4.1710
#          70       0.00000     12.31      1.00     2   4.2115
#          71       0.00000     17.48      2.00     3   4.2443
#          72       0.00000      5.80      1.00     4   4.2558
#          73       0.00000     14.86      2.00     3   4.2661
#          74       0.00000      6.62      2.00     3   4.2704
#          75       0.00000      5.36      1.00     4   4.2909
#          76       0.00000     11.46      1.00     2   4.3179
#          77       0.00000     19.05      2.00     3   4.3232
#          78       0.00000     10.96      2.00     4   4.3256
#          79       0.00000     11.28      1.00     2   4.3406
#          80       0.00000      6.44      2.00     3   4.3471
#          81       0.00000      8.24      2.00     3   4.3615
#          82       0.00000     13.72      2.00     4   4.3627
#          83       0.00000      8.19      2.00     4   4.3831
#          84       0.00000     10.85      1.00     2   4.4000
#          85       0.00000     10.83      1.00     2   4.4025
#          86       0.00000      7.05      2.00     3   4.4059
#          87       0.00000      5.85      2.00     3   4.4168
#          88       0.00000      6.00      2.00     3   4.4256
#          90       0.00000     19.60      2.00     3   4.4294
#          91       0.00000     10.58      1.00     2   4.4380
#          92       0.00000     10.35      1.00     2   4.4714
#          93       0.00000     10.21      1.00     2   4.4931
#          94       0.00000      4.30      1.00     4   4.5104
#          95       0.00000      7.74      2.00     3   4.5124
#          96       0.00000     17.57      2.00     3   4.5235
#          97       0.00000     11.05      1.00     4   4.5410
#          98       0.00000      8.71      2.00     3   4.5499
#          99       0.00000     16.56      2.00     3   4.5659
#         100       0.00000     13.31      2.00     3   4.5852
#         102       0.00000      9.46      1.00     2   4.6121
#         103       0.00000      4.72      2.00     3   4.6250
#         104       0.00000      9.30      1.00     2   4.6392
#         105       0.00000      9.66      1.00     4   4.6446
#         106       0.00000      9.15      1.00     2   4.6637
#         107       0.00000      4.71      2.00     3   4.6717
#         108       0.00000      9.10      1.00     2   4.6731
#         109       0.00000      8.98      1.00     2   4.6936
#         110       0.00000      8.95      1.00     4   4.6938
#         111       0.00000      8.98      1.00     2   4.6948
#         112       0.00000      7.59      2.00     3   4.6958
#         113       0.00000     11.31      2.00     3   4.7027
#         114       0.00000      9.93      1.00     2   4.7044
#         115       0.00000      8.81      1.00     2   4.7240
#         116       0.00000     16.63      2.00     3   4.7313
#         117       0.00000      5.28      2.00     3   4.7353
#         118       0.00000     11.57      2.00     3   4.7375
#         119       0.00000      8.72      1.00     2   4.7418
#         120       0.00000      4.35      2.00     3   4.7413
#         121       0.00000      4.44      2.00     3   4.7538
#         123       0.00000      6.48      1.00     4   4.7704
#         124       0.00000      9.93      2.00     3   4.7758
#         125       0.00000     12.46      2.00     3   4.7768
#         126       0.00000      4.18      1.00     4   4.7813
#         128       0.00000      7.47      2.00     4   4.8035
#         129       0.00000      9.23      1.00     4   4.8234
#         130       0.00000      5.32      2.00     3   4.8244
#         131       0.00000     16.24      2.00     3   4.8251
#         132       0.00000      5.05      2.00     3   4.8264
#         134       0.00000     10.36      2.00     3   4.8344
#         135       0.00000      6.62      2.00     3   4.8433
#         136       0.00000     12.39      2.00     3   4.8697
#         139       0.00000      7.89      1.00     2   4.9043
#         140       0.00000      8.83      1.00     2   4.9059
#         141       0.00000      9.23      1.00     4   4.9085
#         142       0.00000      5.16      1.00     4   4.9124
#         144       0.00000      6.50      2.00     3   4.9223
#         145       0.00000      5.23      2.00     3   4.9290
#         146       0.00000      6.22      1.00     4   4.9416
#         148       0.00000      7.65      2.00     3   4.9513
#         149       0.00000      5.01      1.00     4   4.9643
#         151       0.00000      7.50      2.00     3   4.9815
#         152       0.00000      6.90      2.00     3   4.9896
#         153       0.00000      5.78      2.00     3   4.9998
#         154       0.00000      7.42      1.00     2   5.0051
#         156       0.00000      6.22      1.00     4   5.0155
#         157       0.00000      6.27      2.00     3   5.0374
#         158       0.00000      8.19      1.00     2   5.0395
#         160       0.00000      7.60      2.00     3   5.0445
#         161       0.00000      7.24      1.00     2   5.0467
#         162       0.00000     18.25      2.00     3   5.0481
#         163       0.00000     11.57      1.00     4   5.0495
#         168       0.00000      6.95      1.00     2   5.1141
#         169       0.00000     17.00      2.00     3   5.1180
#         170       0.00000      4.51      2.00     3   5.1222
#         171       0.00000     10.52      1.00     4   5.1218
#         174       0.00000      7.69      1.00     2   5.1522
#         175       0.00000      7.11      2.00     3   5.1675
#         177       0.00000      6.62      2.00     3   5.1883
#         178       0.00000      7.52      1.00     2   5.1923
#         180       0.00000      6.62      1.00     2   5.1988
#         181       0.00000      8.20      2.00     3   5.2147
#         183       0.00000      6.54      1.00     2   5.2179
#         184       0.00000      7.53      2.00     3   5.2326
#         185       0.00000     10.73      2.00     3   5.2361
#         188       0.00000      6.57      2.00     3   5.2614
#         191       0.00000      8.10      2.00     3   5.2709
#         193       0.00000      7.15      1.00     2   5.2848
#         196       0.00000      4.67      2.00     4   5.2983
#         197       0.00000      6.24      1.00     2   5.2997
#         199       0.00000      5.26      1.00     4   5.3200
#         200       0.00000      4.11      2.00     3   5.3297
#         201       0.00000      4.69      2.00     4   5.3360
#         203       0.00000      6.05      1.00     2   5.3554
#         204       0.00000     10.31      2.00     3   5.3585
#         205       0.00000      6.02      1.00     2   5.3617
#         206       0.00000      5.45      2.00     3   5.3642
#         207       0.00000      6.80      1.00     2   5.3781
#         209       0.00000     13.05      2.00     3   5.3831
#         210       0.00000      7.40      1.00     4   5.4046
#         214       0.00000      4.89      1.00     4   5.4321
#         215       0.00000      5.75      1.00     2   5.4438
#         218       0.00000      4.61      2.00     3   5.4856
#         219       0.00000      5.59      1.00     2   5.4925
#         220       0.00000      6.39      1.00     2   5.4936
#         221       0.00000      6.38      1.00     2   5.4965
#         222       0.00000      6.29      2.00     3   5.5010
#         223       0.00000      6.36      1.00     2   5.5034
#         224       0.00000      7.66      2.00     3   5.5211
#         225       0.00000      5.49      1.00     2   5.5278
#         227       0.00000      4.52      2.00     3   5.5432
#         232       0.00000      5.32      1.00     2   5.5844
#         233       0.00000      6.06      2.00     3   5.5843
#         234       0.00000      4.61      2.00     3   5.5863
#         236       0.00000      4.56      2.00     3   5.6050
#         238       0.00000      5.24      1.00     2   5.6106
#         239       0.00000      5.95      2.00     3   5.6160
#         240       0.00000      5.99      1.00     2   5.6181
#         241       0.00000      4.05      2.00     3   5.6183
#         242       0.00000      5.57      2.00     3   5.6189
#         247       0.00000      5.96      1.00     2   5.6253
#         252       0.00000      4.09      2.00     3   5.6577
#         254       0.00000      4.53      2.00     3   5.6669
#         258       0.00000      4.93      2.00     3   5.6835
#         262       0.00000      4.95      1.00     2   5.7129
#         266       0.00000      5.59      2.00     3   5.7289
#         268       0.00000      6.85      2.00     3   5.7389
#         269       0.00000      6.55      2.00     3   5.7388
#         270       0.00000      4.48      2.00     3   5.7546
#         272       0.00000      4.29      2.00     3   5.7655
#         273       0.00000      4.78      2.00     3   5.7661
#         276       0.00000      4.85      2.00     3   5.7906
#         279       0.00000      5.45      1.00     2   5.7996
#         280       0.00000      4.40      2.00     3   5.8075
#         287       0.00000      5.31      1.00     2   5.8529
#         295       0.00000      5.19      1.00     2   5.8981
#         299       0.00000      5.14      1.00     2   5.9177
#         300       0.00000      5.13      1.00     2   5.9212
#         302       0.00000      7.25      2.00     3   5.9281
#         306       0.00000      4.95      2.00     3   5.9447
#         308       0.00000      8.93      2.00     3   5.9463
#         309       0.00000      4.79      2.00     3   5.9470
#         310       0.00000      4.36      1.00     2   5.9480
#         311       0.00000      5.04      1.00     2   5.9545
#         312       0.00000      4.25      2.00     3   5.9581
#         314       0.00000      9.55      2.00     3   5.9723
#         316       0.00000      4.19      1.00     4   5.9750
#         317       0.00000      6.82      2.00     3   5.9764
#   223/ 285 paths used
#  -----------------------------------------------------------------------
#       k          chi          mag           phase @#
    -0.7000   -3.485946E-01  3.487127E-01 -1.544765E+00
    -0.6500   -3.605742E-01  3.605798E-01 -1.576344E+00
    -0.6000   -3.756631E-01  3.756739E-01 -1.578383E+00
    -0.5500   -3.910672E-01  3.910849E-01 -1.561296E+00
    -0.5000   -4.046787E-01  4.049398E-01 -1.534887E+00
    -0.4500   -4.162824E-01  4.172220E-01 -1.503670E+00
    -0.4000   -4.254360E-01  4.275044E-01 -1.472387E+00
    -0.3500   -4.328791E-01  4.366082E-01 -1.440003E+00
    -0.3000   -4.383458E-01  4.440084E-01 -1.410919E+00
    -0.2500   -4.422340E-01  4.499135E-01 -1.385769E+00
    -0.2000   -4.449059E-01  4.545046E-01 -1.364914E+00
    -0.1500   -4.468549E-01  4.582165E-01 -1.347645E+00
    -0.1000   -4.481181E-01  4.608750E-01 -1.334964E+00
    -0.0500   -4.488013E-01  4.624399E-01 -1.327326E+00
     0.0000   -4.490165E-01  4.629564E-01 -1.324776E+00
     0.0500   -4.492255E-01  4.634705E-01 -1.322224E+00
     0.1000   -4.498151E-01  4.649977E-01 -1.314554E+00
     0.1500   -4.506731E-01  4.674931E-01 -1.301735E+00
     0.2000   -4.516128E-01  4.708831E-01 -1.283722E+00
     0.2500   -4.523754E-01  4.750667E-01 -1.260475E+00
     0.3000   -4.526337E-01  4.799187E-01 -1.231973E+00
     0.3500   -4.520664E-01  4.854694E-01 -1.197676E+00
     0.4000   -4.503373E-01  4.920874E-01 -1.155898E+00
     0.4500   -4.466258E-01  4.989973E-01 -1.108535E+00
     0.5000   -4.403598E-01  5.060126E-01 -1.055719E+00
     0.5500   -4.309624E-01  5.133533E-01 -9.963705E-01
     0.6000   -4.175938E-01  5.213293E-01 -9.289927E-01
     0.6500   -3.995599E-01  5.289175E-01 -8.563095E-01
     0.7000   -3.762345E-01  5.362613E-01 -7.776234E-01
     0.7500   -3.464706E-01  5.440538E-01 -6.903817E-01
     0.8000   -3.102857E-01  5.509526E-01 -5.982296E-01
     0.8500   -2.669286E-01  5.575079E-01 -4.992747E-01
     0.9000   -2.158805E-01  5.637077E-01 -3.930042E-01
     0.9500   -1.583783E-01  5.685147E-01 -2.823180E-01
     1.0000   -9.302954E-02  5.730465E-01 -1.630637E-01
     1.0500   -2.246290E-02  5.760189E-01 -3.900670E-02
     1.1000    5.247104E-02  5.776576E-01  9.095953E-02
     1.1500    1.304082E-01  5.779893E-01  2.275834E-01
     1.2000    2.072394E-01  5.761560E-01  3.679391E-01
     1.2500    2.828058E-01  5.730318E-01  5.161387E-01
     1.3000    3.512246E-01  5.674107E-01  6.674629E-01
     1.3500    4.112630E-01  5.599117E-01  8.249505E-01
     1.4000    4.586675E-01  5.499827E-01  9.862583E-01
     1.4500    4.912242E-01  5.377220E-01  1.151875E+00
     1.5000    5.069810E-01  5.231203E-01  1.321750E+00
     1.5500    5.045432E-01  5.060265E-01  1.494210E+00
     1.6000    4.842943E-01  4.867349E-01  1.670981E+00
     1.6500    4.472604E-01  4.650909E-01  1.848592E+00
     1.7000    3.957483E-01  4.415234E-01  2.030183E+00
     1.7500    3.336077E-01  4.160374E-01  2.211175E+00
     1.8000    2.643542E-01  3.889232E-01  2.394228E+00
     1.8500    1.934180E-01  3.605734E-01  2.575406E+00
     1.9000    1.239792E-01  3.310903E-01  2.757781E+00
     1.9500    6.125065E-02  3.010811E-01  2.936727E+00
     2.0000    8.966947E-03  2.712803E-01  3.108532E+00
     2.0500   -3.128832E-02  2.423131E-01  3.271078E+00
     2.1000   -5.876979E-02  2.138420E-01  3.420004E+00
     2.1500   -7.412950E-02  1.867405E-01  3.549801E+00
     2.2000   -8.069434E-02  1.630530E-01  3.659308E+00
     2.2500   -8.169440E-02  1.433652E-01  3.747897E+00
     2.3000   -7.975898E-02  1.277261E-01  3.816024E+00
     2.3500   -7.674393E-02  1.159394E-01  3.864985E+00
     2.4000   -7.562751E-02  1.081228E-01  3.916233E+00
     2.4500   -7.657731E-02  1.028236E-01  3.981745E+00
     2.5000   -7.874660E-02  9.864765E-02  4.065996E+00
     2.5500   -8.173699E-02  9.620935E-02  4.156770E+00
     2.6000   -8.365186E-02  9.339321E-02  4.251585E+00
     2.6500   -8.453493E-02  9.042270E-02  4.349531E+00
     2.7000   -8.450658E-02  8.747104E-02  4.451299E+00
     2.7500   -8.507269E-02  8.594821E-02  4.569532E+00
     2.8000   -8.450320E-02  8.451978E-02  4.692583E+00
     2.8500   -8.260196E-02  8.306715E-02  4.818269E+00
     2.9000   -7.942120E-02  8.164213E-02  4.946173E+00
     2.9500   -7.471544E-02  8.007767E-02  5.080421E+00
     3.0000   -6.866487E-02  7.846411E-02  5.217518E+00
     3.0500   -6.150544E-02  7.691414E-02  5.356450E+00
     3.1000   -5.335740E-02  7.547438E-02  5.497994E+00
     3.1500   -4.392193E-02  7.375416E-02  5.645275E+00
     3.2000   -3.363623E-02  7.202260E-02  5.797264E+00
     3.2500   -2.270989E-02  7.034699E-02  5.954471E+00
     3.3000   -1.134096E-02  6.853063E-02  6.116933E+00
     3.3500    1.431088E-04  6.642180E-02  6.285340E+00
     3.4000    1.126174E-02  6.406910E-02  6.459878E+00
     3.4500    2.147063E-02  6.150780E-02  6.639766E+00
     3.5000    3.029855E-02  5.871321E-02  6.825410E+00
     3.5500    3.729195E-02  5.557791E-02  7.018722E+00
     3.6000    4.187674E-02  5.199963E-02  7.219413E+00
     3.6500    4.369664E-02  4.804051E-02  7.425455E+00
     3.7000    4.269006E-02  4.371857E-02  7.636641E+00
     3.7500    3.895289E-02  3.895289E-02  7.853879E+00
     3.8000    3.290160E-02  3.373751E-02  8.077051E+00
     3.8500    2.549966E-02  2.832477E-02  8.304411E+00
     3.9000    1.768883E-02  2.278422E-02  8.535903E+00
     3.9500    1.038460E-02  1.710826E-02  8.772506E+00
     4.0000    4.492715E-03  1.128729E-02  9.015406E+00
     4.0500    9.296643E-04  5.627833E-03  9.258827E+00
     4.1000    2.401339E-05  2.581807E-04  9.331633E+00
     4.1500    1.676951E-03  4.797911E-03  6.640241E+00
     4.2000    5.474227E-03  9.564690E-03  6.892538E+00
     4.2500    1.044504E-02  1.369717E-02  7.150461E+00
     4.3000    1.545338E-02  1.710520E-02  7.410892E+00
     4.3500    1.945457E-02  1.977552E-02  7.673572E+00
     4.4000    2.173181E-02  2.180987E-02  7.938608E+00
     4.4500    2.152576E-02  2.292592E-02  8.205280E+00
     4.5000    1.882474E-02  2.311112E-02  8.472856E+00
     4.5500    1.416701E-02  2.241212E-02  8.740500E+00
     4.6000    8.542620E-03  2.100874E-02  9.006024E+00
     4.6500    2.940478E-03  1.878136E-02  9.267568E+00
     4.7000   -1.519679E-03  1.582503E-02  9.520956E+00
     4.7500   -3.991576E-03  1.227943E-02  9.755855E+00
     4.8000   -4.114742E-03  8.440844E-03  9.933979E+00
     4.8500   -2.107754E-03  4.511676E-03  9.910874E+00
     4.9000    1.362073E-03  2.749342E-03  8.906462E+00
     4.9500    5.268584E-03  6.103086E-03  8.383074E+00
     5.0000    8.370095E-03  1.037225E-02  8.485774E+00
     5.0500    9.718156E-03  1.455685E-02  8.693797E+00
     5.1000    8.691445E-03  1.842211E-02  8.933453E+00
     5.1500    5.188420E-03  2.182912E-02  9.184798E+00
     5.2000   -4.996445E-04  2.468454E-02  9.445021E+00
     5.2500   -7.430966E-03  2.693595E-02  9.704278E+00
     5.3000   -1.456490E-02  2.854773E-02  9.960189E+00
     5.3500   -2.087878E-02  2.951565E-02  1.021056E+01
     5.4000   -2.563640E-02  2.987821E-02  1.045620E+01
     5.4500   -2.835262E-02  2.971709E-02  1.069137E+01
     5.5000   -2.904483E-02  2.914226E-02  1.091378E+01
     5.5500   -2.807256E-02  2.829651E-02  1.112147E+01
     5.6000   -2.596991E-02  2.735203E-02  1.131483E+01
     5.6500   -2.327911E-02  2.648141E-02  1.149246E+01
     5.7000   -2.038396E-02  2.583998E-02  1.165743E+01
     5.7500   -1.741265E-02  2.553089E-02  1.181585E+01
     5.8000   -1.424807E-02  2.558557E-02  1.197575E+01
     5.8500   -1.063193E-02  2.594222E-02  1.214410E+01
     5.9000   -6.298494E-03  2.646879E-02  1.232611E+01
     5.9500   -1.145630E-03  2.700059E-02  1.252393E+01
     6.0000    4.641470E-03  2.740095E-02  1.273658E+01
     6.0500    1.060159E-02  2.751283E-02  1.296194E+01
     6.1000    1.605758E-02  2.722529E-02  1.319719E+01
     6.1500    2.027787E-02  2.646995E-02  1.343908E+01
     6.2000    2.267327E-02  2.521825E-02  1.368404E+01
     6.2500    2.296861E-02  2.348071E-02  1.392794E+01
     6.3000    2.129761E-02  2.130616E-02  1.416551E+01
     6.3500    1.818937E-02  1.878321E-02  1.438929E+01
     6.4000    1.444576E-02  1.604688E-02  1.458768E+01
     6.4500    1.094086E-02  1.329736E-02  1.474167E+01
     6.5000    8.563372E-03  1.097389E-02  1.481275E+01
     6.5500    7.575759E-03  9.505324E-03  1.478565E+01
     6.6000    7.838198E-03  9.306451E-03  1.470655E+01
     6.6500    8.841333E-03  1.031875E-02  1.467889E+01
     6.7000    9.825367E-03  1.201321E-02  1.475025E+01
     6.7500    1.000530E-02  1.387350E-02  1.490246E+01
     6.8000    8.803314E-03  1.556915E-02  1.510700E+01
     6.8500    6.022386E-03  1.690760E-02  1.534377E+01
     6.9000    1.911721E-03  1.777904E-02  1.560023E+01
     6.9500   -2.894525E-03  1.812712E-02  1.586833E+01
     7.0000   -7.609146E-03  1.801014E-02  1.614416E+01
     7.0500   -1.136403E-02  1.738612E-02  1.642033E+01
     7.1000   -1.354284E-02  1.627474E-02  1.669092E+01
     7.1500   -1.395732E-02  1.475084E-02  1.694926E+01
     7.2000   -1.286616E-02  1.292246E-02  1.718538E+01
     7.2500   -1.088372E-02  1.094307E-02  1.738296E+01
     7.3000   -8.788285E-03  9.040709E-03  1.751562E+01
     7.3500   -7.286292E-03  7.565378E-03  1.755123E+01
     7.4000   -6.801021E-03  6.963179E-03  1.749500E+01
     7.4500   -7.347130E-03  7.449432E-03  1.744468E+01
     7.5000   -8.558418E-03  8.768685E-03  1.749819E+01
     7.5500   -9.698235E-03  1.042430E-02  1.765419E+01
     7.6000   -9.970924E-03  1.207704E-02  1.787827E+01
     7.6500   -8.765204E-03  1.354220E-02  1.814558E+01
     7.7000   -5.838168E-03  1.471525E-02  1.844159E+01
     7.7500   -1.416968E-03  1.554029E-02  1.875825E+01
     7.8000    3.828621E-03  1.599530E-02  1.909126E+01
     7.8500    8.936308E-03  1.608505E-02  1.943860E+01
     7.9000    1.288393E-02  1.583717E-02  1.979974E+01
     7.9500    1.484246E-02  1.529954E-02  2.017530E+01
     8.0000    1.438162E-02  1.453768E-02  2.056701E+01
     8.0500    1.157034E-02  1.362352E-02  2.097651E+01
     8.1000    6.985735E-03  1.264881E-02  2.140605E+01
     8.1500    1.563246E-03  1.171552E-02  2.185732E+01
     8.2000   -3.625285E-03  1.092427E-02  2.232942E+01
     8.2500   -7.612065E-03  1.035703E-02  2.281677E+01
     8.3000   -9.734023E-03  1.005554E-02  2.330839E+01
     8.3500   -9.747231E-03  1.000756E-02  2.379054E+01
     8.4000   -7.834388E-03  1.015371E-02  2.425142E+01
     8.4500   -4.514134E-03  1.041220E-02  2.468432E+01
     8.5000   -4.669504E-04  1.068452E-02  2.508902E+01
     8.5500    3.574912E-03  1.092622E-02  2.546607E+01
     8.6000    7.023259E-03  1.112060E-02  2.581630E+01
     8.6500    9.531756E-03  1.126187E-02  2.614188E+01
     8.7000    1.098791E-02  1.136508E-02  2.644519E+01
     8.7500    1.145621E-02  1.145994E-02  2.672906E+01
     8.8000    1.108718E-02  1.158285E-02  2.699714E+01
     8.8500    1.002871E-02  1.176757E-02  2.725410E+01
     8.9000    8.370363E-03  1.203635E-02  2.750532E+01
     8.9500    6.136977E-03  1.239388E-02  2.775631E+01
     9.0000    3.321769E-03  1.282553E-02  2.801235E+01
     9.0500   -3.128165E-05  1.330425E-02  2.827669E+01
     9.1000   -3.765434E-03  1.379093E-02  2.855088E+01
     9.1500   -7.581675E-03  1.424268E-02  2.883567E+01
     9.2000   -1.104719E-02  1.461965E-02  2.913096E+01
     9.2500   -1.366144E-02  1.488893E-02  2.943623E+01
     9.3000   -1.495990E-02  1.502673E-02  2.975078E+01
     9.3500   -1.462784E-02  1.501947E-02  3.007399E+01
     9.4000   -1.259176E-02  1.486384E-02  3.040535E+01
     9.4500   -9.061773E-03  1.456631E-02  3.074450E+01
     9.5000   -4.511955E-03  1.414979E-02  3.109139E+01
     9.5500    4.071855E-04  1.363279E-02  3.144580E+01
     9.6000    4.976930E-03  1.303643E-02  3.180764E+01
     9.6500    8.547011E-03  1.239308E-02  3.217695E+01
     9.7000    1.065361E-02  1.173742E-02  3.255361E+01
     9.7500    1.109050E-02  1.110415E-02  3.293714E+01
     9.8000    9.923836E-03  1.052543E-02  3.332646E+01
     9.8500    7.452991E-03  1.002820E-02  3.371967E+01
     9.9000    4.132843E-03  9.631818E-03  3.411404E+01
     9.9500    4.798469E-04  9.346562E-03  3.450616E+01
    10.0000   -3.023170E-03  9.182084E-03  3.489302E+01
    10.0500   -5.982502E-03  9.133159E-03  3.527174E+01
    10.1000   -8.108338E-03  9.183233E-03  3.563963E+01
    10.1500   -9.238321E-03  9.320274E-03  3.599561E+01
    10.2000   -9.318909E-03  9.531170E-03  3.633975E+01
    10.2500   -8.383673E-03  9.802562E-03  3.667307E+01
    10.3000   -6.535307E-03  1.012082E-02  3.699713E+01
    10.3500   -3.936226E-03  1.047157E-02  3.731375E+01
    10.4000   -8.060668E-04  1.083933E-02  3.762468E+01
    10.4500    2.580582E-03  1.120740E-02  3.793145E+01
    10.5000    5.904360E-03  1.155828E-02  3.823527E+01
    10.5500    8.825004E-03  1.187445E-02  3.853694E+01
    10.6000    1.101930E-02  1.213939E-02  3.883696E+01
    10.6500    1.222736E-02  1.233866E-02  3.913549E+01
    10.7000    1.229669E-02  1.246097E-02  3.943247E+01
    10.7500    1.121225E-02  1.249898E-02  3.972765E+01
    10.8000    9.103177E-03  1.244989E-02  4.002065E+01
    10.8500    6.222741E-03  1.231570E-02  4.031101E+01
    10.9000    2.905479E-03  1.210316E-02  4.059828E+01
    10.9500   -4.885460E-04  1.182327E-02  4.088204E+01
    11.0000   -3.642254E-03  1.151355E-02  4.116258E+01
    11.0500   -6.310061E-03  1.119117E-02  4.143974E+01
    11.1000   -8.308047E-03  1.084792E-02  4.171309E+01
    11.1500   -9.552911E-03  1.050074E-02  4.198335E+01
    11.2000   -1.003461E-02  1.016397E-02  4.225178E+01
    11.2500   -9.789433E-03  9.847524E-03  4.252017E+01
    11.3000   -8.876531E-03  9.555616E-03  4.279078E+01
    11.3500   -7.366911E-03  9.286490E-03  4.306610E+01
    11.4000   -5.348236E-03  9.033230E-03  4.334868E+01
    11.4500   -2.941434E-03  8.785567E-03  4.364090E+01
    11.5000   -3.194218E-04  8.532300E-03  4.394485E+01
    11.5500    2.284066E-03  8.263826E-03  4.426234E+01
    11.6000    4.585434E-03  7.974383E-03  4.459493E+01
    11.6500    6.285727E-03  7.663760E-03  4.494404E+01
    11.7000    7.124235E-03  7.338327E-03  4.531095E+01
    11.7500    6.939126E-03  7.011278E-03  4.569668E+01
    11.8000    5.718483E-03  6.701880E-03  4.610167E+01
    11.8500    3.625509E-03  6.433380E-03  4.652522E+01
    11.9000    9.870590E-04  6.229239E-03  4.696476E+01
    11.9500   -1.756208E-03  6.107928E-03  4.741554E+01
    12.0000   -4.136786E-03  6.088308E-03  4.787092E+01
    12.0500   -5.747187E-03  6.166831E-03  4.832365E+01
    12.1000   -6.294999E-03  6.311805E-03  4.876768E+01
    12.1500   -5.688204E-03  6.497475E-03  4.919912E+01
    12.2000   -4.047814E-03  6.694826E-03  4.961620E+01
    12.2500   -1.679784E-03  6.875981E-03  5.001869E+01
    12.3000    9.914258E-04  7.017057E-03  5.040724E+01
    12.3500    3.511369E-03  7.099627E-03  5.078284E+01
    12.4000    5.485150E-03  7.111218E-03  5.114642E+01
    12.4500    6.647718E-03  7.045248E-03  5.149875E+01
    12.5000    6.900592E-03  6.900648E-03  5.184029E+01
    12.5500    6.309916E-03  6.681282E-03  5.217126E+01
    12.6000    5.070593E-03  6.395233E-03  5.249157E+01
    12.6500    3.449000E-03  6.053964E-03  5.280092E+01
    12.7000    1.720528E-03  5.671363E-03  5.309885E+01
    12.7500    1.172382E-04  5.262656E-03  5.338480E+01
    12.8000   -1.203929E-03  4.843212E-03  5.365829E+01
    12.8500   -2.169065E-03  4.427242E-03  5.391909E+01
    12.9000   -2.774884E-03  4.026461E-03  5.416741E+01
    12.9500   -3.064438E-03  3.648888E-03  5.440404E+01
    13.0000   -3.109223E-03  3.306979E-03  5.463029E+01
    13.0500   -2.977994E-03  3.003238E-03  5.484812E+01
    13.1000   -2.709559E-03  2.718629E-03  5.505958E+01
    13.1500   -2.344667E-03  2.445021E-03  5.526537E+01
    13.2000   -1.922442E-03  2.174286E-03  5.546395E+01
    13.2500   -1.487460E-03  1.901103E-03  5.565013E+01
    13.3000   -1.091191E-03  1.626007E-03  5.581300E+01
    13.3500   -7.854224E-04  1.359414E-03  5.593268E+01
    13.4000   -6.092834E-04  1.128065E-03  5.597810E+01
    13.4500   -5.747760E-04  9.817091E-04  5.592319E+01
    13.5000   -6.571543E-04  9.763452E-04  5.581031E+01
    13.5500   -7.953677E-04  1.115949E-03  5.575529E+01
    13.6000   -9.045147E-04  1.345135E-03  5.581118E+01
    13.6500   -8.979535E-04  1.605781E-03  5.595525E+01
    13.7000   -7.129131E-04  1.858844E-03  5.615506E+01
    13.7500   -3.315535E-04  2.079260E-03  5.638853E+01
    13.8000    2.098020E-04  2.250175E-03  5.664204E+01
    13.8500    8.272065E-04  2.360216E-03  5.690675E+01
    13.9000    1.410474E-03  2.402491E-03  5.717612E+01
    13.9500    1.853619E-03  2.374384E-03  5.744441E+01
    14.0000    2.091044E-03  2.282548E-03  5.770691E+01
    14.0500    2.107254E-03  2.135497E-03  5.795665E+01
    14.1000    1.934450E-03  1.937955E-03  5.817961E+01
    14.1500    1.664870E-03  1.713566E-03  5.835844E+01
    14.2000    1.411361E-03  1.502520E-03  5.846959E+01
    14.2500    1.270800E-03  1.367045E-03  5.849694E+01
    14.3000    1.291132E-03  1.375776E-03  5.847207E+01
    14.3500    1.452497E-03  1.551723E-03  5.847902E+01
    14.4000    1.668873E-03  1.853691E-03  5.856981E+01
    14.4500    1.810651E-03  2.222341E-03  5.873796E+01
    14.5000    1.742166E-03  2.611307E-03  5.895987E+01
    14.5500    1.363546E-03  2.988740E-03  5.921651E+01
    14.6000    6.447124E-04  3.332446E-03  5.949557E+01
    14.6500   -3.586142E-04  3.626568E-03  5.978931E+01
    14.7000   -1.511955E-03  3.859925E-03  6.009275E+01
    14.7500   -2.630640E-03  4.025231E-03  6.040251E+01
    14.8000   -3.522261E-03  4.118700E-03  6.071617E+01
    14.8500   -4.031528E-03  4.139787E-03  6.103186E+01
    14.9000   -4.075513E-03  4.090963E-03  6.134799E+01
    14.9500   -3.660258E-03  3.977456E-03  6.166313E+01
    15.0000   -2.875499E-03  3.807081E-03  6.197574E+01
    15.0500   -1.869920E-03  3.589602E-03  6.228392E+01
    15.1000   -8.120775E-04  3.336589E-03  6.258600E+01
    15.1500    1.474281E-04  3.061406E-03  6.288003E+01
    15.2000    9.057768E-04  2.778261E-03  6.316395E+01
    15.2500    1.420695E-03  2.501515E-03  6.343585E+01
    15.3000    1.705142E-03  2.244775E-03  6.369456E+01
    15.3500    1.807874E-03  2.019642E-03  6.394061E+01
    15.4000    1.787787E-03  1.834128E-03  6.417738E+01
    15.4500    1.691049E-03  1.691118E-03  6.441169E+01
    15.5000    1.538263E-03  1.587759E-03  6.465300E+01
    15.5500    1.324860E-03  1.516635E-03  6.491099E+01
    15.6000    1.033121E-03  1.468515E-03  6.519312E+01
    15.6500    6.502254E-04  1.435361E-03  6.550331E+01
    15.7000    1.848992E-04  1.412267E-03  6.584215E+01
    15.7500   -3.240139E-04  1.397857E-03  6.620737E+01
    15.8000   -8.106254E-04  1.393403E-03  6.659434E+01
    15.8500   -1.196057E-03  1.401171E-03  6.699633E+01
    15.9000   -1.408881E-03  1.422619E-03  6.740515E+01
    15.9500   -1.405086E-03  1.457125E-03  6.781230E+01
    16.0000   -1.181738E-03  1.503965E-03  6.821113E+01
    16.0500   -7.727319E-04  1.560438E-03  6.859697E+01
    16.1000   -2.432795E-04  1.616313E-03  6.896395E+01
    16.1500    3.220555E-04  1.667223E-03  6.930943E+01
    16.2000    8.453445E-04  1.711339E-03  6.963168E+01
    16.2500    1.273377E-03  1.750360E-03  6.992970E+01
    16.3000    1.585758E-03  1.789979E-03  7.020349E+01
    16.3500    1.790681E-03  1.839533E-03  7.045486E+01
    16.4000    1.910452E-03  1.910458E-03  7.068832E+01
    16.4500    1.962594E-03  2.013507E-03  7.091119E+01
    16.5000    1.944123E-03  2.155490E-03  7.113239E+01
    16.5500    1.825635E-03  2.337022E-03  7.136008E+01
    16.6000    1.558523E-03  2.552279E-03  7.159976E+01
    16.6500    1.093885E-03  2.790472E-03  7.185382E+01
    16.7000    4.072641E-04  3.037912E-03  7.212217E+01
    16.7500   -4.794058E-04  3.279836E-03  7.240332E+01
    16.8000   -1.487122E-03  3.501706E-03  7.269525E+01
    16.8500   -2.485899E-03  3.690080E-03  7.299580E+01
    16.9000   -3.318015E-03  3.833206E-03  7.330297E+01
    16.9500   -3.833272E-03  3.921451E-03  7.361496E+01
    17.0000   -3.929717E-03  3.950326E-03  7.392962E+01
    17.0500   -3.583069E-03  3.919826E-03  7.424497E+01
    17.1000   -2.840363E-03  3.822406E-03  7.456056E+01
    17.1500   -1.829335E-03  3.658699E-03  7.487463E+01
    17.2000   -7.261679E-04  3.432241E-03  7.518504E+01
    17.2500    2.853465E-04  3.149531E-03  7.548895E+01
    17.3000    1.056599E-03  2.820140E-03  7.578226E+01
    17.3500    1.507242E-03  2.457038E-03  7.605863E+01
    17.4000    1.639525E-03  2.077481E-03  7.630771E+01
    17.4500    1.530231E-03  1.705173E-03  7.651208E+01
    17.5000    1.302947E-03  1.374864E-03  7.664415E+01
    17.5500    1.089059E-03  1.137977E-03  7.667475E+01
    17.6000    9.889747E-04  1.051035E-03  7.662366E+01
    17.6500    1.044752E-03  1.121885E-03  7.659604E+01
    17.7000    1.231679E-03  1.289477E-03  7.666848E+01
    17.7500    1.470549E-03  1.484410E-03  7.683226E+01
    17.8000    1.656129E-03  1.662360E-03  7.705563E+01
    17.8500    1.692585E-03  1.799135E-03  7.731490E+01
    17.9000    1.524789E-03  1.882149E-03  7.759544E+01
    17.9500    1.156015E-03  1.905810E-03  7.788807E+01
    18.0000    6.462810E-04  1.868660E-03  7.818667E+01
    18.0500    9.450338E-05  1.773141E-03  7.848649E+01
    18.1000   -3.897780E-04  1.627274E-03  7.878170E+01
    18.1500   -7.224688E-04  1.440078E-03  7.906536E+01
    18.2000   -8.665309E-04  1.223708E-03  7.932665E+01
    18.2500   -8.403594E-04  9.945993E-04  7.954624E+01
    18.3000   -7.086687E-04  7.769492E-04  7.968824E+01
    18.3500   -5.591761E-04  6.103479E-04  7.969821E+01
    18.4000   -4.727779E-04  5.494780E-04  7.957590E+01
    18.4500   -4.968316E-04  6.110487E-04  7.948924E+01
    18.5000   -6.300327E-04  7.407862E-04  7.955674E+01
    18.5500   -8.235802E-04  8.820109E-04  7.974457E+01
    18.6000   -9.981060E-04  1.003885E-03  8.000326E+01
    18.6500   -1.070841E-03  1.091347E-03  8.030477E+01
    18.7000   -9.842718E-04  1.137394E-03  8.063551E+01
    18.7500   -7.271227E-04  1.139964E-03  8.098971E+01
    18.8000   -3.409252E-04  1.100804E-03  8.136653E+01
    18.8500    8.999193E-05  1.025179E-03  8.176930E+01
    18.9000    4.620882E-04  9.221705E-04  8.220626E+01
    18.9500    6.825455E-04  8.056999E-04  8.269200E+01
    19.0000    6.969919E-04  6.970012E-04  8.324703E+01
    19.0500    5.049578E-04  6.254456E-04  8.388334E+01
    19.1000    1.565631E-04  6.162793E-04  8.456614E+01
    19.1500   -2.573407E-04  6.729552E-04  8.521540E+01
    19.2000   -6.321447E-04  7.721161E-04  8.578218E+01
    19.2500   -8.781770E-04  8.849035E-04  8.627042E+01
    19.3000   -9.438846E-04  9.898637E-04  8.669978E+01
    19.3500   -8.267892E-04  1.073504E-03  8.708547E+01
    19.4000   -5.694200E-04  1.128415E-03  8.743565E+01
    19.4500   -2.421306E-04  1.152271E-03  8.775288E+01
    19.5000    8.127928E-05  1.147837E-03  8.803546E+01
    19.5500    3.471348E-04  1.123712E-03  8.827865E+01
    19.6000    5.371009E-04  1.095351E-03  8.847708E+01
    19.6500    6.703231E-04  1.084980E-03  8.863056E+01
    19.7000    7.920505E-04  1.117404E-03  8.875243E+01
    19.7500    9.526758E-04  1.210345E-03  8.887071E+01
    19.8000    1.184236E-03  1.366084E-03  8.901351E+01
    19.8500    1.482290E-03  1.572990E-03  8.919415E+01
    19.9000    1.799491E-03  1.813358E-03  8.941164E+01
    19.9500    2.053550E-03  2.069317E-03  8.965892E+01