# # tequil.ion_motion                                            FEFF 9.05   
# # POT  SCF  30  5.5000   1, core-hole, AFOLP (folp(0)= 1.150)
# # Abs   Z=30 Rmt= 1.292 Rnm= 1.402 K  shell
# # Pot 1 Z=26 Rmt= 1.319 Rnm= 1.413
# # Pot 2 Z= 8 Rmt= 0.982 Rnm= 1.095
# # Gam_ch=1.897E+00 H-L exch
# # Mu=-1.167E+01 kf=2.143E+00 Vint=-1.790E+01 Rs_int= 1.693
# # PATH  Rmax= 8.500,  Keep_limit= 0.00, Heap_limit 0.00  Pwcrit= 2.50%
#  S02=1.000                                        Global_sig2= 0.00000
#  Energy zero shift, vr, vi   -2.00000E+00   0.00000E+00
#  Curved wave amplitude ratio filter   4.000%
#     file         sig2 tot  cw amp ratio   deg  nlegs   reff  inp sig2
#           1       0.00000    100.00      1.00     2   1.9172
#           2       0.00000     98.15      1.00     2   1.9307
#           3       0.00000     80.84      1.00     2   2.0766
#           4       0.00000     71.44      1.00     2   2.1751
#           5       0.00000     61.50      1.00     2   2.3006
#           6       0.00000     55.38      1.00     2   2.3927
#           7       0.00000     34.57      1.00     2   2.7792
#           8       0.00000     29.57      1.00     2   2.9729
#           9       0.00000     29.56      1.00     2   2.9735
#          10       0.00000     27.90      1.00     2   3.0474
#          11       0.00000     26.46      1.00     2   3.1169
#          12       0.00000     25.23      1.00     2   3.1950
#          13       0.00000     22.60      1.00     2   3.3298
#          14       0.00000     10.82      2.00     3   3.3770
#          15       0.00000     10.49      2.00     3   3.4102
#          16       0.00000     13.43      2.00     3   3.4399
#          17       0.00000      9.84      2.00     3   3.4443
#          18       0.00000     20.26      1.00     2   3.4569
#          19       0.00000     20.38      1.00     2   3.4751
#          20       0.00000     15.71      2.00     3   3.4965
#          21       0.00000      9.25      2.00     3   3.5192
#          22       0.00000      7.15      2.00     3   3.5412
#          23       0.00000      8.07      2.00     3   3.5506
#          24       0.00000      9.12      2.00     3   3.5700
#          25       0.00000     10.42      2.00     3   3.5782
#          26       0.00000     10.52      2.00     3   3.5786
#          27       0.00000     17.61      2.00     3   3.5983
#          28       0.00000      9.73      2.00     3   3.6035
#          29       0.00000     10.68      2.00     3   3.6057
#          30       0.00000      6.62      2.00     3   3.6199
#          31       0.00000     17.79      1.00     2   3.6205
#          32       0.00000     18.41      1.00     2   3.6229
#          33       0.00000      9.41      2.00     3   3.6276
#          34       0.00000      8.31      2.00     3   3.6526
#          35       0.00000      9.27      2.00     3   3.6636
#          36       0.00000      7.02      2.00     3   3.6690
#          37       0.00000      7.45      2.00     3   3.6811
#          38       0.00000     16.95      1.00     2   3.6826
#          39       0.00000     17.61      1.00     2   3.6891
#          40       0.00000     17.12      1.00     2   3.7309
#          41       0.00000     15.72      1.00     2   3.7811
#          42       0.00000     14.30      2.00     3   3.7809
#          43       0.00000     15.21      1.00     2   3.8250
#          44       0.00000     15.18      1.00     2   3.8281
#          45       0.00000     15.23      2.00     3   3.8338
#          46       0.00000     12.31      1.00     4   3.8344
#          47       0.00000      4.66      2.00     4   3.8479
#          48       0.00000     11.82      1.00     4   3.8614
#          49       0.00000      5.10      1.00     4   3.8669
#          50       0.00000     14.74      1.00     2   3.8676
#          51       0.00000      5.64      1.00     4   3.8762
#          52       0.00000      5.82      2.00     3   3.8843
#          53       0.00000      9.95      2.00     3   3.8899
#          54       0.00000      6.20      1.00     4   3.9069
#          55       0.00000     13.18      2.00     3   3.9271
#          56       0.00000     13.73      1.00     2   3.9639
#          57       0.00000      6.31      1.00     4   3.9748
#          58       0.00000     14.48      1.00     2   3.9880
#          59       0.00000     14.14      1.00     2   4.0261
#          60       0.00000     11.16      2.00     3   4.0378
#          61       0.00000      5.33      1.00     4   4.0447
#          62       0.00000     13.88      1.00     2   4.0552
#          64       0.00000     12.34      1.00     2   4.1126
#          65       0.00000      9.07      2.00     3   4.1311
#          66       0.00000      7.99      2.00     3   4.1334
#          67       0.00000      7.75      2.00     3   4.1519
#          68       0.00000     11.99      1.00     2   4.1536
#          69       0.00000      7.86      1.00     4   4.1531
#          70       0.00000      4.58      1.00     4   4.1596
#          71       0.00000     20.48      2.00     3   4.1637
#          72       0.00000      4.80      1.00     4   4.1650
#          73       0.00000      4.51      1.00     4   4.1664
#          74       0.00000     11.72      2.00     3   4.1813
#          75       0.00000     20.01      2.00     3   4.2041
#          76       0.00000      4.62      1.00     4   4.2077
#          77       0.00000     12.77      2.00     3   4.2146
#          78       0.00000     20.44      2.00     4   4.2179
#          79       0.00000      9.03      2.00     3   4.2300
#          80       0.00000     11.20      1.00     2   4.2514
#          81       0.00000     20.06      2.00     4   4.2517
#          82       0.00000      7.08      2.00     3   4.2788
#          84       0.00000     20.19      2.00     3   4.3000
#          85       0.00000     21.70      2.00     4   4.3234
#          86       0.00000      7.86      2.00     3   4.3243
#          87       0.00000     10.56      1.00     2   4.3378
#          88       0.00000     22.52      2.00     3   4.3397
#          90       0.00000      6.09      1.00     4   4.3502
#          91       0.00000      5.90      1.00     4   4.3741
#          92       0.00000      4.60      1.00     4   4.3746
#          93       0.00000      5.89      2.00     3   4.3800
#          94       0.00000     10.19      1.00     2   4.3904
#          95       0.00000     10.07      1.00     2   4.4076
#          96       0.00000     13.93      1.00     4   4.4280
#          97       0.00000      9.93      2.00     3   4.4309
#          98       0.00000      6.11      2.00     3   4.4371
#          99       0.00000      6.61      2.00     3   4.4402
#         100       0.00000     17.87      2.00     3   4.4605
#         101       0.00000      6.07      2.00     3   4.4707
#         102       0.00000     19.84      2.00     3   4.4818
#         103       0.00000      9.50      1.00     2   4.4948
#         104       0.00000      5.56      2.00     3   4.4950
#         105       0.00000      9.44      1.00     2   4.5037
#         106       0.00000      9.44      1.00     2   4.5048
#         107       0.00000      5.31      2.00     3   4.5547
#         109       0.00000      5.66      2.00     3   4.5574
#         110       0.00000      7.36      2.00     3   4.5654
#         112       0.00000     12.00      1.00     4   4.5731
#         113       0.00000     10.23      1.00     4   4.5831
#         114       0.00000      5.22      2.00     3   4.5944
#         115       0.00000      4.48      1.00     4   4.6013
#         116       0.00000      6.62      2.00     3   4.6047
#         117       0.00000      8.83      1.00     2   4.6064
#         118       0.00000     15.64      2.00     3   4.6275
#         119       0.00000      4.45      2.00     3   4.6400
#         121       0.00000      5.62      2.00     3   4.6449
#         122       0.00000      8.53      1.00     2   4.6597
#         123       0.00000      8.49      1.00     2   4.6670
#         127       0.00000      8.32      1.00     2   4.6989
#         128       0.00000      4.30      2.00     3   4.7059
#         129       0.00000      8.12      1.00     2   4.7370
#         130       0.00000      8.08      1.00     2   4.7450
#         131       0.00000     22.64      2.00     3   4.7450
#         132       0.00000     15.86      1.00     4   4.7450
#         134       0.00000      8.80      1.00     4   4.7513
#         135       0.00000     13.07      2.00     3   4.7542
#         136       0.00000      4.95      2.00     3   4.7553
#         138       0.00000      6.57      2.00     3   4.7660
#         139       0.00000      9.08      2.00     3   4.7656
#         140       0.00000     14.80      2.00     3   4.7728
#         143       0.00000      7.97      2.00     3   4.7975
#         144       0.00000      6.14      2.00     3   4.8196
#         146       0.00000      7.69      1.00     2   4.8232
#         148       0.00000      8.12      2.00     3   4.8306
#         149       0.00000      7.65      1.00     2   4.8316
#         150       0.00000     14.68      2.00     3   4.8324
#         151       0.00000      6.43      2.00     3   4.8353
#         152       0.00000      5.89      2.00     3   4.8348
#         153       0.00000      7.50      1.00     2   4.8626
#         154       0.00000      8.51      1.00     2   4.8780
#         155       0.00000      8.29      1.00     4   4.8786
#         156       0.00000      7.41      1.00     2   4.8824
#         159       0.00000      8.43      1.00     2   4.8946
#         160       0.00000      6.99      1.00     4   4.9019
#         161       0.00000      6.71      2.00     4   4.9037
#         163       0.00000      8.29      1.00     4   4.9278
#         166       0.00000      4.34      2.00     4   4.9543
#         171       0.00000      6.26      2.00     3   5.0057
#         172       0.00000      7.91      1.00     2   5.0077
#         173       0.00000      9.01      2.00     3   5.0131
#         174       0.00000      8.66      2.00     3   5.0136
#         176       0.00000      6.41      2.00     3   5.0270
#         178       0.00000      8.51      2.00     3   5.0419
#         179       0.00000      5.01      2.00     4   5.0419
#         181       0.00000      8.44      2.00     3   5.0919
#         182       0.00000      7.91      2.00     3   5.0947
#         184       0.00000      6.36      1.00     2   5.1303
#         186       0.00000      4.49      1.00     4   5.1482
#         187       0.00000      6.11      2.00     3   5.1494
#         188       0.00000      6.26      1.00     2   5.1587
#         189       0.00000     14.34      2.00     3   5.1604
#         190       0.00000      7.18      1.00     2   5.1840
#         191       0.00000      8.62      1.00     4   5.1904
#         192       0.00000      6.13      2.00     3   5.2078
#         193       0.00000      5.96      2.00     3   5.2138
#         194       0.00000      4.01      2.00     3   5.2309
#         201       0.00000      5.84      1.00     2   5.2739
#         202       0.00000      6.80      1.00     2   5.2837
#         203       0.00000     13.60      2.00     3   5.2897
#         206       0.00000      6.72      1.00     2   5.3052
#         207       0.00000      8.22      1.00     4   5.3056
#         209       0.00000      6.61      1.00     2   5.3371
#         214       0.00000      5.34      2.00     3   5.3716
#         215       0.00000      6.44      1.00     2   5.3852
#         216       0.00000      5.93      2.00     3   5.3871
#         217       0.00000      4.36      2.00     3   5.3872
#         218       0.00000      6.41      1.00     2   5.3938
#         220       0.00000      5.92      2.00     3   5.4110
#         221       0.00000      5.24      2.00     4   5.4175
#         222       0.00000      5.36      1.00     2   5.4221
#         225       0.00000      7.87      2.00     3   5.4461
#         227       0.00000      5.51      2.00     3   5.4675
#         229       0.00000      5.13      2.00     3   5.4784
#         230       0.00000      4.69      2.00     3   5.5079
#         232       0.00000      5.95      2.00     3   5.5170
#         233       0.00000      5.95      1.00     2   5.5346
#         234       0.00000      5.02      1.00     2   5.5343
#         235       0.00000      4.41      2.00     4   5.5377
#         237       0.00000      4.01      2.00     4   5.5516
#         240       0.00000      5.03      2.00     3   5.5690
#         242       0.00000      5.02      2.00     3   5.5809
#         243       0.00000      5.74      1.00     2   5.6045
#         244       0.00000      5.70      1.00     2   5.6173
#         245       0.00000      4.79      1.00     2   5.6180
#         248       0.00000      5.69      1.00     2   5.6205
#         250       0.00000      5.86      2.00     3   5.6294
#         251       0.00000      4.75      1.00     2   5.6342
#         252       0.00000      5.00      2.00     3   5.6423
#         254       0.00000      5.84      2.00     4   5.6481
#         257       0.00000      5.59      1.00     2   5.6573
#         258       0.00000      5.71      2.00     3   5.6614
#         260       0.00000      4.66      1.00     2   5.6668
#         262       0.00000      4.64      1.00     2   5.6761
#         266       0.00000      4.60      1.00     2   5.6896
#         268       0.00000      4.71      2.00     3   5.7021
#         269       0.00000      7.32      2.00     3   5.7069
#         270       0.00000      7.52      2.00     3   5.7104
#         273       0.00000      4.20      2.00     3   5.7153
#         275       0.00000      5.36      1.00     2   5.7356
#         278       0.00000      4.45      1.00     2   5.7494
#         281       0.00000      4.43      1.00     2   5.7563
#         284       0.00000      4.40      1.00     2   5.7702
#         285       0.00000      5.53      2.00     3   5.7726
#         286       0.00000      5.24      1.00     2   5.7799
#         287       0.00000      7.09      2.00     3   5.7901
#         292       0.00000      4.82      2.00     3   5.7981
#         295       0.00000      4.85      2.00     3   5.8048
#         296       0.00000      4.29      1.00     2   5.8183
#         299       0.00000      5.12      1.00     2   5.8272
#         300       0.00000      8.05      2.00     3   5.8283
#         301       0.00000      4.14      2.00     3   5.8332
#         302       0.00000      5.43      2.00     3   5.8330
#         303       0.00000      6.44      2.00     3   5.8402
#         304       0.00000      4.03      2.00     3   5.8427
#         305       0.00000      5.07      1.00     2   5.8456
#         306       0.00000      4.22      1.00     2   5.8472
#         307       0.00000      5.06      1.00     2   5.8495
#         310       0.00000      8.23      2.00     3   5.8697
#         316       0.00000      4.93      1.00     2   5.9020
#         326       0.00000      4.01      1.00     2   5.9423
#   229/ 295 paths used
#  -----------------------------------------------------------------------
#       k          chi          mag           phase @#
    -0.7000   -3.839666E-01  4.109200E-01 -1.935002E+00
    -0.6500   -3.830773E-01  4.150930E-01 -1.966123E+00
    -0.6000   -3.927720E-01  4.275935E-01 -1.977161E+00
    -0.5500   -4.099210E-01  4.451885E-01 -1.971515E+00
    -0.5000   -4.299314E-01  4.636182E-01 -1.954354E+00
    -0.4500   -4.514086E-01  4.821291E-01 -1.929703E+00
    -0.4000   -4.712122E-01  4.983752E-01 -1.902475E+00
    -0.3500   -4.918457E-01  5.150781E-01 -1.872286E+00
    -0.3000   -5.092710E-01  5.288790E-01 -1.843948E+00
    -0.2500   -5.235156E-01  5.400336E-01 -1.818765E+00
    -0.2000   -5.347506E-01  5.487940E-01 -1.797509E+00
    -0.1500   -5.444087E-01  5.564595E-01 -1.779289E+00
    -0.1000   -5.514757E-01  5.621149E-01 -1.765666E+00
    -0.0500   -5.556358E-01  5.654532E-01 -1.757410E+00
     0.0000   -5.570087E-01  5.665568E-01 -1.754646E+00
     0.0500   -5.583745E-01  5.676557E-01 -1.751875E+00
     0.1000   -5.624290E-01  5.709249E-01 -1.743527E+00
     0.1500   -5.690387E-01  5.762813E-01 -1.729504E+00
     0.2000   -5.779681E-01  5.835864E-01 -1.709667E+00
     0.2500   -5.888631E-01  5.926475E-01 -1.683866E+00
     0.3000   -6.012344E-01  6.032208E-01 -1.651973E+00
     0.3500   -6.150481E-01  6.155981E-01 -1.613070E+00
     0.4000   -6.311293E-01  6.311421E-01 -1.564438E+00
     0.4500   -6.462010E-01  6.474419E-01 -1.508873E+00
     0.5000   -6.589395E-01  6.640596E-01 -1.446537E+00
     0.5500   -6.687921E-01  6.816997E-01 -1.375889E+00
     0.6000   -6.746767E-01  7.012168E-01 -1.294790E+00
     0.6500   -6.726631E-01  7.197155E-01 -1.207199E+00
     0.7000   -6.613633E-01  7.375386E-01 -1.112295E+00
     0.7500   -6.391794E-01  7.563186E-01 -1.006788E+00
     0.8000   -6.031869E-01  7.726233E-01 -8.957849E-01
     0.8500   -5.521707E-01  7.875221E-01 -7.770083E-01
     0.9000   -4.847232E-01  8.008513E-01 -6.500923E-01
     0.9500   -4.020490E-01  8.104752E-01 -5.190618E-01
     1.0000   -3.032743E-01  8.186927E-01 -3.794798E-01
     1.0500   -1.923706E-01  8.229771E-01 -2.359324E-01
     1.1000   -7.202678E-02  8.238349E-01 -8.754042E-02
     1.1500    5.432040E-02  8.214806E-01  6.617328E-02
     1.2000    1.792686E-01  8.147006E-01  2.218579E-01
     1.2500    3.011558E-01  8.052079E-01  3.833291E-01
     1.3000    4.107777E-01  7.914583E-01  5.456966E-01
     1.3500    5.059880E-01  7.747655E-01  7.116514E-01
     1.4000    5.811842E-01  7.547792E-01  8.788500E-01
     1.4500    6.341908E-01  7.320966E-01  1.047680E+00
     1.5000    6.636318E-01  7.071588E-01  1.218110E+00
     1.5500    6.689375E-01  6.801721E-01  1.388791E+00
     1.6000    6.518857E-01  6.519132E-01  1.561614E+00
     1.6500    6.140970E-01  6.223543E-01  1.733874E+00
     1.7000    5.586165E-01  5.921826E-01  1.909103E+00
     1.7500    4.890421E-01  5.613808E-01  2.084070E+00
     1.8000    4.083972E-01  5.302764E-01  2.262502E+00
     1.8500    3.211529E-01  4.988317E-01  2.442125E+00
     1.9000    2.290753E-01  4.667175E-01  2.628559E+00
     1.9500    1.377421E-01  4.337160E-01  2.818410E+00
     2.0000    5.254022E-02  4.001653E-01  3.009916E+00
     2.0500   -2.286950E-02  3.661121E-01  3.204099E+00
     2.1000   -8.578895E-02  3.295766E-01  3.404926E+00
     2.1500   -1.314752E-01  2.899491E-01  3.612217E+00
     2.2000   -1.567245E-01  2.493816E-01  3.821155E+00
     2.2500   -1.614983E-01  2.081240E-01  4.029847E+00
     2.3000   -1.465145E-01  1.653203E-01  4.230770E+00
     2.3500   -1.134594E-01  1.195317E-01  4.392276E+00
     2.4000   -7.488745E-02  7.726554E-02  4.463643E+00
     2.4500   -3.964433E-02  4.440020E-02  4.245308E+00
     2.5000   -1.533900E-02  3.882378E-02  3.547762E+00
     2.5500   -6.131930E-03  5.435578E-02  3.254644E+00
     2.6000   -8.223636E-03  7.533514E-02  3.250971E+00
     2.6500   -2.182123E-02  9.570547E-02  3.371620E+00
     2.7000   -4.467647E-02  1.132140E-01  3.547246E+00
     2.7500   -6.930384E-02  1.271311E-01  3.718145E+00
     2.8000   -9.573750E-02  1.388858E-01  3.902150E+00
     2.8500   -1.211042E-01  1.483626E-01  4.096519E+00
     2.9000   -1.422972E-01  1.554818E-01  4.297600E+00
     2.9500   -1.574008E-01  1.608905E-01  4.503733E+00
     3.0000   -1.641980E-01  1.641980E-01  4.712097E+00
     3.0500   -1.616798E-01  1.652654E-01  4.921076E+00
     3.1000   -1.501162E-01  1.642125E-01  5.129759E+00
     3.1500   -1.305240E-01  1.613949E-01  5.341205E+00
     3.2000   -1.047409E-01  1.570560E-01  5.553142E+00
     3.2500   -7.533213E-02  1.513745E-01  5.762293E+00
     3.3000   -4.493444E-02  1.446088E-01  5.967223E+00
     3.3500   -1.547155E-02  1.370412E-01  6.170047E+00
     3.4000    1.119507E-02  1.288198E-01  6.370200E+00
     3.4500    3.334510E-02  1.202044E-01  6.564276E+00
     3.5000    5.030998E-02  1.115072E-01  6.751274E+00
     3.5500    6.224385E-02  1.030140E-01  6.931981E+00
     3.6000    6.955396E-02  9.488078E-02  7.106006E+00
     3.6500    7.290416E-02  8.729474E-02  7.271590E+00
     3.7000    7.327964E-02  8.041726E-02  7.429476E+00
     3.7500    7.168717E-02  7.439718E-02  7.583244E+00
     3.8000    6.874447E-02  6.921786E-02  7.736961E+00
     3.8500    6.463423E-02  6.467828E-02  7.890891E+00
     3.9000    5.950205E-02  6.063318E-02  8.047443E+00
     3.9500    5.331710E-02  5.688653E-02  8.210111E+00
     4.0000    4.592342E-02  5.316345E-02  8.381983E+00
     4.0500    3.759027E-02  4.938223E-02  8.559600E+00
     4.1000    2.867102E-02  4.545765E-02  8.742298E+00
     4.1500    1.962880E-02  4.129624E-02  8.929454E+00
     4.2000    1.106999E-02  3.679059E-02  9.119150E+00
     4.2500    3.849320E-03  3.214407E-02  9.304738E+00
     4.3000   -1.531402E-03  2.746009E-02  9.480575E+00
     4.3500   -4.827296E-03  2.284634E-02  9.637677E+00
     4.4000   -6.026093E-03  1.840884E-02  9.758273E+00
     4.4500   -5.627971E-03  1.457221E-02  9.821300E+00
     4.5000   -4.327454E-03  1.170510E-02  9.803471E+00
     4.5500   -2.858687E-03  1.016176E-02  9.709945E+00
     4.6000   -1.770746E-03  1.004164E-02  9.602045E+00
     4.6500   -1.685182E-03  1.079176E-02  9.581574E+00
     4.7000   -2.677956E-03  1.168549E-02  9.656002E+00
     4.7500   -4.460372E-03  1.227148E-02  9.796773E+00
     4.8000   -6.520715E-03  1.243464E-02  9.976787E+00
     4.8500   -8.202881E-03  1.192764E-02  1.018312E+01
     4.9000   -8.904863E-03  1.073455E-02  1.040308E+01
     4.9500   -8.301644E-03  8.905697E-03  1.062515E+01
     5.0000   -6.517137E-03  6.612527E-03  1.082551E+01
     5.0500   -3.894248E-03  3.900635E-03  1.093834E+01
     5.1000   -1.134323E-03  1.439656E-03  1.033219E+01
     5.1500    9.474589E-04  3.206341E-03  9.124804E+00
     5.2000    1.519026E-03  6.491215E-03  9.188575E+00
     5.2500    2.844396E-04  9.811482E-03  9.395783E+00
     5.3000   -2.739704E-03  1.295281E-02  9.637902E+00
     5.3500   -7.107365E-03  1.577159E-02  9.892264E+00
     5.4000   -1.212018E-02  1.813403E-02  1.015679E+01
     5.4500   -1.676164E-02  1.998356E-02  1.041980E+01
     5.5000   -2.020160E-02  2.126363E-02  1.067819E+01
     5.5500   -2.190505E-02  2.195391E-02  1.092885E+01
     5.6000   -2.170557E-02  2.204605E-02  1.117155E+01
     5.6500   -1.991896E-02  2.164705E-02  1.139786E+01
     5.7000   -1.716071E-02  2.088763E-02  1.160221E+01
     5.7500   -1.414295E-02  1.996125E-02  1.177897E+01
     5.8000   -1.142893E-02  1.910682E-02  1.192517E+01
     5.8500   -9.338317E-03  1.865305E-02  1.204204E+01
     5.9000   -7.743110E-03  1.885996E-02  1.214330E+01
     5.9500   -6.153442E-03  1.983711E-02  1.225097E+01
     6.0000   -3.897352E-03  2.151522E-02  1.238422E+01
     6.0500   -3.264669E-04  2.367793E-02  1.255258E+01
     6.1000    4.891802E-03  2.604611E-02  1.275531E+01
     6.1500    1.158532E-02  2.836389E-02  1.298713E+01
     6.2000    1.903063E-02  3.042143E-02  1.324223E+01
     6.2500    2.606414E-02  3.205707E-02  1.351575E+01
     6.3000    3.133169E-02  3.315357E-02  1.380411E+01
     6.3500    3.361659E-02  3.363414E-02  1.410486E+01
     6.4000    3.216214E-02  3.345922E-02  1.441652E+01
     6.4500    2.690261E-02  3.262394E-02  1.473842E+01
     6.5000    1.858798E-02  3.117573E-02  1.506916E+01
     6.5500    8.564103E-03  2.912765E-02  1.540953E+01
     6.6000   -1.420952E-03  2.654982E-02  1.576151E+01
     6.6500   -9.612151E-03  2.354627E-02  1.612847E+01
     6.7000   -1.464655E-02  2.024908E-02  1.651656E+01
     6.7500   -1.585222E-02  1.682567E-02  1.693694E+01
     6.8000   -1.338464E-02  1.350077E-02  1.741001E+01
     6.8500   -8.169234E-03  1.060886E-02  1.797065E+01
     6.9000   -1.667405E-03  8.665281E-03  1.865592E+01
     6.9500    4.473259E-03  8.209731E-03  1.942579E+01
     7.0000    8.781335E-03  9.127246E-03  2.014416E+01
     7.0500    1.026927E-02  1.081466E-02  2.073929E+01
     7.1000    8.683558E-03  1.267244E-02  2.123623E+01
     7.1500    4.484004E-03  1.435461E-02  2.167346E+01
     7.2000   -1.314504E-03  1.568924E-02  2.207503E+01
     7.2500   -7.414530E-03  1.659505E-02  2.245432E+01
     7.3000   -1.255032E-02  1.704248E-02  2.281890E+01
     7.3500   -1.576520E-02  1.703593E-02  2.317326E+01
     7.4000   -1.658974E-02  1.660416E-02  2.352027E+01
     7.4500   -1.508863E-02  1.579409E-02  2.386195E+01
     7.5000   -1.180970E-02  1.471686E-02  2.420133E+01
     7.5500   -7.503254E-03  1.340260E-02  2.453855E+01
     7.6000   -3.031860E-03  1.189756E-02  2.487507E+01
     7.6500    8.358832E-04  1.027296E-02  2.521420E+01
     7.7000    3.576626E-03  8.599670E-03  2.556168E+01
     7.7500    4.962859E-03  6.948644E-03  2.592825E+01
     7.8000    5.036271E-03  5.398157E-03  2.633529E+01
     7.8500    4.029299E-03  4.059576E-03  2.682575E+01
     7.9000    2.269904E-03  3.140181E-03  2.746640E+01
     7.9500    1.017878E-04  2.951611E-03  2.823984E+01
     8.0000   -2.158367E-03  3.538624E-03  2.893033E+01
     8.0500   -4.239305E-03  4.593452E-03  2.944988E+01
     8.1000   -5.881023E-03  5.881520E-03  2.985812E+01
     8.1500   -6.823569E-03  7.301312E-03  3.020889E+01
     8.2000   -6.815557E-03  8.807778E-03  3.053109E+01
     8.2500   -5.650619E-03  1.036975E-02  3.083964E+01
     8.3000   -3.229210E-03  1.195461E-02  3.114241E+01
     8.3500    3.736504E-04  1.352411E-02  3.144356E+01
     8.4000    4.861797E-03  1.503485E-02  3.174521E+01
     8.4500    9.717460E-03  1.644067E-02  3.204830E+01
     8.5000    1.426933E-02  1.769780E-02  3.235376E+01
     8.5500    1.777796E-02  1.876410E-02  3.266108E+01
     8.6000    1.959862E-02  1.960159E-02  3.296931E+01
     8.6500    1.933306E-02  2.018165E-02  3.327774E+01
     8.7000    1.692181E-02  2.048593E-02  3.358551E+01
     8.7500    1.266956E-02  2.050781E-02  3.389159E+01
     8.8000    7.186990E-03  2.025339E-02  3.419476E+01
     8.8500    1.261347E-03  1.974208E-02  3.449358E+01
     8.9000   -4.311219E-03  1.900683E-02  3.478634E+01
     8.9500   -8.887975E-03  1.809403E-02  3.507100E+01
     9.0000   -1.211346E-02  1.708272E-02  3.534575E+01
     9.0500   -1.391444E-02  1.603653E-02  3.560802E+01
     9.1000   -1.446635E-02  1.502170E-02  3.585555E+01
     9.1500   -1.411178E-02  1.412339E-02  3.608777E+01
     9.2000   -1.320830E-02  1.342110E-02  3.630663E+01
     9.2500   -1.200372E-02  1.297405E-02  3.651752E+01
     9.3000   -1.056527E-02  1.280606E-02  3.672887E+01
     9.3500   -8.784389E-03  1.289882E-02  3.694995E+01
     9.4000   -6.454490E-03  1.319898E-02  3.718815E+01
     9.4500   -3.395492E-03  1.363531E-02  3.744744E+01
     9.5000    4.267729E-04  1.415692E-02  3.772926E+01
     9.5500    4.806377E-03  1.470222E-02  3.803215E+01
     9.6000    9.255847E-03  1.521022E-02  3.835332E+01
     9.6500    1.309401E-02  1.565054E-02  3.869025E+01
     9.7000    1.558590E-02  1.600530E-02  3.904048E+01
     9.7500    1.612500E-02  1.626604E-02  3.940169E+01
     9.8000    1.440482E-02  1.643056E-02  3.977173E+01
     9.8500    1.053034E-02  1.649992E-02  4.014854E+01
     9.9000    5.034492E-03  1.647601E-02  4.053017E+01
     9.9500   -1.210220E-03  1.635974E-02  4.091475E+01
    10.0000   -7.187077E-03  1.617445E-02  4.130115E+01
    10.0500   -1.192547E-02  1.591595E-02  4.168768E+01
    10.1000   -1.467051E-02  1.555810E-02  4.207209E+01
    10.1500   -1.508289E-02  1.509576E-02  4.245280E+01
    10.2000   -1.328150E-02  1.452465E-02  4.282825E+01
    10.2500   -9.789355E-03  1.384304E-02  4.319681E+01
    10.3000   -5.389182E-03  1.305354E-02  4.355671E+01
    10.3500   -9.292042E-04  1.216470E-02  4.390584E+01
    10.4000    2.869039E-03  1.119263E-02  4.424152E+01
    10.4500    5.552187E-03  1.016246E-02  4.456029E+01
    10.5000    6.993680E-03  9.109947E-03  4.485754E+01
    10.5500    7.361828E-03  8.083081E-03  4.512744E+01
    10.6000    7.015069E-03  7.142988E-03  4.536356E+01
    10.6500    6.361150E-03  6.361363E-03  4.556129E+01
    10.7000    5.724342E-03  5.808186E-03  4.572321E+01
    10.7500    5.259056E-03  5.524769E-03  4.586449E+01
    10.8000    4.931428E-03  5.494676E-03  4.600984E+01
    10.8500    4.568251E-03  5.642874E-03  4.618049E+01
    10.9000    3.951721E-03  5.867850E-03  4.638502E+01
    10.9500    2.925185E-03  6.075119E-03  4.662152E+01
    11.0000    1.470287E-03  6.204836E-03  4.688466E+01
    11.0500   -2.687837E-04  6.207934E-03  4.716720E+01
    11.1000   -2.002096E-03  6.039801E-03  4.746177E+01
    11.1500   -3.390456E-03  5.685278E-03  4.776285E+01
    11.2000   -4.155106E-03  5.142165E-03  4.806472E+01
    11.2500   -4.174313E-03  4.420094E-03  4.835964E+01
    11.3000   -3.534704E-03  3.541388E-03  4.863324E+01
    11.3500   -2.518554E-03  2.548724E-03  4.884870E+01
    11.4000   -1.528036E-03  1.552487E-03  4.887240E+01
    11.4500   -9.672129E-04  1.059692E-03  4.827381E+01
    11.5000   -1.116374E-03  1.784716E-03  4.779969E+01
    11.5500   -2.036754E-03  2.962944E-03  4.788180E+01
    11.6000   -3.535719E-03  4.205106E-03  4.812268E+01
    11.6500   -5.205342E-03  5.411846E-03  4.841755E+01
    11.7000   -6.525950E-03  6.531688E-03  4.873660E+01
    11.7500   -7.007068E-03  7.527082E-03  4.906857E+01
    11.8000   -6.326684E-03  8.368391E-03  4.940827E+01
    11.8500   -4.429576E-03  9.032738E-03  4.975294E+01
    11.9000   -1.556388E-03  9.503929E-03  5.010098E+01
    11.9500    1.805650E-03  9.772559E-03  5.045132E+01
    12.0000    5.051900E-03  9.849454E-03  5.080406E+01
    12.0500    7.592857E-03  9.744421E-03  5.115887E+01
    12.1000    8.963449E-03  9.449683E-03  5.151409E+01
    12.1500    8.974524E-03  8.979349E-03  5.186906E+01
    12.2000    7.735976E-03  8.352709E-03  5.222297E+01
    12.2500    5.615993E-03  7.593507E-03  5.257463E+01
    12.3000    3.136075E-03  6.729170E-03  5.292226E+01
    12.3500    8.320724E-04  5.790121E-03  5.326287E+01
    12.4000   -8.800723E-04  4.809471E-03  5.359110E+01
    12.4500   -1.797774E-03  3.823804E-03  5.389654E+01
    12.5000   -1.960941E-03  2.877260E-03  5.415693E+01
    12.5500   -1.612101E-03  2.036454E-03  5.432053E+01
    12.6000   -1.102339E-03  1.437361E-03  5.428110E+01
    12.6500   -7.725944E-04  1.311441E-03  5.403704E+01
    12.7000   -8.456876E-04  1.643642E-03  5.394752E+01
    12.7500   -1.360039E-03  2.139152E-03  5.409610E+01
    12.8000   -2.162922E-03  2.633797E-03  5.437062E+01
    12.8500   -2.963287E-03  3.074019E-03  5.470865E+01
    12.9000   -3.426925E-03  3.446085E-03  5.508337E+01
    12.9500   -3.284917E-03  3.752018E-03  5.548218E+01
    13.0000   -2.424518E-03  4.004378E-03  5.589832E+01
    13.0500   -9.266640E-04  4.216758E-03  5.632710E+01
    13.1000    9.411261E-04  4.396397E-03  5.676440E+01
    13.1500    2.784285E-03  4.553289E-03  5.720661E+01
    13.2000    4.186133E-03  4.693514E-03  5.765019E+01
    13.2500    4.816371E-03  4.818205E-03  5.809187E+01
    13.3000    4.516746E-03  4.923524E-03  5.852881E+01
    13.3500    3.340866E-03  5.001553E-03  5.895879E+01
    13.4000    1.538372E-03  5.041796E-03  5.938019E+01
    13.4500   -5.107854E-04  5.032901E-03  5.979192E+01
    13.5000   -2.392826E-03  4.964295E-03  6.019320E+01
    13.5500   -3.760619E-03  4.827532E-03  6.058332E+01
    13.6000   -4.411518E-03  4.617340E-03  6.096135E+01
    13.6500   -4.323294E-03  4.332379E-03  6.132583E+01
    13.7000   -3.641315E-03  3.975872E-03  6.167423E+01
    13.7500   -2.623647E-03  3.556309E-03  6.200213E+01
    13.8000   -1.561811E-03  3.088707E-03  6.230172E+01
    13.8500   -7.003310E-04  2.597412E-03  6.255885E+01
    13.9000   -1.769889E-04  2.122704E-03  6.274838E+01
    13.9500    1.587173E-06  1.734040E-03  6.283277E+01
    14.0000   -5.554079E-05  1.538786E-03  6.279575E+01
    14.0500   -1.702361E-04  1.622388E-03  6.272673E+01
    14.1000   -1.507549E-04  1.936975E-03  6.275394E+01
    14.1500    1.428309E-04  2.365753E-03  6.289226E+01
    14.2000    7.562031E-04  2.822719E-03  6.310306E+01
    14.2500    1.628290E-03  3.258877E-03  6.335504E+01
    14.3000    2.610134E-03  3.645986E-03  6.362975E+01
    14.3500    3.507565E-03  3.967168E-03  6.391652E+01
    14.4000    4.133920E-03  4.212838E-03  6.420879E+01
    14.4500    4.357318E-03  4.378974E-03  6.450214E+01
    14.5000    4.129827E-03  4.466330E-03  6.479331E+01
    14.5500    3.492106E-03  4.479999E-03  6.507960E+01
    14.6000    2.554723E-03  4.429058E-03  6.535863E+01
    14.6500    1.463901E-03  4.326164E-03  6.562825E+01
    14.7000    3.631777E-04  4.186955E-03  6.588660E+01
    14.7500   -6.376104E-04  4.029114E-03  6.613236E+01
    14.8000   -1.478036E-03  3.870920E-03  6.636522E+01
    14.8500   -2.145114E-03  3.729158E-03  6.658633E+01
    14.9000   -2.657053E-03  3.616544E-03  6.679866E+01
    14.9500   -3.040341E-03  3.539275E-03  6.700682E+01
    15.0000   -3.309434E-03  3.496410E-03  6.721573E+01
    15.0500   -3.456554E-03  3.479434E-03  6.742950E+01
    15.1000   -3.453341E-03  3.473468E-03  6.765195E+01
    15.1500   -3.264331E-03  3.462873E-03  6.788451E+01
    15.2000   -2.865949E-03  3.432370E-03  6.812695E+01
    15.2500   -2.264888E-03  3.369014E-03  6.837777E+01
    15.3000   -1.508232E-03  3.263334E-03  6.863459E+01
    15.3500   -6.807699E-04  3.109889E-03  6.889435E+01
    15.4000    1.108299E-04  2.907477E-03  6.915317E+01
    15.4500    7.628538E-04  2.659280E-03  6.940599E+01
    15.5000    1.201081E-03  2.373206E-03  6.964570E+01
    15.5500    1.400825E-03  2.062845E-03  6.986154E+01
    15.6000    1.393969E-03  1.749757E-03  7.003679E+01
    15.6500    1.260262E-03  1.468021E-03  7.014733E+01
    15.7000    1.104853E-03  1.269015E-03  7.017154E+01
    15.7500    1.028212E-03  1.210035E-03  7.013052E+01
    15.8000    1.096967E-03  1.308090E-03  7.010975E+01
    15.8500    1.324028E-03  1.518395E-03  7.017430E+01
    15.9000    1.663735E-03  1.779932E-03  7.032250E+01
    15.9500    2.023462E-03  2.048528E-03  7.052924E+01
    16.0000    2.291033E-03  2.299920E-03  7.077377E+01
    16.0500    2.361775E-03  2.520760E-03  7.104289E+01
    16.1000    2.159870E-03  2.696301E-03  7.132759E+01
    16.1500    1.671814E-03  2.821861E-03  7.162253E+01
    16.2000    9.449606E-04  2.896068E-03  7.192425E+01
    16.2500    7.673843E-05  2.920195E-03  7.223035E+01
    16.3000   -8.075939E-04  2.897680E-03  7.253908E+01
    16.3500   -1.582372E-03  2.833724E-03  7.284910E+01
    16.4000   -2.146940E-03  2.734913E-03  7.315935E+01
    16.4500   -2.443008E-03  2.608834E-03  7.346896E+01
    16.5000   -2.460584E-03  2.463683E-03  7.377726E+01
    16.5500   -2.232473E-03  2.307876E-03  7.408375E+01
    16.6000   -1.820370E-03  2.149654E-03  7.438825E+01
    16.6500   -1.297429E-03  1.996703E-03  7.469092E+01
    16.7000   -7.324828E-04  1.855809E-03  7.499249E+01
    16.7500   -1.798154E-04  1.732566E-03  7.529425E+01
    16.8000    3.238875E-04  1.631190E-03  7.559811E+01
    16.8500    7.562396E-04  1.554468E-03  7.590630E+01
    16.9000    1.102289E-03  1.503869E-03  7.622090E+01
    16.9500    1.347669E-03  1.479755E-03  7.654329E+01
    17.0000    1.478651E-03  1.485149E-03  7.687544E+01
    17.0500    1.476286E-03  1.523592E-03  7.721886E+01
    17.1000    1.310266E-03  1.585408E-03  7.756704E+01
    17.1500    9.732626E-04  1.667841E-03  7.791673E+01
    17.2000    4.797458E-04  1.767393E-03  7.826492E+01
    17.2500   -1.303918E-04  1.879996E-03  7.860923E+01
    17.3000   -7.943092E-04  2.001305E-03  7.894795E+01
    17.3500   -1.434568E-03  2.127063E-03  7.928002E+01
    17.4000   -1.971324E-03  2.253438E-03  7.960485E+01
    17.4500   -2.335251E-03  2.377309E-03  7.992223E+01
    17.5000   -2.478034E-03  2.496458E-03  8.023218E+01
    17.5500   -2.378207E-03  2.609645E-03  8.053494E+01
    17.6000   -2.041654E-03  2.716557E-03  8.083099E+01
    17.6500   -1.497707E-03  2.817623E-03  8.112098E+01
    17.7000   -7.928451E-04  2.913721E-03  8.140583E+01
    17.7500    1.571545E-05  3.005783E-03  8.168664E+01
    17.8000    8.648964E-04  3.094376E-03  8.196469E+01
    17.8500    1.688625E-03  3.179316E-03  8.224134E+01
    17.9000    2.419517E-03  3.259388E-03  8.251794E+01
    17.9500    2.991008E-03  3.332223E-03  8.279571E+01
    18.0000    3.344005E-03  3.396874E-03  8.307554E+01
    18.0500    3.433350E-03  3.452749E-03  8.335826E+01
    18.1000    3.223399E-03  3.488786E-03  8.364477E+01
    18.1500    2.714365E-03  3.499679E-03  8.393533E+01
    18.2000    1.945076E-03  3.480321E-03  8.422997E+01
    18.2500    9.944413E-04  3.426199E-03  8.452852E+01
    18.3000   -2.550663E-05  3.333753E-03  8.483065E+01
    18.3500   -9.852839E-04  3.200645E-03  8.513592E+01
    18.4000   -1.760035E-03  3.025957E-03  8.544375E+01
    18.4500   -2.253497E-03  2.810307E-03  8.575342E+01
    18.5000   -2.418123E-03  2.555881E-03  8.606398E+01
    18.5500   -2.265974E-03  2.266412E-03  8.637413E+01
    18.6000   -1.866890E-03  1.947102E-03  8.668183E+01
    18.6500   -1.333537E-03  1.604537E-03  8.698350E+01
    18.7000   -7.962938E-04  1.246717E-03  8.727177E+01
    18.7500   -3.737605E-04  8.836481E-04  8.752787E+01
    18.8000   -1.460347E-04  5.311993E-04  8.768609E+01
    18.8500   -1.374088E-04  2.481898E-04  8.737786E+01
    18.9000   -3.128511E-04  3.128514E-04  8.639242E+01
    18.9500   -5.891410E-04  5.900843E-04  8.633725E+01
    19.0000   -8.588796E-04  8.690546E-04  8.654697E+01
    19.0500   -1.019089E-03  1.121070E-03  8.682364E+01
    19.1000   -9.904961E-04  1.333570E-03  8.712744E+01
    19.1500   -7.457931E-04  1.501070E-03  8.744464E+01
    19.2000   -3.139924E-04  1.620460E-03  8.776959E+01
    19.2500    2.275492E-04  1.690465E-03  8.809961E+01
    19.3000    7.731590E-04  1.711469E-03  8.843332E+01
    19.3500    1.215428E-03  1.685388E-03  8.877006E+01
    19.4000    1.471334E-03  1.615542E-03  8.910966E+01
    19.4500    1.501308E-03  1.506496E-03  8.945238E+01
    19.5000    1.316743E-03  1.363872E-03  8.979904E+01
    19.5500    9.746743E-04  1.194162E-03  9.015138E+01
    19.6000    5.616902E-04  1.004552E-03  9.051283E+01
    19.6500    1.717861E-04  8.028586E-04  9.089055E+01
    19.7000   -1.159157E-04  5.978448E-04  9.130131E+01
    19.7500   -2.540591E-04  4.011117E-04  9.179211E+01
    19.8000   -2.348567E-04  2.376284E-04  9.252410E+01
    19.8500   -8.772093E-05  1.877711E-04  9.376169E+01
    19.9000    1.316809E-04  2.837771E-04  9.473032E+01
    19.9500    3.573634E-04  4.133319E-04  9.529212E+01