# # tequil.ion_motion                                            FEFF 9.05   
# # POT  SCF  30  5.5000   1, core-hole, AFOLP (folp(0)= 1.150)
# # Abs   Z=30 Rmt= 1.319 Rnm= 1.409 K  shell
# # Pot 1 Z=26 Rmt= 1.258 Rnm= 1.378
# # Pot 2 Z= 8 Rmt= 0.985 Rnm= 1.077
# # Gam_ch=1.897E+00 H-L exch
# # Mu=-1.178E+01 kf=2.199E+00 Vint=-1.946E+01 Rs_int= 1.649
# # PATH  Rmax= 8.500,  Keep_limit= 0.00, Heap_limit 0.00  Pwcrit= 2.50%
#  S02=1.000                                        Global_sig2= 0.00000
#  Energy zero shift, vr, vi   -2.00000E+00   0.00000E+00
#  Curved wave amplitude ratio filter   4.000%
#     file         sig2 tot  cw amp ratio   deg  nlegs   reff  inp sig2
#           1       0.00000    100.00      1.00     2   1.9585
#           2       0.00000     98.36      1.00     2   1.9712
#           3       0.00000     93.69      1.00     2   2.0090
#           4       0.00000     73.65      1.00     2   2.2067
#           5       0.00000     66.57      1.00     2   2.2948
#           6       0.00000     65.27      1.00     2   2.3124
#           7       0.00000     34.11      1.00     2   2.9211
#           8       0.00000     33.75      1.00     2   2.9351
#           9       0.00000     32.33      1.00     2   2.9923
#          10       0.00000     31.07      1.00     2   3.0458
#          11       0.00000     25.98      1.00     2   3.2901
#          12       0.00000     25.70      1.00     2   3.3053
#          13       0.00000     25.69      1.00     2   3.3059
#          14       0.00000     24.32      1.00     2   3.3544
#          15       0.00000     23.61      1.00     2   3.3910
#          16       0.00000     11.26      2.00     3   3.4535
#          17       0.00000     21.98      1.00     2   3.4812
#          18       0.00000     10.70      2.00     3   3.5059
#          19       0.00000     11.39      2.00     3   3.5149
#          20       0.00000     21.29      1.00     2   3.5214
#          21       0.00000     11.34      2.00     3   3.5321
#          22       0.00000      8.31      2.00     3   3.5376
#          23       0.00000      9.06      2.00     3   3.5389
#          24       0.00000      9.20      2.00     3   3.5408
#          25       0.00000      7.31      2.00     3   3.5622
#          26       0.00000     18.82      2.00     3   3.5634
#          27       0.00000      8.44      2.00     3   3.5682
#          28       0.00000     20.46      1.00     2   3.5730
#          29       0.00000      7.61      2.00     3   3.5774
#          30       0.00000     17.67      2.00     3   3.5812
#          31       0.00000     20.11      1.00     2   3.5950
#          32       0.00000      7.69      2.00     3   3.6006
#          33       0.00000      8.54      2.00     3   3.6123
#          34       0.00000      9.24      2.00     3   3.6171
#          35       0.00000      8.40      2.00     3   3.6228
#          36       0.00000     10.34      2.00     3   3.6227
#          37       0.00000     15.16      2.00     3   3.6349
#          38       0.00000     20.37      1.00     2   3.6370
#          39       0.00000     19.39      1.00     2   3.6427
#          40       0.00000      9.78      2.00     3   3.6444
#          41       0.00000      7.50      2.00     3   3.6579
#          42       0.00000      7.95      2.00     3   3.6659
#          43       0.00000      9.73      2.00     3   3.6770
#          44       0.00000      6.87      2.00     3   3.6793
#          45       0.00000     19.62      1.00     2   3.6914
#          46       0.00000      6.64      2.00     3   3.7046
#          47       0.00000     18.37      1.00     2   3.7893
#          48       0.00000     18.27      1.00     2   3.7974
#          49       0.00000      4.94      1.00     4   3.8209
#          50       0.00000     17.69      1.00     2   3.8454
#          51       0.00000     17.48      1.00     2   3.8637
#          52       0.00000     14.15      2.00     3   3.8657
#          53       0.00000      4.53      1.00     4   3.8722
#          54       0.00000     16.14      1.00     2   3.8900
#          55       0.00000      9.51      1.00     4   3.9169
#          57       0.00000      9.19      1.00     4   3.9423
#          58       0.00000     12.93      2.00     3   3.9525
#          59       0.00000      4.11      1.00     4   3.9645
#          60       0.00000      5.39      1.00     4   3.9719
#          61       0.00000     15.10      1.00     2   3.9824
#          62       0.00000     13.32      2.00     3   4.0081
#          63       0.00000      8.83      2.00     3   4.0172
#          64       0.00000      8.32      1.00     4   4.0181
#          65       0.00000      4.64      1.00     4   4.0185
#          66       0.00000     13.11      2.00     3   4.0377
#          67       0.00000     12.86      2.00     3   4.0629
#          68       0.00000      8.95      2.00     3   4.0696
#          69       0.00000      8.19      2.00     3   4.0899
#          70       0.00000      4.92      1.00     4   4.0943
#          71       0.00000     22.18      2.00     3   4.1171
#          72       0.00000      7.79      2.00     3   4.1226
#          73       0.00000      7.34      2.00     3   4.1553
#          74       0.00000      8.90      2.00     3   4.1605
#          75       0.00000     15.67      2.00     4   4.1778
#          76       0.00000      7.72      2.00     3   4.1819
#          77       0.00000      4.41      1.00     4   4.1885
#          78       0.00000     12.98      1.00     2   4.2001
#          79       0.00000      7.74      2.00     3   4.2028
#          81       0.00000      7.26      2.00     3   4.2151
#          82       0.00000      4.30      1.00     4   4.2187
#          83       0.00000      5.56      1.00     4   4.2301
#          84       0.00000     21.97      2.00     3   4.2371
#          85       0.00000     12.53      1.00     2   4.2521
#          86       0.00000     12.51      1.00     2   4.2538
#          87       0.00000     20.32      2.00     3   4.2538
#          88       0.00000      7.10      2.00     3   4.2612
#          89       0.00000      4.50      1.00     4   4.2621
#          90       0.00000     16.81      2.00     4   4.2708
#          91       0.00000      6.91      2.00     3   4.2852
#          92       0.00000     14.56      2.00     4   4.3038
#          93       0.00000     12.08      1.00     2   4.3063
#          94       0.00000     20.42      2.00     3   4.3328
#          95       0.00000     11.56      1.00     2   4.3721
#          96       0.00000      7.60      2.00     3   4.3865
#          97       0.00000      8.79      2.00     3   4.3911
#          98       0.00000      5.12      1.00     4   4.4133
#          99       0.00000     11.05      1.00     2   4.4403
#         100       0.00000      5.33      2.00     3   4.4429
#         101       0.00000     11.21      1.00     4   4.4655
#         102       0.00000     10.61      1.00     2   4.5032
#         103       0.00000     10.57      1.00     2   4.5084
#         104       0.00000     19.11      2.00     3   4.5474
#         105       0.00000      5.37      2.00     3   4.5583
#         106       0.00000      5.58      2.00     3   4.5613
#         107       0.00000     10.09      1.00     2   4.5808
#         108       0.00000      4.19      1.00     4   4.5896
#         109       0.00000      9.92      1.00     2   4.6084
#         110       0.00000     18.47      2.00     3   4.6112
#         112       0.00000      9.87      1.00     2   4.6156
#         113       0.00000      4.03      1.00     4   4.6248
#         114       0.00000      9.77      1.00     2   4.6325
#         115       0.00000      9.72      1.00     2   4.6394
#         116       0.00000      4.66      2.00     3   4.6398
#         117       0.00000      9.67      1.00     2   4.6482
#         118       0.00000      7.46      2.00     3   4.6503
#         119       0.00000      7.41      2.00     3   4.6541
#         120       0.00000     10.76      1.00     4   4.6545
#         121       0.00000      4.72      2.00     3   4.6662
#         122       0.00000      7.08      2.00     3   4.6693
#         123       0.00000      7.87      2.00     3   4.6736
#         125       0.00000      9.39      1.00     2   4.6946
#         126       0.00000     12.57      2.00     3   4.6971
#         127       0.00000      6.52      2.00     3   4.7013
#         128       0.00000     19.50      2.00     3   4.7038
#         129       0.00000      4.49      2.00     3   4.7093
#         130       0.00000      9.28      1.00     2   4.7137
#         131       0.00000     10.36      1.00     4   4.7139
#         132       0.00000      7.84      2.00     3   4.7260
#         133       0.00000      4.27      2.00     3   4.7448
#         134       0.00000     14.59      2.00     3   4.7479
#         135       0.00000      6.32      2.00     3   4.7524
#         136       0.00000     12.55      2.00     3   4.7614
#         137       0.00000      6.79      2.00     3   4.7683
#         138       0.00000     11.49      1.00     4   4.7751
#         139       0.00000      8.89      2.00     3   4.7821
#         140       0.00000     12.84      2.00     3   4.7845
#         141       0.00000      4.05      2.00     3   4.7922
#         143       0.00000      4.55      2.00     3   4.8019
#         144       0.00000     15.54      2.00     3   4.8050
#         146       0.00000     10.46      2.00     3   4.8565
#         147       0.00000      8.19      2.00     3   4.8589
#         149       0.00000      7.64      1.00     4   4.8874
#         150       0.00000      6.01      1.00     4   4.8909
#         151       0.00000      8.30      1.00     2   4.8948
#         152       0.00000      9.22      1.00     2   4.9009
#         153       0.00000      4.09      2.00     3   4.9063
#         155       0.00000      4.13      2.00     3   4.9102
#         156       0.00000      8.44      1.00     4   4.9154
#         157       0.00000      7.56      2.00     3   4.9181
#         158       0.00000      4.91      2.00     4   4.9301
#         160       0.00000      6.09      1.00     4   4.9419
#         161       0.00000      7.78      2.00     3   4.9486
#         162       0.00000      6.38      1.00     4   4.9535
#         164       0.00000      7.88      1.00     2   4.9798
#         165       0.00000      4.29      2.00     4   5.0043
#         167       0.00000      7.53      2.00     3   5.0115
#         168       0.00000      9.67      2.00     3   5.0299
#         169       0.00000      8.62      2.00     3   5.0340
#         173       0.00000      8.42      1.00     2   5.0610
#         174       0.00000      8.40      1.00     2   5.0648
#         175       0.00000      4.68      1.00     4   5.0736
#         179       0.00000      7.34      1.00     2   5.0984
#         180       0.00000     18.04      2.00     3   5.1050
#         181       0.00000     11.27      1.00     4   5.1116
#         182       0.00000      8.17      1.00     2   5.1162
#         183       0.00000      7.24      1.00     2   5.1228
#         184       0.00000     18.10      2.00     3   5.1230
#         185       0.00000     11.39      1.00     4   5.1232
#         186       0.00000      8.12      1.00     2   5.1263
#         187       0.00000      4.32      2.00     4   5.1292
#         189       0.00000      7.70      2.00     3   5.1513
#         190       0.00000      4.62      1.00     4   5.1589
#         191       0.00000      8.84      2.00     3   5.1921
#         193       0.00000      7.60      2.00     3   5.2041
#         194       0.00000      7.41      2.00     3   5.2313
#         195       0.00000      9.61      2.00     3   5.2351
#         197       0.00000      5.68      2.00     3   5.2540
#         199       0.00000      7.46      1.00     2   5.2806
#         201       0.00000      5.90      2.00     3   5.2938
#         203       0.00000      7.34      1.00     2   5.3108
#         205       0.00000      4.16      1.00     4   5.3195
#         206       0.00000      7.08      2.00     3   5.3203
#         209       0.00000      6.38      1.00     2   5.3382
#         210       0.00000      4.59      1.00     4   5.3440
#         213       0.00000      6.34      1.00     2   5.3498
#         214       0.00000      6.30      1.00     2   5.3609
#         215       0.00000      8.67      2.00     3   5.3699
#         216       0.00000      4.38      2.00     3   5.3726
#         217       0.00000      6.26      1.00     2   5.3735
#         218       0.00000     14.50      2.00     3   5.3815
#         219       0.00000      8.59      1.00     4   5.3895
#         220       0.00000      6.98      1.00     2   5.4047
#         222       0.00000      4.80      2.00     3   5.4250
#         225       0.00000      4.51      2.00     3   5.4429
#         226       0.00000      5.50      2.00     3   5.4456
#         227       0.00000      6.14      2.00     3   5.4472
#         229       0.00000      6.14      2.00     3   5.4512
#         231       0.00000      5.92      1.00     2   5.4696
#         234       0.00000      6.69      1.00     2   5.4827
#         236       0.00000      8.65      2.00     3   5.4844
#         237       0.00000      4.74      2.00     3   5.4861
#         239       0.00000      6.49      2.00     3   5.4990
#         240       0.00000      6.60      1.00     2   5.5090
#         242       0.00000      4.80      2.00     3   5.5127
#         244       0.00000      5.53      2.00     3   5.5338
#         246       0.00000      5.66      1.00     2   5.5501
#         247       0.00000      5.13      2.00     3   5.5585
#         249       0.00000      4.91      2.00     3   5.5664
#         250       0.00000      5.59      1.00     2   5.5733
#         253       0.00000      6.34      1.00     2   5.5863
#         256       0.00000      6.16      2.00     3   5.6062
#         258       0.00000      4.55      2.00     3   5.6134
#         259       0.00000      6.77      2.00     3   5.6143
#         260       0.00000      5.73      2.00     3   5.6186
#         263       0.00000      5.39      1.00     2   5.6408
#         264       0.00000      6.39      2.00     3   5.6448
#         265       0.00000      5.33      1.00     2   5.6589
#         267       0.00000      5.03      2.00     3   5.6745
#         270       0.00000      4.44      2.00     3   5.6784
#         271       0.00000      6.04      1.00     2   5.6795
#         273       0.00000      7.71      2.00     3   5.6836
#         274       0.00000      4.94      2.00     3   5.6899
#         276       0.00000      5.21      1.00     2   5.7004
#         277       0.00000      4.50      2.00     3   5.7124
#         278       0.00000      4.14      2.00     3   5.7190
#         281       0.00000      4.12      2.00     3   5.7301
#         283       0.00000      4.87      2.00     3   5.7551
#         284       0.00000      5.42      2.00     3   5.7561
#         285       0.00000      4.90      2.00     3   5.7572
#         294       0.00000      4.96      1.00     2   5.7929
#         295       0.00000      4.94      1.00     2   5.8001
#         297       0.00000      4.16      2.00     3   5.8078
#         298       0.00000      5.40      2.00     3   5.8119
#         299       0.00000      7.01      2.00     3   5.8140
#         301       0.00000      5.59      2.00     3   5.8235
#         304       0.00000      6.37      2.00     3   5.8323
#         307       0.00000      4.83      1.00     2   5.8397
#         311       0.00000      5.52      1.00     2   5.8523
#         317       0.00000      4.04      2.00     3   5.8720
#         319       0.00000      5.45      1.00     2   5.8801
#         320       0.00000      5.43      1.00     2   5.8863
#         322       0.00000      5.24      2.00     3   5.8890
#         323       0.00000      8.72      2.00     3   5.8939
#         324       0.00000      5.40      1.00     2   5.8974
#         325       0.00000      5.38      1.00     2   5.9036
#         326       0.00000      5.37      1.00     2   5.9070
#         328       0.00000      4.65      1.00     2   5.9111
#         329       0.00000      5.47      2.00     3   5.9138
#         330       0.00000      5.35      1.00     2   5.9149
#   249/ 300 paths used
#  -----------------------------------------------------------------------
#       k          chi          mag           phase @#
    -0.7000   -3.546476E-01  3.548190E-01 -1.601877E+00
    -0.6500   -3.649212E-01  3.669906E-01 -1.677042E+00
    -0.6000   -3.839125E-01  3.876718E-01 -1.710173E+00
    -0.5500   -4.068230E-01  4.110153E-01 -1.713745E+00
    -0.5000   -4.294665E-01  4.330620E-01 -1.699746E+00
    -0.4500   -4.507215E-01  4.532257E-01 -1.675966E+00
    -0.4000   -4.690804E-01  4.705150E-01 -1.648905E+00
    -0.3500   -4.855050E-01  4.860697E-01 -1.619004E+00
    -0.3000   -4.988044E-01  4.989073E-01 -1.591113E+00
    -0.2500   -5.092770E-01  5.092818E-01 -1.566424E+00
    -0.2000   -5.172688E-01  5.174326E-01 -1.545638E+00
    -0.1500   -5.235217E-01  5.239959E-01 -1.528249E+00
    -0.1000   -5.278885E-01  5.286998E-01 -1.515391E+00
    -0.0500   -5.304173E-01  5.314778E-01 -1.507613E+00
     0.0000   -5.312449E-01  5.323965E-01 -1.505011E+00
     0.0500   -5.320646E-01  5.333115E-01 -1.502404E+00
     0.1000   -5.344770E-01  5.360342E-01 -1.494555E+00
     0.1500   -5.383395E-01  5.404983E-01 -1.481390E+00
     0.2000   -5.434092E-01  5.465936E-01 -1.462801E+00
     0.2500   -5.493373E-01  5.541669E-01 -1.438676E+00
     0.3000   -5.556646E-01  5.630255E-01 -1.408918E+00
     0.3500   -5.620073E-01  5.731943E-01 -1.372904E+00
     0.4000   -5.681287E-01  5.851773E-01 -1.328819E+00
     0.4500   -5.724800E-01  5.978232E-01 -1.278579E+00
     0.5000   -5.741052E-01  6.108207E-01 -1.222312E+00
     0.5500   -5.721950E-01  6.244198E-01 -1.158898E+00
     0.6000   -5.655917E-01  6.389897E-01 -1.086782E+00
     0.6500   -5.526172E-01  6.530289E-01 -1.008882E+00
     0.7000   -5.322339E-01  6.666657E-01 -9.245536E-01
     0.7500   -5.029449E-01  6.807981E-01 -8.312253E-01
     0.8000   -4.639134E-01  6.934906E-01 -7.328009E-01
     0.8500   -4.141355E-01  7.054669E-01 -6.273946E-01
     0.9000   -3.527287E-01  7.166690E-01 -5.145900E-01
     0.9500   -2.809559E-01  7.256137E-01 -3.975901E-01
     1.0000   -1.972754E-01  7.338586E-01 -2.721671E-01
     1.0500   -1.049801E-01  7.396294E-01 -1.424170E-01
     1.1000   -5.425092E-03  7.432823E-01 -7.298896E-03
     1.1500    9.940812E-02  7.449203E-01  1.338473E-01
     1.2000    2.039023E-01  7.434489E-01  2.778257E-01
     1.2500    3.078027E-01  7.401811E-01  4.288748E-01
     1.3000    4.032120E-01  7.335969E-01  5.819297E-01
     1.3500    4.887151E-01  7.246755E-01  7.401405E-01
     1.4000    5.588231E-01  7.128345E-01  9.009951E-01
     1.4500    6.109260E-01  6.983654E-01  1.065011E+00
     1.5000    6.427194E-01  6.814155E-01  1.232171E+00
     1.5500    6.523823E-01  6.619216E-01  1.400819E+00
     1.6000    6.404084E-01  6.404098E-01  1.572914E+00
     1.6500    6.073758E-01  6.167204E-01  1.745098E+00
     1.7000    5.556081E-01  5.915122E-01  1.921005E+00
     1.7500    4.884672E-01  5.646753E-01  2.096361E+00
     1.8000    4.091137E-01  5.366081E-01  2.274568E+00
     1.8500    3.227149E-01  5.074994E-01  2.452429E+00
     1.9000    2.320437E-01  4.774476E-01  2.634076E+00
     1.9500    1.427300E-01  4.466803E-01  2.816354E+00
     2.0000    5.976953E-02  4.155205E-01  2.997249E+00
     2.0500   -1.345024E-02  3.841920E-01  3.176609E+00
     2.1000   -7.458991E-02  3.518126E-01  3.355230E+00
     2.1500   -1.212543E-01  3.184819E-01  3.532174E+00
     2.2000   -1.526058E-01  2.857220E-01  3.705042E+00
     2.2500   -1.693655E-01  2.537367E-01  3.872419E+00
     2.3000   -1.723490E-01  2.218488E-01  4.031281E+00
     2.3500   -1.618728E-01  1.886376E-01  4.173180E+00
     2.4000   -1.442834E-01  1.580724E-01  4.291602E+00
     2.4500   -1.240452E-01  1.313659E-01  4.376972E+00
     2.5000   -1.053414E-01  1.099742E-01  4.421098E+00
     2.5500   -9.279802E-02  9.679482E-02  4.424018E+00
     2.6000   -8.444903E-02  8.881734E-02  4.397455E+00
     2.6500   -8.114179E-02  8.619651E-02  4.368226E+00
     2.7000   -8.252655E-02  8.770752E-02  4.366956E+00
     2.7500   -8.630445E-02  9.052078E-02  4.405975E+00
     2.8000   -9.183743E-02  9.457593E-02  4.471157E+00
     2.8500   -9.808642E-02  9.923604E-02  4.560027E+00
     2.9000   -1.038650E-01  1.039643E-01  4.668693E+00
     2.9500   -1.078371E-01  1.081809E-01  4.792132E+00
     3.0000   -1.093004E-01  1.118750E-01  4.927341E+00
     3.0500   -1.076496E-01  1.149943E-01  5.071727E+00
     3.1000   -1.024972E-01  1.174929E-01  5.223156E+00
     3.1500   -9.374476E-02  1.192121E-01  5.378275E+00
     3.2000   -8.157965E-02  1.203251E-01  5.538156E+00
     3.2500   -6.623240E-02  1.207600E-01  5.702660E+00
     3.3000   -4.842361E-02  1.204603E-01  5.869498E+00
     3.3500   -2.924111E-02  1.197657E-01  6.036539E+00
     3.4000   -9.327341E-03  1.188905E-01  6.204651E+00
     3.4500    1.073410E-02  1.177720E-01  6.374455E+00
     3.5000    3.028768E-02  1.164455E-01  6.546313E+00
     3.5500    4.873637E-02  1.150028E-01  6.720805E+00
     3.6000    6.546277E-02  1.134476E-01  6.898274E+00
     3.6500    7.977608E-02  1.116701E-01  7.078938E+00
     3.7000    9.104896E-02  1.096348E-01  7.263145E+00
     3.7500    9.868746E-02  1.072657E-01  7.451338E+00
     3.8000    1.021653E-01  1.044719E-01  7.643458E+00
     3.8500    1.012410E-01  1.012522E-01  7.839057E+00
     3.9000    9.593674E-02  9.758252E-02  8.037901E+00
     3.9500    8.659907E-02  9.348169E-02  8.240108E+00
     4.0000    7.386413E-02  8.897988E-02  8.445452E+00
     4.0500    5.866104E-02  8.403773E-02  8.652132E+00
     4.1000    4.217935E-02  7.870047E-02  8.859148E+00
     4.1500    2.569461E-02  7.303869E-02  9.065291E+00
     4.2000    1.040609E-02  6.714435E-02  9.269170E+00
     4.2500   -2.698702E-03  6.119342E-02  9.468893E+00
     4.3000   -1.305154E-02  5.533514E-02  9.662885E+00
     4.3500   -2.046481E-02  4.969735E-02  9.849194E+00
     4.4000   -2.503862E-02  4.436210E-02  1.002450E+01
     4.4500   -2.740811E-02  3.958024E-02  1.018968E+01
     4.5000   -2.823310E-02  3.545115E-02  1.034609E+01
     4.5500   -2.811521E-02  3.201165E-02  1.049703E+01
     4.6000   -2.745429E-02  2.922098E-02  1.064606E+01
     4.6500   -2.647171E-02  2.696824E-02  1.080338E+01
     4.7000   -2.507334E-02  2.507771E-02  1.097692E+01
     4.7500   -2.299580E-02  2.336185E-02  1.117283E+01
     4.8000   -1.997238E-02  2.165870E-02  1.139279E+01
     4.8500   -1.583372E-02  1.985141E-02  1.164304E+01
     4.9000   -1.066386E-02  1.790552E-02  1.192840E+01
     4.9500   -4.844028E-03  1.585768E-02  1.225594E+01
     5.0000    9.186558E-04  1.375907E-02  1.263319E+01
     5.0500    5.800707E-03  1.187949E-02  1.307651E+01
     5.1000    9.022882E-03  1.054045E-02  1.359390E+01
     5.1500    1.004438E-02  1.004772E-02  1.416295E+01
     5.2000    8.611971E-03  1.038788E-02  1.473057E+01
     5.2500    5.098125E-03  1.137885E-02  1.524340E+01
     5.3000    2.327263E-04  1.261699E-02  1.568952E+01
     5.3500   -5.004670E-03  1.375778E-02  1.608028E+01
     5.4000   -9.683808E-03  1.456555E-02  1.643525E+01
     5.4500   -1.291849E-02  1.491193E-02  1.675575E+01
     5.5000   -1.432021E-02  1.472406E-02  1.704401E+01
     5.5500   -1.400072E-02  1.400291E-02  1.729645E+01
     5.6000   -1.253171E-02  1.286362E-02  1.750642E+01
     5.6500   -1.071868E-02  1.149962E-02  1.764942E+01
     5.7000   -9.424894E-03  1.032168E-02  1.769869E+01
     5.7500   -9.277224E-03  9.969904E-03  1.765372E+01
     5.8000   -1.046098E-02  1.100908E-02  1.759563E+01
     5.8500   -1.263547E-02  1.337180E-02  1.761216E+01
     5.9000   -1.501346E-02  1.659741E-02  1.771919E+01
     5.9500   -1.655623E-02  2.023756E-02  1.789147E+01
     6.0000   -1.615056E-02  2.396028E-02  1.810987E+01
     6.0500   -1.313251E-02  2.752453E-02  1.835218E+01
     6.1000   -7.364414E-03  3.075489E-02  1.860775E+01
     6.1500    6.950782E-04  3.351817E-02  1.887029E+01
     6.2000    1.007233E-02  3.571960E-02  1.913542E+01
     6.2500    1.950294E-02  3.730357E-02  1.939971E+01
     6.3000    2.772618E-02  3.825621E-02  1.966023E+01
     6.3500    3.376781E-02  3.860861E-02  1.991421E+01
     6.4000    3.713368E-02  3.843975E-02  2.015893E+01
     6.4500    3.786274E-02  3.787817E-02  2.039181E+01
     6.5000    3.644427E-02  3.713401E-02  2.061339E+01
     6.5500    3.353214E-02  3.640413E-02  2.082023E+01
     6.6000    2.978660E-02  3.591131E-02  2.101303E+01
     6.6500    2.560073E-02  3.586161E-02  2.119613E+01
     6.7000    2.098116E-02  3.639015E-02  2.137663E+01
     6.7500    1.558936E-02  3.752514E-02  2.156272E+01
     6.8000    8.924687E-03  3.918335E-02  2.176136E+01
     6.8500    5.930419E-04  4.119843E-02  2.197675E+01
     6.9000   -9.424317E-03  4.336398E-02  2.221023E+01
     6.9500   -2.059137E-02  4.547136E-02  2.246110E+01
     7.0000   -3.185973E-02  4.735628E-02  2.272909E+01
     7.0500   -4.159649E-02  4.882933E-02  2.301070E+01
     7.1000   -4.810934E-02  4.976362E-02  2.330338E+01
     7.1500   -5.003500E-02  5.008217E-02  2.360535E+01
     7.2000   -4.667510E-02  4.974617E-02  2.391516E+01
     7.2500   -3.822358E-02  4.875228E-02  2.423160E+01
     7.3000   -2.579132E-02  4.712913E-02  2.455367E+01
     7.3500   -1.121313E-02  4.493324E-02  2.488052E+01
     7.4000    3.319443E-03  4.224432E-02  2.521140E+01
     7.4500    1.570964E-02  3.916016E-02  2.554553E+01
     7.5000    2.434507E-02  3.575392E-02  2.588174E+01
     7.5500    2.844491E-02  3.214748E-02  2.621886E+01
     7.6000    2.816537E-02  2.847662E-02  2.655555E+01
     7.6500    2.443349E-02  2.486336E-02  2.688976E+01
     7.7000    1.864695E-02  2.142474E-02  2.721843E+01
     7.7500    1.228287E-02  1.827072E-02  2.753706E+01
     7.8000    6.532525E-03  1.550470E-02  2.783943E+01
     7.8500    2.058530E-03  1.322656E-02  2.811806E+01
     7.9000   -1.068425E-03  1.153479E-02  2.836709E+01
     7.9500   -3.250133E-03  1.051690E-02  2.858852E+01
     8.0000   -5.082802E-03  1.019887E-02  2.879605E+01
     8.0500   -7.138193E-03  1.056302E-02  2.901635E+01
     8.1000   -9.643879E-03  1.150557E-02  2.926829E+01
     8.1500   -1.234617E-02  1.288705E-02  2.955438E+01
     8.2000   -1.457733E-02  1.458100E-02  2.986757E+01
     8.2500   -1.545954E-02  1.647875E-02  3.019868E+01
     8.3000   -1.419619E-02  1.848139E-02  3.054000E+01
     8.3500   -1.035883E-02  2.049326E-02  3.088599E+01
     8.4000   -4.080407E-03  2.242022E-02  3.123291E+01
     8.4500    3.906560E-03  2.417142E-02  3.157826E+01
     8.5000    1.240783E-02  2.564621E-02  3.192093E+01
     8.5500    2.000468E-02  2.677846E-02  3.225953E+01
     8.6000    2.540939E-02  2.752202E-02  3.259235E+01
     8.6500    2.777382E-02  2.783965E-02  3.291794E+01
     8.7000    2.686986E-02  2.771704E-02  3.323460E+01
     8.7500    2.311003E-02  2.716651E-02  3.354024E+01
     8.8000    1.740129E-02  2.623076E-02  3.383218E+01
     8.8500    1.087944E-02  2.498676E-02  3.410703E+01
     8.9000    4.603736E-03  2.354989E-02  3.436076E+01
     8.9500   -6.994006E-04  2.207641E-02  3.458921E+01
     9.0000   -4.775642E-03  2.077448E-02  3.478947E+01
     9.0500   -7.830460E-03  1.986140E-02  3.496278E+01
     9.1000   -1.036706E-02  1.951204E-02  3.511767E+01
     9.1500   -1.294275E-02  1.981295E-02  3.526938E+01
     9.2000   -1.591911E-02  2.071577E-02  3.543394E+01
     9.2500   -1.928829E-02  2.206070E-02  3.562157E+01
     9.3000   -2.262923E-02  2.363906E-02  3.583497E+01
     9.3500   -2.520720E-02  2.524752E-02  3.607179E+01
     9.4000   -2.618587E-02  2.671500E-02  3.632767E+01
     9.4500   -2.488659E-02  2.790980E-02  3.659807E+01
     9.5000   -2.103032E-02  2.877607E-02  3.687958E+01
     9.5500   -1.480077E-02  2.924914E-02  3.716854E+01
     9.6000   -6.891975E-03  2.926947E-02  3.746141E+01
     9.6500    1.625524E-03  2.883515E-02  3.775551E+01
     9.7000    9.569162E-03  2.796990E-02  3.804829E+01
     9.7500    1.591456E-02  2.672101E-02  3.833710E+01
     9.8000    2.001506E-02  2.515767E-02  3.861908E+01
     9.8500    2.171167E-02  2.336944E-02  3.889098E+01
     9.9000    2.130824E-02  2.146457E-02  3.914915E+01
     9.9500    1.942716E-02  1.956758E-02  3.938978E+01
    10.0000    1.683520E-02  1.786092E-02  3.961046E+01
    10.0500    1.411752E-02  1.646609E-02  3.981057E+01
    10.1000    1.157562E-02  1.544909E-02  3.999374E+01
    10.1500    9.239431E-03  1.486471E-02  4.016996E+01
    10.2000    6.886403E-03  1.468727E-02  4.035269E+01
    10.2500    4.192151E-03  1.481663E-02  4.055385E+01
    10.3000    9.151340E-04  1.511320E-02  4.078012E+01
    10.3500   -2.948901E-03  1.543770E-02  4.103291E+01
    10.4000   -7.096270E-03  1.567616E-02  4.131047E+01
    10.4500   -1.095466E-02  1.574849E-02  4.160996E+01
    10.5000   -1.382311E-02  1.560771E-02  4.192862E+01
    10.5500   -1.507081E-02  1.523556E-02  4.226431E+01
    10.6000   -1.433357E-02  1.463757E-02  4.261566E+01
    10.6500   -1.164632E-02  1.383836E-02  4.298206E+01
    10.7000   -7.468698E-03  1.287737E-02  4.336359E+01
    10.7500   -2.592507E-03  1.180479E-02  4.376088E+01
    10.8000    2.044570E-03  1.067748E-02  4.417497E+01
    10.8500    5.586995E-03  9.554298E-03  4.460688E+01
    10.9000    7.466546E-03  8.490495E-03  4.505690E+01
    10.9500    7.527234E-03  7.530543E-03  4.552345E+01
    11.0000    6.035530E-03  6.700572E-03  4.600240E+01
    11.0500    3.570728E-03  5.997887E-03  4.648621E+01
    11.1000    8.634149E-04  5.397467E-03  4.696323E+01
    11.1500   -1.419181E-03  4.856262E-03  4.742046E+01
    11.2000   -2.853147E-03  4.325669E-03  4.784416E+01
    11.2500   -3.349890E-03  3.770326E-03  4.821793E+01
    11.3000   -3.139051E-03  3.189764E-03  4.851613E+01
    11.3500   -2.652536E-03  2.652536E-03  4.869431E+01
    11.4000   -2.349903E-03  2.350103E-03  4.870771E+01
    11.4500   -2.542532E-03  2.546804E-03  4.863676E+01
    11.5000   -3.273220E-03  3.274309E-03  4.866890E+01
    11.5500   -4.289680E-03  4.334227E-03  4.883818E+01
    11.6000   -5.120528E-03  5.554094E-03  4.909243E+01
    11.6500   -5.230115E-03  6.825857E-03  4.939254E+01
    11.7000   -4.203726E-03  8.074400E-03  4.971790E+01
    11.7500   -1.904908E-03  9.240437E-03  5.005784E+01
    11.8000    1.445338E-03  1.027448E-02  5.040662E+01
    11.8500    5.294360E-03  1.113521E-02  5.076097E+01
    11.9000    8.884080E-03  1.178949E-02  5.111894E+01
    11.9500    1.144295E-02  1.221273E-02  5.147934E+01
    12.0000    1.240335E-02  1.240353E-02  5.184170E+01
    12.0500    1.152689E-02  1.236003E-02  5.220554E+01
    12.1000    8.961065E-03  1.206583E-02  5.257001E+01
    12.1500    5.245747E-03  1.153111E-02  5.293479E+01
    12.2000    1.155719E-03  1.077430E-02  5.329960E+01
    12.2500   -2.497120E-03  9.821294E-03  5.366415E+01
    12.3000   -5.064718E-03  8.704342E-03  5.402809E+01
    12.3500   -6.211970E-03  7.460739E-03  5.439090E+01
    12.4000   -5.975244E-03  6.131396E-03  5.475170E+01
    12.4500   -4.718621E-03  4.759320E-03  5.510874E+01
    12.5000   -3.005501E-03  3.388186E-03  5.545775E+01
    12.5500   -1.426385E-03  2.061532E-03  5.578454E+01
    12.6000   -4.340303E-04  8.284753E-04  5.599726E+01
    12.6500   -2.321941E-04  3.915734E-04  5.404183E+01
    12.7000   -7.460038E-04  1.332820E-03  5.400112E+01
    12.7500   -1.676481E-03  2.140954E-03  5.430663E+01
    12.8000   -2.616842E-03  2.764947E-03  5.464908E+01
    12.8500   -3.191269E-03  3.192240E-03  5.500254E+01
    12.9000   -3.172562E-03  3.419717E-03  5.536039E+01
    12.9500   -2.544191E-03  3.451943E-03  5.572000E+01
    13.0000   -1.489323E-03  3.304040E-03  5.608105E+01
    13.0500   -3.186369E-04  2.993248E-03  5.644201E+01
    13.1000    6.267548E-04  2.535238E-03  5.679848E+01
    13.1500    1.098919E-03  1.956470E-03  5.714509E+01
    13.2000    1.021570E-03  1.288027E-03  5.746459E+01
    13.2500    5.099075E-04  5.716627E-04  5.765036E+01
    13.3000   -1.730183E-04  2.847581E-04  5.589564E+01
    13.3500   -7.073382E-04  9.911565E-04  5.575397E+01
    13.4000   -8.240233E-04  1.703020E-03  5.604361E+01
    13.4500   -3.940227E-04  2.354205E-03  5.638051E+01
    13.5000    5.293762E-04  2.916652E-03  5.673118E+01
    13.5500    1.727512E-03  3.369085E-03  5.708706E+01
    13.6000    2.885902E-03  3.695867E-03  5.744469E+01
    13.6500    3.693019E-03  3.887145E-03  5.780209E+01
    13.7000    3.936159E-03  3.939035E-03  5.815768E+01
    13.7500    3.563989E-03  3.853678E-03  5.850968E+01
    13.8000    2.696740E-03  3.639186E-03  5.885566E+01
    13.8500    1.582218E-03  3.309573E-03  5.919180E+01
    13.9000    5.132385E-04  2.884955E-03  5.951141E+01
    13.9500   -2.659095E-04  2.392770E-03  5.980162E+01
    14.0000   -6.366602E-04  1.876199E-03  6.003647E+01
    14.0500   -6.317781E-04  1.399949E-03  6.015847E+01
    14.1000   -4.064839E-04  1.086581E-03  6.007368E+01
    14.1500   -1.912932E-04  1.109876E-03  5.986348E+01
    14.2000   -2.000792E-04  1.426663E-03  5.983097E+01
    14.2500   -5.491233E-04  1.845029E-03  5.999246E+01
    14.3000   -1.210093E-03  2.252974E-03  6.025727E+01
    14.3500   -2.013316E-03  2.599520E-03  6.057618E+01
    14.4000   -2.701115E-03  2.858670E-03  6.092750E+01
    14.4500   -3.014326E-03  3.016827E-03  6.130178E+01
    14.5000   -2.783830E-03  3.068853E-03  6.169545E+01
    14.5500   -1.996669E-03  3.016921E-03  6.210860E+01
    14.6000   -8.138727E-04  2.870513E-03  6.254438E+01
    14.6500    4.677920E-04  2.647333E-03  6.300949E+01
    14.7000    1.500076E-03  2.375543E-03  6.351530E+01
    14.7500    1.988454E-03  2.097880E-03  6.407824E+01
    14.8000    1.785839E-03  1.876018E-03  6.471397E+01
    14.8500    9.450790E-04  1.783320E-03  6.541490E+01
    14.9000   -2.875026E-04  1.866469E-03  6.612810E+01
    14.9500   -1.537506E-03  2.106016E-03  6.679185E+01
    15.0000   -2.412910E-03  2.442712E-03  6.738787E+01
    15.0500   -2.612659E-03  2.818623E-03  6.792890E+01
    15.1000   -2.007028E-03  3.180949E-03  6.843226E+01
    15.1500   -7.038762E-04  3.499340E-03  6.891251E+01
    15.2000    9.817931E-04  3.754765E-03  6.937959E+01
    15.2500    2.611609E-03  3.936782E-03  6.984037E+01
    15.3000    3.744853E-03  4.042131E-03  7.029992E+01
    15.3500    4.062097E-03  4.073995E-03  7.076228E+01
    15.4000    3.455910E-03  4.041480E-03  7.123087E+01
    15.4500    2.062656E-03  3.959037E-03  7.170861E+01
    15.5000    2.264835E-04  3.845510E-03  7.219770E+01
    15.5500   -1.593817E-03  3.722472E-03  7.269909E+01
    15.6000   -2.948221E-03  3.611481E-03  7.321169E+01
    15.6500   -3.514093E-03  3.530233E-03  7.373177E+01
    15.7000   -3.177132E-03  3.488411E-03  7.425308E+01
    15.7500   -2.053292E-03  3.484957E-03  7.476817E+01
    15.8000   -4.477602E-04  3.508328E-03  7.527025E+01
    15.8500    1.234975E-03  3.539711E-03  7.575461E+01
    15.9000    2.602617E-03  3.557491E-03  7.621887E+01
    15.9500    3.375896E-03  3.541225E-03  7.666225E+01
    16.0000    3.454217E-03  3.477752E-03  7.708542E+01
    16.0500    2.914905E-03  3.358524E-03  7.748883E+01
    16.1000    1.970357E-03  3.170235E-03  7.786914E+01
    16.1500    9.093774E-04  2.914057E-03  7.822245E+01
    16.2000   -2.561360E-06  2.599990E-03  7.854080E+01
    16.2500   -5.990061E-04  2.250376E-03  7.880924E+01
    16.3000   -8.513154E-04  1.907648E-03  7.900240E+01
    16.3500   -8.612291E-04  1.647054E-03  7.909006E+01
    16.4000   -8.123595E-04  1.573010E-03  7.908250E+01
    16.4500   -8.979732E-04  1.745401E-03  7.908022E+01
    16.5000   -1.248817E-03  2.113241E-03  7.917205E+01
    16.5500   -1.883645E-03  2.583702E-03  7.935675E+01
    16.6000   -2.697165E-03  3.086958E-03  7.960263E+01
    16.6500   -3.488096E-03  3.578742E-03  7.988506E+01
    16.7000   -4.017707E-03  4.030111E-03  8.018909E+01
    16.7500   -4.080337E-03  4.421226E-03  8.050587E+01
    16.8000   -3.564531E-03  4.738533E-03  8.082995E+01
    16.8500   -2.487115E-03  4.973525E-03  8.115773E+01
    16.9000   -9.912926E-04  5.122181E-03  8.148665E+01
    16.9500    6.891184E-04  5.184642E-03  8.181472E+01
    17.0000    2.288781E-03  5.166719E-03  8.214033E+01
    17.0500    3.574289E-03  5.078073E-03  8.246224E+01
    17.1000    4.383148E-03  4.924963E-03  8.277872E+01
    17.1500    4.657097E-03  4.720412E-03  8.308823E+01
    17.2000    4.437804E-03  4.479805E-03  8.338925E+01
    17.2500    3.839080E-03  4.220166E-03  8.368044E+01
    17.3000    3.005565E-03  3.959158E-03  8.396101E+01
    17.3500    2.071990E-03  3.713692E-03  8.423111E+01
    17.4000    1.135378E-03  3.498117E-03  8.449245E+01
    17.4500    2.469402E-04  3.322204E-03  8.474860E+01
    17.5000   -5.768656E-04  3.189513E-03  8.500487E+01
    17.5500   -1.331269E-03  3.096969E-03  8.526734E+01
    17.6000   -1.998980E-03  3.036112E-03  8.554169E+01
    17.6500   -2.535443E-03  2.995655E-03  8.583214E+01
    17.7000   -2.870191E-03  2.964327E-03  8.614111E+01
    17.7500   -2.924681E-03  2.933078E-03  8.646948E+01
    17.8000   -2.640689E-03  2.896255E-03  8.681705E+01
    17.8500   -2.009149E-03  2.851842E-03  8.718286E+01
    17.9000   -1.088551E-03  2.800982E-03  8.756545E+01
    17.9500   -5.084313E-06  2.747038E-03  8.796274E+01
    18.0000    1.068907E-03  2.695764E-03  8.837231E+01
    18.0500    1.951818E-03  2.653730E-03  8.879100E+01
    18.1000    2.485620E-03  2.619899E-03  8.921384E+01
    18.1500    2.580637E-03  2.593827E-03  8.963628E+01
    18.2000    2.234428E-03  2.572504E-03  9.005386E+01
    18.2500    1.530814E-03  2.550944E-03  9.046256E+01
    18.3000    6.172944E-04  2.523276E-03  9.085904E+01
    18.3500   -3.325341E-04  2.484036E-03  9.124046E+01
    18.4000   -1.160722E-03  2.429416E-03  9.160431E+01
    18.4500   -1.759117E-03  2.358337E-03  9.194809E+01
    18.5000   -2.086848E-03  2.273321E-03  9.226913E+01
    18.5500   -2.167388E-03  2.181137E-03  9.256464E+01
    18.6000   -2.067769E-03  2.093012E-03  9.283245E+01
    18.6500   -1.867792E-03  2.023970E-03  9.307240E+01
    18.7000   -1.629772E-03  1.990482E-03  9.328849E+01
    18.7500   -1.378636E-03  2.006132E-03  9.349014E+01
    18.8000   -1.098414E-03  2.076685E-03  9.369044E+01
    18.8500   -7.455313E-04  2.197694E-03  9.390168E+01
    18.9000   -2.737838E-04  2.356281E-03  9.413132E+01
    18.9500    3.380197E-04  2.535319E-03  9.438150E+01
    19.0000    1.065781E-03  2.718652E-03  9.465061E+01
    19.0500    1.836439E-03  2.893451E-03  9.493538E+01
    19.1000    2.535961E-03  3.043029E-03  9.523295E+01
    19.1500    3.035466E-03  3.156818E-03  9.554040E+01
    19.2000    3.224776E-03  3.226949E-03  9.585527E+01
    19.2500    3.043421E-03  3.248163E-03  9.617553E+01
    19.3000    2.500229E-03  3.217708E-03  9.649945E+01
    19.3500    1.675484E-03  3.135202E-03  9.682556E+01
    19.4000    7.046250E-04  3.002481E-03  9.715248E+01
    19.4500   -2.522209E-04  2.823399E-03  9.747882E+01
    19.5000   -1.046598E-03  2.603612E-03  9.780305E+01
    19.5500   -1.574175E-03  2.350326E-03  9.812327E+01
    19.6000   -1.794821E-03  2.072052E-03  9.843693E+01
    19.6500   -1.735556E-03  1.778382E-03  9.874027E+01
    19.7000   -1.476550E-03  1.479882E-03  9.902728E+01
    19.7500   -1.125067E-03  1.188243E-03  9.928772E+01
    19.8000   -7.852596E-04  9.170836E-04  9.950298E+01
    19.8500   -5.323915E-04  6.841978E-04  9.963929E+01
    19.9000   -3.981583E-04  5.155474E-04  9.964851E+01
    19.9500   -3.701083E-04  4.408406E-04  9.953451E+01