# # tequil.ion_motion                                            FEFF 9.05   
# # POT  SCF  30  5.5000   1, core-hole, AFOLP (folp(0)= 1.150)
# # Abs   Z=30 Rmt= 1.329 Rnm= 1.409 K  shell
# # Pot 1 Z=26 Rmt= 1.310 Rnm= 1.399
# # Pot 2 Z= 8 Rmt= 0.994 Rnm= 1.078
# # Gam_ch=1.897E+00 H-L exch
# # Mu=-1.190E+01 kf=2.194E+00 Vint=-1.932E+01 Rs_int= 1.653
# # PATH  Rmax= 8.500,  Keep_limit= 0.00, Heap_limit 0.00  Pwcrit= 2.50%
#  S02=1.000                                        Global_sig2= 0.00000
#  Energy zero shift, vr, vi   -2.00000E+00   0.00000E+00
#  Curved wave amplitude ratio filter   4.000%
#     file         sig2 tot  cw amp ratio   deg  nlegs   reff  inp sig2
#           1       0.00000    100.00      1.00     2   1.9437
#           2       0.00000     97.60      1.00     2   1.9622
#           3       0.00000     81.82      1.00     2   2.1014
#           4       0.00000     71.14      1.00     2   2.2184
#           5       0.00000     71.02      1.00     2   2.2198
#           6       0.00000     70.46      1.00     2   2.2267
#           7       0.00000     35.71      1.00     2   2.8218
#           8       0.00000     33.68      1.00     2   2.8960
#           9       0.00000     32.43      1.00     2   2.9446
#          10       0.00000     29.13      1.00     2   3.0854
#          11       0.00000     27.30      1.00     2   3.1859
#          12       0.00000     26.81      1.00     2   3.1974
#          13       0.00000     23.48      1.00     2   3.3821
#          14       0.00000      9.73      2.00     3   3.4374
#          15       0.00000     11.64      2.00     3   3.4512
#          16       0.00000      8.46      2.00     3   3.4741
#          17       0.00000     10.88      2.00     3   3.4889
#          18       0.00000      9.22      2.00     3   3.4995
#          19       0.00000      8.45      2.00     3   3.5051
#          20       0.00000      7.84      2.00     3   3.5057
#          21       0.00000     20.93      1.00     2   3.5108
#          22       0.00000     11.26      2.00     3   3.5172
#          23       0.00000     16.61      2.00     3   3.5367
#          24       0.00000      8.86      2.00     3   3.5608
#          25       0.00000     20.00      1.00     2   3.5689
#          26       0.00000     10.37      2.00     3   3.5937
#          27       0.00000      9.28      2.00     3   3.5999
#          28       0.00000     20.06      1.00     2   3.6109
#          29       0.00000      7.11      2.00     3   3.6241
#          30       0.00000      6.56      2.00     3   3.6254
#          31       0.00000      7.16      2.00     3   3.6286
#          32       0.00000      9.49      2.00     3   3.6312
#          33       0.00000      9.42      2.00     3   3.6318
#          34       0.00000     17.33      2.00     3   3.6358
#          35       0.00000      6.78      2.00     3   3.6414
#          36       0.00000      9.07      2.00     3   3.6433
#          37       0.00000     19.51      1.00     2   3.6524
#          38       0.00000     18.64      1.00     2   3.6606
#          39       0.00000      8.87      2.00     3   3.6623
#          40       0.00000     18.60      1.00     2   3.6637
#          41       0.00000      6.37      2.00     3   3.6642
#          42       0.00000     19.21      1.00     2   3.6756
#          43       0.00000     19.11      1.00     2   3.6834
#          44       0.00000     18.08      1.00     2   3.7009
#          45       0.00000     17.30      1.00     2   3.7600
#          46       0.00000     17.21      1.00     2   3.7673
#          47       0.00000     16.67      2.00     3   3.7905
#          48       0.00000     17.70      1.00     2   3.7995
#          49       0.00000     10.15      2.00     3   3.8642
#          50       0.00000      4.89      1.00     4   3.8759
#          51       0.00000     14.97      2.00     3   3.8849
#          52       0.00000     10.02      1.00     4   3.8874
#          53       0.00000      4.91      1.00     4   3.8896
#          54       0.00000     13.86      2.00     3   3.8924
#          56       0.00000     13.76      2.00     3   3.9237
#          57       0.00000      9.52      1.00     4   3.9243
#          58       0.00000     16.22      1.00     2   3.9351
#          59       0.00000     16.23      2.00     3   3.9480
#          60       0.00000     15.00      1.00     2   3.9553
#          61       0.00000      5.52      1.00     4   3.9578
#          62       0.00000      6.64      1.00     4   3.9702
#          63       0.00000     15.84      1.00     2   3.9726
#          64       0.00000     13.97      1.00     2   4.0555
#          65       0.00000      4.67      1.00     4   4.0941
#          66       0.00000      6.69      1.00     4   4.0966
#          67       0.00000      4.32      1.00     4   4.1325
#          68       0.00000     13.15      1.00     2   4.1420
#          69       0.00000     23.32      2.00     3   4.1474
#          70       0.00000      8.15      2.00     3   4.1632
#          72       0.00000     25.52      2.00     3   4.1646
#          73       0.00000     23.31      2.00     4   4.1704
#          74       0.00000      8.77      2.00     3   4.1730
#          75       0.00000     10.75      2.00     3   4.1759
#          76       0.00000      4.17      1.00     4   4.1783
#          77       0.00000     19.17      2.00     4   4.1820
#          78       0.00000      7.08      2.00     3   4.1944
#          79       0.00000      4.03      1.00     4   4.2012
#          80       0.00000      6.64      1.00     4   4.2029
#          81       0.00000      7.44      2.00     3   4.2175
#          82       0.00000     12.37      1.00     2   4.2316
#          83       0.00000      8.14      2.00     3   4.2334
#          84       0.00000     12.11      1.00     2   4.2629
#          85       0.00000     19.32      2.00     3   4.2657
#          86       0.00000      7.30      2.00     3   4.2722
#          87       0.00000      6.18      2.00     3   4.2865
#          88       0.00000     14.42      2.00     4   4.3199
#          89       0.00000      7.28      2.00     3   4.3290
#          90       0.00000      6.90      2.00     3   4.3580
#          92       0.00000     17.31      2.00     3   4.3906
#          93       0.00000      6.02      2.00     3   4.4157
#          95       0.00000      5.90      2.00     3   4.4230
#          96       0.00000      5.51      2.00     3   4.4253
#          97       0.00000      8.86      2.00     3   4.4344
#          98       0.00000      5.01      1.00     4   4.4368
#          99       0.00000      5.53      2.00     3   4.4381
#         100       0.00000      4.99      1.00     4   4.4397
#         101       0.00000      5.48      2.00     3   4.4456
#         102       0.00000      5.33      2.00     3   4.4477
#         103       0.00000      4.91      1.00     4   4.4534
#         104       0.00000      5.68      2.00     3   4.4603
#         105       0.00000      6.69      2.00     3   4.4731
#         106       0.00000      5.52      2.00     3   4.4836
#         107       0.00000     10.40      1.00     2   4.4920
#         108       0.00000      8.48      2.00     3   4.5148
#         110       0.00000     10.09      1.00     2   4.5387
#         111       0.00000     10.06      1.00     2   4.5430
#         112       0.00000      8.99      1.00     4   4.5496
#         113       0.00000      4.17      2.00     3   4.5539
#         114       0.00000      9.97      1.00     2   4.5571
#         115       0.00000      9.82      1.00     2   4.5807
#         116       0.00000      4.65      2.00     3   4.5809
#         117       0.00000      9.81      1.00     2   4.5815
#         118       0.00000      5.26      2.00     3   4.5953
#         119       0.00000      6.73      2.00     3   4.6003
#         120       0.00000     23.06      2.00     3   4.6010
#         121       0.00000      5.14      2.00     3   4.6094
#         122       0.00000      5.63      2.00     3   4.6201
#         123       0.00000      4.41      2.00     3   4.6358
#         124       0.00000      9.47      1.00     2   4.6382
#         125       0.00000      9.44      1.00     2   4.6428
#         126       0.00000     14.63      1.00     4   4.6449
#         127       0.00000      5.77      2.00     3   4.6592
#         128       0.00000      7.21      2.00     3   4.6633
#         129       0.00000     18.21      2.00     3   4.6701
#         131       0.00000      9.17      1.00     2   4.6878
#         132       0.00000     15.74      2.00     3   4.7027
#         133       0.00000      6.40      2.00     3   4.7083
#         134       0.00000      8.86      1.00     2   4.7433
#         135       0.00000      9.67      2.00     3   4.7502
#         136       0.00000     10.45      1.00     4   4.7596
#         137       0.00000      4.48      2.00     3   4.7667
#         139       0.00000      7.84      2.00     3   4.7912
#         140       0.00000      8.57      1.00     2   4.7966
#         142       0.00000     15.07      2.00     3   4.7988
#         143       0.00000      8.51      1.00     2   4.8078
#         145       0.00000      8.48      1.00     2   4.8128
#         146       0.00000      8.90      2.00     3   4.8124
#         147       0.00000      9.59      1.00     2   4.8130
#         150       0.00000      8.46      1.00     2   4.8166
#         151       0.00000      9.55      1.00     2   4.8207
#         152       0.00000     21.71      2.00     3   4.8237
#         153       0.00000      8.54      1.00     4   4.8239
#         154       0.00000     11.28      2.00     3   4.8330
#         155       0.00000     14.19      1.00     4   4.8346
#         156       0.00000      8.35      1.00     2   4.8382
#         157       0.00000      4.92      2.00     3   4.8405
#         158       0.00000     10.35      2.00     3   4.8518
#         159       0.00000      7.67      2.00     3   4.8601
#         161       0.00000      4.61      2.00     4   4.8883
#         162       0.00000      5.45      2.00     3   4.9014
#         163       0.00000      8.06      1.00     4   4.9098
#         164       0.00000      6.26      2.00     3   4.9212
#         165       0.00000     13.37      2.00     3   4.9262
#         168       0.00000      7.90      2.00     3   4.9626
#         169       0.00000     11.65      2.00     3   4.9670
#         170       0.00000      8.44      2.00     3   4.9942
#         171       0.00000      4.85      2.00     4   4.9947
#         174       0.00000      4.07      1.00     4   5.0085
#         175       0.00000      7.12      2.00     3   5.0173
#         176       0.00000      5.29      1.00     4   5.0231
#         177       0.00000      8.86      2.00     3   5.0237
#         178       0.00000      9.60      2.00     3   5.0356
#         180       0.00000      6.97      1.00     4   5.0445
#         182       0.00000      8.37      1.00     2   5.0568
#         185       0.00000      4.76      1.00     4   5.0654
#         187       0.00000      7.12      1.00     2   5.1023
#         189       0.00000      5.76      1.00     4   5.1175
#         190       0.00000      4.48      2.00     3   5.1326
#         191       0.00000      7.99      1.00     2   5.1413
#         192       0.00000      6.88      1.00     2   5.1609
#         193       0.00000      4.87      2.00     3   5.1680
#         195       0.00000     15.52      2.00     3   5.1851
#         196       0.00000      6.74      1.00     2   5.1952
#         197       0.00000      9.21      1.00     4   5.2093
#         199       0.00000     14.86      2.00     3   5.2235
#         200       0.00000      4.39      1.00     4   5.2330
#         203       0.00000      6.28      2.00     3   5.2495
#         205       0.00000      8.69      1.00     4   5.2517
#         207       0.00000      5.39      2.00     3   5.2756
#         208       0.00000      5.67      2.00     3   5.2776
#         209       0.00000      5.66      2.00     3   5.3221
#         211       0.00000      7.18      1.00     2   5.3420
#         213       0.00000      4.32      2.00     3   5.3653
#         214       0.00000      7.09      1.00     2   5.3659
#         215       0.00000      7.06      1.00     2   5.3738
#         216       0.00000      6.27      2.00     3   5.3833
#         218       0.00000      4.73      2.00     3   5.3966
#         219       0.00000      5.99      1.00     2   5.3984
#         221       0.00000      6.92      1.00     2   5.4119
#         222       0.00000      4.51      2.00     4   5.4173
#         223       0.00000      5.90      1.00     2   5.4262
#         224       0.00000      8.95      2.00     3   5.4378
#         226       0.00000      6.77      1.00     2   5.4542
#         227       0.00000      5.80      1.00     2   5.4554
#         229       0.00000      4.44      2.00     3   5.4892
#         230       0.00000      4.38      2.00     3   5.4931
#         231       0.00000      5.15      2.00     3   5.4951
#         234       0.00000      6.49      2.00     3   5.5130
#         235       0.00000      5.36      2.00     3   5.5207
#         236       0.00000      5.65      2.00     3   5.5212
#         238       0.00000      4.18      1.00     4   5.5336
#         240       0.00000      8.36      2.00     3   5.5388
#         241       0.00000      6.19      2.00     3   5.5387
#         242       0.00000      6.47      1.00     2   5.5401
#         244       0.00000      6.37      1.00     2   5.5700
#         245       0.00000      6.37      1.00     2   5.5708
#         246       0.00000      5.27      2.00     3   5.5718
#         248       0.00000      6.30      1.00     2   5.5929
#         249       0.00000      4.40      2.00     3   5.6036
#         252       0.00000      5.17      2.00     3   5.6108
#         254       0.00000      6.10      2.00     3   5.6193
#         255       0.00000      4.92      2.00     4   5.6378
#         256       0.00000      5.22      1.00     2   5.6458
#         257       0.00000      6.11      1.00     2   5.6524
#         258       0.00000      5.20      1.00     2   5.6530
#         259       0.00000      8.38      2.00     3   5.6568
#         260       0.00000      5.18      1.00     2   5.6579
#         262       0.00000      5.06      2.00     3   5.6623
#         263       0.00000      5.22      2.00     3   5.6630
#         266       0.00000      6.10      2.00     3   5.6713
#         267       0.00000      5.03      2.00     3   5.6733
#         268       0.00000      4.17      1.00     4   5.6791
#         269       0.00000      5.97      1.00     2   5.6960
#         273       0.00000      4.06      2.00     3   5.7116
#         276       0.00000      4.75      2.00     3   5.7188
#         277       0.00000      4.68      2.00     3   5.7249
#         278       0.00000      5.88      1.00     2   5.7268
#         279       0.00000      4.98      1.00     2   5.7296
#         280       0.00000      5.86      2.00     3   5.7359
#         282       0.00000      6.89      2.00     3   5.7412
#         288       0.00000      6.09      2.00     3   5.7647
#         289       0.00000      7.73      2.00     3   5.7650
#         293       0.00000      4.15      2.00     3   5.7720
#         294       0.00000      4.08      2.00     3   5.7758
#         296       0.00000      4.84      1.00     2   5.7805
#         298       0.00000      4.83      1.00     2   5.7855
#         300       0.00000      5.70      2.00     3   5.7959
#         301       0.00000      4.80      1.00     2   5.7972
#         302       0.00000      4.86      2.00     3   5.8061
#         303       0.00000      4.01      2.00     3   5.8073
#         305       0.00000      4.77      1.00     2   5.8109
#         310       0.00000      4.15      2.00     4   5.8286
#         313       0.00000      5.80      2.00     3   5.8368
#         317       0.00000      5.52      1.00     2   5.8524
#         318       0.00000      5.51      1.00     2   5.8555
#         319       0.00000      4.65      1.00     2   5.8581
#         320       0.00000      4.74      2.00     3   5.8661
#         326       0.00000      5.45      2.00     3   5.8730
#         329       0.00000      8.96      2.00     3   5.8876
#         330       0.00000      4.36      2.00     3   5.8873
#         334       0.00000      5.40      1.00     2   5.8965
#   251/ 314 paths used
#  -----------------------------------------------------------------------
#       k          chi          mag           phase @#
    -0.7000   -2.662287E-01  2.784100E-01 -1.273892E+00
    -0.6500   -2.613815E-01  2.617442E-01 -1.518147E+00
    -0.6000   -2.775409E-01  2.797890E-01 -1.697649E+00
    -0.5500   -3.054135E-01  3.131445E-01 -1.793463E+00
    -0.5000   -3.372840E-01  3.487313E-01 -1.827727E+00
    -0.4500   -3.699724E-01  3.826374E-01 -1.828802E+00
    -0.4000   -3.999120E-01  4.119792E-01 -1.813427E+00
    -0.3500   -4.282338E-01  4.386180E-01 -1.788827E+00
    -0.3000   -4.520709E-01  4.605006E-01 -1.762430E+00
    -0.2500   -4.714775E-01  4.781022E-01 -1.737460E+00
    -0.2000   -4.867228E-01  4.918763E-01 -1.715679E+00
    -0.1500   -4.989298E-01  5.029302E-01 -1.697008E+00
    -0.1000   -5.076116E-01  5.108239E-01 -1.683003E+00
    -0.0500   -5.127067E-01  5.154743E-01 -1.674468E+00
     0.0000   -5.143855E-01  5.170102E-01 -1.671603E+00
     0.0500   -5.160544E-01  5.185390E-01 -1.668728E+00
     0.1000   -5.210008E-01  5.230829E-01 -1.660049E+00
     0.1500   -5.290389E-01  5.305152E-01 -1.645415E+00
     0.2000   -5.398447E-01  5.406275E-01 -1.624618E+00
     0.2500   -5.529391E-01  5.531355E-01 -1.597446E+00
     0.3000   -5.676735E-01  5.676877E-01 -1.563736E+00
     0.3500   -5.835700E-01  5.842454E-01 -1.522707E+00
     0.4000   -6.004891E-01  6.034232E-01 -1.472141E+00
     0.4500   -6.158408E-01  6.234416E-01 -1.414486E+00
     0.5000   -6.281510E-01  6.437781E-01 -1.350012E+00
     0.5500   -6.362466E-01  6.646325E-01 -1.277482E+00
     0.6000   -6.384570E-01  6.862992E-01 -1.195201E+00
     0.6500   -6.320843E-01  7.067809E-01 -1.106897E+00
     0.7000   -6.156672E-01  7.261357E-01 -1.011951E+00
     0.7500   -5.872636E-01  7.452491E-01 -9.075698E-01
     0.8000   -5.457375E-01  7.618646E-01 -7.985115E-01
     0.8500   -4.901054E-01  7.767439E-01 -6.828083E-01
     0.9000   -4.196805E-01  7.897936E-01 -5.602287E-01
     0.9500   -3.365105E-01  7.995152E-01 -4.344297E-01
     1.0000   -2.395009E-01  8.075581E-01 -3.011035E-01
     1.0500   -1.331789E-01  8.122791E-01 -1.647006E-01
     1.1000   -1.974393E-02  8.142193E-01 -2.425129E-02
     1.1500    9.805904E-02  8.136996E-01  1.208037E-01
     1.2000    2.139118E-01  8.099059E-01  2.672907E-01
     1.2500    3.275166E-01  8.044281E-01  4.193230E-01
     1.3000    4.309877E-01  7.960198E-01  5.721350E-01
     1.3500    5.234875E-01  7.859596E-01  7.288991E-01
     1.4000    6.001170E-01  7.738492E-01  8.875005E-01
     1.4500    6.589168E-01  7.601574E-01  1.048781E+00
     1.5000    6.979770E-01  7.451211E-01  1.213168E+00
     1.5500    7.152996E-01  7.285712E-01  1.379634E+00
     1.6000    7.109070E-01  7.110511E-01  1.550665E+00
     1.6500    6.838130E-01  6.918734E-01  1.723589E+00
     1.7000    6.350001E-01  6.716179E-01  1.902533E+00
     1.7500    5.657861E-01  6.494109E-01  2.083891E+00
     1.8000    4.780198E-01  6.254883E-01  2.271739E+00
     1.8500    3.760710E-01  5.991985E-01  2.463096E+00
     1.9000    2.627585E-01  5.704752E-01  2.662926E+00
     1.9500    1.455604E-01  5.387993E-01  2.868037E+00
     2.0000    3.300322E-02  5.040227E-01  3.076066E+00
     2.0500   -6.737448E-02  4.662173E-01  3.286613E+00
     2.1000   -1.495857E-01  4.242881E-01  3.501895E+00
     2.1500   -2.072160E-01  3.781160E-01  3.721591E+00
     2.2000   -2.363334E-01  3.297378E-01  3.940696E+00
     2.2500   -2.377587E-01  2.798892E-01  4.156581E+00
     2.3000   -2.142869E-01  2.279299E-01  4.364645E+00
     2.3500   -1.697733E-01  1.720161E-01  4.550734E+00
     2.4000   -1.192683E-01  1.193311E-01  4.679947E+00
     2.4500   -7.390620E-02  7.404519E-02  4.651108E+00
     2.5000   -4.300996E-02  4.891264E-02  4.216029E+00
     2.5500   -3.445677E-02  5.799418E-02  3.777791E+00
     2.6000   -4.049597E-02  7.978931E-02  3.673916E+00
     2.6500   -5.840719E-02  1.022802E-01  3.749378E+00
     2.7000   -8.371308E-02  1.218008E-01  3.899351E+00
     2.7500   -1.072868E-01  1.363775E-01  4.047021E+00
     2.8000   -1.305365E-01  1.488603E-01  4.210980E+00
     2.8500   -1.508815E-01  1.592186E-01  4.387347E+00
     2.9000   -1.657265E-01  1.673868E-01  4.571426E+00
     2.9500   -1.734937E-01  1.736872E-01  4.759599E+00
     3.0000   -1.729990E-01  1.780172E-01  4.950393E+00
     3.0500   -1.640486E-01  1.804696E-01  5.142284E+00
     3.1000   -1.473559E-01  1.812736E-01  5.334084E+00
     3.1500   -1.239122E-01  1.804171E-01  5.526095E+00
     3.2000   -9.558680E-02  1.782616E-01  5.717237E+00
     3.2500   -6.433323E-02  1.750784E-01  5.906915E+00
     3.3000   -3.206506E-02  1.709606E-01  6.094510E+00
     3.3500   -5.899003E-04  1.663053E-01  6.279638E+00
     3.4000    2.870603E-02  1.614172E-01  6.461974E+00
     3.4500    5.481243E-02  1.564027E-01  6.641244E+00
     3.5000    7.720668E-02  1.514561E-01  6.818094E+00
     3.5500    9.581242E-02  1.468066E-01  6.994254E+00
     3.6000    1.104686E-01  1.424432E-01  7.170735E+00
     3.6500    1.208830E-01  1.382327E-01  7.347566E+00
     3.7000    1.269740E-01  1.341419E-01  7.525598E+00
     3.7500    1.287655E-01  1.301828E-01  7.706285E+00
     3.8000    1.261759E-01  1.262619E-01  7.890896E+00
     3.8500    1.190455E-01  1.221109E-01  8.078521E+00
     3.9000    1.076681E-01  1.176373E-01  8.268639E+00
     3.9500    9.269216E-02  1.129266E-01  8.461937E+00
     4.0000    7.485839E-02  1.080584E-01  8.659471E+00
     4.0500    5.525303E-02  1.028021E-01  8.857344E+00
     4.1000    3.518386E-02  9.721353E-02  9.054448E+00
     4.1500    1.584949E-02  9.138479E-02  9.250460E+00
     4.2000   -1.790721E-03  8.541640E-02  9.445744E+00
     4.2500   -1.669658E-02  7.942952E-02  9.636564E+00
     4.3000   -2.845578E-02  7.358552E-02  9.821832E+00
     4.3500   -3.707907E-02  6.803617E-02  1.000116E+01
     4.4000   -4.287855E-02  6.288545E-02  1.017507E+01
     4.4500   -4.629638E-02  5.827502E-02  1.034287E+01
     4.5000   -4.791026E-02  5.427471E-02  1.050643E+01
     4.5500   -4.818835E-02  5.087990E-02  1.066885E+01
     4.6000   -4.735005E-02  4.797400E-02  1.083412E+01
     4.6500   -4.550428E-02  4.550621E-02  1.100479E+01
     4.7000   -4.255754E-02  4.332465E-02  1.118403E+01
     4.7500   -3.834801E-02  4.126631E-02  1.137391E+01
     4.8000   -3.279806E-02  3.917736E-02  1.157428E+01
     4.8500   -2.599682E-02  3.693821E-02  1.178565E+01
     4.9000   -1.828547E-02  3.446859E-02  1.200718E+01
     4.9500   -1.024978E-02  3.172916E-02  1.223743E+01
     5.0000   -2.690027E-03  2.870726E-02  1.247253E+01
     5.0500    3.667914E-03  2.543757E-02  1.271107E+01
     5.1000    8.215004E-03  2.198113E-02  1.294940E+01
     5.1500    1.063744E-02  1.842295E-02  1.318191E+01
     5.2000    1.094644E-02  1.485713E-02  1.339467E+01
     5.2500    9.649363E-03  1.143790E-02  1.357038E+01
     5.3000    7.480136E-03  8.386797E-03  1.366789E+01
     5.3500    5.287151E-03  6.113579E-03  1.361116E+01
     5.4000    3.849456E-03  5.338725E-03  1.337168E+01
     5.4500    3.665147E-03  6.159323E-03  1.320371E+01
     5.5000    4.820063E-03  7.712463E-03  1.324146E+01
     5.5500    6.991147E-03  9.332770E-03  1.341307E+01
     5.6000    9.581091E-03  1.080008E-02  1.365746E+01
     5.6500    1.173652E-02  1.196071E-02  1.394325E+01
     5.7000    1.269899E-02  1.278883E-02  1.425577E+01
     5.7500    1.197275E-02  1.329876E-02  1.458753E+01
     5.8000    9.472634E-03  1.354399E-02  1.493341E+01
     5.8500    5.492485E-03  1.353817E-02  1.529021E+01
     5.9000    7.015440E-04  1.332662E-02  1.565530E+01
     5.9500   -4.048547E-03  1.295533E-02  1.602579E+01
     6.0000   -7.907573E-03  1.243969E-02  1.639684E+01
     6.0500   -1.028417E-02  1.180917E-02  1.676492E+01
     6.1000   -1.095758E-02  1.108818E-02  1.712513E+01
     6.1500   -1.010383E-02  1.029363E-02  1.747109E+01
     6.2000   -8.215470E-03  9.444123E-03  1.779455E+01
     6.2500   -5.935864E-03  8.572332E-03  1.808468E+01
     6.3000   -3.859719E-03  7.743685E-03  1.832776E+01
     6.3500   -2.357927E-03  7.079033E-03  1.850998E+01
     6.4000   -1.477416E-03  6.762301E-03  1.862930E+01
     6.4500   -9.447655E-04  6.983934E-03  1.871386E+01
     6.5000   -3.009236E-04  7.822777E-03  1.881108E+01
     6.5500    1.015926E-03  9.206737E-03  1.896013E+01
     6.6000    3.393537E-03  1.096670E-02  1.916416E+01
     6.6500    6.881499E-03  1.294111E-02  1.941023E+01
     6.7000    1.112344E-02  1.499894E-02  1.968503E+01
     6.7500    1.540020E-02  1.703401E-02  1.997879E+01
     6.8000    1.878407E-02  1.895766E-02  2.028492E+01
     6.8500    2.036523E-02  2.069477E-02  2.059905E+01
     6.9000    1.949003E-02  2.218258E-02  2.091819E+01
     6.9500    1.594639E-02  2.337086E-02  2.124022E+01
     7.0000    1.004447E-02  2.426039E-02  2.156427E+01
     7.0500    2.540265E-03  2.480221E-02  2.188855E+01
     7.1000   -5.460483E-03  2.497259E-02  2.221159E+01
     7.1500   -1.276027E-02  2.477506E-02  2.253221E+01
     7.2000   -1.832934E-02  2.422825E-02  2.284914E+01
     7.2500   -2.151203E-02  2.336593E-02  2.316091E+01
     7.3000   -2.213391E-02  2.223660E-02  2.346580E+01
     7.3500   -2.048726E-02  2.090298E-02  2.376172E+01
     7.4000   -1.720615E-02  1.944128E-02  2.404618E+01
     7.4500   -1.307121E-02  1.794010E-02  2.431646E+01
     7.5000   -8.786840E-03  1.650411E-02  2.457130E+01
     7.5500   -4.845820E-03  1.522174E-02  2.480875E+01
     7.6000   -1.463123E-03  1.418595E-02  2.502942E+01
     7.6500    1.422746E-03  1.347205E-02  2.523855E+01
     7.7000    4.037179E-03  1.311348E-02  2.544569E+01
     7.7500    6.613120E-03  1.309096E-02  2.566232E+01
     7.8000    9.241439E-03  1.334082E-02  2.589799E+01
     7.8500    1.177811E-02  1.377856E-02  2.615793E+01
     7.9000    1.384003E-02  1.432307E-02  2.644309E+01
     7.9500    1.489357E-02  1.491083E-02  2.675166E+01
     8.0000    1.438889E-02  1.547828E-02  2.708096E+01
     8.0500    1.198936E-02  1.600634E-02  2.742772E+01
     8.1000    7.704096E-03  1.649743E-02  2.778845E+01
     8.1500    1.936563E-03  1.695286E-02  2.815985E+01
     8.2000   -4.540732E-03  1.737686E-02  2.853871E+01
     8.2500   -1.072134E-02  1.777173E-02  2.892194E+01
     8.3000   -1.556824E-02  1.813460E-02  2.930664E+01
     8.3500   -1.823479E-02  1.845595E-02  2.969017E+01
     8.4000   -1.824772E-02  1.872004E-02  3.007024E+01
     8.4500   -1.560642E-02  1.890683E-02  3.044495E+01
     8.5000   -1.075538E-02  1.898927E-02  3.081380E+01
     8.5500   -4.517238E-03  1.895254E-02  3.117527E+01
     8.6000    2.092639E-03  1.878653E-02  3.152755E+01
     8.6500    8.100998E-03  1.848426E-02  3.186959E+01
     8.7000    1.274942E-02  1.804777E-02  3.220036E+01
     8.7500    1.560937E-02  1.748939E-02  3.251880E+01
     8.8000    1.660933E-02  1.683218E-02  3.282382E+01
     8.8500    1.597807E-02  1.610929E-02  3.311444E+01
     8.9000    1.412999E-02  1.536211E-02  3.338996E+01
     8.9500    1.153080E-02  1.463668E-02  3.365029E+01
     9.0000    8.581358E-03  1.398906E-02  3.389712E+01
     9.0500    5.544531E-03  1.345486E-02  3.413278E+01
     9.1000    2.551736E-03  1.304661E-02  3.436066E+01
     9.1500   -3.582427E-04  1.276213E-02  3.458559E+01
     9.2000   -3.170681E-03  1.257647E-02  3.481238E+01
     9.2500   -5.828499E-03  1.244652E-02  3.504487E+01
     9.3000   -8.195492E-03  1.231936E-02  3.528535E+01
     9.3500   -1.006324E-02  1.214112E-02  3.553458E+01
     9.4000   -1.119956E-02  1.186408E-02  3.579204E+01
     9.4500   -1.142149E-02  1.145113E-02  3.605635E+01
     9.5000   -1.067939E-02  1.089191E-02  3.632618E+01
     9.5500   -9.065376E-03  1.017032E-02  3.659878E+01
     9.6000   -6.836542E-03  9.275774E-03  3.687044E+01
     9.6500   -4.383080E-03  8.222057E-03  3.713687E+01
     9.7000   -2.130354E-03  7.035266E-03  3.739147E+01
     9.7500   -4.395854E-04  5.755223E-03  3.762266E+01
     9.8000    4.769670E-04  4.442325E-03  3.780669E+01
     9.8500    6.023525E-04  3.203779E-03  3.788825E+01
     9.9000    1.102109E-04  2.285104E-03  3.774736E+01
     9.9500   -6.885858E-04  2.155284E-03  3.737392E+01
    10.0000   -1.431254E-03  2.866727E-03  3.717636E+01
    10.0500   -1.786534E-03  3.907611E-03  3.722427E+01
    10.1000   -1.540308E-03  4.980714E-03  3.738470E+01
    10.1500   -6.352748E-04  5.983923E-03  3.759275E+01
    10.2000    8.365157E-04  6.878410E-03  3.782103E+01
    10.2500    2.677872E-03  7.654048E-03  3.805654E+01
    10.3000    4.651052E-03  8.319407E-03  3.829236E+01
    10.3500    6.539754E-03  8.897689E-03  3.852477E+01
    10.4000    8.188375E-03  9.423319E-03  3.875218E+01
    10.4500    9.507970E-03  9.937280E-03  3.897489E+01
    10.5000    1.045117E-02  1.048067E-02  3.919486E+01
    10.5500    1.097023E-02  1.108724E-02  3.941532E+01
    10.6000    1.097903E-02  1.177667E-02  3.964007E+01
    10.6500    1.033923E-02  1.255085E-02  3.987264E+01
    10.7000    8.882451E-03  1.339397E-02  4.011566E+01
    10.7500    6.467160E-03  1.427597E-02  4.037057E+01
    10.8000    3.055305E-03  1.515757E-02  4.063774E+01
    10.8500   -1.216411E-03  1.599535E-02  4.091683E+01
    10.9000   -5.997850E-03  1.674611E-02  4.120701E+01
    10.9500   -1.074018E-02  1.737007E-02  4.150730E+01
    11.0000   -1.480249E-02  1.786333E-02  4.181740E+01
    11.0500   -1.751903E-02  1.820427E-02  4.213625E+01
    11.1000   -1.831624E-02  1.833991E-02  4.246232E+01
    11.1500   -1.693092E-02  1.825716E-02  4.279501E+01
    11.2000   -1.346729E-02  1.795133E-02  4.313392E+01
    11.2500   -8.407973E-03  1.742614E-02  4.347880E+01
    11.3000   -2.539145E-03  1.669332E-02  4.382960E+01
    11.3500    3.197638E-03  1.577207E-02  4.418645E+01
    11.4000    7.894393E-03  1.468817E-02  4.454973E+01
    11.4500    1.086243E-02  1.347301E-02  4.492006E+01
    11.5000    1.177018E-02  1.216243E-02  4.529843E+01
    11.5500    1.069986E-02  1.079546E-02  4.568628E+01
    11.6000    8.109586E-03  9.413001E-03  4.608561E+01
    11.6500    4.711563E-03  8.056442E-03  4.649923E+01
    11.7000    1.297681E-03  6.766292E-03  4.693091E+01
    11.7500   -1.443342E-03  5.580540E-03  4.738550E+01
    11.8000   -3.072170E-03  4.532444E-03  4.786868E+01
    11.8500   -3.474021E-03  3.646866E-03  4.838558E+01
    11.9000   -2.847848E-03  2.934041E-03  4.893768E+01
    11.9500   -1.617377E-03  2.381255E-03  4.951879E+01
    12.0000   -2.958448E-04  1.950088E-03  5.011319E+01
    12.0500    6.745665E-04  1.574747E-03  5.070816E+01
    12.1000    1.035889E-03  1.193635E-03  5.131633E+01
    12.1500    7.665542E-04  7.791078E-04  5.201604E+01
    12.2000    7.726793E-05  4.316804E-04  5.322711E+01
    12.2500   -6.678580E-04  6.746906E-04  5.483543E+01
    12.3000   -1.072746E-03  1.327782E-03  5.560805E+01
    12.3500   -8.375151E-04  2.105871E-03  5.613965E+01
    12.4000    1.431748E-04  2.948838E-03  5.659724E+01
    12.4500    1.738768E-03  3.822769E-03  5.702087E+01
    12.5000    3.609101E-03  4.697344E-03  5.742489E+01
    12.5500    5.290109E-03  5.543536E-03  5.781592E+01
    12.6000    6.314701E-03  6.333977E-03  5.819750E+01
    12.6500    6.335684E-03  7.043769E-03  5.857170E+01
    12.7000    5.217999E-03  7.651287E-03  5.893980E+01
    12.7500    3.076718E-03  8.138861E-03  5.930260E+01
    12.8000    2.523240E-04  8.493306E-03  5.966055E+01
    12.8500   -2.768486E-03  8.706258E-03  6.001387E+01
    12.9000   -5.464511E-03  8.774346E-03  6.036255E+01
    12.9500   -7.395073E-03  8.699182E-03  6.070641E+01
    13.0000   -8.301813E-03  8.498587E-03  6.104545E+01
    13.0500   -8.132094E-03  8.188935E-03  6.137895E+01
    13.1000   -7.013942E-03  7.767620E-03  6.170522E+01
    13.1500   -5.247769E-03  7.252397E-03  6.202286E+01
    13.2000   -3.206120E-03  6.664397E-03  6.232996E+01
    13.2500   -1.244477E-03  6.027717E-03  6.262390E+01
    13.3000    3.716005E-04  5.369104E-03  6.290112E+01
    13.3500    1.507043E-03  4.717737E-03  6.315699E+01
    13.4000    2.159782E-03  4.105007E-03  6.338590E+01
    13.4500    2.430093E-03  3.563746E-03  6.358220E+01
    13.5000    2.469825E-03  3.125481E-03  6.374302E+01
    13.5500    2.428203E-03  2.813616E-03  6.387307E+01
    13.6000    2.409532E-03  2.632876E-03  6.398779E+01
    13.6500    2.452642E-03  2.562638E-03  6.410860E+01
    13.7000    2.534320E-03  2.563394E-03  6.425189E+01
    13.7500    2.591720E-03  2.592263E-03  6.442311E+01
    13.8000    2.553843E-03  2.614930E-03  6.461922E+01
    13.8500    2.370839E-03  2.609418E-03  6.483360E+01
    13.9000    2.032094E-03  2.564993E-03  6.505897E+01
    13.9500    1.568754E-03  2.479781E-03  6.528852E+01
    14.0000    1.044840E-03  2.362261E-03  6.551528E+01
    14.0500    5.312813E-04  2.225065E-03  6.573235E+01
    14.1000    7.911706E-05  2.076239E-03  6.593533E+01
    14.1500   -2.832470E-04  1.932155E-03  6.612057E+01
    14.2000   -5.590704E-04  1.809187E-03  6.628761E+01
    14.2500   -7.753384E-04  1.720257E-03  6.644101E+01
    14.3000   -9.669730E-04  1.670882E-03  6.659060E+01
    14.3500   -1.159404E-03  1.656924E-03  6.674847E+01
    14.4000   -1.355940E-03  1.665998E-03  6.692426E+01
    14.4500   -1.534407E-03  1.681746E-03  6.712253E+01
    14.5000   -1.654157E-03  1.688163E-03  6.734319E+01
    14.5500   -1.670918E-03  1.672206E-03  6.758349E+01
    14.6000   -1.554314E-03  1.624715E-03  6.783970E+01
    14.6500   -1.301991E-03  1.540354E-03  6.810800E+01
    14.7000   -9.454435E-04  1.417181E-03  6.838469E+01
    14.7500   -5.452808E-04  1.256113E-03  6.866600E+01
    14.8000   -1.770787E-04  1.060432E-03  6.894727E+01
    14.8500    8.814962E-05  8.353925E-04  6.922075E+01
    14.9000    2.031670E-04  5.882177E-04  6.946770E+01
    14.9500    1.578522E-04  3.304952E-04  6.961299E+01
    15.0000   -2.054656E-05  1.240917E-04  6.894870E+01
    15.0500   -2.697185E-04  2.897052E-04  6.791787E+01
    15.1000   -4.968448E-04  5.593290E-04  6.802144E+01
    15.1500   -6.184036E-04  8.249431E-04  6.826753E+01
    15.2000   -5.749885E-04  1.073695E-03  6.854991E+01
    15.2500   -3.451375E-04  1.299302E-03  6.884618E+01
    15.3000    5.047600E-05  1.497708E-03  6.914875E+01
    15.3500    5.546691E-04  1.666452E-03  6.945436E+01
    15.4000    1.086855E-03  1.804440E-03  6.976145E+01
    15.4500    1.559765E-03  1.911745E-03  7.006930E+01
    15.5000    1.895679E-03  1.989371E-03  7.037771E+01
    15.5500    2.038988E-03  2.038989E-03  7.068686E+01
    15.6000    1.963449E-03  2.062661E-03  7.099725E+01
    15.6500    1.674097E-03  2.062582E-03  7.130966E+01
    15.7000    1.204847E-03  2.040875E-03  7.162513E+01
    15.7500    6.131526E-04  1.999466E-03  7.194495E+01
    15.8000   -2.718807E-05  1.940064E-03  7.227065E+01
    15.8500   -6.345824E-04  1.864241E-03  7.260397E+01
    15.9000   -1.129407E-03  1.773614E-03  7.294695E+01
    15.9500   -1.444767E-03  1.670098E-03  7.330194E+01
    16.0000   -1.538337E-03  1.557059E-03  7.367220E+01
    16.0500   -1.400123E-03  1.439547E-03  7.406200E+01
    16.1000   -1.053858E-03  1.320982E-03  7.447461E+01
    16.1500   -5.619533E-04  1.207647E-03  7.491422E+01
    16.2000   -1.583176E-05  1.107179E-03  7.538392E+01
    16.2500    4.793757E-04  1.027695E-03  7.588351E+01
    16.3000    8.255192E-04  9.757712E-04  7.640669E+01
    16.3500    9.532652E-04  9.536477E-04  7.694070E+01
    16.4000    8.395779E-04  9.573783E-04  7.747033E+01
    16.4500    5.156102E-04  9.776581E-04  7.798429E+01
    16.5000    6.170726E-05  1.002717E-03  7.847824E+01
    16.5500   -4.105290E-04  1.021143E-03  7.895355E+01
    16.6000   -7.854641E-04  1.023480E-03  7.941466E+01
    16.6500   -9.732589E-04  1.002787E-03  7.986734E+01
    16.7000   -9.342452E-04  9.547477E-04  8.031823E+01
    16.7500   -6.906898E-04  8.777506E-04  8.077566E+01
    16.8000   -3.218656E-04  7.732407E-04  8.125209E+01
    16.8500    5.712600E-05  6.469476E-04  8.176982E+01
    16.9000    3.276251E-04  5.127756E-04  8.237451E+01
    16.9500    4.021031E-04  4.041866E-04  8.315063E+01
    17.0000    2.515644E-04  3.853472E-04  8.411169E+01
    17.0500   -8.219202E-05  4.871620E-04  8.499253E+01
    17.1000   -4.970266E-04  6.636843E-04  8.566939E+01
    17.1500   -8.557504E-04  8.687277E-04  8.622073E+01
    17.2000   -1.024672E-03  1.078090E-03  8.670991E+01
    17.2500   -9.139645E-04  1.277759E-03  8.716756E+01
    17.3000   -5.078882E-04  1.458045E-03  8.760880E+01
    17.3500    1.245340E-04  1.611725E-03  8.804194E+01
    17.4000    8.426337E-04  1.733558E-03  8.847218E+01
    17.4500    1.468567E-03  1.820251E-03  8.890330E+01
    17.5000    1.834427E-03  1.870592E-03  8.933843E+01
    17.5500    1.829244E-03  1.885633E-03  8.978056E+01
    17.6000    1.432597E-03  1.868878E-03  9.023273E+01
    17.6500    7.248233E-04  1.826437E-03  9.069810E+01
    17.7000   -1.299374E-04  1.767068E-03  9.117979E+01
    17.7500   -9.241110E-04  1.701925E-03  9.168017E+01
    17.8000   -1.460039E-03  1.643697E-03  9.219974E+01
    17.8500   -1.602004E-03  1.604757E-03  9.273557E+01
    17.9000   -1.312691E-03  1.594309E-03  9.328047E+01
    17.9500   -6.639292E-04  1.615517E-03  9.382426E+01
    18.0000    1.809805E-04  1.665681E-03  9.435665E+01
    18.0500    1.011942E-03  1.735975E-03  9.487010E+01
    18.1000    1.625346E-03  1.809668E-03  9.536331E+01
    18.1500    1.873381E-03  1.873714E-03  9.583745E+01
    18.2000    1.703174E-03  1.916749E-03  9.629514E+01
    18.2500    1.167742E-03  1.929823E-03  9.673948E+01
    18.3000    4.085465E-04  1.906617E-03  9.717342E+01
    18.3500   -3.849371E-04  1.843441E-03  9.759973E+01
    18.4000   -1.026968E-03  1.739124E-03  9.802106E+01
    18.4500   -1.384076E-03  1.594880E-03  9.844018E+01
    18.5000   -1.407142E-03  1.414157E-03  9.886052E+01
    18.5500   -1.138782E-03  1.202527E-03  9.928723E+01
    18.6000   -6.950302E-04  9.677296E-04  9.972974E+01
    18.6500   -2.276542E-04  7.203797E-04  1.002094E+02
    18.7000    1.213123E-04  4.776655E-04  1.007877E+02
    18.7500    2.594100E-04  2.846905E-04  1.016772E+02
    18.8000    1.667518E-04  2.729046E-04  1.030152E+02
    18.8500   -1.036753E-04  4.314258E-04  1.039152E+02
    18.9000   -4.473387E-04  6.149680E-04  1.044871E+02
    18.9500   -7.436783E-04  7.767787E-04  1.049504E+02
    19.0000   -8.953095E-04  9.022632E-04  1.053676E+02
    19.0500   -8.567268E-04  9.846470E-04  1.057588E+02
    19.1000   -6.412588E-04  1.017002E-03  1.061319E+02
    19.1500   -3.194305E-04  9.974887E-04  1.064882E+02
    19.2000    9.163444E-06  9.269797E-04  1.068240E+02
    19.2500    2.505743E-04  8.096271E-04  1.071288E+02
    19.3000    3.485927E-04  6.548344E-04  1.073755E+02
    19.3500    3.038509E-04  4.847639E-04  1.074916E+02
    19.4000    1.737559E-04  3.635828E-04  1.073124E+02
    19.4500    5.317085E-05  4.147781E-04  1.069427E+02
    19.5000    4.187166E-05  6.256673E-04  1.068811E+02
    19.5500    2.090371E-04  8.979002E-04  1.070491E+02
    19.6000    5.660957E-04  1.186308E-03  1.073116E+02
    19.6500    1.056814E-03  1.469924E-03  1.076165E+02
    19.7000    1.568321E-03  1.735001E-03  1.079430E+02
    19.7500    1.960394E-03  1.970835E-03  1.082820E+02
    19.8000    2.104721E-03  2.168735E-03  1.086285E+02
    19.8500    1.922720E-03  2.321837E-03  1.089800E+02
    19.9000    1.410722E-03  2.425124E-03  1.093349E+02
    19.9500    6.449449E-04  2.475512E-03  1.096922E+02