# # tequil.ion_motion                                            FEFF 9.05   
# # POT  SCF  30  5.5000   1, core-hole, AFOLP (folp(0)= 1.150)
# # Abs   Z=30 Rmt= 1.310 Rnm= 1.404 K  shell
# # Pot 1 Z=26 Rmt= 1.310 Rnm= 1.403
# # Pot 2 Z= 8 Rmt= 0.950 Rnm= 1.081
# # Gam_ch=1.897E+00 H-L exch
# # Mu=-1.169E+01 kf=2.183E+00 Vint=-1.842E+01 Rs_int= 1.662
# # PATH  Rmax= 8.500,  Keep_limit= 0.00, Heap_limit 0.00  Pwcrit= 2.50%
#  S02=1.000                                        Global_sig2= 0.00000
#  Energy zero shift, vr, vi   -2.00000E+00   0.00000E+00
#  Curved wave amplitude ratio filter   4.000%
#     file         sig2 tot  cw amp ratio   deg  nlegs   reff  inp sig2
#           1       0.00000    100.00      1.00     2   1.9051
#           2       0.00000     84.69      1.00     2   2.0294
#           3       0.00000     81.61      1.00     2   2.0582
#           4       0.00000     80.26      1.00     2   2.0713
#           5       0.00000     59.73      1.00     2   2.3172
#           6       0.00000     58.78      1.00     2   2.3313
#           7       0.00000     34.03      1.00     2   2.8063
#           8       0.00000     33.90      1.00     2   2.8110
#           9       0.00000     27.63      1.00     2   3.0707
#          10       0.00000     27.44      1.00     2   3.0798
#          11       0.00000     25.36      1.00     2   3.1849
#          12       0.00000     24.52      1.00     2   3.2269
#          13       0.00000     21.67      1.00     2   3.3747
#          14       0.00000      9.98      2.00     3   3.4132
#          15       0.00000      9.81      2.00     3   3.4321
#          16       0.00000      9.46      2.00     3   3.4509
#          17       0.00000     20.13      2.00     3   3.4582
#          18       0.00000      9.09      2.00     3   3.4655
#          19       0.00000     20.31      1.00     2   3.4946
#          20       0.00000     20.18      1.00     2   3.5041
#          21       0.00000     13.13      2.00     3   3.5105
#          22       0.00000      7.12      2.00     3   3.5201
#          23       0.00000     10.51      2.00     3   3.5266
#          24       0.00000      8.07      2.00     3   3.5493
#          25       0.00000     19.41      1.00     2   3.5607
#          26       0.00000     10.27      2.00     3   3.5771
#          27       0.00000      6.86      2.00     3   3.5804
#          28       0.00000     18.25      1.00     2   3.5894
#          29       0.00000      7.37      2.00     3   3.5993
#          30       0.00000      9.45      2.00     3   3.5994
#          31       0.00000      9.61      2.00     3   3.6117
#          32       0.00000     18.68      1.00     2   3.6166
#          33       0.00000     17.70      1.00     2   3.6292
#          34       0.00000      9.15      2.00     3   3.6327
#          35       0.00000      9.40      2.00     3   3.6419
#          36       0.00000      7.69      2.00     3   3.6830
#          37       0.00000     16.44      1.00     2   3.7256
#          38       0.00000     16.22      2.00     3   3.7296
#          39       0.00000      5.90      1.00     4   3.7315
#          40       0.00000      7.10      2.00     3   3.7417
#          41       0.00000     16.23      1.00     2   3.7423
#          42       0.00000      6.31      2.00     3   3.7543
#          43       0.00000     15.93      1.00     2   3.7671
#          44       0.00000     15.88      1.00     2   3.7711
#          45       0.00000     14.29      2.00     3   3.7770
#          46       0.00000     15.05      2.00     3   3.7951
#          47       0.00000     11.81      1.00     4   3.8101
#          48       0.00000     16.02      1.00     2   3.8483
#          49       0.00000     14.22      2.00     3   3.8494
#          50       0.00000     15.96      1.00     2   3.8545
#          51       0.00000     15.69      1.00     2   3.8808
#          53       0.00000      5.14      1.00     4   3.9502
#          54       0.00000      5.18      1.00     4   3.9551
#          56       0.00000      8.54      2.00     3   3.9668
#          57       0.00000      8.10      2.00     3   4.0275
#          58       0.00000      4.76      1.00     4   4.0295
#          59       0.00000     14.13      1.00     2   4.0452
#          60       0.00000     13.02      2.00     3   4.0474
#          61       0.00000      8.33      2.00     3   4.0590
#          62       0.00000      8.33      1.00     4   4.0587
#          63       0.00000      4.01      1.00     4   4.0594
#          64       0.00000     23.45      2.00     3   4.0621
#          65       0.00000     12.99      2.00     3   4.0649
#          66       0.00000      4.76      1.00     4   4.0822
#          67       0.00000     11.36      2.00     3   4.0965
#          68       0.00000     23.23      2.00     4   4.1007
#          69       0.00000      7.72      1.00     4   4.1164
#          70       0.00000     12.35      1.00     2   4.1177
#          71       0.00000      7.46      1.00     4   4.1427
#          72       0.00000      7.09      2.00     3   4.1453
#          73       0.00000      9.91      2.00     3   4.1461
#          74       0.00000      8.21      2.00     3   4.1467
#          75       0.00000     12.08      1.00     2   4.1489
#          76       0.00000     12.00      1.00     2   4.1591
#          77       0.00000     20.87      2.00     3   4.1811
#          79       0.00000      4.40      1.00     4   4.2039
#          80       0.00000     20.21      2.00     4   4.2223
#          81       0.00000      7.62      2.00     3   4.2235
#          82       0.00000      4.86      1.00     4   4.2404
#          83       0.00000      5.74      1.00     4   4.2489
#          84       0.00000     10.83      1.00     2   4.3081
#          86       0.00000      6.86      2.00     3   4.3246
#          88       0.00000      6.70      2.00     3   4.3559
#          89       0.00000     18.78      2.00     3   4.3720
#          90       0.00000      6.49      2.00     3   4.3728
#          91       0.00000     18.91      2.00     4   4.3895
#          92       0.00000      5.77      2.00     3   4.3902
#          93       0.00000      6.25      2.00     3   4.3917
#          94       0.00000      4.73      2.00     3   4.4265
#          96       0.00000      5.95      2.00     3   4.4492
#          97       0.00000      5.59      2.00     3   4.4515
#          98       0.00000      9.76      1.00     2   4.4643
#          99       0.00000      9.73      1.00     2   4.4691
#         100       0.00000      9.68      1.00     2   4.4755
#         101       0.00000      9.67      1.00     2   4.4770
#         102       0.00000      9.64      1.00     2   4.4830
#         103       0.00000      8.82      2.00     3   4.4926
#         104       0.00000      4.05      2.00     3   4.5222
#         105       0.00000     19.30      2.00     3   4.5467
#         106       0.00000      9.22      1.00     2   4.5499
#         108       0.00000      7.34      2.00     3   4.5647
#         110       0.00000      9.12      1.00     2   4.5671
#         111       0.00000     17.38      2.00     3   4.5786
#         112       0.00000     16.37      2.00     3   4.5849
#         114       0.00000      4.38      2.00     3   4.6037
#         115       0.00000      6.61      2.00     3   4.6032
#         116       0.00000     11.62      1.00     4   4.6291
#         117       0.00000      4.09      1.00     4   4.6344
#         118       0.00000      5.74      2.00     3   4.6423
#         119       0.00000      8.67      1.00     2   4.6451
#         120       0.00000     16.14      2.00     3   4.6552
#         122       0.00000      8.50      1.00     2   4.6758
#         123       0.00000     10.05      1.00     4   4.6817
#         124       0.00000      8.46      1.00     2   4.6831
#         125       0.00000      8.42      1.00     2   4.6918
#         126       0.00000      6.77      2.00     3   4.6998
#         127       0.00000      9.14      1.00     4   4.7008
#         128       0.00000      5.14      2.00     3   4.7049
#         129       0.00000     17.22      2.00     3   4.7198
#         130       0.00000     12.05      2.00     3   4.7389
#         131       0.00000      6.03      2.00     3   4.7479
#         132       0.00000      8.10      1.00     2   4.7520
#         133       0.00000      5.96      2.00     3   4.7524
#         134       0.00000      9.12      1.00     4   4.7605
#         136       0.00000      8.19      2.00     3   4.7769
#         137       0.00000      7.98      2.00     3   4.7800
#         139       0.00000     10.17      1.00     4   4.7945
#         140       0.00000      4.16      2.00     3   4.7997
#         141       0.00000      4.14      2.00     3   4.8029
#         142       0.00000      8.99      1.00     2   4.8037
#         143       0.00000      7.83      1.00     2   4.8059
#         144       0.00000     12.91      2.00     3   4.8127
#         145       0.00000      7.76      1.00     2   4.8201
#         146       0.00000      4.29      2.00     4   4.8357
#         149       0.00000      6.38      2.00     3   4.8509
#         151       0.00000      8.74      1.00     2   4.8530
#         153       0.00000     13.08      2.00     3   4.8707
#         154       0.00000      7.50      1.00     2   4.8750
#         155       0.00000      7.40      1.00     2   4.8969
#         156       0.00000     19.78      2.00     3   4.8976
#         157       0.00000     13.28      1.00     4   4.8983
#         158       0.00000      6.03      1.00     4   4.9106
#         159       0.00000      9.01      2.00     3   4.9178
#         161       0.00000      8.05      2.00     3   4.9432
#         162       0.00000      6.93      1.00     4   4.9496
#         165       0.00000      6.92      2.00     3   4.9815
#         166       0.00000      4.25      2.00     4   4.9849
#         167       0.00000      7.05      1.00     4   4.9895
#         168       0.00000      7.72      2.00     3   5.0191
#         169       0.00000      8.58      2.00     3   5.0236
#         170       0.00000      6.56      2.00     3   5.0452
#         172       0.00000      9.16      2.00     3   5.0625
#         173       0.00000      7.76      1.00     2   5.0662
#         175       0.00000      6.02      2.00     3   5.0733
#         176       0.00000      7.36      2.00     3   5.0799
#         180       0.00000      6.47      1.00     2   5.1193
#         181       0.00000      4.72      2.00     4   5.1289
#         182       0.00000      7.49      1.00     2   5.1301
#         183       0.00000      4.02      1.00     4   5.1439
#         185       0.00000      9.18      2.00     3   5.1805
#         188       0.00000      6.20      1.00     2   5.1894
#         189       0.00000      6.19      1.00     2   5.1920
#         190       0.00000      4.43      2.00     3   5.1986
#         192       0.00000      4.25      2.00     4   5.2047
#         193       0.00000     14.30      2.00     3   5.2076
#         194       0.00000     14.11      2.00     3   5.2127
#         195       0.00000      8.60      1.00     4   5.2258
#         196       0.00000      8.42      1.00     4   5.2333
#         198       0.00000      4.39      1.00     4   5.2499
#         203       0.00000      4.58      1.00     4   5.2948
#         205       0.00000      5.51      2.00     3   5.3153
#         207       0.00000      6.73      1.00     2   5.3288
#         208       0.00000      6.73      1.00     2   5.3291
#         212       0.00000      6.64      1.00     2   5.3553
#         213       0.00000      5.90      2.00     3   5.3564
#         215       0.00000      6.56      1.00     2   5.3786
#         217       0.00000      6.47      1.00     2   5.4036
#         218       0.00000      4.05      2.00     3   5.4126
#         219       0.00000      5.44      1.00     2   5.4160
#         220       0.00000      4.32      2.00     3   5.4411
#         221       0.00000      5.32      1.00     2   5.4546
#         223       0.00000      4.68      2.00     3   5.4589
#         224       0.00000      5.48      2.00     3   5.4619
#         225       0.00000      7.59      2.00     3   5.4697
#         229       0.00000      4.38      2.00     4   5.5022
#         231       0.00000      4.52      2.00     3   5.5059
#         232       0.00000      5.00      2.00     3   5.5095
#         233       0.00000      4.26      2.00     3   5.5119
#         235       0.00000      5.28      2.00     3   5.5164
#         236       0.00000      6.56      2.00     3   5.5178
#         237       0.00000      5.10      1.00     2   5.5268
#         238       0.00000      6.03      1.00     2   5.5379
#         239       0.00000      5.98      2.00     3   5.5374
#         240       0.00000      4.79      2.00     3   5.5397
#         241       0.00000      5.06      1.00     2   5.5413
#         244       0.00000      4.23      2.00     3   5.5523
#         245       0.00000      5.12      2.00     3   5.5690
#         246       0.00000      4.11      2.00     4   5.5754
#         248       0.00000      5.87      1.00     2   5.5901
#         250       0.00000      5.86      1.00     2   5.5925
#         251       0.00000      4.58      2.00     3   5.5953
#         253       0.00000      4.83      1.00     2   5.6245
#         257       0.00000      7.22      2.00     3   5.6347
#         259       0.00000      5.72      1.00     2   5.6397
#         262       0.00000      4.74      1.00     2   5.6581
#         263       0.00000      8.55      2.00     3   5.6636
#         264       0.00000      5.64      1.00     2   5.6678
#         265       0.00000      4.94      2.00     3   5.6907
#         268       0.00000      5.17      2.00     3   5.7002
#         269       0.00000      4.63      2.00     3   5.7022
#         271       0.00000      4.50      2.00     3   5.7121
#         272       0.00000      6.01      2.00     3   5.7199
#         273       0.00000      4.56      1.00     2   5.7280
#         274       0.00000      4.28      2.00     3   5.7318
#         276       0.00000      4.11      1.00     4   5.7371
#         277       0.00000      6.15      2.00     3   5.7406
#         281       0.00000      5.15      2.00     3   5.7500
#         283       0.00000      4.50      1.00     2   5.7505
#         285       0.00000      5.39      1.00     2   5.7548
#         286       0.00000      4.48      1.00     2   5.7597
#         288       0.00000      5.37      1.00     2   5.7633
#         293       0.00000      4.41      1.00     2   5.7898
#         294       0.00000      5.28      2.00     3   5.7908
#         295       0.00000      4.80      2.00     3   5.7927
#         296       0.00000      8.78      2.00     3   5.7939
#         303       0.00000      5.48      2.00     3   5.8221
#         307       0.00000      4.18      1.00     4   5.8329
#         314       0.00000      5.13      1.00     2   5.8520
#         316       0.00000      5.12      1.00     2   5.8555
#         319       0.00000      4.20      1.00     2   5.8782
#         320       0.00000      4.19      1.00     2   5.8833
#         321       0.00000      4.19      2.00     3   5.8905
#         323       0.00000      4.15      1.00     2   5.8996
#         324       0.00000      4.55      2.00     3   5.9048
#         327       0.00000      4.23      2.00     3   5.9167
#         328       0.00000      4.59      2.00     3   5.9194
#         330       0.00000      5.48      2.00     3   5.9270
#   237/ 312 paths used
#  -----------------------------------------------------------------------
#       k          chi          mag           phase @#
    -0.7000   -3.572556E-01  3.603800E-01 -1.702572E+00
    -0.6500   -3.578095E-01  3.663570E-01 -1.787233E+00
    -0.6000   -3.716775E-01  3.848308E-01 -1.833002E+00
    -0.5500   -3.934228E-01  4.089158E-01 -1.846948E+00
    -0.5000   -4.176455E-01  4.332102E-01 -1.839668E+00
    -0.4500   -4.423965E-01  4.564798E-01 -1.819842E+00
    -0.4000   -4.647791E-01  4.766676E-01 -1.794605E+00
    -0.3500   -4.863424E-01  4.956877E-01 -1.765284E+00
    -0.3000   -5.043108E-01  5.113700E-01 -1.737148E+00
    -0.2500   -5.188213E-01  5.240257E-01 -1.711849E+00
    -0.2000   -5.301428E-01  5.339543E-01 -1.690353E+00
    -0.1500   -5.393955E-01  5.421740E-01 -1.672078E+00
    -0.1000   -5.460119E-01  5.481167E-01 -1.658459E+00
    -0.0500   -5.498833E-01  5.516215E-01 -1.650203E+00
     0.0000   -5.511569E-01  5.527796E-01 -1.647437E+00
     0.0500   -5.524220E-01  5.539326E-01 -1.644665E+00
     0.1000   -5.561656E-01  5.573614E-01 -1.636312E+00
     0.1500   -5.622291E-01  5.629749E-01 -1.622276E+00
     0.2000   -5.703375E-01  5.706227E-01 -1.602415E+00
     0.2500   -5.800873E-01  5.800969E-01 -1.576577E+00
     0.3000   -5.909352E-01  5.911374E-01 -1.544637E+00
     0.3500   -6.025749E-01  6.038482E-01 -1.505845E+00
     0.4000   -6.151459E-01  6.190775E-01 -1.458035E+00
     0.4500   -6.261480E-01  6.350109E-01 -1.403526E+00
     0.5000   -6.343281E-01  6.512253E-01 -1.342499E+00
     0.5500   -6.388235E-01  6.681016E-01 -1.273654E+00
     0.6000   -6.383110E-01  6.861331E-01 -1.195235E+00
     0.6500   -6.301056E-01  7.032027E-01 -1.110793E+00
     0.7000   -6.129848E-01  7.194902E-01 -1.019738E+00
     0.7500   -5.854511E-01  7.361298E-01 -9.195181E-01
     0.8000   -5.459189E-01  7.506286E-01 -8.143539E-01
     0.8500   -4.935662E-01  7.639204E-01 -7.024589E-01
     0.9000   -4.275642E-01  7.759580E-01 -5.835796E-01
     0.9500   -3.492014E-01  7.849956E-01 -4.610013E-01
     1.0000   -2.576731E-01  7.929593E-01 -3.309602E-01
     1.0500   -1.564235E-01  7.978717E-01 -1.973290E-01
     1.1000   -4.741983E-02  8.002735E-01 -5.928927E-02
     1.1500    6.688545E-02  8.004444E-01  8.365794E-02
     1.2000    1.807542E-01  7.972608E-01  2.287077E-01
     1.2500    2.935155E-01  7.924952E-01  3.794060E-01
     1.3000    3.976180E-01  7.844362E-01  5.315659E-01
     1.3500    4.917130E-01  7.744272E-01  6.879279E-01
     1.4000    5.705823E-01  7.618113E-01  8.465230E-01
     1.4500    6.317934E-01  7.470133E-01  1.007986E+00
     1.5000    6.730584E-01  7.302034E-01  1.172546E+00
     1.5500    6.921170E-01  7.111248E-01  1.339067E+00
     1.6000    6.891238E-01  6.904138E-01  1.509656E+00
     1.6500    6.632903E-01  6.673753E-01  1.681497E+00
     1.7000    6.163571E-01  6.427450E-01  1.858334E+00
     1.7500    5.503073E-01  6.158393E-01  2.036315E+00
     1.8000    4.679799E-01  5.871283E-01  2.219172E+00
     1.8500    3.742254E-01  5.562378E-01  2.403633E+00
     1.9000    2.722454E-01  5.232366E-01  2.594378E+00
     1.9500    1.690798E-01  4.879828E-01  2.787769E+00
     2.0000    7.202434E-02  4.506970E-01  2.981098E+00
     2.0500   -1.316609E-02  4.117076E-01  3.173577E+00
     2.1000   -8.273938E-02  3.700712E-01  3.367075E+00
     2.1500   -1.323601E-01  3.259751E-01  3.559713E+00
     2.2000   -1.597351E-01  2.816968E-01  3.744508E+00
     2.2500   -1.665508E-01  2.380609E-01  3.916450E+00
     2.3000   -1.553839E-01  1.947518E-01  4.065323E+00
     2.3500   -1.290660E-01  1.513094E-01  4.163287E+00
     2.4000   -9.945573E-02  1.155406E-01  4.178405E+00
     2.4500   -7.401120E-02  9.193034E-02  4.077401E+00
     2.5000   -5.803118E-02  8.417651E-02  3.902251E+00
     2.5500   -5.502655E-02  8.885571E-02  3.809418E+00
     2.6000   -6.011336E-02  9.853266E-02  3.797761E+00
     2.6500   -7.177621E-02  1.094950E-01  3.856464E+00
     2.7000   -8.754186E-02  1.195300E-01  3.963409E+00
     2.7500   -1.026557E-01  1.269802E-01  4.083087E+00
     2.8000   -1.174327E-01  1.334007E-01  4.218088E+00
     2.8500   -1.303928E-01  1.386734E-01  4.365066E+00
     2.9000   -1.400756E-01  1.426962E-01  4.520445E+00
     2.9500   -1.456446E-01  1.457064E-01  4.683266E+00
     3.0000   -1.460527E-01  1.474442E-01  4.849886E+00
     3.0500   -1.410533E-01  1.479100E-01  5.018070E+00
     3.1000   -1.310048E-01  1.472571E-01  5.186644E+00
     3.1500   -1.165767E-01  1.459972E-01  5.358410E+00
     3.2000   -9.839834E-02  1.440888E-01  5.531459E+00
     3.2500   -7.756087E-02  1.415189E-01  5.703142E+00
     3.3000   -5.524879E-02  1.384798E-01  5.872796E+00
     3.3500   -3.208571E-02  1.352755E-01  6.043715E+00
     3.4000   -8.795096E-03  1.318717E-01  6.216441E+00
     3.4500    1.351220E-02  1.282314E-01  6.388755E+00
     3.5000    3.411506E-02  1.244176E-01  6.560941E+00
     3.5500    5.267074E-02  1.205240E-01  6.735462E+00
     3.6000    6.858999E-02  1.164602E-01  6.912952E+00
     3.6500    8.104240E-02  1.121182E-01  7.091074E+00
     3.7000    8.965450E-02  1.074935E-01  7.269587E+00
     3.7500    9.432068E-02  1.026115E-01  7.449235E+00
     3.8000    9.501022E-02  9.743865E-02  7.630255E+00
     3.8500    9.184880E-02  9.193822E-02  7.809875E+00
     3.9000    8.542393E-02  8.618031E-02  7.986568E+00
     3.9500    7.658850E-02  8.031827E-02  8.159927E+00
     4.0000    6.619918E-02  7.446375E-02  8.329595E+00
     4.0500    5.519822E-02  6.867178E-02  8.491126E+00
     4.1000    4.448378E-02  6.311816E-02  8.642679E+00
     4.1500    3.469405E-02  5.797315E-02  8.783213E+00
     4.2000    2.617448E-02  5.337774E-02  8.912272E+00
     4.2500    1.907864E-02  4.952046E-02  9.029280E+00
     4.3000    1.318426E-02  4.650778E-02  9.137352E+00
     4.3500    8.082867E-03  4.435599E-02  9.241527E+00
     4.4000    3.343461E-03  4.299729E-02  9.346940E+00
     4.4500   -1.535501E-03  4.228208E-02  9.461102E+00
     4.5000   -6.848324E-03  4.197341E-02  9.588669E+00
     4.5500   -1.262703E-02  4.183245E-02  9.731408E+00
     4.6000   -1.864754E-02  4.170246E-02  9.888362E+00
     4.6500   -2.452641E-02  4.136749E-02  1.005942E+01
     4.7000   -2.969282E-02  4.068984E-02  1.024271E+01
     4.7500   -3.354719E-02  3.958696E-02  1.043590E+01
     4.8000   -3.562819E-02  3.807342E-02  1.063523E+01
     4.8500   -3.562642E-02  3.606349E-02  1.083973E+01
     4.9000   -3.352844E-02  3.357260E-02  1.104687E+01
     4.9500   -2.963264E-02  3.064729E-02  1.125361E+01
     5.0000   -2.457201E-02  2.739223E-02  1.145334E+01
     5.0500   -1.904594E-02  2.385790E-02  1.164189E+01
     5.1000   -1.385213E-02  2.017803E-02  1.180971E+01
     5.1500   -9.688097E-03  1.653924E-02  1.194055E+01
     5.2000   -7.114060E-03  1.327161E-02  1.200064E+01
     5.2500   -6.189918E-03  1.081842E-02  1.195723E+01
     5.3000   -6.701756E-03  9.817801E-03  1.181504E+01
     5.3500   -8.104685E-03  1.051114E-02  1.168587E+01
     5.4000   -9.719463E-03  1.243250E-02  1.166886E+01
     5.4500   -1.066711E-02  1.476030E-02  1.175869E+01
     5.5000   -1.029031E-02  1.701909E-02  1.191707E+01
     5.5500   -8.229650E-03  1.894950E-02  1.211712E+01
     5.6000   -4.488640E-03  2.049844E-02  1.234561E+01
     5.6500    5.304887E-04  2.149065E-02  1.259106E+01
     5.7000    6.078116E-03  2.187722E-02  1.284790E+01
     5.7500    1.124524E-02  2.164613E-02  1.311264E+01
     5.8000    1.522627E-02  2.086976E-02  1.338409E+01
     5.8500    1.732639E-02  1.952495E-02  1.365804E+01
     5.9000    1.729353E-02  1.766422E-02  1.393194E+01
     5.9500    1.533232E-02  1.536512E-02  1.420252E+01
     6.0000    1.208747E-02  1.277179E-02  1.446600E+01
     6.0500    8.369308E-03  9.941040E-03  1.470718E+01
     6.1000    5.103100E-03  7.018223E-03  1.489384E+01
     6.1500    3.040906E-03  4.280779E-03  1.491795E+01
     6.2000    2.571939E-03  2.682403E-03  1.442515E+01
     6.2500    3.632843E-03  3.781932E-03  1.385545E+01
     6.3000    5.732680E-03  5.979841E-03  1.384865E+01
     6.3500    8.086438E-03  8.126897E-03  1.403734E+01
     6.4000    9.823629E-03  9.945848E-03  1.429410E+01
     6.4500    1.021960E-02  1.132936E-02  1.458348E+01
     6.5000    8.913272E-03  1.224562E-02  1.489275E+01
     6.5500    5.987340E-03  1.266218E-02  1.521544E+01
     6.6000    1.966013E-03  1.257375E-02  1.555096E+01
     6.6500   -2.309821E-03  1.200413E-02  1.590159E+01
     6.7000   -5.892571E-03  1.100468E-02  1.627302E+01
     6.7500   -7.963148E-03  9.662052E-03  1.667669E+01
     6.8000   -8.035369E-03  8.119139E-03  1.713499E+01
     6.8500   -6.079031E-03  6.628437E-03  1.768878E+01
     6.9000   -2.532292E-03  5.646592E-03  1.838451E+01
     6.9500    1.797784E-03  5.742591E-03  1.916797E+01
     7.0000    5.875977E-03  6.890586E-03  1.987079E+01
     7.0500    8.709464E-03  8.710421E-03  2.043517E+01
     7.1000    9.602921E-03  1.081082E-02  2.089759E+01
     7.1500    8.261514E-03  1.293902E-02  2.129861E+01
     7.2000    4.838385E-03  1.494954E-02  2.166157E+01
     7.2500   -1.261205E-04  1.675426E-02  2.199868E+01
     7.3000   -5.846175E-03  1.830126E-02  2.231629E+01
     7.3500   -1.147237E-02  1.956673E-02  2.261766E+01
     7.4000   -1.626608E-02  2.055197E-02  2.290434E+01
     7.4500   -1.972439E-02  2.128188E-02  2.317699E+01
     7.5000   -2.168471E-02  2.184514E-02  2.344068E+01
     7.5500   -2.209652E-02  2.228723E-02  2.369286E+01
     7.6000   -2.112784E-02  2.266489E-02  2.393234E+01
     7.6500   -1.904571E-02  2.305761E-02  2.416076E+01
     7.7000   -1.608159E-02  2.354077E-02  2.438069E+01
     7.7500   -1.236957E-02  2.417406E-02  2.459559E+01
     7.8000   -7.941676E-03  2.499146E-02  2.480936E+01
     7.8500   -2.777647E-03  2.599611E-02  2.502569E+01
     7.9000    3.110366E-03  2.716161E-02  2.524751E+01
     7.9500    9.588607E-03  2.843861E-02  2.547665E+01
     8.0000    1.637391E-02  2.975887E-02  2.571537E+01
     8.0500    2.290953E-02  3.105722E-02  2.596233E+01
     8.1000    2.851364E-02  3.227363E-02  2.621602E+01
     8.1500    3.248931E-02  3.335295E-02  2.647547E+01
     8.2000    3.422795E-02  3.425027E-02  2.673964E+01
     8.2500    3.333200E-02  3.493255E-02  2.700742E+01
     8.3000    2.970451E-02  3.537914E-02  2.727778E+01
     8.3500    2.358431E-02  3.558161E-02  2.754975E+01
     8.4000    1.551937E-02  3.554291E-02  2.782248E+01
     8.4500    6.285508E-03  3.527617E-02  2.809520E+01
     8.5000   -3.235571E-03  3.481765E-02  2.836740E+01
     8.5500   -1.217433E-02  3.419259E-02  2.863837E+01
     8.6000   -1.978193E-02  3.342416E-02  2.890768E+01
     8.6500   -2.551028E-02  3.254550E-02  2.917515E+01
     8.7000   -2.904195E-02  3.158913E-02  2.944080E+01
     8.7500   -3.028425E-02  3.058479E-02  2.970483E+01
     8.8000   -2.933606E-02  2.955755E-02  2.996763E+01
     8.8500   -2.644202E-02  2.852642E-02  3.022978E+01
     8.9000   -2.194753E-02  2.750360E-02  3.049198E+01
     8.9500   -1.626315E-02  2.649447E-02  3.075502E+01
     9.0000   -9.843787E-03  2.551452E-02  3.101984E+01
     9.0500   -3.154384E-03  2.455119E-02  3.128709E+01
     9.1000    3.323146E-03  2.358370E-02  3.155731E+01
     9.1500    9.114730E-03  2.260264E-02  3.183100E+01
     9.2000    1.379271E-02  2.159948E-02  3.210856E+01
     9.2500    1.701627E-02  2.056798E-02  3.239024E+01
     9.3000    1.857228E-02  1.950498E-02  3.267622E+01
     9.3500    1.840708E-02  1.841080E-02  3.296662E+01
     9.4000    1.664041E-02  1.728923E-02  3.326155E+01
     9.4500    1.355568E-02  1.614712E-02  3.356114E+01
     9.5000    9.580920E-03  1.501862E-02  3.386570E+01
     9.5500    5.186462E-03  1.390613E-02  3.417532E+01
     9.6000    8.600406E-04  1.280011E-02  3.449028E+01
     9.6500   -2.939773E-03  1.171247E-02  3.481123E+01
     9.7000   -5.852933E-03  1.065489E-02  3.513907E+01
     9.7500   -7.653659E-03  9.638413E-03  3.547501E+01
     9.8000   -8.265893E-03  8.673260E-03  3.582061E+01
     9.8500   -7.759290E-03  7.768811E-03  3.617783E+01
     9.9000   -6.329278E-03  6.933807E-03  3.654899E+01
     9.9500   -4.265813E-03  6.176648E-03  3.693674E+01
    10.0000   -1.926218E-03  5.519670E-03  3.734264E+01
    10.0500    3.442723E-04  4.964562E-03  3.776851E+01
    10.1000    2.227597E-03  4.504425E-03  3.821641E+01
    10.1500    3.456664E-03  4.144446E-03  3.868552E+01
    10.2000    3.867116E-03  3.885548E-03  3.917246E+01
    10.2500    3.426106E-03  3.722513E-03  3.967167E+01
    10.3000    2.245368E-03  3.643738E-03  4.017676E+01
    10.3500    5.723775E-04  3.633386E-03  4.068251E+01
    10.4000   -1.243906E-03  3.675127E-03  4.118599E+01
    10.4500   -2.811259E-03  3.755787E-03  4.168652E+01
    10.5000   -3.768663E-03  3.867633E-03  4.218479E+01
    10.5500   -3.863504E-03  4.008984E-03  4.268172E+01
    10.6000   -3.014482E-03  4.183336E-03  4.317764E+01
    10.6500   -1.343719E-03  4.397327E-03  4.367175E+01
    10.7000    8.333670E-04  4.657975E-03  4.416218E+01
    10.7500    3.062939E-03  4.969818E-03  4.464634E+01
    10.8000    4.843973E-03  5.332676E-03  4.512164E+01
    10.8500    5.737455E-03  5.740557E-03  4.558597E+01
    10.9000    5.468856E-03  6.181782E-03  4.603810E+01
    10.9500    3.998843E-03  6.639972E-03  4.647759E+01
    11.0000    1.539271E-03  7.089597E-03  4.690503E+01
    11.0500   -1.478093E-03  7.511109E-03  4.732197E+01
    11.1000   -4.487813E-03  7.892003E-03  4.772876E+01
    11.1500   -6.919224E-03  8.213042E-03  4.812574E+01
    11.2000   -8.316968E-03  8.455981E-03  4.851311E+01
    11.2500   -8.439564E-03  8.604558E-03  4.889083E+01
    11.3000   -7.307265E-03  8.645491E-03  4.925852E+01
    11.3500   -5.187193E-03  8.569554E-03  4.961533E+01
    11.4000   -2.519826E-03  8.372798E-03  4.995979E+01
    11.4500    1.938521E-04  8.058091E-03  5.028954E+01
    11.5000    2.514816E-03  7.637225E-03  5.060103E+01
    11.5500    4.165851E-03  7.134028E-03  5.088906E+01
    11.6000    5.082737E-03  6.588967E-03  5.114652E+01
    11.6500    5.404039E-03  6.065213E-03  5.136500E+01
    11.7000    5.403706E-03  5.653089E-03  5.153814E+01
    11.7500    5.386587E-03  5.462110E-03  5.166979E+01
    11.8000    5.577453E-03  5.585681E-03  5.178199E+01
    11.8500    6.036122E-03  6.051616E-03  5.190785E+01
    11.9000    6.624238E-03  6.810728E-03  5.207083E+01
    11.9500    7.034916E-03  7.774404E-03  5.227597E+01
    12.0000    6.885669E-03  8.870211E-03  5.251835E+01
    12.0500    5.810982E-03  1.003426E-02  5.278943E+01
    12.1000    3.592307E-03  1.118797E-02  5.308020E+01
    12.1500    2.712518E-04  1.228333E-02  5.338499E+01
    12.2000   -3.831364E-03  1.328071E-02  5.369973E+01
    12.2500   -8.155237E-03  1.414724E-02  5.402146E+01
    12.3000   -1.200544E-02  1.485612E-02  5.434802E+01
    12.3500   -1.469853E-02  1.538626E-02  5.467776E+01
    12.4000   -1.571442E-02  1.572221E-02  5.500935E+01
    12.4500   -1.481652E-02  1.585427E-02  5.534169E+01
    12.5000   -1.210979E-02  1.577849E-02  5.567376E+01
    12.5500   -8.022145E-03  1.549676E-02  5.600455E+01
    12.6000   -3.213627E-03  1.501677E-02  5.633300E+01
    12.6500    1.564256E-03  1.435195E-02  5.665788E+01
    12.7000    5.624557E-03  1.352141E-02  5.697768E+01
    12.7500    8.478899E-03  1.254990E-02  5.729047E+01
    12.8000    9.918630E-03  1.146794E-02  5.759362E+01
    12.8500    1.002660E-02  1.031226E-02  5.788354E+01
    12.9000    9.121040E-03  9.126862E-03  5.815518E+01
    12.9500    7.649946E-03  7.964904E-03  5.840162E+01
    13.0000    6.072507E-03  6.900213E-03  5.861430E+01
    13.0500    4.731167E-03  6.012726E-03  5.878456E+01
    13.1000    3.783332E-03  5.375785E-03  5.890957E+01
    13.1500    3.205906E-03  5.057698E-03  5.900372E+01
    13.2000    2.821059E-03  5.063244E-03  5.909929E+01
    13.2500    2.375706E-03  5.318899E-03  5.922724E+01
    13.3000    1.636817E-03  5.712864E-03  5.939967E+01
    13.3500    4.745887E-04  6.142639E-03  5.961292E+01
    13.4000   -1.089603E-03  6.533453E-03  5.985782E+01
    13.4500   -2.882542E-03  6.836542E-03  6.012551E+01
    13.5000   -4.624063E-03  7.022588E-03  6.040903E+01
    13.5500   -6.003064E-03  7.076218E-03  6.070311E+01
    13.6000   -6.762087E-03  6.992330E-03  6.100372E+01
    13.6500   -6.766411E-03  6.773727E-03  6.130754E+01
    13.7000   -6.038827E-03  6.429576E-03  6.161148E+01
    13.7500   -4.751528E-03  5.974394E-03  6.191233E+01
    13.8000   -3.178762E-03  5.427468E-03  6.220613E+01
    13.8500   -1.624583E-03  4.812770E-03  6.248753E+01
    13.9000   -3.463157E-04  4.159728E-03  6.274850E+01
    13.9500    5.052953E-04  3.505571E-03  6.297650E+01
    14.0000    9.124902E-04  2.905899E-03  6.315127E+01
    14.0500    9.854782E-04  2.435436E-03  6.324844E+01
    14.1000    9.160062E-04  2.175590E-03  6.326644E+01
    14.1500    9.096265E-04  2.184619E-03  6.326131E+01
    14.2000    1.124376E-03  2.422002E-03  6.331462E+01
    14.2500    1.621997E-03  2.784492E-03  6.345367E+01
    14.3000    2.348646E-03  3.182907E-03  6.366180E+01
    14.3500    3.149490E-03  3.561787E-03  6.391673E+01
    14.4000    3.812141E-03  3.889749E-03  6.420256E+01
    14.4500    4.126199E-03  4.149793E-03  6.450934E+01
    14.5000    3.942321E-03  4.333794E-03  6.483096E+01
    14.5500    3.214975E-03  4.439590E-03  6.516363E+01
    14.6000    2.018075E-03  4.469334E-03  6.550496E+01
    14.6500    5.302602E-04  4.428439E-03  6.585342E+01
    14.7000   -1.005316E-03  4.324792E-03  6.620805E+01
    14.7500   -2.335519E-03  4.168091E-03  6.656823E+01
    14.8000   -3.251905E-03  3.969243E-03  6.693359E+01
    14.8500   -3.632245E-03  3.739791E-03  6.730384E+01
    14.9000   -3.459853E-03  3.491360E-03  6.767869E+01
    14.9500   -2.817947E-03  3.235117E-03  6.805770E+01
    15.0000   -1.862898E-03  2.982975E-03  6.844053E+01
    15.0500   -7.804100E-04  2.744333E-03  6.882669E+01
    15.1000    2.490585E-04  2.523034E-03  6.921391E+01
    15.1500    1.083125E-03  2.324596E-03  6.959974E+01
    15.2000    1.639442E-03  2.152437E-03  6.998092E+01
    15.2500    1.898350E-03  2.008090E-03  7.035371E+01
    15.3000    1.890944E-03  1.891709E-03  7.071429E+01
    15.3500    1.678361E-03  1.802751E-03  7.105949E+01
    15.4000    1.329498E-03  1.740587E-03  7.138742E+01
    15.4500    9.035582E-04  1.704797E-03  7.169802E+01
    15.5000    4.413292E-04  1.694994E-03  7.199322E+01
    15.5500   -3.416679E-05  1.710263E-03  7.227661E+01
    15.6000   -5.100269E-04  1.748524E-03  7.255262E+01
    15.6500   -9.730699E-04  1.806136E-03  7.282559E+01
    15.7000   -1.401278E-03  1.877933E-03  7.309894E+01
    15.7500   -1.760530E-03  1.957640E-03  7.337483E+01
    15.8000   -2.007954E-03  2.038453E-03  7.365423E+01
    15.8500   -2.100889E-03  2.113610E-03  7.393719E+01
    15.9000   -2.008570E-03  2.176842E-03  7.422320E+01
    15.9500   -1.722778E-03  2.222690E-03  7.451137E+01
    16.0000   -1.263695E-03  2.248547E-03  7.480142E+01
    16.0500   -6.770636E-04  2.251852E-03  7.509283E+01
    16.1000   -3.435783E-05  2.226032E-03  7.538279E+01
    16.1500    5.824855E-04  2.170131E-03  7.566997E+01
    16.2000    1.097712E-03  2.084458E-03  7.595284E+01
    16.2500    1.455884E-03  1.970529E-03  7.622955E+01
    16.3000    1.631375E-03  1.831024E-03  7.649768E+01
    16.3500    1.631291E-03  1.669797E-03  7.675385E+01
    16.4000    1.491578E-03  1.492009E-03  7.699304E+01
    16.4500    1.267632E-03  1.304560E-03  7.720752E+01
    16.5000    1.021803E-03  1.117092E-03  7.738505E+01
    16.5500    8.105924E-04  9.440311E-04  7.750719E+01
    16.6000    6.740341E-04  8.076219E-04  7.755243E+01
    16.6500    6.290521E-04  7.377505E-04  7.751876E+01
    16.7000    6.675911E-04  7.569765E-04  7.745990E+01
    16.7500    7.594230E-04  8.584512E-04  7.745409E+01
    16.8000    8.588046E-04  1.013728E-03  7.752917E+01
    16.8500    9.136941E-04  1.195982E-03  7.767037E+01
    16.9000    8.759989E-04  1.387308E-03  7.785641E+01
    16.9500    7.112522E-04  1.576354E-03  7.807171E+01
    17.0000    4.057334E-04  1.753509E-03  7.830632E+01
    17.0500   -2.570672E-05  1.911070E-03  7.855327E+01
    17.1000   -5.435491E-04  2.049538E-03  7.880823E+01
    17.1500   -1.092505E-03  2.165916E-03  7.906851E+01
    17.2000   -1.607591E-03  2.257979E-03  7.933210E+01
    17.2500   -2.024823E-03  2.324252E-03  7.959740E+01
    17.3000   -2.291954E-03  2.364048E-03  7.986302E+01
    17.3500   -2.377200E-03  2.377545E-03  8.012765E+01
    17.4000   -2.274133E-03  2.365870E-03  8.039000E+01
    17.4500   -2.001690E-03  2.331175E-03  8.064876E+01
    17.5000   -1.599272E-03  2.276686E-03  8.090257E+01
    17.5500   -1.118064E-03  2.206702E-03  8.115009E+01
    17.6000   -6.106392E-04  2.126500E-03  8.139015E+01
    17.6500   -1.213997E-04  2.042098E-03  8.162193E+01
    17.7000    3.197853E-04  1.959820E-03  8.184531E+01
    17.7500    6.992426E-04  1.885617E-03  8.206131E+01
    17.8000    1.016267E-03  1.824173E-03  8.227231E+01
    17.8500    1.276269E-03  1.777984E-03  8.248207E+01
    17.9000    1.482700E-03  1.746704E-03  8.269523E+01
    17.9500    1.630639E-03  1.727076E-03  8.291645E+01
    18.0000    1.705609E-03  1.714615E-03  8.314967E+01
    18.0500    1.685965E-03  1.704010E-03  8.339787E+01
    18.1000    1.545473E-03  1.685462E-03  8.366265E+01
    18.1500    1.271952E-03  1.652673E-03  8.394473E+01
    18.2000    8.750575E-04  1.600877E-03  8.424469E+01
    18.2500    3.918643E-04  1.527237E-03  8.456352E+01
    18.3000   -1.147229E-04  1.431127E-03  8.490325E+01
    18.3500   -5.654833E-04  1.314460E-03  8.526772E+01
    18.4000   -8.807763E-04  1.182226E-03  8.566356E+01
    18.4500   -9.992349E-04  1.043502E-03  8.610148E+01
    18.5000   -8.944733E-04  9.131633E-04  8.659647E+01
    18.5500   -5.850929E-04  8.135096E-04  8.716191E+01
    18.6000   -1.346752E-04  7.712576E-04  8.778908E+01
    18.6500    3.591368E-04  8.030390E-04  8.842825E+01
    18.7000    7.845349E-04  9.008636E-04  8.902156E+01
    18.7500    1.040025E-03  1.040125E-03  8.954928E+01
    18.8000    1.057674E-03  1.196323E-03  9.002161E+01
    18.8500    8.193773E-04  1.351271E-03  9.045469E+01
    18.9000    3.619768E-04  1.492369E-03  9.086119E+01
    18.9500   -2.302417E-04  1.610894E-03  9.124961E+01
    19.0000   -8.449776E-04  1.701274E-03  9.162595E+01
    19.0500   -1.366614E-03  1.760804E-03  9.199469E+01
    19.1000   -1.695875E-03  1.786587E-03  9.235695E+01
    19.1500   -1.776868E-03  1.778119E-03  9.271449E+01
    19.2000   -1.604849E-03  1.736314E-03  9.306862E+01
    19.2500   -1.224459E-03  1.663353E-03  9.342043E+01
    19.3000   -7.171286E-04  1.562532E-03  9.377096E+01
    19.3500   -1.812776E-04  1.438096E-03  9.412139E+01
    19.4000    2.895389E-04  1.295053E-03  9.447326E+01
    19.4500    6.252496E-04  1.139007E-03  9.482888E+01
    19.5000    7.906048E-04  9.760131E-04  9.519199E+01
    19.5500    7.873770E-04  8.125458E-04  9.556903E+01
    19.6000    6.480579E-04  6.557121E-04  9.597152E+01
    19.6500    4.237819E-04  5.140515E-04  9.642024E+01
    19.7000    1.703521E-04  3.994165E-04  9.694875E+01
    19.7500   -6.379309E-05  3.288412E-04  9.758460E+01
    19.8000   -2.449465E-04  3.170549E-04  9.827225E+01
    19.8500   -3.558713E-04  3.570373E-04  9.887933E+01
    19.9000   -3.927844E-04  4.264087E-04  9.935995E+01
    19.9500   -3.597970E-04  5.093980E-04  9.974668E+01