# # tequil.ion_motion                                            FEFF 9.05   
# # POT  SCF  30  5.5000   1, core-hole, AFOLP (folp(0)= 1.150)
# # Abs   Z=30 Rmt= 1.300 Rnm= 1.405 K  shell
# # Pot 1 Z=26 Rmt= 1.280 Rnm= 1.397
# # Pot 2 Z= 8 Rmt= 0.965 Rnm= 1.086
# # Gam_ch=1.897E+00 H-L exch
# # Mu=-1.156E+01 kf=2.166E+00 Vint=-1.823E+01 Rs_int= 1.674
# # PATH  Rmax= 8.500,  Keep_limit= 0.00, Heap_limit 0.00  Pwcrit= 2.50%
#  S02=1.000                                        Global_sig2= 0.00000
#  Energy zero shift, vr, vi   -2.00000E+00   0.00000E+00
#  Curved wave amplitude ratio filter   4.000%
#     file         sig2 tot  cw amp ratio   deg  nlegs   reff  inp sig2
#           1       0.00000    100.00      1.00     2   1.9276
#           2       0.00000     96.14      1.00     2   1.9568
#           3       0.00000     89.22      1.00     2   2.0132
#           4       0.00000     68.57      1.00     2   2.2253
#           5       0.00000     66.81      1.00     2   2.2474
#           6       0.00000     56.36      1.00     2   2.3966
#           7       0.00000     31.84      1.00     2   2.9211
#           8       0.00000     31.08      1.00     2   2.9527
#           9       0.00000     29.09      1.00     2   3.0400
#          10       0.00000     28.43      1.00     2   3.0705
#          11       0.00000     24.68      1.00     2   3.2625
#          12       0.00000     24.49      1.00     2   3.2727
#          13       0.00000     23.88      1.00     2   3.2937
#          14       0.00000     23.72      1.00     2   3.3170
#          15       0.00000     13.23      2.00     3   3.4198
#          16       0.00000     20.89      1.00     2   3.4568
#          17       0.00000     20.82      1.00     2   3.4612
#          18       0.00000     11.05      2.00     3   3.4759
#          19       0.00000     19.98      1.00     2   3.5124
#          20       0.00000      8.05      2.00     3   3.5129
#          21       0.00000      9.88      2.00     3   3.5160
#          22       0.00000      7.35      2.00     3   3.5204
#          23       0.00000     19.58      1.00     2   3.5380
#          24       0.00000     18.46      2.00     3   3.5420
#          25       0.00000      8.36      2.00     3   3.5452
#          26       0.00000     11.62      2.00     3   3.5463
#          27       0.00000     16.46      2.00     3   3.5751
#          28       0.00000      8.81      2.00     3   3.5763
#          29       0.00000     11.02      2.00     3   3.5767
#          30       0.00000     18.77      1.00     2   3.5920
#          31       0.00000     10.58      2.00     3   3.5941
#          32       0.00000      7.67      2.00     3   3.6083
#          33       0.00000      7.97      2.00     3   3.6092
#          34       0.00000      7.35      2.00     3   3.6226
#          35       0.00000      8.08      2.00     3   3.6281
#          36       0.00000     18.72      1.00     2   3.6520
#          37       0.00000     14.48      2.00     3   3.6552
#          38       0.00000      8.73      2.00     3   3.6687
#          39       0.00000      8.14      2.00     3   3.6715
#          40       0.00000      7.51      2.00     3   3.6816
#          41       0.00000      7.17      2.00     3   3.7030
#          42       0.00000      6.53      2.00     3   3.7624
#          43       0.00000     17.26      1.00     2   3.7711
#          44       0.00000     16.37      1.00     2   3.7709
#          45       0.00000      5.16      1.00     4   3.8113
#          46       0.00000     16.78      1.00     2   3.8125
#          47       0.00000     15.06      2.00     3   3.8447
#          48       0.00000     16.35      1.00     2   3.8511
#          49       0.00000     11.39      1.00     4   3.8553
#          50       0.00000     16.27      1.00     2   3.8584
#          51       0.00000     16.18      1.00     2   3.8674
#          53       0.00000      6.13      1.00     4   3.8868
#          54       0.00000      4.71      1.00     4   3.8877
#          55       0.00000     10.48      1.00     4   3.9135
#          56       0.00000     14.66      1.00     2   3.9192
#          57       0.00000     14.33      1.00     2   3.9513
#          58       0.00000     14.17      2.00     3   3.9563
#          59       0.00000      9.32      2.00     3   3.9618
#          61       0.00000     14.34      2.00     3   3.9817
#          62       0.00000      4.10      1.00     4   3.9933
#          63       0.00000      4.81      1.00     4   4.0222
#          64       0.00000      8.97      1.00     4   4.0265
#          65       0.00000      5.93      1.00     4   4.0375
#          66       0.00000      8.82      2.00     3   4.0666
#          67       0.00000     11.79      2.00     3   4.0799
#          68       0.00000     11.70      2.00     3   4.0941
#          69       0.00000      8.64      2.00     3   4.1069
#          70       0.00000      5.31      1.00     4   4.1110
#          71       0.00000     21.58      2.00     3   4.1193
#          72       0.00000      5.18      1.00     4   4.1414
#          73       0.00000      7.76      2.00     3   4.1477
#          74       0.00000      6.28      1.00     4   4.1508
#          75       0.00000     19.44      2.00     3   4.1691
#          76       0.00000      7.70      2.00     3   4.1736
#          77       0.00000     19.66      2.00     4   4.1750
#          78       0.00000     12.16      1.00     2   4.1826
#          79       0.00000      6.99      2.00     3   4.2104
#          80       0.00000      7.20      2.00     3   4.2239
#          81       0.00000     16.72      2.00     4   4.2385
#          82       0.00000      7.12      2.00     3   4.2495
#          83       0.00000     11.49      1.00     2   4.2648
#          84       0.00000      7.03      2.00     3   4.2719
#          85       0.00000     11.42      1.00     2   4.2734
#          86       0.00000     11.36      1.00     2   4.2812
#          87       0.00000      6.61      2.00     3   4.2947
#          88       0.00000      4.17      1.00     4   4.3014
#          89       0.00000     19.40      2.00     3   4.3196
#          90       0.00000     11.04      1.00     2   4.3237
#          91       0.00000      7.34      2.00     3   4.3258
#          93       0.00000     18.37      2.00     4   4.3534
#          94       0.00000      7.51      2.00     3   4.4002
#          95       0.00000     21.18      2.00     3   4.4161
#          96       0.00000      7.43      2.00     3   4.4296
#          97       0.00000      5.22      1.00     4   4.4505
#          98       0.00000     10.09      1.00     2   4.4575
#          99       0.00000      4.95      1.00     4   4.4948
#         100       0.00000      9.77      1.00     2   4.5061
#         101       0.00000     12.63      1.00     4   4.5085
#         102       0.00000      9.75      1.00     2   4.5098
#         103       0.00000      5.17      2.00     3   4.5110
#         104       0.00000      9.73      1.00     2   4.5120
#         105       0.00000      5.10      2.00     3   4.5233
#         106       0.00000      9.63      1.00     2   4.5292
#         107       0.00000      8.51      2.00     3   4.5385
#         108       0.00000      9.56      1.00     2   4.5392
#         109       0.00000     15.79      2.00     3   4.5912
#         110       0.00000      5.06      2.00     3   4.5952
#         111       0.00000     20.68      2.00     3   4.5996
#         112       0.00000      5.17      2.00     3   4.6013
#         113       0.00000     18.40      2.00     3   4.6031
#         114       0.00000      8.23      2.00     3   4.6190
#         115       0.00000      8.01      2.00     3   4.6218
#         116       0.00000     17.56      2.00     3   4.6271
#         117       0.00000      9.02      1.00     2   4.6288
#         118       0.00000      8.90      1.00     2   4.6496
#         119       0.00000      6.26      2.00     3   4.6508
#         121       0.00000     13.97      2.00     3   4.6595
#         122       0.00000      7.44      2.00     3   4.6594
#         123       0.00000     12.76      1.00     4   4.6599
#         124       0.00000      4.45      2.00     3   4.6654
#         125       0.00000     10.80      1.00     4   4.6941
#         126       0.00000     12.05      2.00     3   4.6991
#         127       0.00000      6.30      2.00     3   4.7151
#         128       0.00000      8.61      1.00     4   4.7249
#         129       0.00000     10.12      1.00     4   4.7250
#         130       0.00000      5.85      2.00     3   4.7496
#         131       0.00000      8.28      1.00     2   4.7634
#         132       0.00000      8.25      1.00     2   4.7698
#         133       0.00000     13.03      2.00     3   4.7780
#         134       0.00000      8.55      2.00     3   4.7812
#         136       0.00000      8.17      1.00     2   4.7858
#         138       0.00000      8.08      1.00     2   4.8020
#         139       0.00000      7.26      1.00     4   4.8129
#         140       0.00000      6.03      2.00     3   4.8190
#         142       0.00000      9.00      2.00     3   4.8332
#         143       0.00000      6.58      2.00     4   4.8487
#         144       0.00000      7.48      2.00     3   4.8643
#         145       0.00000      9.71      2.00     3   4.8695
#         148       0.00000      5.89      1.00     4   4.8884
#         153       0.00000      7.54      1.00     2   4.9143
#         154       0.00000      8.39      1.00     2   4.9246
#         155       0.00000      6.83      1.00     4   4.9271
#         157       0.00000      6.90      2.00     3   4.9309
#         163       0.00000      8.05      1.00     2   4.9961
#         164       0.00000      4.16      2.00     4   5.0126
#         165       0.00000      7.05      1.00     2   5.0243
#         166       0.00000     18.03      2.00     3   5.0276
#         167       0.00000      4.73      2.00     4   5.0273
#         168       0.00000     11.64      1.00     4   5.0308
#         169       0.00000      7.54      2.00     3   5.0341
#         171       0.00000      7.75      1.00     2   5.0640
#         172       0.00000      8.12      2.00     3   5.0727
#         173       0.00000      6.95      2.00     3   5.0771
#         174       0.00000      6.68      2.00     3   5.0773
#         175       0.00000      4.44      1.00     4   5.0894
#         176       0.00000      6.87      2.00     3   5.0940
#         177       0.00000      9.08      2.00     3   5.1162
#         178       0.00000      7.50      1.00     2   5.1213
#         180       0.00000      8.24      2.00     3   5.1250
#         181       0.00000      4.14      2.00     4   5.1414
#         183       0.00000      7.35      2.00     3   5.1631
#         185       0.00000      8.41      2.00     3   5.1708
#         186       0.00000      7.21      1.00     2   5.1934
#         188       0.00000      6.28      1.00     2   5.2165
#         189       0.00000     15.71      2.00     3   5.2182
#         190       0.00000      9.90      1.00     4   5.2198
#         192       0.00000      6.01      2.00     4   5.2214
#         193       0.00000      9.48      2.00     3   5.2246
#         194       0.00000      4.36      1.00     4   5.2363
#         195       0.00000      6.96      1.00     2   5.2561
#         196       0.00000      6.09      1.00     2   5.2691
#         198       0.00000     13.89      2.00     3   5.2869
#         199       0.00000      5.99      1.00     2   5.2978
#         200       0.00000      5.97      1.00     2   5.3027
#         204       0.00000      8.23      1.00     4   5.3048
#         205       0.00000      4.65      1.00     4   5.3280
#         207       0.00000      6.36      2.00     3   5.3472
#         208       0.00000      5.73      2.00     3   5.3560
#         209       0.00000      5.51      2.00     3   5.3617
#         210       0.00000      6.15      2.00     3   5.3627
#         211       0.00000      7.15      2.00     3   5.3688
#         213       0.00000      6.49      1.00     2   5.3827
#         219       0.00000      5.62      1.00     2   5.4065
#         221       0.00000      4.63      2.00     3   5.4140
#         223       0.00000      4.88      2.00     3   5.4596
#         224       0.00000      8.30      2.00     3   5.4621
#         225       0.00000      4.22      2.00     4   5.4700
#         226       0.00000      5.42      1.00     2   5.4713
#         227       0.00000      6.18      1.00     2   5.4761
#         229       0.00000      4.19      2.00     3   5.4822
#         230       0.00000      6.13      1.00     2   5.4891
#         231       0.00000      4.05      2.00     4   5.4948
#         232       0.00000      5.33      1.00     2   5.5002
#         233       0.00000      6.09      1.00     2   5.5019
#         235       0.00000      6.01      1.00     2   5.5269
#         237       0.00000      5.23      1.00     2   5.5330
#         242       0.00000      5.72      2.00     3   5.5921
#         244       0.00000      4.58      2.00     3   5.5934
#         245       0.00000      5.76      1.00     2   5.6074
#         246       0.00000      4.74      2.00     3   5.6124
#         247       0.00000      6.06      2.00     3   5.6190
#         248       0.00000      5.26      2.00     3   5.6190
#         249       0.00000      4.89      2.00     3   5.6210
#         250       0.00000      6.01      2.00     3   5.6253
#         251       0.00000      5.96      2.00     3   5.6264
#         253       0.00000      4.91      1.00     2   5.6465
#         255       0.00000      4.20      2.00     3   5.6492
#         256       0.00000      6.12      2.00     3   5.6587
#         258       0.00000      4.58      2.00     3   5.6659
#         259       0.00000      4.85      1.00     2   5.6668
#         263       0.00000      4.55      2.00     3   5.6918
#         267       0.00000      4.32      2.00     3   5.7073
#         268       0.00000      5.40      2.00     3   5.7082
#         269       0.00000      6.96      2.00     3   5.7090
#         274       0.00000      4.65      1.00     2   5.7439
#         275       0.00000      4.73      2.00     3   5.7479
#         281       0.00000      4.04      2.00     3   5.7730
#         282       0.00000      4.41      2.00     3   5.7737
#         289       0.00000      4.24      2.00     3   5.8102
#         297       0.00000      5.37      2.00     3   5.8542
#         300       0.00000      5.06      1.00     2   5.8581
#         301       0.00000      5.04      1.00     2   5.8649
#         304       0.00000      4.33      1.00     2   5.8765
#         309       0.00000      4.97      1.00     2   5.8923
#         310       0.00000      4.96      1.00     2   5.8943
#         312       0.00000      4.96      1.00     2   5.8961
#         313       0.00000      5.21      2.00     3   5.9062
#         314       0.00000      4.25      1.00     2   5.9083
#         315       0.00000      7.93      2.00     3   5.9106
#         318       0.00000      4.21      1.00     2   5.9270
#         319       0.00000      4.21      1.00     2   5.9282
#         321       0.00000      4.87      1.00     2   5.9320
#   232/ 298 paths used
#  -----------------------------------------------------------------------
#       k          chi          mag           phase @#
    -0.7000   -5.065349E-01  5.071263E-01 -1.619092E+00
    -0.6500   -4.884632E-01  4.887092E-01 -1.602527E+00
    -0.6000   -4.777589E-01  4.778137E-01 -1.585944E+00
    -0.5500   -4.716500E-01  4.716522E-01 -1.567712E+00
    -0.5000   -4.689479E-01  4.690521E-01 -1.549719E+00
    -0.4500   -4.684283E-01  4.687930E-01 -1.531347E+00
    -0.4000   -4.691643E-01  4.699258E-01 -1.513861E+00
    -0.3500   -4.710781E-01  4.724014E-01 -1.495929E+00
    -0.3000   -4.731567E-01  4.751320E-01 -1.479580E+00
    -0.2500   -4.751051E-01  4.777689E-01 -1.465148E+00
    -0.2000   -4.767710E-01  4.801017E-01 -1.452936E+00
    -0.1500   -4.784460E-01  4.824053E-01 -1.442589E+00
    -0.1000   -4.797562E-01  4.842234E-01 -1.434857E+00
    -0.0500   -4.805431E-01  4.853354E-01 -1.430150E+00
     0.0000   -4.808051E-01  4.857094E-01 -1.428571E+00
     0.0500   -4.810670E-01  4.860849E-01 -1.426985E+00
     0.1000   -4.818507E-01  4.872203E-01 -1.422196E+00
     0.1500   -4.831476E-01  4.891400E-01 -1.414105E+00
     0.2000   -4.849325E-01  4.918772E-01 -1.402557E+00
     0.2500   -4.871499E-01  4.954637E-01 -1.387346E+00
     0.3000   -4.896972E-01  4.999190E-01 -1.368227E+00
     0.3500   -4.926578E-01  5.055461E-01 -1.344509E+00
     0.4000   -4.964971E-01  5.132717E-01 -1.314432E+00
     0.4500   -4.999434E-01  5.220032E-01 -1.279040E+00
     0.5000   -5.024569E-01  5.316112E-01 -1.238080E+00
     0.5500   -5.038914E-01  5.426914E-01 -1.190365E+00
     0.6000   -5.038443E-01  5.560096E-01 -1.134160E+00
     0.6500   -5.001246E-01  5.697157E-01 -1.071353E+00
     0.7000   -4.917989E-01  5.840535E-01 -1.001062E+00
     0.7500   -4.776700E-01  6.002096E-01 -9.203914E-01
     0.8000   -4.556641E-01  6.157420E-01 -8.331067E-01
     0.8500   -4.246776E-01  6.315698E-01 -7.374681E-01
     0.9000   -3.830906E-01  6.475898E-01 -6.329968E-01
     0.9500   -3.304248E-01  6.618069E-01 -5.227638E-01
     1.0000   -2.649811E-01  6.760281E-01 -4.027694E-01
     1.0500   -1.882118E-01  6.879893E-01 -2.771005E-01
     1.1000   -1.008602E-01  6.980034E-01 -1.450058E-01
     1.1500   -4.252393E-03  7.061094E-01 -6.022322E-03
     1.2000    9.689145E-02  7.109132E-01  1.367171E-01
     1.2500    2.020114E-01  7.139091E-01  2.868842E-01
     1.3000    3.036369E-01  7.132289E-01  4.397591E-01
     1.3500    3.996508E-01  7.099735E-01  5.979017E-01
     1.4000    4.841211E-01  7.034261E-01  7.590506E-01
     1.4500    5.535859E-01  6.939226E-01  9.235764E-01
     1.5000    6.047858E-01  6.816198E-01  1.091408E+00
     1.5500    6.346622E-01  6.663690E-01  1.261075E+00
     1.6000    6.428044E-01  6.488417E-01  1.434274E+00
     1.6500    6.282194E-01  6.286577E-01  1.608140E+00
     1.7000    5.927171E-01  6.067134E-01  1.786009E+00
     1.7500    5.381058E-01  5.825968E-01  1.964138E+00
     1.8000    4.674259E-01  5.569572E-01  2.145692E+00
     1.8500    3.849812E-01  5.296787E-01  2.327912E+00
     1.9000    2.938331E-01  5.010185E-01  2.514897E+00
     1.9500    1.996524E-01  4.709702E-01  2.703826E+00
     2.0000    1.082476E-01  4.397301E-01  2.892868E+00
     2.0500    2.428977E-02  4.075176E-01  3.081953E+00
     2.1000   -4.891617E-02  3.734652E-01  3.272949E+00
     2.1500   -1.073605E-01  3.375691E-01  3.465254E+00
     2.2000   -1.481235E-01  3.013829E-01  3.655380E+00
     2.2500   -1.709301E-01  2.652115E-01  3.841968E+00
     2.3000   -1.760312E-01  2.285034E-01  4.021007E+00
     2.3500   -1.637082E-01  1.899416E-01  4.180572E+00
     2.4000   -1.415785E-01  1.536539E-01  4.313290E+00
     2.4500   -1.155169E-01  1.213266E-01  4.401673E+00
     2.5000   -9.127152E-02  9.521178E-02  4.423693E+00
     2.5500   -7.485475E-02  7.918070E-02  4.380308E+00
     2.6000   -6.399693E-02  7.081179E-02  4.270069E+00
     2.6500   -6.029160E-02  7.089123E-02  4.158491E+00
     2.7000   -6.349505E-02  7.672102E-02  4.116428E+00
     2.7500   -7.012243E-02  8.336735E-02  4.140954E+00
     2.8000   -7.964044E-02  9.085077E-02  4.210358E+00
     2.8500   -9.056440E-02  9.826466E-02  4.313872E+00
     2.9000   -1.011396E-01  1.049692E-01  4.441439E+00
     2.9500   -1.099055E-01  1.108546E-01  4.581445E+00
     3.0000   -1.157834E-01  1.158089E-01  4.733378E+00
     3.0500   -1.176937E-01  1.196789E-01  4.894783E+00
     3.1000   -1.149926E-01  1.224373E-01  5.062905E+00
     3.1500   -1.075039E-01  1.239976E-01  5.234068E+00
     3.2000   -9.576078E-02  1.247660E-01  5.408217E+00
     3.2500   -7.999871E-02  1.247945E-01  5.587328E+00
     3.3000   -6.066715E-02  1.238011E-01  5.771053E+00
     3.3500   -3.933445E-02  1.220046E-01  5.954920E+00
     3.4000   -1.729201E-02  1.197874E-01  6.138323E+00
     3.4500    4.608671E-03  1.170444E-01  6.322571E+00
     3.5000    2.535006E-02  1.138582E-01  6.507713E+00
     3.5500    4.403113E-02  1.102724E-01  6.693932E+00
     3.6000    5.983722E-02  1.063168E-01  6.880979E+00
     3.6500    7.218732E-02  1.020607E-01  7.068853E+00
     3.7000    8.071833E-02  9.754762E-02  7.257783E+00
     3.7500    8.530810E-02  9.283969E-02  7.448406E+00
     3.8000    8.595779E-02  8.794947E-02  7.640760E+00
     3.8500    8.283299E-02  8.284907E-02  7.834284E+00
     3.9000    7.637906E-02  7.756453E-02  8.029040E+00
     3.9500    6.718365E-02  7.209405E-02  8.225192E+00
     4.0000    5.597175E-02  6.640536E-02  8.422165E+00
     4.0500    4.370141E-02  6.058020E-02  8.618983E+00
     4.1000    3.130423E-02  5.467042E-02  8.815105E+00
     4.1500    1.966872E-02  4.870853E-02  9.009106E+00
     4.2000    9.646974E-03  4.272864E-02  9.197041E+00
     4.2500    1.727395E-03  3.690952E-02  9.377960E+00
     4.3000   -3.882840E-03  3.132633E-02  9.549046E+00
     4.3500   -7.170394E-03  2.603790E-02  9.703766E+00
     4.4000   -8.257255E-03  2.115987E-02  9.825661E+00
     4.4500   -7.861375E-03  1.692641E-02  9.907785E+00
     4.5000   -6.596535E-03  1.349203E-02  9.935630E+00
     4.5500   -5.017677E-03  1.102015E-02  9.897508E+00
     4.6000   -3.551686E-03  9.704517E-03  9.799467E+00
     4.6500   -2.569271E-03  9.293604E-03  9.704882E+00
     4.7000   -2.117778E-03  9.390863E-03  9.652249E+00
     4.7500   -2.097722E-03  9.664539E-03  9.643573E+00
     4.8000   -2.411357E-03  1.005863E-02  9.666866E+00
     4.8500   -2.837634E-03  1.036161E-02  9.702183E+00
     4.9000   -3.282363E-03  1.066509E-02  9.737623E+00
     4.9500   -3.790144E-03  1.111156E-02  9.772864E+00
     5.0000   -4.587770E-03  1.188500E-02  9.821084E+00
     5.0500   -5.817479E-03  1.295424E-02  9.890512E+00
     5.1000   -7.629308E-03  1.424707E-02  9.989878E+00
     5.1500   -1.001873E-02  1.563042E-02  1.012055E+01
     5.2000   -1.286841E-02  1.702912E-02  1.028146E+01
     5.2500   -1.572824E-02  1.822043E-02  1.046639E+01
     5.3000   -1.805060E-02  1.905038E-02  1.067016E+01
     5.3500   -1.927531E-02  1.938805E-02  1.088768E+01
     5.4000   -1.908629E-02  1.922428E-02  1.111546E+01
     5.4500   -1.728894E-02  1.841686E-02  1.134737E+01
     5.5000   -1.414536E-02  1.693101E-02  1.157738E+01
     5.5500   -1.028915E-02  1.477723E-02  1.179616E+01
     5.6000   -6.620739E-03  1.208409E-02  1.198653E+01
     5.6500   -4.033853E-03  8.977834E-03  1.210037E+01
     5.7000   -3.254869E-03  6.012592E-03  1.199434E+01
     5.7500   -4.591110E-03  5.113942E-03  1.145171E+01
     5.8000   -7.802681E-03  7.842763E-03  1.109672E+01
     5.8500   -1.207141E-02  1.217113E-02  1.112367E+01
     5.9000   -1.618093E-02  1.693276E-02  1.129468E+01
     5.9500   -1.877417E-02  2.171669E-02  1.152221E+01
     6.0000   -1.859358E-02  2.630907E-02  1.178150E+01
     6.0500   -1.495652E-02  3.052156E-02  1.205425E+01
     6.1000   -7.886573E-03  3.420850E-02  1.233373E+01
     6.1500    1.865200E-03  3.725377E-02  1.261646E+01
     6.2000    1.295722E-02  3.957052E-02  1.289997E+01
     6.2500    2.374539E-02  4.110464E-02  1.318226E+01
     6.3000    3.264354E-02  4.183812E-02  1.346141E+01
     6.3500    3.846455E-02  4.179212E-02  1.373542E+01
     6.4000    4.065528E-02  4.102963E-02  1.400198E+01
     6.4500    3.936673E-02  3.965788E-02  1.425841E+01
     6.5000    3.536600E-02  3.788509E-02  1.450389E+01
     6.5500    2.969424E-02  3.587304E-02  1.473286E+01
     6.6000    2.346414E-02  3.384978E-02  1.494207E+01
     6.6500    1.750682E-02  3.208090E-02  1.513073E+01
     6.7000    1.217463E-02  3.082038E-02  1.530188E+01
     6.7500    7.319525E-03  3.025212E-02  1.546359E+01
     6.8000    2.439123E-03  3.043076E-02  1.562772E+01
     6.8500   -3.057960E-03  3.126178E-02  1.580594E+01
     6.9000   -9.551345E-03  3.253900E-02  1.600589E+01
     6.9500   -1.696813E-02  3.401177E-02  1.623028E+01
     7.0000   -2.473190E-02  3.547228E-02  1.647947E+01
     7.0500   -3.167054E-02  3.668594E-02  1.674971E+01
     7.1000   -3.640970E-02  3.749329E-02  1.703776E+01
     7.1500   -3.772538E-02  3.779902E-02  1.734119E+01
     7.2000   -3.488411E-02  3.755515E-02  1.765819E+01
     7.2500   -2.790340E-02  3.675582E-02  1.798754E+01
     7.3000   -1.763418E-02  3.543172E-02  1.832862E+01
     7.3500   -5.633893E-03  3.364469E-02  1.868131E+01
     7.4000    6.144429E-03  3.148202E-02  1.904599E+01
     7.4500    1.577119E-02  2.905053E-02  1.942343E+01
     7.5000    2.174028E-02  2.643582E-02  1.981514E+01
     7.5500    2.329750E-02  2.376034E-02  2.022265E+01
     7.6000    2.062150E-02  2.116441E-02  2.064734E+01
     7.6500    1.471729E-02  1.876776E-02  2.108978E+01
     7.7000    7.140382E-03  1.666400E-02  2.154833E+01
     7.7500   -3.979174E-04  1.490210E-02  2.201785E+01
     7.8000   -6.435903E-03  1.347123E-02  2.248924E+01
     7.8500   -1.007310E-02  1.230029E-02  2.295070E+01
     7.9000   -1.111292E-02  1.127888E-02  2.339019E+01
     7.9500   -1.001025E-02  1.029315E-02  2.379694E+01
     8.0000   -7.630862E-03  9.263005E-03  2.416466E+01
     8.0500   -4.977035E-03  8.177780E-03  2.447844E+01
     8.1000   -2.879131E-03  7.105289E-03  2.471553E+01
     8.1500   -1.738640E-03  6.242482E-03  2.485049E+01
     8.2000   -1.458230E-03  5.923270E-03  2.488400E+01
     8.2500   -1.529674E-03  6.425589E-03  2.489237E+01
     8.3000   -1.250402E-03  7.684343E-03  2.496929E+01
     8.3500    4.303508E-06  9.399534E-03  2.513320E+01
     8.4000    2.540488E-03  1.128917E-02  2.535972E+01
     8.4500    6.210944E-03  1.314961E-02  2.562467E+01
     8.5000    1.042494E-02  1.481837E-02  2.591307E+01
     8.5500    1.429776E-02  1.619378E-02  2.621478E+01
     8.6000    1.692348E-02  1.720231E-02  2.652324E+01
     8.6500    1.763167E-02  1.778342E-02  2.683427E+01
     8.7000    1.618684E-02  1.789882E-02  2.714447E+01
     8.7500    1.286419E-02  1.753321E-02  2.745058E+01
     8.8000    8.377338E-03  1.669565E-02  2.774869E+01
     8.8500    3.679650E-03  1.542231E-02  2.803342E+01
     8.9000   -3.022743E-04  1.378228E-02  2.829627E+01
     8.9500   -2.924758E-03  1.189104E-02  2.852285E+01
     9.0000   -4.003991E-03  9.954237E-03  2.868830E+01
     9.0500   -3.848586E-03  8.313027E-03  2.875566E+01
     9.1000   -3.148377E-03  7.492396E-03  2.870801E+01
     9.1500   -2.757797E-03  7.947273E-03  2.862872E+01
     9.2000   -3.423949E-03  9.536023E-03  2.864159E+01
     9.2500   -5.548105E-03  1.174376E-02  2.876638E+01
     9.3000   -9.045843E-03  1.415759E-02  2.896745E+01
     9.3500   -1.334501E-02  1.652790E-02  2.921411E+01
     9.4000   -1.752142E-02  1.870173E-02  2.948795E+01
     9.4500   -2.053380E-02  2.057955E-02  2.977844E+01
     9.5000   -2.151540E-02  2.212133E-02  3.007972E+01
     9.5500   -1.994227E-02  2.328304E-02  3.038745E+01
     9.6000   -1.579538E-02  2.402437E-02  3.069847E+01
     9.6500   -9.594665E-03  2.434378E-02  3.101080E+01
     9.7000   -2.254388E-03  2.425657E-02  3.132285E+01
     9.7500    5.128771E-03  2.379321E-02  3.163319E+01
     9.8000    1.151676E-02  2.299754E-02  3.194043E+01
     9.8500    1.613792E-02  2.192474E-02  3.224316E+01
     9.9000    1.861246E-02  2.063900E-02  3.253987E+01
     9.9500    1.897252E-02  1.921112E-02  3.282895E+01
    10.0000    1.763093E-02  1.776401E-02  3.310920E+01
    10.0500    1.511833E-02  1.636125E-02  3.337902E+01
    10.1000    1.195913E-02  1.502790E-02  3.363720E+01
    10.1500    8.622166E-03  1.382596E-02  3.388415E+01
    10.2000    5.399602E-03  1.280180E-02  3.412211E+01
    10.2500    2.404219E-03  1.197916E-02  3.435545E+01
    10.3000   -3.724338E-04  1.135502E-02  3.459032E+01
    10.3500   -2.970110E-03  1.090143E-02  3.483346E+01
    10.4000   -5.374302E-03  1.057408E-02  3.509067E+01
    10.4500   -7.466454E-03  1.032432E-02  3.536593E+01
    10.5000   -9.026938E-03  1.011004E-02  3.566119E+01
    10.5500   -9.788918E-03  9.902285E-03  3.597685E+01
    10.6000   -9.524011E-03  9.687390E-03  3.631223E+01
    10.6500   -8.130415E-03  9.465708E-03  3.666593E+01
    10.7000   -5.693739E-03  9.248144E-03  3.703588E+01
    10.7500   -2.499752E-03  9.051478E-03  3.741930E+01
    10.8000    1.006588E-03  8.893196E-03  3.781254E+01
    10.8500    4.305182E-03  8.786689E-03  3.821116E+01
    10.9000    6.904814E-03  8.737859E-03  3.861028E+01
    10.9500    8.439187E-03  8.744043E-03  3.900507E+01
    11.0000    8.732255E-03  8.797556E-03  3.939182E+01
    11.0500    7.810866E-03  8.888362E-03  3.976742E+01
    11.1000    5.878849E-03  9.003773E-03  4.012926E+01
    11.1500    3.255930E-03  9.135477E-03  4.047629E+01
    11.2000    2.995616E-04  9.279867E-03  4.080842E+01
    11.2500   -2.660013E-03  9.438410E-03  4.112640E+01
    11.3000   -5.358623E-03  9.616484E-03  4.143175E+01
    11.3500   -7.606419E-03  9.821043E-03  4.172663E+01
    11.4000   -9.272241E-03  1.005764E-02  4.201369E+01
    11.4500   -1.025850E-02  1.032754E-02  4.229581E+01
    11.5000   -1.048268E-02  1.062576E-02  4.257579E+01
    11.5500   -9.876921E-03  1.094033E-02  4.285606E+01
    11.6000   -8.408421E-03  1.125311E-02  4.313845E+01
    11.6500   -6.113115E-03  1.154158E-02  4.342410E+01
    11.7000   -3.128274E-03  1.178122E-02  4.371354E+01
    11.7500    2.924828E-04  1.194793E-02  4.400678E+01
    11.8000    3.793745E-03  1.202018E-02  4.430340E+01
    11.8500    6.965245E-03  1.198074E-02  4.460271E+01
    11.9000    9.412963E-03  1.181790E-02  4.490378E+01
    11.9500    1.083708E-02  1.152635E-02  4.520552E+01
    12.0000    1.111194E-02  1.112354E-02  4.550741E+01
    12.0500    1.027475E-02  1.061858E-02  4.580826E+01
    12.1000    8.516834E-03  1.000358E-02  4.610528E+01
    12.1500    6.184735E-03  9.299195E-03  4.639629E+01
    12.2000    3.674554E-03  8.532304E-03  4.667866E+01
    12.2500    1.343450E-03  7.735375E-03  4.694933E+01
    12.3000   -5.617367E-04  6.945519E-03  4.720486E+01
    12.3500   -1.939931E-03  6.202801E-03  4.744198E+01
    12.4000   -2.827696E-03  5.546979E-03  4.765881E+01
    12.4500   -3.353211E-03  5.011480E-03  4.785690E+01
    12.5000   -3.669421E-03  4.614474E-03  4.804322E+01
    12.5500   -3.889266E-03  4.350412E-03  4.823008E+01
    12.6000   -4.044378E-03  4.188734E-03  4.843139E+01
    12.6500   -4.080241E-03  4.083001E-03  4.865792E+01
    12.7000   -3.888374E-03  3.984976E-03  4.891532E+01
    12.7500   -3.363422E-03  3.855646E-03  4.920552E+01
    12.8000   -2.464456E-03  3.670423E-03  4.952934E+01
    12.8500   -1.257845E-03  3.420537E-03  4.988891E+01
    12.9000    7.527282E-05  3.113541E-03  5.028966E+01
    12.9500    1.272631E-03  2.775109E-03  5.074189E+01
    13.0000    2.061539E-03  2.456663E-03  5.126122E+01
    13.0500    2.230455E-03  2.231052E-03  5.185942E+01
    13.1000    1.691274E-03  2.177353E-03  5.251758E+01
    13.1500    5.377060E-04  2.338887E-03  5.317510E+01
    13.2000   -9.681317E-04  2.679242E-03  5.377679E+01
    13.2500   -2.453559E-03  3.119875E-03  5.431208E+01
    13.3000   -3.528543E-03  3.588087E-03  5.479544E+01
    13.3500   -3.888847E-03  4.029967E-03  5.524329E+01
    13.4000   -3.399783E-03  4.407082E-03  5.566757E+01
    13.4500   -2.136000E-03  4.692049E-03  5.607603E+01
    13.5000   -3.649786E-04  4.865868E-03  5.647359E+01
    13.5500    1.522037E-03  4.916525E-03  5.686341E+01
    13.6000    3.112731E-03  4.838241E-03  5.724755E+01
    13.6500    4.081335E-03  4.630971E-03  5.762730E+01
    13.7000    4.271060E-03  4.299948E-03  5.800348E+01
    13.7500    3.728565E-03  3.855195E-03  5.837648E+01
    13.8000    2.681647E-03  3.310944E-03  5.874622E+01
    13.8500    1.467695E-03  2.684976E-03  5.911192E+01
    13.9000    4.344607E-04  1.997910E-03  5.947105E+01
    13.9500   -1.578272E-04  1.272596E-03  5.981460E+01
    14.0000   -2.023027E-04  5.385460E-04  6.007535E+01
    14.0500    2.264119E-04  2.285539E-04  5.798245E+01
    14.1000    9.040503E-04  9.125118E-04  5.798318E+01
    14.1500    1.539985E-03  1.565303E-03  5.829957E+01
    14.2000    1.861769E-03  2.151304E-03  5.864428E+01
    14.2500    1.696994E-03  2.652117E-03  5.899594E+01
    14.3000    1.022181E-03  3.053421E-03  5.934890E+01
    14.3500   -3.461525E-05  3.344791E-03  5.970061E+01
    14.4000   -1.236518E-03  3.519961E-03  6.004921E+01
    14.4500   -2.311318E-03  3.577104E-03  6.039278E+01
    14.5000   -3.032371E-03  3.519088E-03  6.072886E+01
    14.5500   -3.282069E-03  3.353827E-03  6.105383E+01
    14.6000   -3.079178E-03  3.094941E-03  6.136203E+01
    14.6500   -2.562948E-03  2.763244E-03  6.164415E+01
    14.7000   -1.940461E-03  2.390170E-03  6.188454E+01
    14.7500   -1.414853E-03  2.025101E-03  6.205833E+01
    14.8000   -1.117605E-03  1.746477E-03  6.213746E+01
    14.8500   -1.066372E-03  1.655753E-03  6.213208E+01
    14.9000   -1.161493E-03  1.807691E-03  6.213406E+01
    14.9500   -1.222082E-03  2.150699E-03  6.222751E+01
    15.0000   -1.052799E-03  2.596512E-03  6.241436E+01
    15.0500   -5.054288E-04  3.078963E-03  6.266695E+01
    15.1000    4.596394E-04  3.545036E-03  6.296188E+01
    15.1500    1.732073E-03  3.966472E-03  6.328376E+01
    15.2000    3.077864E-03  4.325416E-03  6.362359E+01
    15.2500    4.197580E-03  4.610907E-03  6.397600E+01
    15.3000    4.806971E-03  4.817146E-03  6.433764E+01
    15.3500    4.716371E-03  4.942520E-03  6.470632E+01
    15.4000    3.885836E-03  4.988911E-03  6.508054E+01
    15.4500    2.440335E-03  4.961101E-03  6.545918E+01
    15.5000    6.411417E-04  4.866189E-03  6.584131E+01
    15.5500   -1.177848E-03  4.712989E-03  6.622604E+01
    15.6000   -2.690505E-03  4.511441E-03  6.661242E+01
    15.6500   -3.653276E-03  4.272023E-03  6.699931E+01
    15.7000   -3.954717E-03  4.005240E-03  6.738524E+01
    15.7500   -3.628210E-03  3.721216E-03  6.776829E+01
    15.8000   -2.827218E-03  3.429465E-03  6.814591E+01
    15.8500   -1.772938E-03  3.138917E-03  6.851482E+01
    15.9000   -6.911653E-04  2.858256E-03  6.887080E+01
    15.9500    2.431450E-04  2.596626E-03  6.920881E+01
    16.0000    9.393019E-04  2.361693E-03  6.952407E+01
    16.0500    1.387399E-03  2.162951E-03  6.981141E+01
    16.1000    1.647070E-03  2.022631E-03  7.006660E+01
    16.1500    1.810149E-03  1.958014E-03  7.029471E+01
    16.2000    1.950600E-03  1.981102E-03  7.051013E+01
    16.2500    2.090321E-03  2.092509E-03  7.073157E+01
    16.3000    2.187299E-03  2.280768E-03  7.097311E+01
    16.3500    2.149390E-03  2.527435E-03  7.123984E+01
    16.4000    1.868661E-03  2.812819E-03  7.153002E+01
    16.4500    1.264818E-03  3.119040E-03  7.183909E+01
    16.5000    3.235784E-04  3.430806E-03  7.216218E+01
    16.5500   -8.824787E-04  3.735250E-03  7.249514E+01
    16.6000   -2.197620E-03  4.021612E-03  7.283475E+01
    16.6500   -3.410961E-03  4.281019E-03  7.317855E+01
    16.7000   -4.301440E-03  4.506383E-03  7.352468E+01
    16.7500   -4.687768E-03  4.692371E-03  7.387172E+01
    16.8000   -4.470240E-03  4.835402E-03  7.421855E+01
    16.8500   -3.653867E-03  4.933641E-03  7.456426E+01
    16.9000   -2.347674E-03  4.986962E-03  7.490807E+01
    16.9500   -7.413671E-04  4.996860E-03  7.524931E+01
    17.0000    9.359577E-04  4.967781E-03  7.558776E+01
    17.0500    2.460151E-03  4.905684E-03  7.592354E+01
    17.1000    3.637919E-03  4.812487E-03  7.625530E+01
    17.1500    4.348056E-03  4.694275E-03  7.658255E+01
    17.2000    4.548407E-03  4.557774E-03  7.690490E+01
    17.2500    4.269583E-03  4.410020E-03  7.722206E+01
    17.3000    3.596378E-03  4.258004E-03  7.753397E+01
    17.3500    2.643616E-03  4.108286E-03  7.784078E+01
    17.4000    1.533256E-03  3.966613E-03  7.814294E+01
    17.4500    3.777039E-04  3.837561E-03  7.844123E+01
    17.5000   -7.286055E-04  3.724261E-03  7.873672E+01
    17.5500   -1.710305E-03  3.628246E-03  7.903068E+01
    17.6000   -2.507903E-03  3.549477E-03  7.932444E+01
    17.6500   -3.074029E-03  3.486525E-03  7.961925E+01
    17.7000   -3.372105E-03  3.436901E-03  7.991613E+01
    17.7500   -3.378690E-03  3.397455E-03  8.021576E+01
    17.8000   -3.088763E-03  3.364778E-03  8.051848E+01
    17.8500   -2.521639E-03  3.335534E-03  8.082424E+01
    17.9000   -1.724678E-03  3.306718E-03  8.113272E+01
    17.9500   -7.724049E-04  3.275808E-03  8.144338E+01
    18.0000    2.418440E-04  3.241793E-03  8.175608E+01
    18.0500    1.216918E-03  3.204518E-03  8.207094E+01
    18.1000    2.046707E-03  3.160495E-03  8.238583E+01
    18.1500    2.646919E-03  3.109033E-03  8.269999E+01
    18.2000    2.962809E-03  3.049866E-03  8.301270E+01
    18.2500    2.975546E-03  2.983083E-03  8.332331E+01
    18.3000    2.702576E-03  2.909055E-03  8.363124E+01
    18.3500    2.192433E-03  2.828343E-03  8.393603E+01
    18.4000    1.515552E-03  2.741615E-03  8.423729E+01
    18.4500    7.532300E-04  2.649552E-03  8.453474E+01
    18.5000   -1.321352E-05  2.552774E-03  8.482818E+01
    18.5500   -7.115125E-04  2.451784E-03  8.511744E+01
    18.6000   -1.284941E-03  2.346938E-03  8.540237E+01
    18.6500   -1.696061E-03  2.238456E-03  8.568277E+01
    18.7000   -1.928015E-03  2.126483E-03  8.595832E+01
    18.7500   -1.983769E-03  2.011182E-03  8.622850E+01
    18.8000   -1.883664E-03  1.892880E-03  8.649252E+01
    18.8500   -1.661492E-03  1.772237E-03  8.674919E+01
    18.9000   -1.359303E-03  1.650448E-03  8.699687E+01
    18.9500   -1.021295E-03  1.529453E-03  8.723341E+01
    19.0000   -6.878632E-04  1.411848E-03  8.745570E+01
    19.0500   -3.911258E-04  1.301410E-03  8.765934E+01
    19.1000   -1.466657E-04  1.204726E-03  8.784255E+01
    19.1500    4.549718E-05  1.128391E-03  8.800493E+01
    19.2000    1.989145E-04  1.078632E-03  8.815007E+01
    19.2500    3.352551E-04  1.059480E-03  8.828656E+01
    19.3000    4.769868E-04  1.071063E-03  8.842615E+01
    19.3500    6.399645E-04  1.109247E-03  8.857957E+01
    19.4000    8.277866E-04  1.166988E-03  8.875315E+01
    19.4500    1.029378E-03  1.236332E-03  8.894839E+01
    19.5000    1.220438E-03  1.309956E-03  8.916356E+01
    19.5500    1.368389E-03  1.381882E-03  8.939553E+01
    19.6000    1.439573E-03  1.447635E-03  8.964097E+01
    19.6500    1.406908E-03  1.504134E-03  8.989691E+01
    19.7000    1.256158E-03  1.549506E-03  9.016087E+01
    19.7500    9.894689E-04  1.582886E-03  9.043092E+01
    19.8000    6.255519E-04  1.604230E-03  9.070562E+01
    19.8500    1.968094E-04  1.614131E-03  9.098395E+01
    19.9000   -2.556551E-04  1.613641E-03  9.126529E+01
    19.9500   -6.878502E-04  1.604104E-03  9.154936E+01