# # tequil.ion_motion                                            FEFF 9.05   
# # POT  SCF  30  5.5000   1, core-hole, AFOLP (folp(0)= 1.150)
# # Abs   Z=30 Rmt= 1.286 Rnm= 1.389 K  shell
# # Pot 1 Z=26 Rmt= 1.279 Rnm= 1.394
# # Pot 2 Z= 8 Rmt= 0.962 Rnm= 1.064
# # Gam_ch=1.897E+00 H-L exch
# # Mu=-1.164E+01 kf=2.212E+00 Vint=-1.946E+01 Rs_int= 1.640
# # PATH  Rmax= 8.500,  Keep_limit= 0.00, Heap_limit 0.00  Pwcrit= 2.50%
#  S02=1.000                                        Global_sig2= 0.00000
#  Energy zero shift, vr, vi   -2.00000E+00   0.00000E+00
#  Curved wave amplitude ratio filter   4.000%
#     file         sig2 tot  cw amp ratio   deg  nlegs   reff  inp sig2
#           1       0.00000    100.00      1.00     2   1.8611
#           2       0.00000     92.24      1.00     2   1.9213
#           3       0.00000     72.03      1.00     2   2.1172
#           4       0.00000     66.31      1.00     2   2.1868
#           5       0.00000     65.93      1.00     2   2.1916
#           6       0.00000     57.31      1.00     2   2.3143
#           7       0.00000     28.98      1.00     2   2.9571
#           8       0.00000     28.92      1.00     2   2.9597
#           9       0.00000     28.56      1.00     2   2.9763
#          10       0.00000     25.41      1.00     2   3.1342
#          11       0.00000     25.13      1.00     2   3.1497
#          12       0.00000     24.24      1.00     2   3.1990
#          13       0.00000     21.79      1.00     2   3.3360
#          14       0.00000     11.84      2.00     3   3.3587
#          15       0.00000     21.35      1.00     2   3.3615
#          16       0.00000     20.78      1.00     2   3.3952
#          17       0.00000     11.90      2.00     3   3.4082
#          18       0.00000     20.40      1.00     2   3.4180
#          19       0.00000      8.98      2.00     3   3.4438
#          20       0.00000     16.34      2.00     3   3.4558
#          21       0.00000      9.69      2.00     3   3.4645
#          22       0.00000     19.99      1.00     2   3.4698
#          23       0.00000      8.66      2.00     3   3.4897
#          24       0.00000     14.16      2.00     3   3.4928
#          25       0.00000     19.11      1.00     2   3.5006
#          26       0.00000     10.58      2.00     3   3.5015
#          27       0.00000      9.91      2.00     3   3.5024
#          28       0.00000     18.90      1.00     2   3.5148
#          29       0.00000      8.23      2.00     3   3.5320
#          30       0.00000      8.45      2.00     3   3.5351
#          31       0.00000      8.58      2.00     3   3.5358
#          32       0.00000     10.23      2.00     3   3.5513
#          33       0.00000      7.40      2.00     3   3.5706
#          34       0.00000      8.46      2.00     3   3.5748
#          35       0.00000      6.52      2.00     3   3.5773
#          36       0.00000      8.28      2.00     3   3.5851
#          37       0.00000      7.01      2.00     3   3.6054
#          38       0.00000     17.33      1.00     2   3.6269
#          39       0.00000     17.63      1.00     2   3.6519
#          40       0.00000      7.79      2.00     3   3.7089
#          41       0.00000     10.85      1.00     4   3.7222
#          42       0.00000     16.67      1.00     2   3.7351
#          43       0.00000     16.53      1.00     2   3.7475
#          44       0.00000      4.76      1.00     4   3.7620
#          45       0.00000     12.62      2.00     3   3.7665
#          46       0.00000      6.49      2.00     3   3.7805
#          48       0.00000     15.88      1.00     2   3.8068
#          49       0.00000      5.75      2.00     3   3.8278
#          50       0.00000      5.43      2.00     3   3.8428
#          51       0.00000      9.17      1.00     4   3.8426
#          52       0.00000      4.44      1.00     4   3.8513
#          53       0.00000     12.78      2.00     3   3.8548
#          54       0.00000      5.11      1.00     4   3.8566
#          55       0.00000     14.38      1.00     2   3.8780
#          56       0.00000     15.10      1.00     2   3.8837
#          57       0.00000     14.79      1.00     2   3.9147
#          58       0.00000     14.51      2.00     3   3.9473
#          59       0.00000      4.46      1.00     4   3.9719
#          60       0.00000      8.70      2.00     3   3.9732
#          61       0.00000     22.44      2.00     3   3.9920
#          62       0.00000     13.23      1.00     2   3.9953
#          63       0.00000      7.95      2.00     3   4.0155
#          64       0.00000     10.09      2.00     3   4.0193
#          65       0.00000      7.88      2.00     3   4.0320
#          67       0.00000      8.70      2.00     3   4.0402
#          68       0.00000     16.35      2.00     4   4.0479
#          69       0.00000     13.92      2.00     3   4.0497
#          70       0.00000      7.43      2.00     3   4.0510
#          71       0.00000      4.98      1.00     4   4.0577
#          72       0.00000     21.25      2.00     3   4.0608
#          74       0.00000     11.02      2.00     3   4.0774
#          75       0.00000      5.92      1.00     4   4.0877
#          76       0.00000      4.19      1.00     4   4.0940
#          77       0.00000      8.68      2.00     3   4.1053
#          78       0.00000     15.46      2.00     4   4.1129
#          79       0.00000      6.84      2.00     3   4.1390
#          80       0.00000      6.16      2.00     3   4.1634
#          81       0.00000      5.97      1.00     4   4.1847
#          82       0.00000      6.16      2.00     3   4.2137
#          83       0.00000      5.55      1.00     4   4.2344
#          86       0.00000     10.39      1.00     2   4.3479
#          87       0.00000     14.69      2.00     3   4.3535
#          88       0.00000      6.99      2.00     3   4.3604
#          89       0.00000      4.71      1.00     4   4.3735
#          90       0.00000      4.65      1.00     4   4.3832
#          91       0.00000     10.12      1.00     2   4.3866
#          92       0.00000      5.09      2.00     3   4.3868
#          93       0.00000      4.97      2.00     3   4.3916
#          94       0.00000      9.96      1.00     2   4.4109
#          95       0.00000      9.19      2.00     4   4.4315
#          96       0.00000      9.76      1.00     2   4.4419
#          97       0.00000      9.70      1.00     2   4.4526
#          98       0.00000     18.02      2.00     3   4.4543
#          99       0.00000     20.78      2.00     3   4.4573
#         100       0.00000      9.55      1.00     2   4.4760
#         101       0.00000     20.49      2.00     3   4.4816
#         102       0.00000      9.48      1.00     2   4.4881
#         103       0.00000      5.20      2.00     3   4.4950
#         104       0.00000     12.52      1.00     4   4.5280
#         105       0.00000      5.61      2.00     3   4.5305
#         106       0.00000     12.40      1.00     4   4.5523
#         107       0.00000     10.14      1.00     4   4.5608
#         108       0.00000      8.94      1.00     2   4.5793
#         110       0.00000     14.39      2.00     3   4.5914
#         111       0.00000      4.94      2.00     3   4.5920
#         112       0.00000      4.32      2.00     3   4.5970
#         113       0.00000      8.80      1.00     2   4.6029
#         114       0.00000      8.70      1.00     2   4.6204
#         116       0.00000      8.63      1.00     2   4.6331
#         117       0.00000      8.63      1.00     2   4.6340
#         118       0.00000      8.60      1.00     2   4.6401
#         119       0.00000      4.49      2.00     3   4.6456
#         120       0.00000      7.61      1.00     4   4.7301
#         121       0.00000     14.94      2.00     3   4.7321
#         122       0.00000      7.07      2.00     3   4.7339
#         123       0.00000     12.14      2.00     3   4.7348
#         124       0.00000      8.10      1.00     2   4.7357
#         125       0.00000      4.07      2.00     3   4.7613
#         127       0.00000      7.13      2.00     3   4.7686
#         128       0.00000      6.74      2.00     3   4.7765
#         129       0.00000     11.42      2.00     3   4.7943
#         130       0.00000      9.76      2.00     3   4.8093
#         131       0.00000      6.67      2.00     3   4.8169
#         132       0.00000      4.06      2.00     3   4.8201
#         133       0.00000      8.14      1.00     4   4.8301
#         134       0.00000      7.62      1.00     2   4.8330
#         135       0.00000      5.81      2.00     3   4.8376
#         137       0.00000      9.75      2.00     3   4.8403
#         138       0.00000      7.54      1.00     2   4.8509
#         139       0.00000      5.14      2.00     3   4.8577
#         140       0.00000      5.85      2.00     3   4.8710
#         141       0.00000      5.65      2.00     3   4.8729
#         143       0.00000      7.36      1.00     2   4.8904
#         144       0.00000      6.01      1.00     4   4.8904
#         145       0.00000      5.27      2.00     3   4.9072
#         148       0.00000      6.51      2.00     3   4.9402
#         149       0.00000      5.81      2.00     3   4.9458
#         150       0.00000      8.62      2.00     3   4.9513
#         151       0.00000      7.85      1.00     2   4.9544
#         152       0.00000      5.58      1.00     4   4.9554
#         153       0.00000      6.82      2.00     3   4.9653
#         155       0.00000      5.86      2.00     3   4.9783
#         156       0.00000      7.69      1.00     2   4.9908
#         157       0.00000      4.03      2.00     4   4.9908
#         159       0.00000      4.52      1.00     4   5.0156
#         160       0.00000      6.74      1.00     2   5.0377
#         161       0.00000      4.53      1.00     4   5.0405
#         162       0.00000      9.82      2.00     3   5.0556
#         163       0.00000      7.87      2.00     3   5.0560
#         164       0.00000      7.36      1.00     2   5.0679
#         168       0.00000      8.98      2.00     3   5.0966
#         169       0.00000      7.14      1.00     2   5.1240
#         170       0.00000      6.55      2.00     3   5.1239
#         171       0.00000      6.33      1.00     2   5.1436
#         172       0.00000     15.69      2.00     3   5.1449
#         173       0.00000      9.78      1.00     4   5.1462
#         174       0.00000      6.73      2.00     3   5.1477
#         175       0.00000      4.80      1.00     4   5.1567
#         179       0.00000      7.94      2.00     3   5.1907
#         180       0.00000      4.14      1.00     4   5.2024
#         181       0.00000      6.82      1.00     2   5.2048
#         184       0.00000      6.75      1.00     2   5.2244
#         185       0.00000      4.90      2.00     3   5.2267
#         186       0.00000      5.99      1.00     2   5.2365
#         187       0.00000      5.97      1.00     2   5.2420
#         188       0.00000     14.30      2.00     3   5.2432
#         190       0.00000      8.67      1.00     4   5.2499
#         191       0.00000      5.94      1.00     2   5.2514
#         193       0.00000     14.14      2.00     3   5.2555
#         194       0.00000      8.51      1.00     4   5.2596
#         196       0.00000      5.21      2.00     3   5.2612
#         197       0.00000      5.97      2.00     3   5.2615
#         198       0.00000      6.84      2.00     3   5.2633
#         199       0.00000      7.09      2.00     3   5.2638
#         201       0.00000      5.84      1.00     2   5.2822
#         203       0.00000      6.53      1.00     2   5.2841
#         204       0.00000      5.78      1.00     2   5.3006
#         205       0.00000      6.08      2.00     3   5.3044
#         207       0.00000      6.42      2.00     3   5.3241
#         209       0.00000      6.85      2.00     3   5.3308
#         211       0.00000      6.77      2.00     3   5.3445
#         212       0.00000      6.32      1.00     2   5.3474
#         214       0.00000      5.15      2.00     3   5.3663
#         215       0.00000      5.09      2.00     3   5.3770
#         216       0.00000      6.19      1.00     2   5.3851
#         217       0.00000      5.07      2.00     3   5.3860
#         219       0.00000      6.65      2.00     3   5.3916
#         224       0.00000      5.80      2.00     3   5.4082
#         225       0.00000      5.39      1.00     2   5.4234
#         226       0.00000      6.37      2.00     3   5.4300
#         230       0.00000      6.30      2.00     3   5.4575
#         231       0.00000      5.27      1.00     2   5.4611
#         232       0.00000      7.47      2.00     3   5.4671
#         233       0.00000      5.18      2.00     3   5.4721
#         235       0.00000      5.20      1.00     2   5.4845
#         239       0.00000      7.19      2.00     3   5.5187
#         240       0.00000      4.14      2.00     3   5.5429
#         243       0.00000      4.99      1.00     2   5.5604
#         244       0.00000      4.43      2.00     3   5.5678
#         247       0.00000      5.37      2.00     3   5.5783
#         248       0.00000      4.93      1.00     2   5.5829
#         249       0.00000      5.51      1.00     2   5.6057
#         252       0.00000      5.59      2.00     3   5.6398
#         253       0.00000      4.33      2.00     3   5.6457
#         258       0.00000      5.38      1.00     2   5.6517
#         260       0.00000      4.67      1.00     2   5.6797
#         264       0.00000      5.63      2.00     3   5.6892
#         265       0.00000      5.27      1.00     2   5.6912
#         267       0.00000      5.22      1.00     2   5.7084
#         268       0.00000      4.50      2.00     3   5.7099
#         270       0.00000      9.12      2.00     3   5.7214
#         271       0.00000      4.11      2.00     4   5.7216
#         275       0.00000      5.82      2.00     3   5.7255
#         277       0.00000      5.16      1.00     2   5.7335
#         278       0.00000      5.10      2.00     3   5.7341
#         280       0.00000      4.28      1.00     4   5.7516
#         286       0.00000      5.30      2.00     3   5.7837
#         291       0.00000      4.34      1.00     2   5.8126
#         293       0.00000      5.70      2.00     3   5.8191
#         297       0.00000      4.15      2.00     5   5.8531
#         301       0.00000      4.22      1.00     2   5.8674
#         303       0.00000      4.33      2.00     3   5.8755
#         304       0.00000      4.78      1.00     2   5.8821
#   223/ 278 paths used
#  -----------------------------------------------------------------------
#       k          chi          mag           phase @#
    -0.7000   -4.321950E-01  4.411607E-01 -1.772748E+00
    -0.6500   -4.482079E-01  4.580392E-01 -1.778359E+00
    -0.6000   -4.678604E-01  4.766047E-01 -1.762647E+00
    -0.5500   -4.883986E-01  4.949138E-01 -1.733236E+00
    -0.5000   -5.068228E-01  5.109768E-01 -1.698394E+00
    -0.4500   -5.229134E-01  5.250450E-01 -1.660936E+00
    -0.4000   -5.359053E-01  5.367078E-01 -1.625486E+00
    -0.3500   -5.469794E-01  5.470760E-01 -1.589585E+00
    -0.3000   -5.553994E-01  5.554443E-01 -1.558088E+00
    -0.2500   -5.616499E-01  5.620889E-01 -1.531272E+00
    -0.2000   -5.661631E-01  5.672364E-01 -1.509270E+00
    -0.1500   -5.696058E-01  5.714244E-01 -1.490995E+00
    -0.1000   -5.719325E-01  5.744255E-01 -1.477597E+00
    -0.0500   -5.732381E-01  5.761884E-01 -1.469555E+00
     0.0000   -5.736581E-01  5.767698E-01 -1.466874E+00
     0.0500   -5.740707E-01  5.773481E-01 -1.464193E+00
     0.1000   -5.752631E-01  5.790645E-01 -1.456150E+00
     0.1500   -5.770998E-01  5.818636E-01 -1.442747E+00
     0.2000   -5.793556E-01  5.856552E-01 -1.423992E+00
     0.2500   -5.817181E-01  5.903163E-01 -1.399911E+00
     0.3000   -5.837924E-01  5.956955E-01 -1.370552E+00
     0.3500   -5.852266E-01  6.018273E-01 -1.335375E+00
     0.4000   -5.857139E-01  6.091378E-01 -1.292576E+00
     0.4500   -5.841288E-01  6.166913E-01 -1.244382E+00
     0.5000   -5.797729E-01  6.242609E-01 -1.190986E+00
     0.5500   -5.720384E-01  6.321029E-01 -1.131325E+00
     0.6000   -5.600335E-01  6.405703E-01 -1.063937E+00
     0.6500   -5.427203E-01  6.484399E-01 -9.917103E-01
     0.7000   -5.194036E-01  6.558749E-01 -9.139548E-01
     0.7500   -4.888859E-01  6.636720E-01 -8.280852E-01
     0.8000   -4.509807E-01  6.702829E-01 -7.380158E-01
     0.8500   -4.050504E-01  6.764419E-01 -6.419964E-01
     0.9000   -3.505286E-01  6.821997E-01 -5.396329E-01
     0.9500   -2.884843E-01  6.863316E-01 -4.338065E-01
     1.0000   -2.175102E-01  6.903572E-01 -3.205294E-01
     1.0500   -1.400474E-01  6.927770E-01 -2.035564E-01
     1.1000   -5.676014E-02  6.940402E-01 -8.187365E-02
     1.1500    3.138671E-02  6.943679E-01  4.521725E-02
     1.2000    1.205571E-01  6.927845E-01  1.749087E-01
     1.2500    2.115423E-01  6.907255E-01  3.112628E-01
     1.3000    2.985281E-01  6.866549E-01  4.497686E-01
     1.3500    3.812465E-01  6.816544E-01  5.935362E-01
     1.4000    4.554094E-01  6.750408E-01  7.404765E-01
     1.4500    5.189384E-01  6.670725E-01  8.913711E-01
     1.5000    5.694311E-01  6.577836E-01  1.046510E+00
     1.5500    6.039447E-01  6.468350E-01  1.204589E+00
     1.6000    6.216762E-01  6.346969E-01  1.367891E+00
     1.6500    6.202369E-01  6.206722E-01  1.533340E+00
     1.7000    5.999816E-01  6.054290E-01  1.705043E+00
     1.7500    5.605245E-01  5.881976E-01  1.878760E+00
     1.8000    5.030658E-01  5.694160E-01  2.058360E+00
     1.8500    4.301336E-01  5.486550E-01  2.240544E+00
     1.9000    3.435676E-01  5.260497E-01  2.429910E+00
     1.9500    2.484163E-01  5.013523E-01  2.623191E+00
     2.0000    1.508495E-01  4.746510E-01  2.818172E+00
     2.0500    5.647027E-02  4.461552E-01  3.014681E+00
     2.1000   -3.115265E-02  4.151917E-01  3.216695E+00
     2.1500   -1.064516E-01  3.816166E-01  3.424292E+00
     2.2000   -1.632679E-01  3.468325E-01  3.631722E+00
     2.2500   -1.997323E-01  3.112807E-01  3.838236E+00
     2.3000   -2.151522E-01  2.743138E-01  4.043206E+00
     2.3500   -2.090803E-01  2.342666E-01  4.244425E+00
     2.4000   -1.881384E-01  1.955251E-01  4.436638E+00
     2.4500   -1.581132E-01  1.588716E-01  4.614635E+00
     2.5000   -1.250205E-01  1.252157E-01  4.768234E+00
     2.5500   -9.644193E-02  9.738359E-02  4.851566E+00
     2.6000   -7.394647E-02  7.469064E-02  4.853669E+00
     2.6500   -5.983203E-02  5.986287E-02  4.744488E+00
     2.7000   -5.451182E-02  5.509637E-02  4.566592E+00
     2.7500   -5.348591E-02  5.524350E-02  4.459465E+00
     2.8000   -5.662849E-02  5.934668E-02  4.408561E+00
     2.8500   -6.297021E-02  6.569619E-02  4.423308E+00
     2.9000   -7.100318E-02  7.276038E-02  4.492170E+00
     2.9500   -7.897124E-02  7.952154E-02  4.594676E+00
     3.0000   -8.571170E-02  8.571518E-02  4.721402E+00
     3.0500   -9.008318E-02  9.115418E-02  4.865832E+00
     3.1000   -9.115547E-02  9.573667E-02  5.022997E+00
     3.1500   -8.822673E-02  9.928456E-02  5.188847E+00
     3.2000   -8.134863E-02  1.020896E-01  5.361145E+00
     3.2500   -7.052454E-02  1.042134E-01  5.539871E+00
     3.3000   -5.595848E-02  1.055170E-01  5.724199E+00
     3.3500   -3.848091E-02  1.060321E-01  5.911788E+00
     3.4000   -1.908022E-02  1.059556E-01  6.102120E+00
     3.4500    1.324868E-03  1.052946E-01  6.295768E+00
     3.5000    2.165576E-02  1.040844E-01  6.492776E+00
     3.5500    4.075354E-02  1.023058E-01  6.692903E+00
     3.6000    5.748481E-02  9.997727E-02  6.895764E+00
     3.6500    7.094188E-02  9.717628E-02  7.101555E+00
     3.7000    8.038578E-02  9.393440E-02  7.310213E+00
     3.7500    8.538617E-02  9.033489E-02  7.521447E+00
     3.8000    8.584081E-02  8.645281E-02  7.734924E+00
     3.8500    8.188025E-02  8.226537E-02  7.950781E+00
     3.9000    7.399158E-02  7.781781E-02  8.168870E+00
     3.9500    6.293559E-02  7.315775E-02  8.388974E+00
     4.0000    4.969033E-02  6.835132E-02  8.610858E+00
     4.0500    3.533596E-02  6.347256E-02  8.834355E+00
     4.1000    2.094162E-02  5.858144E-02  9.059211E+00
     4.1500    7.490102E-03  5.374586E-02  9.284961E+00
     4.2000   -4.213615E-03  4.904575E-02  9.510796E+00
     4.2500   -1.368645E-02  4.452222E-02  9.737245E+00
     4.3000   -2.066870E-02  4.023033E-02  9.964339E+00
     4.3500   -2.513867E-02  3.621953E-02  1.019190E+01
     4.4000   -2.726149E-02  3.253214E-02  1.041836E+01
     4.4500   -2.745826E-02  2.922959E-02  1.064565E+01
     4.5000   -2.614878E-02  2.634124E-02  1.087462E+01
     4.5500   -2.373622E-02  2.388193E-02  1.110610E+01
     4.6000   -2.056805E-02  2.184209E-02  1.133881E+01
     4.6500   -1.691738E-02  2.024172E-02  1.157684E+01
     4.7000   -1.290987E-02  1.906993E-02  1.182273E+01
     4.7500   -8.580640E-03  1.828906E-02  1.207802E+01
     4.8000   -4.018430E-03  1.781835E-02  1.233889E+01
     4.8500    7.448832E-04  1.768205E-02  1.260851E+01
     4.9000    5.598059E-03  1.784136E-02  1.288553E+01
     4.9500    1.032251E-02  1.824554E-02  1.316772E+01
     5.0000    1.452818E-02  1.879388E-02  1.344997E+01
     5.0500    1.792293E-02  1.949300E-02  1.373306E+01
     5.1000    2.013375E-02  2.028406E-02  1.401535E+01
     5.1500    2.084279E-02  2.110678E-02  1.429549E+01
     5.2000    1.988018E-02  2.189559E-02  1.456959E+01
     5.2500    1.727247E-02  2.263143E-02  1.483970E+01
     5.3000    1.319061E-02  2.327499E-02  1.510543E+01
     5.3500    7.969366E-03  2.379503E-02  1.536645E+01
     5.4000    2.106546E-03  2.416731E-02  1.562069E+01
     5.4500   -3.919409E-03  2.440593E-02  1.586925E+01
     5.5000   -9.640189E-03  2.451692E-02  1.611208E+01
     5.5500   -1.466483E-02  2.451510E-02  1.634921E+01
     5.6000   -1.870283E-02  2.443489E-02  1.657965E+01
     5.6500   -2.163094E-02  2.430728E-02  1.680508E+01
     5.7000   -2.339459E-02  2.415823E-02  1.702666E+01
     5.7500   -2.399570E-02  2.400871E-02  1.724585E+01
     5.8000   -2.350141E-02  2.390660E-02  1.746313E+01
     5.8500   -2.192385E-02  2.383308E-02  1.768175E+01
     5.9000   -1.927440E-02  2.377028E-02  1.790393E+01
     5.9500   -1.558582E-02  2.369089E-02  1.813155E+01
     6.0000   -1.100264E-02  2.362753E-02  1.836516E+01
     6.0500   -5.643046E-03  2.347484E-02  1.860679E+01
     6.1000    1.768535E-04  2.318072E-02  1.885719E+01
     6.1500    5.994295E-03  2.270899E-02  1.911668E+01
     6.2000    1.125122E-02  2.203335E-02  1.938549E+01
     6.2500    1.537342E-02  2.113980E-02  1.966383E+01
     6.3000    1.787187E-02  2.002806E-02  1.995206E+01
     6.3500    1.844395E-02  1.871211E-02  2.025085E+01
     6.4000    1.704923E-02  1.722001E-02  2.056131E+01
     6.4500    1.393895E-02  1.559329E-02  2.088516E+01
     6.5000    9.627054E-03  1.384758E-02  2.122243E+01
     6.5500    4.829400E-03  1.202990E-02  2.157805E+01
     6.6000    3.309209E-04  1.022096E-02  2.195877E+01
     6.6500   -3.178368E-03  8.511419E-03  2.237385E+01
     6.7000   -5.237005E-03  7.006791E-03  2.283532E+01
     6.7500   -5.695235E-03  5.821777E-03  2.335307E+01
     6.8000   -4.728064E-03  5.048669E-03  2.392024E+01
     6.8500   -2.775536E-03  4.688228E-03  2.449918E+01
     6.9000   -4.251956E-04  4.609083E-03  2.504036E+01
     6.9500    1.734289E-03  4.615107E-03  2.551799E+01
     7.0000    3.317765E-03  4.567921E-03  2.594569E+01
     7.0500    4.049620E-03  4.371375E-03  2.631747E+01
     7.1000    3.955829E-03  3.967700E-03  2.662616E+01
     7.1500    3.331125E-03  3.367315E-03  2.685028E+01
     7.2000    2.617784E-03  2.683426E-03  2.692518E+01
     7.2500    2.269895E-03  2.271695E-03  2.674335E+01
     7.3000    2.616004E-03  2.699824E-03  2.645370E+01
     7.3500    3.755730E-03  3.944796E-03  2.639268E+01
     7.4000    5.516843E-03  5.614951E-03  2.651633E+01
     7.4500    7.483753E-03  7.485572E-03  2.672558E+01
     7.5000    9.091726E-03  9.449142E-03  2.697946E+01
     7.5500    9.740750E-03  1.143171E-02  2.725438E+01
     7.6000    8.960335E-03  1.336162E-02  2.753931E+01
     7.6500    6.530039E-03  1.517748E-02  2.782957E+01
     7.7000    2.545854E-03  1.682488E-02  2.812244E+01
     7.7500   -2.581164E-03  1.825696E-02  2.841619E+01
     7.8000   -8.195522E-03  1.943526E-02  2.870963E+01
     7.8500   -1.352031E-02  2.033054E-02  2.900186E+01
     7.9000   -1.780440E-02  2.092335E-02  2.929210E+01
     7.9500   -2.046127E-02  2.120432E-02  2.957962E+01
     8.0000   -2.122213E-02  2.122626E-02  2.986484E+01
     8.0500   -2.003378E-02  2.097643E-02  3.014606E+01
     8.1000   -1.714168E-02  2.044565E-02  3.042158E+01
     8.1500   -1.304867E-02  1.966051E-02  3.069017E+01
     8.2000   -8.376434E-03  1.865637E-02  3.095030E+01
     8.2500   -3.744294E-03  1.747686E-02  3.120001E+01
     8.3000    3.384345E-04  1.617348E-02  3.143685E+01
     8.3500    3.545874E-03  1.480555E-02  3.165777E+01
     8.4000    5.763912E-03  1.344013E-02  3.185916E+01
     8.4500    7.073074E-03  1.215172E-02  3.203719E+01
     8.5000    7.709811E-03  1.104172E-02  3.218887E+01
     8.5500    7.970083E-03  1.018570E-02  3.231456E+01
     8.6000    8.128239E-03  9.630825E-03  3.242059E+01
     8.6500    8.387516E-03  9.395746E-03  3.251921E+01
     8.7000    8.835233E-03  9.447369E-03  3.262477E+01
     8.7500    9.435928E-03  9.711388E-03  3.274798E+01
     8.8000    1.005344E-02  1.009752E-02  3.289324E+01
     8.8500    1.049374E-02  1.052184E-02  3.305981E+01
     8.9000    1.055719E-02  1.091751E-02  3.324435E+01
     8.9500    1.008800E-02  1.123659E-02  3.344281E+01
     9.0000    9.006688E-03  1.146016E-02  3.365335E+01
     9.0500    7.321274E-03  1.156273E-02  3.387187E+01
     9.1000    5.155282E-03  1.152826E-02  3.409390E+01
     9.1500    2.708319E-03  1.135967E-02  3.431679E+01
     9.2000    2.156048E-04  1.106748E-02  3.453804E+01
     9.2500   -2.095591E-03  1.066891E-02  3.475522E+01
     9.3000   -4.045408E-03  1.018743E-02  3.496587E+01
     9.3500   -5.528984E-03  9.652401E-03  3.516745E+01
     9.4000   -6.527053E-03  9.098769E-03  3.535752E+01
     9.4500   -7.097964E-03  8.566046E-03  3.553415E+01
     9.5000   -7.362359E-03  8.101389E-03  3.569786E+01
     9.5500   -7.444403E-03  7.742338E-03  3.585000E+01
     9.6000   -7.446429E-03  7.513945E-03  3.599416E+01
     9.6500   -7.428218E-03  7.428536E-03  3.613756E+01
     9.7000   -7.381479E-03  7.476982E-03  3.628832E+01
     9.7500   -7.231837E-03  7.630888E-03  3.645314E+01
     9.8000   -6.859995E-03  7.850058E-03  3.663599E+01
     9.8500   -6.137530E-03  8.091134E-03  3.683803E+01
     9.9000   -4.969014E-03  8.314081E-03  3.705853E+01
     9.9500   -3.330039E-03  8.485687E-03  3.729584E+01
    10.0000   -1.285510E-03  8.598470E-03  3.754904E+01
    10.0500    1.006686E-03  8.632314E-03  3.781600E+01
    10.1000    3.295448E-03  8.560763E-03  3.809426E+01
    10.1500    5.293462E-03  8.380413E-03  3.838279E+01
    10.2000    6.730233E-03  8.094057E-03  3.868092E+01
    10.2500    7.406653E-03  7.710089E-03  3.898842E+01
    10.3000    7.237309E-03  7.241894E-03  3.930549E+01
    10.3500    6.270464E-03  6.707222E-03  3.963278E+01
    10.4000    4.680607E-03  6.127549E-03  3.997143E+01
    10.4500    2.734949E-03  5.527394E-03  4.032310E+01
    10.5000    7.413840E-04  4.933522E-03  4.068986E+01
    10.5500   -1.010167E-03  4.373866E-03  4.107376E+01
    10.6000   -2.299658E-03  3.875771E-03  4.147591E+01
    10.6500   -3.010617E-03  3.462980E-03  4.189463E+01
    10.7000   -3.138919E-03  3.151144E-03  4.232339E+01
    10.7500   -2.776296E-03  2.943284E-03  4.274997E+01
    10.8000   -2.074505E-03  2.828829E-03  4.315907E+01
    10.8500   -1.200670E-03  2.788992E-03  4.353725E+01
    10.9000   -2.959630E-04  2.806153E-03  4.387663E+01
    10.9500    5.518215E-04  2.871597E-03  4.417567E+01
    11.0000    1.328427E-03  2.988262E-03  4.444297E+01
    11.0500    2.053343E-03  3.168661E-03  4.468727E+01
    11.1000    2.748718E-03  3.425616E-03  4.491360E+01
    11.1500    3.439850E-03  3.768101E-03  4.513260E+01
    11.2000    4.113712E-03  4.197397E-03  4.535307E+01
    11.2500    4.704448E-03  4.706225E-03  4.558057E+01
    11.3000    5.097080E-03  5.280494E-03  4.581743E+01
    11.3500    5.149147E-03  5.901972E-03  4.606371E+01
    11.4000    4.724893E-03  6.550685E-03  4.631824E+01
    11.4500    3.733019E-03  7.206686E-03  4.657939E+01
    11.5000    2.158003E-03  7.851298E-03  4.684545E+01
    11.5500    7.659868E-05  8.467971E-03  4.711484E+01
    11.6000   -2.344907E-03  9.042911E-03  4.738620E+01
    11.6500   -4.872232E-03  9.565514E-03  4.765832E+01
    11.7000   -7.238318E-03  1.002864E-02  4.793024E+01
    11.7500   -9.184096E-03  1.042869E-02  4.820114E+01
    11.8000   -1.049588E-02  1.076556E-02  4.847039E+01
    11.8500   -1.103213E-02  1.104227E-02  4.873754E+01
    11.9000   -1.073558E-02  1.126449E-02  4.900234E+01
    11.9500   -9.630907E-03  1.143983E-02  4.926473E+01
    12.0000   -7.813328E-03  1.159202E-02  4.952584E+01
    12.0500   -5.408495E-03  1.173276E-02  4.978639E+01
    12.1000   -2.583098E-03  1.184948E-02  5.004573E+01
    12.1500    4.659981E-04  1.194779E-02  5.030450E+01
    12.2000    3.532037E-03  1.203111E-02  5.056345E+01
    12.2500    6.405688E-03  1.210025E-02  5.082336E+01
    12.3000    8.881667E-03  1.215350E-02  5.108496E+01
    12.3500    1.076789E-02  1.218690E-02  5.134890E+01
    12.4000    1.189930E-02  1.219485E-02  5.161567E+01
    12.4500    1.215613E-02  1.217094E-02  5.188560E+01
    12.5000    1.148405E-02  1.210868E-02  5.215888E+01
    12.5500    9.911105E-03  1.200235E-02  5.243552E+01
    12.6000    7.556489E-03  1.184761E-02  5.271543E+01
    12.6500    4.626449E-03  1.164194E-02  5.299840E+01
    12.7000    1.395814E-03  1.138497E-02  5.328416E+01
    12.7500   -1.823349E-03  1.107857E-02  5.357241E+01
    12.8000   -4.721034E-03  1.072678E-02  5.386280E+01
    12.8500   -7.029501E-03  1.033558E-02  5.415501E+01
    12.9000   -8.556906E-03  9.912591E-03  5.444872E+01
    12.9500   -9.208216E-03  9.466666E-03  5.474367E+01
    13.0000   -9.000820E-03  9.018612E-03  5.504070E+01
    13.0500   -8.025509E-03  8.582863E-03  5.534023E+01
    13.1000   -6.425880E-03  8.152118E-03  5.564071E+01
    13.1500   -4.408642E-03  7.735288E-03  5.594224E+01
    13.2000   -2.194755E-03  7.340256E-03  5.624502E+01
    13.2500    5.067030E-06  6.973552E-03  5.654939E+01
    13.3000    2.007270E-03  6.640130E-03  5.685577E+01
    13.3500    3.664477E-03  6.343241E-03  5.716457E+01
    13.4000    4.868464E-03  6.084434E-03  5.747621E+01
    13.4500    5.550091E-03  5.863632E-03  5.779097E+01
    13.5000    5.678972E-03  5.679289E-03  5.810891E+01
    13.5500    5.264355E-03  5.528567E-03  5.842987E+01
    13.6000    4.356845E-03  5.407542E-03  5.875341E+01
    13.6500    3.049017E-03  5.311401E-03  5.907882E+01
    13.7000    1.472205E-03  5.234670E-03  5.940517E+01
    13.7500   -2.127291E-04  5.171460E-03  5.973141E+01
    13.8000   -1.831299E-03  5.115765E-03  6.005636E+01
    13.8500   -3.216387E-03  5.061797E-03  6.037882E+01
    13.9000   -4.230753E-03  5.004369E-03  6.069760E+01
    13.9500   -4.786282E-03  4.939278E-03  6.101151E+01
    14.0000   -4.861085E-03  4.869485E-03  6.131980E+01
    14.0500   -4.490952E-03  4.799729E-03  6.162171E+01
    14.1000   -3.746239E-03  4.722110E-03  6.191558E+01
    14.1500   -2.738135E-03  4.639379E-03  6.220055E+01
    14.2000   -1.587184E-03  4.556117E-03  6.247603E+01
    14.2500   -4.027695E-04  4.478438E-03  6.274180E+01
    14.3000    7.308524E-04  4.413388E-03  6.299822E+01
    14.3500    1.759216E-03  4.368028E-03  6.324637E+01
    14.4000    2.653025E-03  4.348270E-03  6.348808E+01
    14.4500    3.397053E-03  4.357702E-03  6.372580E+01
    14.5000    3.977217E-03  4.396682E-03  6.396228E+01
    14.5500    4.370830E-03  4.462010E-03  6.420014E+01
    14.6000    4.543833E-03  4.547261E-03  6.444148E+01
    14.6500    4.456368E-03  4.643656E-03  6.468763E+01
    14.7000    4.075159E-03  4.741207E-03  6.493912E+01
    14.7500    3.388734E-03  4.829844E-03  6.519577E+01
    14.8000    2.420318E-03  4.900386E-03  6.545687E+01
    14.8500    1.233651E-03  4.945257E-03  6.572132E+01
    14.9000   -7.105069E-05  4.959008E-03  6.598777E+01
    14.9500   -1.370874E-03  4.938641E-03  6.625472E+01
    15.0000   -2.545815E-03  4.889572E-03  6.652107E+01
    15.0500   -3.496169E-03  4.818715E-03  6.678526E+01
    15.1000   -4.143505E-03  4.720688E-03  6.704456E+01
    15.1500   -4.464151E-03  4.603600E-03  6.729748E+01
    15.2000   -4.477685E-03  4.477689E-03  6.754287E+01
    15.2500   -4.234174E-03  4.354714E-03  6.778008E+01
    15.3000   -3.795904E-03  4.246968E-03  6.800931E+01
    15.3500   -3.219217E-03  4.165911E-03  6.823187E+01
    15.4000   -2.541852E-03  4.120521E-03  6.845027E+01
    15.4500   -1.779386E-03  4.115759E-03  6.866796E+01
    15.5000   -9.314683E-04  4.151656E-03  6.888875E+01
    15.5500    4.467130E-06  4.223404E-03  6.911610E+01
    15.6000    1.016750E-03  4.322420E-03  6.935249E+01
    15.6500    2.065959E-03  4.437937E-03  6.959926E+01
    15.7000    3.079337E-03  4.558620E-03  6.985668E+01
    15.7500    3.955888E-03  4.673825E-03  7.012421E+01
    15.8000    4.581859E-03  4.774417E-03  7.040086E+01
    15.8500    4.853199E-03  4.853200E-03  7.068537E+01
    15.9000    4.699446E-03  4.905072E-03  7.097641E+01
    15.9500    4.102771E-03  4.927010E-03  7.127265E+01
    16.0000    3.108339E-03  4.920854E-03  7.157293E+01
    16.0500    1.815876E-03  4.889696E-03  7.187615E+01
    16.1000    3.660362E-04  4.830016E-03  7.218077E+01
    16.1500   -1.077486E-03  4.746126E-03  7.248565E+01
    16.2000   -2.359849E-03  4.643473E-03  7.278973E+01
    16.2500   -3.358262E-03  4.528320E-03  7.309210E+01
    16.3000   -3.996192E-03  4.407412E-03  7.339202E+01
    16.3500   -4.246583E-03  4.287609E-03  7.368898E+01
    16.4000   -4.125208E-03  4.175501E-03  7.398279E+01
    16.4500   -3.677824E-03  4.076992E-03  7.427363E+01
    16.5000   -2.965953E-03  3.996880E-03  7.456207E+01
    16.5500   -2.055738E-03  3.938479E-03  7.484907E+01
    16.6000   -1.012473E-03  3.903347E-03  7.513584E+01
    16.6500    9.901840E-05  3.891180E-03  7.542367E+01
    16.7000    1.210359E-03  3.899895E-03  7.571379E+01
    16.7500    2.245539E-03  3.925906E-03  7.600714E+01
    16.8000    3.120431E-03  3.964510E-03  7.630430E+01
    16.8500    3.748205E-03  4.010327E-03  7.660546E+01
    16.9000    4.050756E-03  4.057713E-03  7.691045E+01
    16.9500    3.973846E-03  4.101121E-03  7.721880E+01
    17.0000    3.503095E-03  4.137423E-03  7.753009E+01
    17.0500    2.669538E-03  4.164553E-03  7.784400E+01
    17.1000    1.550659E-03  4.173781E-03  7.815917E+01
    17.1500    2.711098E-04  4.161744E-03  7.847463E+01
    17.2000   -1.018951E-03  4.126114E-03  7.878935E+01
    17.2500   -2.168041E-03  4.065710E-03  7.910225E+01
    17.3000   -3.048595E-03  3.980587E-03  7.941220E+01
    17.3500   -3.577473E-03  3.872106E-03  7.971799E+01
    17.4000   -3.727043E-03  3.742966E-03  8.001834E+01
    17.4500   -3.524575E-03  3.597212E-03  8.031191E+01
    17.5000   -3.040656E-03  3.440186E-03  8.059735E+01
    17.5500   -2.370092E-03  3.278404E-03  8.087336E+01
    17.6000   -1.610461E-03  3.119316E-03  8.113890E+01
    17.6500   -8.437467E-04  2.970891E-03  8.139344E+01
    17.7000   -1.252476E-04  2.840954E-03  8.163731E+01
    17.7500    5.183692E-04  2.736298E-03  8.187200E+01
    17.8000    1.082652E-03  2.661641E-03  8.210031E+01
    17.8500    1.573659E-03  2.618751E-03  8.232606E+01
    17.9000    1.995255E-03  2.606069E-03  8.255341E+01
    17.9500    2.339638E-03  2.619048E-03  8.278608E+01
    18.0000    2.583416E-03  2.650420E-03  8.302687E+01
    18.0500    2.691737E-03  2.692581E-03  8.327725E+01
    18.1000    2.630056E-03  2.740494E-03  8.353706E+01
    18.1500    2.371310E-03  2.787811E-03  8.380588E+01
    18.2000    1.908440E-03  2.829387E-03  8.408271E+01
    18.2500    1.261890E-03  2.861469E-03  8.436630E+01
    18.3000    4.809725E-04  2.881695E-03  8.465531E+01
    18.3500   -3.614178E-04  2.888981E-03  8.494843E+01
    18.4000   -1.179466E-03  2.883358E-03  8.524443E+01
    18.4500   -1.887839E-03  2.865778E-03  8.554216E+01
    18.5000   -2.414688E-03  2.837912E-03  8.584064E+01
    18.5500   -2.711473E-03  2.801950E-03  8.613898E+01
    18.6000   -2.757892E-03  2.760405E-03  8.643647E+01
    18.6500   -2.561597E-03  2.715923E-03  8.673253E+01
    18.7000   -2.153654E-03  2.671108E-03  8.702676E+01
    18.7500   -1.581537E-03  2.628357E-03  8.731894E+01
    18.8000   -9.015929E-04  2.589730E-03  8.760901E+01
    18.8500   -1.725631E-04  2.556841E-03  8.789705E+01
    18.9000    5.490532E-04  2.530796E-03  8.818328E+01
    18.9500    1.211816E-03  2.512179E-03  8.846796E+01
    19.0000    1.771608E-03  2.502533E-03  8.875115E+01
    19.0500    2.194335E-03  2.504432E-03  8.903247E+01
    19.1000    2.451911E-03  2.514094E-03  8.931252E+01
    19.1500    2.527102E-03  2.531081E-03  8.959147E+01
    19.2000    2.413603E-03  2.554838E-03  8.986945E+01
    19.2500    2.116915E-03  2.584804E-03  9.014655E+01
    19.3000    1.654634E-03  2.620481E-03  9.042280E+01
    19.3500    1.055851E-03  2.661498E-03  9.069825E+01
    19.4000    3.595687E-04  2.707623E-03  9.097299E+01
    19.4500   -3.876520E-04  2.758736E-03  9.124717E+01
    19.5000   -1.134456E-03  2.814771E-03  9.152102E+01
    19.5500   -1.827505E-03  2.875614E-03  9.179487E+01
    19.6000   -2.414181E-03  2.941000E-03  9.206912E+01
    19.6500   -2.845280E-03  3.010390E-03  9.234425E+01
    19.7000   -3.078012E-03  3.082887E-03  9.262074E+01
    19.7500   -3.079646E-03  3.157168E-03  9.289904E+01
    19.8000   -2.831858E-03  3.231475E-03  9.317958E+01
    19.8500   -2.335415E-03  3.303649E-03  9.346265E+01
    19.9000   -1.614260E-03  3.371211E-03  9.374845E+01
    19.9500   -7.176959E-04  3.431482E-03  9.403707E+01