# # tequil.ion_motion                                            FEFF 9.05   
# # POT  SCF  30  5.5000   1, core-hole, AFOLP (folp(0)= 1.150)
# # Abs   Z=30 Rmt= 1.311 Rnm= 1.422 K  shell
# # Pot 1 Z=26 Rmt= 1.286 Rnm= 1.396
# # Pot 2 Z= 8 Rmt= 0.987 Rnm= 1.074
# # Gam_ch=1.897E+00 H-L exch
# # Mu=-1.158E+01 kf=2.196E+00 Vint=-1.920E+01 Rs_int= 1.652
# # PATH  Rmax= 8.500,  Keep_limit= 0.00, Heap_limit 0.00  Pwcrit= 2.50%
#  S02=1.000                                        Global_sig2= 0.00000
#  Energy zero shift, vr, vi   -2.00000E+00   0.00000E+00
#  Curved wave amplitude ratio filter   4.000%
#     file         sig2 tot  cw amp ratio   deg  nlegs   reff  inp sig2
#           1       0.00000    100.00      1.00     2   1.9187
#           2       0.00000     92.62      1.00     2   1.9773
#           3       0.00000     80.48      1.00     2   2.0891
#           4       0.00000     59.29      1.00     2   2.3523
#           5       0.00000     57.72      1.00     2   2.3768
#           6       0.00000     57.18      1.00     2   2.3853
#           7       0.00000     35.21      1.00     2   2.7997
#           8       0.00000     30.99      1.00     2   2.9678
#           9       0.00000     30.64      1.00     2   2.9829
#          10       0.00000     27.69      1.00     2   3.1195
#          11       0.00000     24.98      1.00     2   3.2610
#          12       0.00000     24.75      1.00     2   3.2739
#          13       0.00000     23.83      1.00     2   3.3267
#          14       0.00000     10.18      2.00     3   3.3590
#          15       0.00000     22.61      1.00     2   3.3803
#          16       0.00000     22.15      1.00     2   3.4060
#          17       0.00000     21.62      1.00     2   3.4364
#          18       0.00000     21.35      1.00     2   3.4518
#          19       0.00000     20.72      1.00     2   3.4898
#          20       0.00000      9.59      2.00     3   3.5072
#          21       0.00000      9.51      2.00     3   3.5109
#          22       0.00000      7.46      2.00     3   3.5311
#          23       0.00000      8.46      2.00     3   3.5420
#          24       0.00000     19.79      1.00     2   3.5488
#          25       0.00000     20.22      1.00     2   3.5604
#          26       0.00000      9.36      2.00     3   3.5912
#          27       0.00000      6.81      2.00     3   3.5994
#          28       0.00000     14.52      2.00     3   3.6002
#          29       0.00000      8.23      2.00     3   3.6059
#          30       0.00000     14.36      2.00     3   3.6073
#          31       0.00000      7.08      2.00     3   3.6486
#          32       0.00000      8.02      2.00     3   3.6517
#          33       0.00000     14.26      2.00     3   3.6603
#          34       0.00000      8.16      2.00     3   3.6952
#          35       0.00000      6.61      2.00     3   3.6967
#          36       0.00000     18.28      1.00     2   3.7078
#          37       0.00000      9.14      2.00     3   3.7104
#          38       0.00000      7.51      2.00     3   3.7135
#          39       0.00000     17.69      2.00     3   3.7182
#          40       0.00000      7.63      2.00     3   3.7261
#          41       0.00000     18.00      1.00     2   3.7308
#          42       0.00000      6.80      2.00     3   3.7518
#          43       0.00000      6.55      2.00     3   3.7629
#          44       0.00000      6.04      2.00     3   3.7637
#          45       0.00000     16.53      1.00     2   3.7859
#          46       0.00000      5.56      2.00     3   3.8315
#          47       0.00000     10.29      1.00     4   3.8373
#          48       0.00000      7.07      1.00     4   3.8761
#          49       0.00000     16.31      1.00     2   3.8788
#          51       0.00000     15.91      1.00     2   3.9164
#          52       0.00000     15.03      1.00     2   3.9160
#          53       0.00000     15.89      1.00     2   3.9177
#          54       0.00000      5.90      1.00     4   3.9183
#          55       0.00000      4.06      1.00     4   3.9394
#          56       0.00000      4.06      1.00     4   3.9406
#          57       0.00000      8.77      1.00     4   3.9546
#          58       0.00000     14.43      1.00     2   3.9737
#          59       0.00000     11.76      2.00     3   3.9798
#          60       0.00000      9.50      2.00     3   3.9861
#          62       0.00000      8.45      2.00     3   4.0337
#          63       0.00000      4.41      1.00     4   4.0388
#          64       0.00000      4.67      1.00     4   4.0466
#          65       0.00000      7.90      2.00     3   4.0527
#          67       0.00000     13.17      2.00     3   4.0765
#          68       0.00000      7.82      2.00     3   4.1116
#          69       0.00000     10.89      2.00     3   4.1226
#          70       0.00000     11.33      2.00     3   4.1242
#          71       0.00000      6.59      1.00     4   4.1782
#          72       0.00000      6.91      2.00     3   4.2252
#          73       0.00000     18.54      2.00     3   4.2262
#          75       0.00000      6.58      2.00     3   4.2354
#          76       0.00000      4.93      1.00     4   4.2365
#          77       0.00000      6.26      2.00     3   4.2396
#          78       0.00000      6.64      2.00     3   4.2633
#          79       0.00000      7.85      2.00     3   4.2823
#          80       0.00000     13.24      2.00     4   4.2954
#          81       0.00000     18.42      2.00     3   4.3142
#          82       0.00000      6.46      2.00     3   4.3171
#          84       0.00000     11.25      1.00     2   4.3344
#          85       0.00000     15.16      2.00     3   4.3497
#          86       0.00000     11.13      1.00     2   4.3511
#          87       0.00000     13.89      2.00     4   4.3626
#          89       0.00000     10.94      1.00     2   4.3774
#          90       0.00000     24.33      2.00     3   4.3977
#          91       0.00000      9.73      2.00     4   4.4414
#          92       0.00000      7.05      2.00     3   4.4471
#          93       0.00000     10.42      1.00     2   4.4509
#          94       0.00000     10.41      1.00     2   4.4519
#          95       0.00000     15.08      1.00     4   4.4609
#          96       0.00000     21.08      2.00     3   4.4620
#          97       0.00000     10.27      1.00     2   4.4732
#          98       0.00000     10.26      1.00     2   4.4741
#          99       0.00000      5.98      2.00     3   4.4958
#         100       0.00000     10.00      1.00     2   4.5139
#         101       0.00000      9.95      1.00     2   4.5215
#         102       0.00000     12.34      1.00     4   4.5466
#         103       0.00000      9.77      1.00     2   4.5502
#         104       0.00000      4.59      2.00     3   4.5608
#         105       0.00000      9.66      1.00     2   4.5679
#         106       0.00000     16.85      2.00     3   4.5715
#         107       0.00000      4.86      2.00     3   4.5874
#         108       0.00000      9.49      1.00     2   4.5955
#         109       0.00000      9.07      1.00     2   4.6661
#         110       0.00000     16.87      2.00     3   4.6673
#         111       0.00000      4.40      2.00     3   4.6761
#         112       0.00000     11.29      2.00     3   4.6842
#         113       0.00000      4.15      2.00     3   4.6854
#         114       0.00000      9.14      1.00     4   4.6911
#         115       0.00000     14.15      2.00     3   4.6931
#         116       0.00000      4.23      2.00     3   4.7002
#         118       0.00000      4.19      2.00     3   4.7055
#         119       0.00000      4.69      2.00     3   4.7089
#         120       0.00000     11.78      2.00     3   4.7128
#         121       0.00000      6.83      2.00     3   4.7354
#         122       0.00000      6.77      2.00     3   4.7384
#         123       0.00000      8.60      1.00     2   4.7513
#         125       0.00000      8.55      1.00     2   4.7609
#         126       0.00000      6.84      2.00     3   4.7629
#         127       0.00000      9.30      1.00     4   4.7667
#         130       0.00000      6.98      2.00     3   4.7845
#         131       0.00000      4.28      2.00     3   4.7869
#         132       0.00000      8.39      1.00     2   4.7919
#         133       0.00000      7.02      2.00     3   4.8045
#         134       0.00000      4.18      2.00     3   4.8056
#         135       0.00000     10.15      2.00     3   4.8116
#         136       0.00000     12.06      2.00     3   4.8262
#         137       0.00000      7.35      1.00     4   4.8361
#         138       0.00000      6.58      2.00     3   4.8436
#         139       0.00000      8.11      1.00     2   4.8455
#         140       0.00000      8.03      1.00     2   4.8622
#         141       0.00000      7.91      2.00     3   4.8640
#         142       0.00000      5.57      2.00     3   4.8647
#         143       0.00000      6.15      2.00     3   4.8667
#         144       0.00000      7.17      2.00     3   4.8704
#         146       0.00000      6.49      2.00     3   4.8799
#         149       0.00000      5.19      1.00     4   4.8944
#         150       0.00000      5.53      1.00     4   4.9041
#         151       0.00000      5.19      2.00     3   4.9130
#         154       0.00000      6.42      2.00     3   4.9342
#         157       0.00000      4.20      2.00     4   4.9603
#         158       0.00000      8.30      1.00     2   4.9834
#         159       0.00000      5.92      1.00     4   4.9863
#         160       0.00000      4.58      1.00     4   5.0278
#         162       0.00000      7.47      2.00     3   5.0584
#         163       0.00000      7.10      1.00     2   5.0660
#         164       0.00000     17.74      2.00     3   5.0678
#         165       0.00000      6.48      2.00     3   5.0689
#         166       0.00000     11.13      1.00     4   5.0695
#         167       0.00000      7.84      1.00     2   5.0836
#         169       0.00000      6.26      2.00     3   5.0874
#         170       0.00000      7.82      1.00     2   5.0881
#         171       0.00000      9.70      2.00     3   5.0903
#         172       0.00000      7.78      1.00     2   5.0989
#         173       0.00000      7.60      2.00     3   5.1103
#         176       0.00000      7.66      1.00     2   5.1268
#         179       0.00000      6.71      1.00     2   5.1625
#         180       0.00000      6.06      2.00     3   5.1660
#         181       0.00000      7.61      2.00     3   5.1879
#         182       0.00000      4.50      1.00     4   5.1971
#         183       0.00000      7.32      1.00     2   5.2077
#         185       0.00000      7.91      2.00     3   5.2220
#         186       0.00000      6.67      2.00     3   5.2340
#         187       0.00000      7.17      1.00     2   5.2457
#         188       0.00000      6.39      1.00     2   5.2453
#         190       0.00000      5.67      2.00     3   5.2551
#         191       0.00000      4.92      2.00     3   5.2582
#         192       0.00000      6.34      1.00     2   5.2592
#         194       0.00000     15.33      2.00     3   5.2608
#         195       0.00000      9.33      1.00     4   5.2625
#         196       0.00000      6.31      1.00     2   5.2677
#         197       0.00000     14.86      2.00     3   5.2743
#         198       0.00000      8.89      1.00     4   5.2810
#         199       0.00000      6.45      2.00     3   5.2937
#         200       0.00000      4.40      2.00     4   5.2989
#         201       0.00000      8.02      2.00     3   5.3049
#         202       0.00000      7.07      2.00     3   5.3081
#         203       0.00000      6.13      1.00     2   5.3170
#         205       0.00000      6.87      1.00     2   5.3258
#         206       0.00000      4.68      2.00     3   5.3405
#         211       0.00000      6.73      1.00     2   5.3629
#         215       0.00000      4.97      2.00     3   5.3998
#         217       0.00000      5.41      2.00     3   5.4045
#         218       0.00000      4.07      2.00     4   5.4137
#         222       0.00000      7.21      2.00     3   5.4274
#         224       0.00000      6.57      2.00     3   5.4427
#         229       0.00000      5.98      2.00     3   5.4904
#         230       0.00000      4.49      2.00     4   5.4950
#         231       0.00000      5.53      1.00     2   5.4990
#         232       0.00000      5.51      1.00     2   5.5050
#         233       0.00000      4.03      2.00     3   5.5301
#         234       0.00000      5.41      1.00     2   5.5393
#         235       0.00000      5.39      1.00     2   5.5459
#         238       0.00000      4.00      2.00     3   5.5648
#         240       0.00000      5.31      1.00     2   5.5704
#         241       0.00000      5.31      1.00     2   5.5709
#         242       0.00000      4.43      2.00     3   5.5712
#         246       0.00000      5.39      2.00     3   5.6073
#         250       0.00000      5.85      1.00     2   5.6278
#         251       0.00000      4.78      2.00     3   5.6429
#         254       0.00000      4.36      2.00     3   5.6549
#         257       0.00000      5.74      1.00     2   5.6657
#         262       0.00000      5.23      2.00     3   5.7019
#         264       0.00000      4.35      2.00     3   5.7131
#         266       0.00000      4.83      2.00     3   5.7157
#         267       0.00000      4.63      2.00     3   5.7255
#         268       0.00000      6.82      2.00     3   5.7270
#         269       0.00000      6.21      2.00     3   5.7325
#         270       0.00000      5.34      2.00     3   5.7354
#         272       0.00000      5.50      1.00     2   5.7463
#         275       0.00000      4.02      2.00     4   5.7651
#         277       0.00000      4.30      2.00     3   5.7832
#         278       0.00000      6.02      2.00     3   5.7832
#         282       0.00000      5.36      1.00     2   5.7959
#         287       0.00000      4.23      2.00     3   5.8150
#         288       0.00000      4.73      2.00     3   5.8151
#         293       0.00000      5.18      1.00     2   5.8668
#         294       0.00000      4.15      2.00     3   5.8708
#         298       0.00000      5.11      1.00     2   5.8910
#         300       0.00000      4.92      2.00     3   5.8933
#         305       0.00000      4.43      1.00     2   5.9032
#         307       0.00000      4.40      1.00     2   5.9155
#         310       0.00000      5.02      1.00     2   5.9285
#         311       0.00000      5.00      1.00     2   5.9345
#         316       0.00000      5.32      2.00     3   5.9558
#         317       0.00000      4.55      2.00     3   5.9602
#   225/ 280 paths used
#  -----------------------------------------------------------------------
#       k          chi          mag           phase @#
    -0.7000   -4.178443E-01  4.642526E-01 -1.119853E+00
    -0.6500   -3.830169E-01  4.260157E-01 -1.117635E+00
    -0.6000   -3.620862E-01  4.015397E-01 -1.123788E+00
    -0.5500   -3.491739E-01  3.857183E-01 -1.131982E+00
    -0.5000   -3.423831E-01  3.768904E-01 -1.139542E+00
    -0.4500   -3.391428E-01  3.724609E-01 -1.144603E+00
    -0.4000   -3.384528E-01  3.712543E-01 -1.147273E+00
    -0.3500   -3.386533E-01  3.716116E-01 -1.146454E+00
    -0.3000   -3.397481E-01  3.732133E-01 -1.144086E+00
    -0.2500   -3.411501E-01  3.753289E-01 -1.140726E+00
    -0.2000   -3.425269E-01  3.774898E-01 -1.137009E+00
    -0.1500   -3.437180E-01  3.794605E-01 -1.133281E+00
    -0.1000   -3.446351E-01  3.810230E-01 -1.130204E+00
    -0.0500   -3.452061E-01  3.820129E-01 -1.128218E+00
     0.0000   -3.453994E-01  3.823512E-01 -1.127532E+00
     0.0500   -3.455940E-01  3.826934E-01 -1.126834E+00
     0.1000   -3.461849E-01  3.837434E-01 -1.124672E+00
     0.1500   -3.471886E-01  3.855667E-01 -1.120833E+00
     0.2000   -3.486175E-01  3.882591E-01 -1.114974E+00
     0.2500   -3.504591E-01  3.919282E-01 -1.106623E+00
     0.3000   -3.526520E-01  3.966726E-01 -1.095212E+00
     0.3500   -3.551303E-01  4.026927E-01 -1.079854E+00
     0.4000   -3.578833E-01  4.104924E-01 -1.058944E+00
     0.4500   -3.603172E-01  4.196578E-01 -1.032528E+00
     0.5000   -3.619093E-01  4.300960E-01 -9.999827E-01
     0.5500   -3.621490E-01  4.420806E-01 -9.600011E-01
     0.6000   -3.602600E-01  4.560189E-01 -9.108272E-01
     0.6500   -3.548466E-01  4.707515E-01 -8.538071E-01
     0.7000   -3.447984E-01  4.863025E-01 -7.881081E-01
     0.7500   -3.285351E-01  5.033684E-01 -7.111076E-01
     0.8000   -3.048181E-01  5.201587E-01 -6.261257E-01
     0.8500   -2.722575E-01  5.371608E-01 -5.315213E-01
     0.9000   -2.294254E-01  5.541607E-01 -4.268497E-01
     0.9500   -1.766049E-01  5.695688E-01 -3.152643E-01
     1.0000   -1.118996E-01  5.846110E-01 -1.925971E-01
     1.0500   -3.773622E-02  5.974159E-01 -6.320783E-02
     1.1000    4.481291E-02  6.080847E-01  7.376205E-02
     1.1500    1.338380E-01  6.164906E-01  2.188391E-01
     1.2000    2.238009E-01  6.214450E-01  3.684071E-01
     1.2500    3.137678E-01  6.239444E-01  5.269250E-01
     1.3000    3.955640E-01  6.224809E-01  6.886089E-01
     1.3500    4.668296E-01  6.177593E-01  8.566948E-01
     1.4000    5.217194E-01  6.092215E-01  1.028199E+00
     1.4500    5.572539E-01  5.970810E-01  1.203488E+00
     1.5000    5.711614E-01  5.814637E-01  1.382274E+00
     1.5500    5.624304E-01  5.624504E-01  1.562369E+00
     1.6000    5.322646E-01  5.405062E-01  1.745649E+00
     1.6500    4.833555E-01  5.158899E-01  1.927837E+00
     1.7000    4.190826E-01  4.891424E-01  2.112619E+00
     1.7500    3.453167E-01  4.608253E-01  2.294522E+00
     1.8000    2.660401E-01  4.313121E-01  2.476902E+00
     1.8500    1.875932E-01  4.015121E-01  2.655452E+00
     1.9000    1.122635E-01  3.714548E-01  2.834565E+00
     1.9500    4.486273E-02  3.421325E-01  3.010087E+00
     2.0000   -1.201408E-02  3.144571E-01  3.179808E+00
     2.0500   -5.818624E-02  2.888968E-01  3.344388E+00
     2.1000   -9.376815E-02  2.644032E-01  3.504122E+00
     2.1500   -1.194277E-01  2.411495E-01  3.659708E+00
     2.2000   -1.376038E-01  2.206066E-01  3.815126E+00
     2.2500   -1.495722E-01  2.022562E-01  3.973947E+00
     2.3000   -1.554496E-01  1.849780E-01  4.139555E+00
     2.3500   -1.538706E-01  1.668409E-01  4.315478E+00
     2.4000   -1.450901E-01  1.483268E-01  4.503099E+00
     2.4500   -1.289956E-01  1.290026E-01  4.702010E+00
     2.5000   -1.066809E-01  1.087727E-01  4.908819E+00
     2.5500   -8.285214E-02  8.854918E-02  5.073054E+00
     2.6000   -6.073752E-02  6.872660E-02  5.199357E+00
     2.6500   -4.366596E-02  5.086641E-02  5.250957E+00
     2.7000   -3.330924E-02  3.703903E-02  5.165016E+00
     2.7500   -2.892003E-02  3.026264E-02  5.011378E+00
     2.8000   -2.874595E-02  2.885045E-02  4.797528E+00
     2.8500   -3.205540E-02  3.212690E-02  4.645663E+00
     2.9000   -3.772310E-02  3.791671E-02  4.611290E+00
     2.9500   -4.417720E-02  4.423458E-02  4.661447E+00
     3.0000   -5.029746E-02  5.037281E-02  4.767092E+00
     3.0500   -5.482544E-02  5.588930E-02  4.907816E+00
     3.1000   -5.668770E-02  6.052972E-02  5.070597E+00
     3.1500   -5.511363E-02  6.409546E-02  5.248174E+00
     3.2000   -4.978293E-02  6.653954E-02  5.437885E+00
     3.2500   -4.094417E-02  6.782111E-02  5.635041E+00
     3.3000   -2.941836E-02  6.793448E-02  5.835322E+00
     3.3500   -1.624877E-02  6.698040E-02  6.038151E+00
     3.4000   -2.573492E-03  6.500495E-02  6.243586E+00
     3.4500    1.020685E-02  6.208480E-02  6.448337E+00
     3.5000    2.095018E-02  5.836465E-02  6.650332E+00
     3.5500    2.892464E-02  5.401286E-02  6.848301E+00
     3.6000    3.374170E-02  4.915741E-02  7.039714E+00
     3.6500    3.543773E-02  4.398569E-02  7.219982E+00
     3.7000    3.453504E-02  3.872341E-02  7.384579E+00
     3.7500    3.175922E-02  3.353133E-02  7.527419E+00
     3.8000    2.799733E-02  2.865818E-02  7.638812E+00
     3.8500    2.426619E-02  2.451487E-02  7.711423E+00
     3.9000    2.120608E-02  2.133867E-02  7.742446E+00
     3.9500    1.914127E-02  1.927096E-02  7.737900E+00
     4.0000    1.817760E-02  1.834851E-02  7.717388E+00
     4.0500    1.822034E-02  1.839746E-02  7.715108E+00
     4.1000    1.889635E-02  1.900184E-02  7.748562E+00
     4.1500    1.978980E-02  1.980473E-02  7.815140E+00
     4.2000    2.062403E-02  2.064875E-02  7.902923E+00
     4.2500    2.108770E-02  2.134886E-02  8.010556E+00
     4.3000    2.102746E-02  2.185510E-02  8.130064E+00
     4.3500    2.046674E-02  2.222908E-02  8.254859E+00
     4.4000    1.959689E-02  2.267251E-02  8.380929E+00
     4.4500    1.822779E-02  2.305706E-02  8.513069E+00
     4.5000    1.634130E-02  2.340333E-02  8.651833E+00
     4.5500    1.390554E-02  2.373045E-02  8.798691E+00
     4.6000    1.090015E-02  2.412285E-02  8.955929E+00
     4.6500    7.196457E-03  2.439225E-02  9.125291E+00
     4.7000    2.863292E-03  2.443110E-02  9.307309E+00
     4.7500   -1.829805E-03  2.415524E-02  9.500602E+00
     4.8000   -6.522588E-03  2.364203E-02  9.704293E+00
     4.8500   -1.070377E-02  2.268910E-02  9.916062E+00
     4.9000   -1.385193E-02  2.127302E-02  1.013388E+01
     4.9500   -1.556147E-02  1.940123E-02  1.035556E+01
     5.0000   -1.569419E-02  1.715980E-02  1.057927E+01
     5.0500   -1.423402E-02  1.451120E-02  1.079981E+01
     5.1000   -1.152067E-02  1.152180E-02  1.100958E+01
     5.1500   -8.129807E-03  8.286023E-03  1.119006E+01
     5.2000   -4.802171E-03  4.992192E-03  1.127237E+01
     5.2500   -2.193491E-03  2.224515E-03  1.082837E+01
     5.3000   -8.615583E-04  3.265090E-03  9.691810E+00
     5.3500   -1.120534E-03  6.433719E-03  9.599837E+00
     5.4000   -3.035487E-03  9.721655E-03  9.742328E+00
     5.4500   -6.315219E-03  1.286786E-02  9.937757E+00
     5.5000   -1.048476E-02  1.578420E-02  1.015128E+01
     5.5500   -1.494832E-02  1.842185E-02  1.037140E+01
     5.6000   -1.915902E-02  2.080846E-02  1.059473E+01
     5.6500   -2.255328E-02  2.291845E-02  1.081682E+01
     5.7000   -2.474139E-02  2.476214E-02  1.103651E+01
     5.7500   -2.549165E-02  2.636307E-02  1.125340E+01
     5.8000   -2.477324E-02  2.783467E-02  1.146899E+01
     5.8500   -2.253886E-02  2.915409E-02  1.168267E+01
     5.9000   -1.886535E-02  3.033564E-02  1.189522E+01
     5.9500   -1.389797E-02  3.138916E-02  1.210769E+01
     6.0000   -7.772097E-03  3.245963E-02  1.232458E+01
     6.0500   -7.482595E-04  3.341119E-02  1.254397E+01
     6.1000    6.771744E-03  3.418639E-02  1.276577E+01
     6.1500    1.427940E-02  3.474171E-02  1.298994E+01
     6.2000    2.119241E-02  3.503402E-02  1.321602E+01
     6.2500    2.692536E-02  3.502676E-02  1.344319E+01
     6.3000    3.098172E-02  3.469557E-02  1.367025E+01
     6.3500    3.304540E-02  3.403311E-02  1.389566E+01
     6.4000    3.304668E-02  3.305305E-02  1.411754E+01
     6.4500    3.118119E-02  3.179306E-02  1.433367E+01
     6.5000    2.794429E-02  3.045709E-02  1.454622E+01
     6.5500    2.374836E-02  2.900690E-02  1.474880E+01
     6.6000    1.916173E-02  2.752417E-02  1.493790E+01
     6.6500    1.467207E-02  2.614426E-02  1.511213E+01
     6.7000    1.055878E-02  2.500621E-02  1.527204E+01
     6.7500    6.854851E-03  2.422846E-02  1.542112E+01
     6.8000    3.381167E-03  2.387923E-02  1.556589E+01
     6.8500   -1.564912E-04  2.395443E-02  1.571450E+01
     6.9000   -4.035510E-03  2.437660E-02  1.587428E+01
     6.9500   -8.387881E-03  2.501671E-02  1.604988E+01
     7.0000   -1.318372E-02  2.578733E-02  1.624460E+01
     7.0500   -1.802383E-02  2.650537E-02  1.645574E+01
     7.1000   -2.233487E-02  2.703081E-02  1.668042E+01
     7.1500   -2.549700E-02  2.727210E-02  1.691597E+01
     7.2000   -2.697499E-02  2.716768E-02  1.715959E+01
     7.2500   -2.646059E-02  2.668503E-02  1.740855E+01
     7.3000   -2.396352E-02  2.581882E-02  1.766017E+01
     7.3500   -1.982544E-02  2.458853E-02  1.791171E+01
     7.4000   -1.465221E-02  2.303622E-02  1.816019E+01
     7.4500   -9.182046E-03  2.122444E-02  1.840216E+01
     7.5000   -4.167268E-03  1.929378E-02  1.863185E+01
     7.5500   -9.230480E-05  1.731044E-02  1.884422E+01
     7.6000    2.814368E-03  1.536812E-02  1.903373E+01
     7.6500    4.596522E-03  1.360167E-02  1.919428E+01
     7.7000    5.536291E-03  1.215162E-02  1.932260E+01
     7.7500    6.042306E-03  1.113653E-02  1.942305E+01
     7.8000    6.515180E-03  1.060656E-02  1.951100E+01
     7.8500    7.228770E-03  1.050741E-02  1.960824E+01
     7.9000    8.259139E-03  1.069685E-02  1.973171E+01
     7.9500    9.477851E-03  1.100433E-02  1.988735E+01
     8.0000    1.064357E-02  1.131524E-02  2.007407E+01
     8.0500    1.140013E-02  1.150602E-02  2.028458E+01
     8.1000    1.145067E-02  1.149826E-02  2.051137E+01
     8.1500    1.066426E-02  1.126535E-02  2.074849E+01
     8.2000    9.095491E-03  1.080674E-02  2.099082E+01
     8.2500    6.968918E-03  1.014195E-02  2.123361E+01
     8.3000    4.616354E-03  9.305974E-03  2.147209E+01
     8.3500    2.388198E-03  8.345795E-03  2.170094E+01
     8.4000    5.663497E-04  7.317673E-03  2.191368E+01
     8.4500   -6.962875E-04  6.285145E-03  2.210216E+01
     8.5000   -1.405079E-03  5.341137E-03  2.225735E+01
     8.5500   -1.685467E-03  4.546825E-03  2.237090E+01
     8.6000   -1.716034E-03  3.945335E-03  2.244113E+01
     8.6500   -1.676604E-03  3.561212E-03  2.248134E+01
     8.7000   -1.690438E-03  3.365169E-03  2.251744E+01
     8.7500   -1.798949E-03  3.283133E-03  2.257104E+01
     8.8000   -1.970611E-03  3.234975E-03  2.264615E+01
     8.8500   -2.137343E-03  3.168636E-03  2.273148E+01
     8.9000   -2.242425E-03  3.074500E-03  2.280854E+01
     8.9500   -2.280526E-03  2.988862E-03  2.285910E+01
     9.0000   -2.314150E-03  2.980817E-03  2.288000E+01
     9.0500   -2.450936E-03  3.141544E-03  2.288608E+01
     9.1000   -2.816144E-03  3.533322E-03  2.291350E+01
     9.1500   -3.491653E-03  4.144361E-03  2.299307E+01
     9.2000   -4.464450E-03  4.916074E-03  2.312995E+01
     9.2500   -5.603191E-03  5.779735E-03  2.331415E+01
     9.3000   -6.671076E-03  6.673851E-03  2.353311E+01
     9.3500   -7.374334E-03  7.547486E-03  2.377656E+01
     9.4000   -7.434049E-03  8.359586E-03  2.403696E+01
     9.4500   -6.661205E-03  9.078107E-03  2.430889E+01
     9.5000   -5.009388E-03  9.688068E-03  2.458932E+01
     9.5500   -2.595386E-03  1.017391E-02  2.487479E+01
     9.6000    3.074358E-04  1.052223E-02  2.516196E+01
     9.6500    3.335617E-03  1.073450E-02  2.544871E+01
     9.7000    6.113217E-03  1.082045E-02  2.573314E+01
     9.7500    8.327755E-03  1.079767E-02  2.601355E+01
     9.8000    9.783319E-03  1.069092E-02  2.628851E+01
     9.8500    1.041789E-02  1.053080E-02  2.655697E+01
     9.9000    1.028351E-02  1.035184E-02  2.681850E+01
     9.9500    9.499676E-03  1.018942E-02  2.707359E+01
    10.0000    8.213207E-03  1.009756E-02  2.732439E+01
    10.0500    6.513911E-03  1.010277E-02  2.757362E+01
    10.1000    4.433866E-03  1.020041E-02  2.782466E+01
    10.1500    1.991509E-03  1.039067E-02  2.808148E+01
    10.2000   -7.788200E-04  1.066103E-02  2.834745E+01
    10.2500   -3.773550E-03  1.098942E-02  2.862485E+01
    10.3000   -6.780788E-03  1.134844E-02  2.891472E+01
    10.3500   -9.475230E-03  1.170934E-02  2.921713E+01
    10.4000   -1.145700E-02  1.204490E-02  2.953141E+01
    10.4500   -1.233030E-02  1.233110E-02  2.985652E+01
    10.5000   -1.180378E-02  1.254791E-02  3.019125E+01
    10.5500   -9.785191E-03  1.267937E-02  3.053435E+01
    10.6000   -6.441095E-03  1.271342E-02  3.088465E+01
    10.6500   -2.199763E-03  1.264147E-02  3.124102E+01
    10.7000    2.310606E-03  1.245800E-02  3.160248E+01
    10.7500    6.378430E-03  1.216021E-02  3.196809E+01
    10.8000    9.354359E-03  1.174766E-02  3.233704E+01
    10.8500    1.079072E-02  1.122210E-02  3.270855E+01
    10.9000    1.053936E-02  1.058731E-02  3.308194E+01
    10.9500    8.781972E-03  9.849074E-03  3.345653E+01
    11.0000    5.993364E-03  9.032613E-03  3.383200E+01
    11.0500    2.792504E-03  8.145018E-03  3.420757E+01
    11.1000   -1.754983E-04  7.176422E-03  3.458198E+01
    11.1500   -2.370776E-03  6.139456E-03  3.495398E+01
    11.2000   -3.492938E-03  5.048797E-03  3.532155E+01
    11.2500   -3.534806E-03  3.921230E-03  3.568063E+01
    11.3000   -2.760214E-03  2.776195E-03  3.602097E+01
    11.3500   -1.613968E-03  1.639489E-03  3.630499E+01
    11.4000   -5.897230E-04  5.926539E-04  3.622781E+01
    11.4500   -9.191191E-05  7.450713E-04  3.468119E+01
    11.5000   -3.283739E-04  1.729790E-03  3.474851E+01
    11.5500   -1.260999E-03  2.685853E-03  3.504624E+01
    11.6000   -2.625323E-03  3.559102E-03  3.538708E+01
    11.6500   -4.011191E-03  4.329161E-03  3.574266E+01
    11.7000   -4.980549E-03  4.981945E-03  3.610464E+01
    11.7500   -5.189362E-03  5.507184E-03  3.646971E+01
    11.8000   -4.480835E-03  5.898116E-03  3.683625E+01
    11.8500   -2.926109E-03  6.151510E-03  3.720338E+01
    11.9000   -8.036569E-04  6.267684E-03  3.757054E+01
    11.9500    1.474671E-03  6.250456E-03  3.793729E+01
    12.0000    3.479736E-03  6.118304E-03  3.830409E+01
    12.0500    4.859627E-03  5.885126E-03  3.867064E+01
    12.1000    5.396545E-03  5.548544E-03  3.903530E+01
    12.1500    5.081125E-03  5.122642E-03  3.939731E+01
    12.2000    4.088970E-03  4.623383E-03  3.975547E+01
    12.2500    2.721606E-03  4.068198E-03  4.010785E+01
    12.3000    1.320237E-03  3.475679E-03  4.045107E+01
    12.3500    1.768217E-04  2.865603E-03  4.077896E+01
    12.4000   -5.339423E-04  2.259889E-03  4.107923E+01
    12.4500   -7.852902E-04  1.686333E-03  4.132511E+01
    12.5000   -6.864275E-04  1.191482E-03  4.145467E+01
    12.5500   -4.344238E-04  8.764660E-04  4.135929E+01
    12.6000   -2.457169E-04  8.816688E-04  4.112314E+01
    12.6500   -2.873687E-04  1.144923E-03  4.109441E+01
    12.7000   -6.269168E-04  1.492902E-03  4.127407E+01
    12.7500   -1.213422E-03  1.845128E-03  4.155838E+01
    12.8000   -1.893162E-03  2.176496E-03  4.189554E+01
    12.8500   -2.454024E-03  2.481492E-03  4.226257E+01
    12.9000   -2.685463E-03  2.762342E-03  4.264798E+01
    12.9500   -2.437695E-03  3.024586E-03  4.304500E+01
    13.0000   -1.663093E-03  3.276243E-03  4.344987E+01
    13.0500   -4.324014E-04  3.526499E-03  4.385937E+01
    13.1000    1.068977E-03  3.779365E-03  4.426906E+01
    13.1500    2.582891E-03  4.038000E-03  4.467633E+01
    13.2000    3.828951E-03  4.303290E-03  4.507914E+01
    13.2500    4.560375E-03  4.573968E-03  4.547598E+01
    13.3000    4.611815E-03  4.846988E-03  4.586588E+01
    13.3500    3.930097E-03  5.118027E-03  4.624834E+01
    13.4000    2.583183E-03  5.381996E-03  4.662327E+01
    13.4500    7.473937E-04  5.633473E-03  4.699083E+01
    13.5000   -1.323107E-03  5.867037E-03  4.735136E+01
    13.5500   -3.337948E-03  6.077489E-03  4.770533E+01
    13.6000   -5.015734E-03  6.259983E-03  4.805325E+01
    13.6500   -6.125565E-03  6.410096E-03  4.839562E+01
    13.7000   -6.519108E-03  6.523875E-03  4.873292E+01
    13.7500   -6.149286E-03  6.597866E-03  4.906556E+01
    13.8000   -5.073702E-03  6.629166E-03  4.939388E+01
    13.8500   -3.442958E-03  6.615509E-03  4.971812E+01
    13.9000   -1.475921E-03  6.555370E-03  5.003839E+01
    13.9500    5.743092E-04  6.448121E-03  5.035467E+01
    14.0000    2.464902E-03  6.303935E-03  5.066721E+01
    14.0500    3.997133E-03  6.129994E-03  5.097578E+01
    14.1000    5.017683E-03  5.912442E-03  5.127894E+01
    14.1500    5.464981E-03  5.655784E-03  5.157579E+01
    14.2000    5.364237E-03  5.366480E-03  5.186519E+01
    14.2500    4.813014E-03  5.053061E-03  5.214575E+01
    14.3000    3.954303E-03  4.726132E-03  5.241587E+01
    14.3500    2.943454E-03  4.398209E-03  5.267389E+01
    14.4000    1.916752E-03  4.083227E-03  5.291844E+01
    14.4500    9.689333E-04  3.795539E-03  5.314894E+01
    14.5000    1.444958E-04  3.548181E-03  5.336634E+01
    14.5500   -5.560843E-04  3.350421E-03  5.357382E+01
    14.6000   -1.158295E-03  3.205127E-03  5.377683E+01
    14.6500   -1.690069E-03  3.107127E-03  5.398219E+01
    14.7000   -2.160699E-03  3.043637E-03  5.419644E+01
    14.7500   -2.549307E-03  2.996756E-03  5.442437E+01
    14.8000   -2.806961E-03  2.946874E-03  5.466849E+01
    14.8500   -2.872227E-03  2.875601E-03  5.492942E+01
    14.9000   -2.695466E-03  2.767619E-03  5.520671E+01
    14.9500   -2.264033E-03  2.611520E-03  5.549964E+01
    15.0000   -1.617772E-03  2.399563E-03  5.580879E+01
    15.0500   -8.525193E-04  2.126259E-03  5.613612E+01
    15.1000   -1.150877E-04  1.792926E-03  5.648443E+01
    15.1500    4.392111E-04  1.405868E-03  5.686640E+01
    15.2000    6.845411E-04  9.799657E-04  5.732202E+01
    15.2500    5.612077E-04  5.639702E-04  5.802045E+01
    15.3000    9.843803E-05  4.262501E-04  5.945722E+01
    15.3500   -5.842294E-04  8.045349E-04  6.050300E+01
    15.4000   -1.298991E-03  1.327600E-03  6.105308E+01
    15.4500   -1.831045E-03  1.876027E-03  6.148048E+01
    15.5000   -1.989512E-03  2.419334E-03  6.186634E+01
    15.5500   -1.655501E-03  2.940450E-03  6.223383E+01
    15.6000   -8.151388E-04  3.426204E-03  6.259164E+01
    15.6500    4.311166E-04  3.865628E-03  6.294361E+01
    15.7000    1.885723E-03  4.249646E-03  6.329162E+01
    15.7500    3.294105E-03  4.571111E-03  6.363657E+01
    15.8000    4.398114E-03  4.824887E-03  6.397889E+01
    15.8500    4.990283E-03  5.007937E-03  6.431866E+01
    15.9000    4.956229E-03  5.119366E-03  6.465578E+01
    15.9500    4.295699E-03  5.160415E-03  6.498996E+01
    16.0000    3.120040E-03  5.134573E-03  6.532034E+01
    16.0500    1.625222E-03  5.047510E-03  6.564562E+01
    16.1000    3.787533E-05  4.906617E-03  6.596573E+01
    16.1500   -1.423482E-03  4.721387E-03  6.627971E+01
    16.2000   -2.590692E-03  4.502802E-03  6.658648E+01
    16.2500   -3.369429E-03  4.263028E-03  6.688488E+01
    16.3000   -3.742693E-03  4.015038E-03  6.717380E+01
    16.3500   -3.756214E-03  3.772110E-03  6.745241E+01
    16.4000   -3.492179E-03  3.547116E-03  6.772047E+01
    16.4500   -3.040039E-03  3.351559E-03  6.797881E+01
    16.5000   -2.472928E-03  3.194375E-03  6.822967E+01
    16.5500   -1.835586E-03  3.080723E-03  6.847674E+01
    16.6000   -1.145646E-03  3.011233E-03  6.872475E+01
    16.6500   -4.059141E-04  2.982127E-03  6.897850E+01
    16.7000    3.778903E-04  2.986312E-03  6.924192E+01
    16.7500    1.180804E-03  3.015041E-03  6.951745E+01
    16.8000    1.949708E-03  3.059510E-03  6.980598E+01
    16.8500    2.605294E-03  3.111973E-03  7.010715E+01
    16.9000    3.054878E-03  3.166260E-03  7.041980E+01
    16.9500    3.212707E-03  3.217839E-03  7.074232E+01
    17.0000    3.024350E-03  3.265613E-03  7.107264E+01
    17.0500    2.482060E-03  3.309362E-03  7.140855E+01
    17.1000    1.625521E-03  3.342785E-03  7.174881E+01
    17.1500    5.525325E-04  3.364972E-03  7.209168E+01
    17.2000   -6.008623E-04  3.375366E-03  7.243560E+01
    17.2500   -1.683579E-03  3.373635E-03  7.277912E+01
    17.3000   -2.555541E-03  3.359608E-03  7.312097E+01
    17.3500   -3.110801E-03  3.333264E-03  7.346001E+01
    17.4000   -3.293055E-03  3.294758E-03  7.379527E+01
    17.4500   -3.101002E-03  3.244450E-03  7.412590E+01
    17.5000   -2.583530E-03  3.182937E-03  7.445120E+01
    17.5500   -1.826906E-03  3.111055E-03  7.477059E+01
    17.6000   -9.375694E-04  3.029859E-03  7.508362E+01
    17.6500   -2.439859E-05  2.940581E-03  7.538993E+01
    17.7000    8.162488E-04  2.844556E-03  7.568927E+01
    17.7500    1.510725E-03  2.743148E-03  7.598146E+01
    17.8000    2.012907E-03  2.637680E-03  7.626638E+01
    17.8500    2.304245E-03  2.529381E-03  7.654391E+01
    17.9000    2.390336E-03  2.419381E-03  7.681391E+01
    17.9500    2.295498E-03  2.308741E-03  7.707618E+01
    18.0000    2.056952E-03  2.199087E-03  7.733052E+01
    18.0500    1.717293E-03  2.092316E-03  7.757707E+01
    18.1000    1.318116E-03  1.988227E-03  7.781505E+01
    18.1500    8.989524E-04  1.888345E-03  7.804366E+01
    18.2000    4.922669E-04  1.794868E-03  7.826199E+01
    18.2500    1.205122E-04  1.710780E-03  7.846932E+01
    18.3000   -2.054691E-04  1.639788E-03  7.866545E+01
    18.3500   -4.861028E-04  1.585976E-03  7.885133E+01
    18.4000   -7.304878E-04  1.553147E-03  7.902948E+01
    18.4500   -9.517611E-04  1.543927E-03  7.920405E+01
    18.5000   -1.161294E-03  1.558951E-03  7.938023E+01
    18.5500   -1.363115E-03  1.596478E-03  7.956311E+01
    18.6000   -1.550129E-03  1.652648E-03  7.975654E+01
    18.6500   -1.703382E-03  1.722218E-03  7.996258E+01
    18.7000   -1.794909E-03  1.799440E-03  8.018160E+01
    18.7500   -1.793690E-03  1.878788E-03  8.041274E+01
    18.8000   -1.673337E-03  1.955449E-03  8.065445E+01
    18.8500   -1.419554E-03  2.025591E-03  8.090488E+01
    18.9000   -1.035392E-03  2.086479E-03  8.116215E+01
    18.9500   -5.428805E-04  2.136508E-03  8.142449E+01
    19.0000    1.951369E-05  2.175929E-03  8.169038E+01
    19.0500    6.040384E-04  2.206828E-03  8.195866E+01
    19.1000    1.158819E-03  2.228666E-03  8.222821E+01
    19.1500    1.635340E-03  2.243433E-03  8.249819E+01
    19.2000    1.994697E-03  2.253738E-03  8.276804E+01
    19.2500    2.210664E-03  2.262591E-03  8.303755E+01
    19.3000    2.269759E-03  2.273158E-03  8.330690E+01
    19.3500    2.169089E-03  2.288480E-03  8.357665E+01
    19.4000    1.913423E-03  2.311199E-03  8.384766E+01
    19.4500    1.513082E-03  2.343332E-03  8.412107E+01
    19.5000    9.837528E-04  2.386119E-03  8.439804E+01
    19.5500    3.484530E-04  2.439987E-03  8.467970E+01
    19.6000   -3.591830E-04  2.504602E-03  8.496691E+01
    19.6500   -1.091955E-03  2.579017E-03  8.526020E+01
    19.7000   -1.788426E-03  2.661839E-03  8.555974E+01
    19.7500   -2.376104E-03  2.751407E-03  8.586536E+01
    19.8000   -2.779054E-03  2.845929E-03  8.617658E+01
    19.8500   -2.929200E-03  2.943589E-03  8.649272E+01
    19.9000   -2.779279E-03  3.042608E-03  8.681290E+01
    19.9500   -2.314603E-03  3.141281E-03  8.713622E+01