# # tequil.ion_motion                                            FEFF 9.05   
# # POT  SCF  30  5.5000   1, core-hole, AFOLP (folp(0)= 1.150)
# # Abs   Z=30 Rmt= 1.288 Rnm= 1.414 K  shell
# # Pot 1 Z=26 Rmt= 1.356 Rnm= 1.436
# # Pot 2 Z= 8 Rmt= 0.939 Rnm= 1.056
# # Gam_ch=1.897E+00 H-L exch
# # Mu=-1.159E+01 kf=2.203E+00 Vint=-1.937E+01 Rs_int= 1.646
# # PATH  Rmax= 8.500,  Keep_limit= 0.00, Heap_limit 0.00  Pwcrit= 2.50%
#  S02=1.000                                        Global_sig2= 0.00000
#  Energy zero shift, vr, vi   -2.00000E+00   0.00000E+00
#  Curved wave amplitude ratio filter   4.000%
#     file         sig2 tot  cw amp ratio   deg  nlegs   reff  inp sig2
#           1       0.00000    100.00      1.00     2   1.8653
#           2       0.00000     86.81      1.00     2   1.9724
#           3       0.00000     74.00      1.00     2   2.1000
#           4       0.00000     55.16      1.00     2   2.3546
#           5       0.00000     53.11      1.00     2   2.3894
#           6       0.00000     44.84      1.00     2   2.5501
#           7       0.00000     29.35      1.00     2   2.9343
#           8       0.00000     28.57      1.00     2   2.9695
#           9       0.00000     27.56      1.00     2   3.0170
#          10       0.00000     24.95      1.00     2   3.1510
#          11       0.00000     24.51      1.00     2   3.1754
#          12       0.00000     23.03      1.00     2   3.2761
#          13       0.00000     22.01      1.00     2   3.3250
#          14       0.00000     21.96      1.00     2   3.3286
#          15       0.00000     21.99      1.00     2   3.3323
#          16       0.00000     21.63      1.00     2   3.3522
#          17       0.00000     21.56      1.00     2   3.3564
#          18       0.00000     21.43      1.00     2   3.3631
#          19       0.00000     16.00      2.00     3   3.3763
#          20       0.00000     19.74      1.00     2   3.4666
#          21       0.00000      8.94      2.00     3   3.4734
#          22       0.00000      9.26      2.00     3   3.4849
#          23       0.00000     19.39      1.00     2   3.5077
#          24       0.00000     18.89      1.00     2   3.5223
#          25       0.00000      9.15      2.00     3   3.5370
#          26       0.00000     11.78      2.00     3   3.5660
#          27       0.00000     16.41      2.00     3   3.5772
#          28       0.00000      7.64      2.00     3   3.5896
#          29       0.00000      9.36      2.00     3   3.5918
#          30       0.00000     15.97      2.00     3   3.5948
#          31       0.00000      8.46      2.00     3   3.6425
#          32       0.00000      8.73      2.00     3   3.6518
#          33       0.00000      6.84      2.00     3   3.6588
#          34       0.00000      7.39      2.00     3   3.6689
#          35       0.00000     12.43      2.00     3   3.6797
#          36       0.00000      6.30      2.00     3   3.6910
#          37       0.00000     10.87      1.00     4   3.7306
#          38       0.00000      5.71      1.00     4   3.7357
#          39       0.00000     16.64      1.00     2   3.7363
#          40       0.00000      7.40      2.00     3   3.7429
#          41       0.00000      6.28      2.00     3   3.8117
#          42       0.00000      5.82      2.00     3   3.8160
#          43       0.00000      6.26      2.00     3   3.8165
#          44       0.00000      4.26      1.00     4   3.8258
#          45       0.00000      4.74      1.00     4   3.8265
#          46       0.00000      4.96      2.00     4   3.8377
#          47       0.00000      8.10      1.00     4   3.9447
#          48       0.00000      8.75      2.00     3   3.9583
#          50       0.00000     14.28      1.00     2   3.9735
#          51       0.00000      4.33      1.00     4   4.0004
#          52       0.00000      7.84      2.00     3   4.0022
#          53       0.00000      4.43      1.00     4   4.0125
#          54       0.00000     13.09      1.00     2   4.0170
#          55       0.00000      9.83      2.00     3   4.0276
#          57       0.00000      7.48      2.00     3   4.0357
#          58       0.00000     12.89      1.00     2   4.0390
#          59       0.00000     13.69      1.00     2   4.0403
#          60       0.00000     12.55      1.00     2   4.0774
#          61       0.00000     13.32      1.00     2   4.0845
#          62       0.00000      7.19      2.00     3   4.1010
#          63       0.00000      6.99      2.00     3   4.1116
#          65       0.00000     11.64      1.00     2   4.1862
#          66       0.00000     11.62      1.00     2   4.1893
#          67       0.00000      5.86      1.00     4   4.2001
#          68       0.00000     13.58      2.00     3   4.2035
#          69       0.00000      9.05      2.00     3   4.2236
#          70       0.00000      6.10      2.00     3   4.2495
#          71       0.00000     16.57      2.00     3   4.2555
#          72       0.00000     24.35      2.00     3   4.2613
#          73       0.00000      9.33      2.00     3   4.2637
#          75       0.00000      5.82      1.00     4   4.3225
#          76       0.00000     11.12      2.00     4   4.3270
#          77       0.00000     14.93      2.00     3   4.3302
#          78       0.00000     14.94      1.00     4   4.3333
#          79       0.00000     11.51      2.00     3   4.3423
#          80       0.00000     15.84      2.00     3   4.3473
#          81       0.00000      9.59      2.00     4   4.4154
#          82       0.00000      7.58      2.00     3   4.4641
#          83       0.00000      9.65      1.00     2   4.4671
#          84       0.00000      6.78      2.00     3   4.4676
#          86       0.00000      6.84      2.00     3   4.4762
#          87       0.00000      9.57      1.00     2   4.4807
#          88       0.00000      9.56      1.00     2   4.4820
#          90       0.00000      6.04      2.00     4   4.4895
#          91       0.00000      8.03      1.00     4   4.5083
#          92       0.00000      9.35      1.00     2   4.5154
#          93       0.00000      9.24      1.00     2   4.5347
#          94       0.00000      9.09      1.00     2   4.5609
#          95       0.00000      9.04      1.00     2   4.5683
#          96       0.00000      9.02      1.00     2   4.5721
#          97       0.00000      8.89      1.00     2   4.5949
#          98       0.00000     14.50      2.00     3   4.6003
#          99       0.00000     18.52      2.00     3   4.6311
#         100       0.00000     10.83      1.00     4   4.6940
#         101       0.00000      8.31      1.00     2   4.7005
#         102       0.00000      4.33      2.00     3   4.7041
#         104       0.00000     14.24      2.00     3   4.7113
#         105       0.00000      7.56      1.00     4   4.7335
#         106       0.00000     11.57      2.00     3   4.7410
#         107       0.00000      8.05      1.00     2   4.7532
#         109       0.00000      7.92      1.00     2   4.7782
#         111       0.00000      4.39      2.00     3   4.7931
#         112       0.00000      8.98      2.00     3   4.7959
#         113       0.00000      6.84      2.00     3   4.8119
#         114       0.00000      4.20      2.00     3   4.8172
#         115       0.00000      7.70      1.00     2   4.8251
#         116       0.00000      7.57      1.00     4   4.8276
#         117       0.00000      6.49      2.00     3   4.8298
#         118       0.00000     12.09      2.00     3   4.8367
#         120       0.00000      7.52      1.00     2   4.8633
#         122       0.00000      7.53      2.00     3   4.8880
#         123       0.00000      5.86      2.00     3   4.8904
#         124       0.00000      5.26      2.00     3   4.8914
#         125       0.00000      8.10      2.00     3   4.8912
#         126       0.00000      6.12      2.00     3   4.8910
#         127       0.00000      4.70      2.00     3   4.8943
#         129       0.00000      5.65      2.00     3   4.9030
#         130       0.00000      5.68      1.00     4   4.9098
#         131       0.00000      8.19      1.00     2   4.9112
#         135       0.00000      4.24      2.00     3   4.9216
#         136       0.00000      6.58      2.00     3   4.9236
#         137       0.00000     10.27      2.00     3   4.9399
#         138       0.00000      5.06      2.00     4   4.9418
#         140       0.00000      4.96      2.00     3   4.9647
#         141       0.00000      6.16      1.00     4   4.9729
#         142       0.00000      7.91      1.00     2   4.9747
#         143       0.00000      7.01      1.00     2   4.9779
#         144       0.00000     11.95      2.00     3   4.9840
#         145       0.00000      4.08      2.00     3   4.9899
#         146       0.00000      6.95      1.00     2   4.9937
#         148       0.00000      4.05      2.00     3   5.0061
#         151       0.00000      8.76      2.00     3   5.0274
#         155       0.00000      7.85      2.00     3   5.0511
#         156       0.00000      5.69      1.00     4   5.0568
#         157       0.00000      8.54      2.00     3   5.0572
#         160       0.00000      6.82      2.00     3   5.0897
#         161       0.00000      8.71      2.00     3   5.0921
#         162       0.00000      5.59      2.00     3   5.0939
#         163       0.00000      7.39      1.00     2   5.0995
#         164       0.00000      4.91      1.00     4   5.1015
#         165       0.00000      7.33      1.00     2   5.1141
#         168       0.00000      6.27      1.00     2   5.1662
#         171       0.00000      6.22      1.00     2   5.1802
#         172       0.00000      4.18      1.00     4   5.2096
#         173       0.00000      8.98      2.00     3   5.2129
#         174       0.00000      6.94      1.00     2   5.2152
#         175       0.00000      6.08      1.00     2   5.2199
#         176       0.00000      6.72      2.00     3   5.2202
#         177       0.00000      6.04      1.00     2   5.2306
#         178       0.00000      6.03      1.00     2   5.2332
#         179       0.00000     13.70      2.00     3   5.2476
#         181       0.00000      6.81      1.00     2   5.2492
#         183       0.00000      7.72      2.00     3   5.2574
#         184       0.00000      7.99      1.00     4   5.2620
#         185       0.00000      5.93      1.00     2   5.2624
#         187       0.00000      5.91      1.00     2   5.2669
#         188       0.00000      7.92      2.00     3   5.2676
#         189       0.00000      5.62      2.00     3   5.2727
#         190       0.00000      4.24      2.00     3   5.2815
#         191       0.00000      6.64      1.00     2   5.2980
#         192       0.00000      8.65      2.00     3   5.2980
#         193       0.00000      4.22      1.00     4   5.3117
#         194       0.00000      6.56      1.00     2   5.3197
#         196       0.00000      6.93      2.00     3   5.3226
#         197       0.00000      5.72      1.00     2   5.3244
#         198       0.00000      5.04      2.00     4   5.3245
#         199       0.00000     13.58      2.00     3   5.3250
#         200       0.00000      8.10      1.00     4   5.3256
#         202       0.00000      4.77      2.00     4   5.3319
#         207       0.00000      4.19      2.00     3   5.3799
#         209       0.00000      5.53      1.00     2   5.3852
#         210       0.00000      4.09      2.00     3   5.3847
#         211       0.00000      6.34      1.00     2   5.3856
#         212       0.00000      7.37      2.00     3   5.3872
#         213       0.00000      5.40      2.00     3   5.3932
#         214       0.00000      7.77      2.00     3   5.4019
#         215       0.00000      6.75      2.00     3   5.4020
#         217       0.00000      5.45      1.00     2   5.4087
#         218       0.00000      4.15      2.00     4   5.4104
#         221       0.00000      4.72      2.00     4   5.4323
#         222       0.00000      5.37      1.00     2   5.4362
#         224       0.00000     11.84      2.00     3   5.4475
#         225       0.00000      6.68      1.00     4   5.4587
#         227       0.00000      4.19      2.00     3   5.4853
#         230       0.00000      5.08      2.00     3   5.4958
#         232       0.00000      5.46      2.00     3   5.5145
#         233       0.00000      5.16      2.00     3   5.5236
#         234       0.00000      4.98      2.00     4   5.5297
#         238       0.00000      4.47      2.00     3   5.5422
#         241       0.00000      4.44      2.00     3   5.5468
#         249       0.00000      4.93      1.00     2   5.5905
#         252       0.00000      6.37      2.00     3   5.6325
#         253       0.00000      5.57      1.00     2   5.6348
#         261       0.00000      5.39      2.00     3   5.6742
#         263       0.00000      5.45      1.00     2   5.6773
#         270       0.00000      4.73      2.00     3   5.7248
#         278       0.00000      4.16      2.00     3   5.7706
#         279       0.00000      5.18      1.00     2   5.7749
#         283       0.00000      5.88      2.00     3   5.7842
#         285       0.00000      5.12      1.00     2   5.8002
#         289       0.00000      4.01      2.00     3   5.8250
#         290       0.00000      4.08      2.00     3   5.8296
#         292       0.00000      5.02      1.00     2   5.8384
#         295       0.00000      5.80      2.00     3   5.8725
#         300       0.00000      4.16      1.00     2   5.9015
#         303       0.00000      7.37      2.00     3   5.9083
#         305       0.00000      4.12      1.00     2   5.9174
#         309       0.00000      5.29      2.00     3   5.9603
#   208/ 272 paths used
#  -----------------------------------------------------------------------
#       k          chi          mag           phase @#
    -0.7000   -3.353696E-01  3.429684E-01 -1.359903E+00
    -0.6500   -3.404263E-01  3.445644E-01 -1.415659E+00
    -0.6000   -3.521145E-01  3.552176E-01 -1.438521E+00
    -0.5500   -3.656451E-01  3.689788E-01 -1.436271E+00
    -0.5000   -3.779763E-01  3.823903E-01 -1.418708E+00
    -0.4500   -3.883707E-01  3.946293E-01 -1.392463E+00
    -0.4000   -3.963795E-01  4.050223E-01 -1.363840E+00
    -0.3500   -4.023966E-01  4.140739E-01 -1.332743E+00
    -0.3000   -4.065294E-01  4.214247E-01 -1.304130E+00
    -0.2500   -4.092031E-01  4.272645E-01 -1.278997E+00
    -0.2000   -4.108179E-01  4.317775E-01 -1.257936E+00
    -0.1500   -4.117790E-01  4.353213E-01 -1.240418E+00
    -0.1000   -4.122800E-01  4.378245E-01 -1.227517E+00
    -0.0500   -4.124977E-01  4.392921E-01 -1.219727E+00
     0.0000   -4.125565E-01  4.397755E-01 -1.217124E+00
     0.0500   -4.126084E-01  4.402561E-01 -1.214516E+00
     0.1000   -4.127226E-01  4.416807E-01 -1.206674E+00
     0.1500   -4.127752E-01  4.439979E-01 -1.193539E+00
     0.2000   -4.125604E-01  4.471220E-01 -1.175032E+00
     0.2500   -4.117941E-01  4.509346E-01 -1.151072E+00
     0.3000   -4.101199E-01  4.552868E-01 -1.121596E+00
     0.3500   -4.071292E-01  4.601352E-01 -1.086072E+00
     0.4000   -4.023037E-01  4.656879E-01 -1.042945E+00
     0.4500   -3.950316E-01  4.712857E-01 -9.939741E-01
     0.5000   -3.847720E-01  4.767041E-01 -9.393092E-01
     0.5500   -3.709413E-01  4.820527E-01 -8.780635E-01
     0.6000   -3.527811E-01  4.875327E-01 -8.090110E-01
     0.6500   -3.299691E-01  4.922507E-01 -7.346499E-01
     0.7000   -3.020955E-01  4.962876E-01 -6.544343E-01
     0.7500   -2.682914E-01  5.002208E-01 -5.661016E-01
     0.8000   -2.291858E-01  5.028898E-01 -4.732008E-01
     0.8500   -1.845270E-01  5.048060E-01 -3.742134E-01
     0.9000   -1.343883E-01  5.060083E-01 -2.688108E-01
     0.9500   -8.040119E-02  5.056165E-01 -1.596940E-01
     1.0000   -2.172755E-02  5.047350E-01 -4.306074E-02
     1.0500    3.886789E-02  5.022809E-01  7.746021E-02
     1.1000    1.004417E-01  4.985625E-01  2.028509E-01
     1.1500    1.617611E-01  4.937208E-01  3.338011E-01
     1.2000    2.194939E-01  4.871007E-01  4.674519E-01
     1.2500    2.739287E-01  4.795898E-01  6.079341E-01
     1.3000    3.207164E-01  4.702403E-01  7.505301E-01
     1.3500    3.596014E-01  4.596615E-01  8.983782E-01
     1.4000    3.879737E-01  4.474893E-01  1.049152E+00
     1.4500    4.049241E-01  4.338646E-01  1.203485E+00
     1.5000    4.096751E-01  4.188206E-01  1.361434E+00
     1.5500    4.018038E-01  4.022963E-01  1.521311E+00
     1.6000    3.819569E-01  3.844656E-01  1.685096E+00
     1.6500    3.512723E-01  3.653316E-01  1.849124E+00
     1.7000    3.112625E-01  3.450306E-01  2.016911E+00
     1.7500    2.648661E-01  3.237670E-01  2.183535E+00
     1.8000    2.140990E-01  3.014890E-01  2.351897E+00
     1.8500    1.628199E-01  2.787210E-01  2.517738E+00
     1.9000    1.127570E-01  2.551685E-01  2.683886E+00
     1.9500    6.762606E-02  2.315610E-01  2.845229E+00
     2.0000    2.985999E-02  2.086920E-01  2.998018E+00
     2.0500    2.240622E-04  1.870977E-01  3.140395E+00
     2.1000   -2.072024E-02  1.661368E-01  3.266636E+00
     2.1500   -3.316415E-02  1.467654E-01  3.369528E+00
     2.2000   -4.026130E-02  1.312212E-01  3.453443E+00
     2.2500   -4.479493E-02  1.197538E-01  3.524974E+00
     2.3000   -4.894215E-02  1.121635E-01  3.593127E+00
     2.3500   -5.461028E-02  1.080850E-01  3.671268E+00
     2.4000   -6.292643E-02  1.054296E-01  3.781171E+00
     2.4500   -7.220022E-02  1.023767E-01  3.924356E+00
     2.5000   -7.953255E-02  9.763289E-02  4.093646E+00
     2.5500   -8.045696E-02  9.097643E-02  4.226739E+00
     2.6000   -7.826183E-02  8.347178E-02  4.357210E+00
     2.6500   -7.333615E-02  7.535494E-02  4.480394E+00
     2.7000   -6.648878E-02  6.698418E-02  4.590694E+00
     2.7500   -6.300981E-02  6.301132E-02  4.719294E+00
     2.8000   -5.866607E-02  5.925142E-02  4.853069E+00
     2.8500   -5.314516E-02  5.521257E-02  4.986909E+00
     2.9000   -4.677846E-02  5.091102E-02  5.118086E+00
     2.9500   -3.983621E-02  4.665913E-02  5.260000E+00
     3.0000   -3.254161E-02  4.220395E-02  5.402687E+00
     3.0500   -2.547388E-02  3.757062E-02  5.538111E+00
     3.1000   -1.915686E-02  3.289982E-02  5.661657E+00
     3.1500   -1.371892E-02  2.809653E-02  5.773070E+00
     3.2000   -9.613862E-03  2.341971E-02  5.860180E+00
     3.2500   -7.070392E-03  1.912224E-02  5.904449E+00
     3.3000   -6.060314E-03  1.544293E-02  5.879910E+00
     3.3500   -6.402745E-03  1.275135E-02  5.757134E+00
     3.4000   -7.832857E-03  1.167573E-02  5.547809E+00
     3.4500   -9.984845E-03  1.242808E-02  5.350184E+00
     3.5000   -1.245250E-02  1.445379E-02  5.244892E+00
     3.5500   -1.501118E-02  1.721621E-02  5.224072E+00
     3.6000   -1.736710E-02  2.039659E-02  5.264402E+00
     3.6500   -1.904664E-02  2.365746E-02  5.347340E+00
     3.7000   -1.978109E-02  2.689651E-02  5.456852E+00
     3.7500   -1.943089E-02  3.016946E-02  5.583394E+00
     3.8000   -1.783276E-02  3.356409E-02  5.723045E+00
     3.8500   -1.467238E-02  3.693633E-02  5.874684E+00
     3.9000   -9.824408E-03  4.025064E-02  6.036614E+00
     3.9500   -3.284528E-03  4.353144E-02  6.207662E+00
     4.0000    4.879415E-03  4.682165E-02  6.387588E+00
     4.0500    1.442163E-02  4.989666E-02  6.576399E+00
     4.1000    2.480009E-02  5.266943E-02  6.773454E+00
     4.1500    3.529926E-02  5.513975E-02  6.977915E+00
     4.2000    4.517284E-02  5.740323E-02  7.189018E+00
     4.2500    5.331247E-02  5.913456E-02  7.406512E+00
     4.3000    5.876014E-02  6.026818E-02  7.629806E+00
     4.3500    6.081489E-02  6.081554E-02  7.858577E+00
     4.4000    5.919102E-02  6.092239E-02  8.092958E+00
     4.4500    5.354607E-02  6.030632E-02  8.332015E+00
     4.5000    4.426804E-02  5.895812E-02  8.575447E+00
     4.5500    3.222485E-02  5.692952E-02  8.823074E+00
     4.6000    1.866085E-02  5.441371E-02  9.074729E+00
     4.6500    4.803000E-03  5.123032E-02  9.330887E+00
     4.7000   -7.901058E-03  4.743609E-02  9.592120E+00
     4.7500   -1.815490E-02  4.312723E-02  9.859283E+00
     4.8000   -2.508460E-02  3.857420E-02  1.013275E+01
     4.8500   -2.816384E-02  3.363113E-02  1.041735E+01
     4.9000   -2.730348E-02  2.839067E-02  1.071794E+01
     4.9500   -2.298187E-02  2.300878E-02  1.104394E+01
     5.0000   -1.628309E-02  1.782096E-02  1.141406E+01
     5.0500   -8.265037E-03  1.300654E-02  1.187778E+01
     5.1000   -2.599933E-04  9.355539E-03  1.253858E+01
     5.1500    6.450848E-03  8.478328E-03  1.343101E+01
     5.2000    1.076409E-02  1.078755E-02  1.420313E+01
     5.2500    1.208521E-02  1.462906E-02  1.473579E+01
     5.3000    1.016138E-02  1.885454E-02  1.513879E+01
     5.3500    5.194625E-03  2.301387E-02  1.548028E+01
     5.4000   -2.223233E-03  2.690050E-02  1.579070E+01
     5.4500   -1.114002E-02  3.044926E-02  1.608251E+01
     5.5000   -2.045016E-02  3.359704E-02  1.636237E+01
     5.5500   -2.901315E-02  3.630298E-02  1.663392E+01
     5.6000   -3.583253E-02  3.855605E-02  1.690064E+01
     5.6500   -4.007721E-02  4.035017E-02  1.716238E+01
     5.7000   -4.126976E-02  4.168337E-02  1.741975E+01
     5.7500   -3.929698E-02  4.256454E-02  1.767315E+01
     5.8000   -3.441596E-02  4.306299E-02  1.792359E+01
     5.8500   -2.712167E-02  4.317310E-02  1.817031E+01
     5.9000   -1.814402E-02  4.292373E-02  1.841313E+01
     5.9500   -8.317161E-03  4.235554E-02  1.865191E+01
     6.0000    1.609588E-03  4.159471E-02  1.888826E+01
     6.0500    1.087207E-02  4.062923E-02  1.912045E+01
     6.1000    1.888571E-02  3.949757E-02  1.934810E+01
     6.1500    2.526787E-02  3.824935E-02  1.957119E+01
     6.2000    2.983041E-02  3.693261E-02  1.978979E+01
     6.2500    3.255342E-02  3.559132E-02  2.000418E+01
     6.3000    3.354184E-02  3.426306E-02  2.021481E+01
     6.3500    3.297691E-02  3.297698E-02  2.042232E+01
     6.4000    3.107333E-02  3.175246E-02  2.062755E+01
     6.4500    2.804985E-02  3.059884E-02  2.083142E+01
     6.5000    2.415381E-02  2.958035E-02  2.103574E+01
     6.5500    1.954183E-02  2.863585E-02  2.124007E+01
     6.6000    1.441399E-02  2.774246E-02  2.144481E+01
     6.6500    8.985310E-03  2.689120E-02  2.165046E+01
     6.7000    3.477208E-03  2.607348E-02  2.185739E+01
     6.7500   -1.885785E-03  2.528293E-02  2.206581E+01
     6.8000   -6.885504E-03  2.451671E-02  2.227583E+01
     6.8500   -1.132340E-02  2.377597E-02  2.248754E+01
     6.9000   -1.503344E-02  2.306562E-02  2.270106E+01
     6.9500   -1.789045E-02  2.239332E-02  2.291664E+01
     7.0000   -1.986458E-02  2.183900E-02  2.313345E+01
     7.0500   -2.089826E-02  2.136259E-02  2.335307E+01
     7.1000   -2.094008E-02  2.094241E-02  2.357686E+01
     7.1500   -1.996741E-02  2.057658E-02  2.380588E+01
     7.2000   -1.797734E-02  2.025973E-02  2.404119E+01
     7.2500   -1.499937E-02  1.998353E-02  2.428379E+01
     7.3000   -1.111528E-02  1.973762E-02  2.453455E+01
     7.3500   -6.481528E-03  1.951101E-02  2.479411E+01
     7.4000   -1.346426E-03  1.929339E-02  2.506290E+01
     7.4500    3.945701E-03  1.907633E-02  2.534108E+01
     7.5000    8.981860E-03  1.888092E-02  2.562851E+01
     7.5500    1.329690E-02  1.867776E-02  2.592496E+01
     7.6000    1.642318E-02  1.845438E-02  2.622994E+01
     7.6500    1.797977E-02  1.821466E-02  2.654277E+01
     7.7000    1.773789E-02  1.796449E-02  2.686254E+01
     7.7500    1.567134E-02  1.771059E-02  2.718815E+01
     7.8000    1.197767E-02  1.745931E-02  2.751831E+01
     7.8500    7.063143E-03  1.721560E-02  2.785158E+01
     7.9000    1.491692E-03  1.698223E-02  2.818638E+01
     7.9500   -4.093994E-03  1.675955E-02  2.852111E+01
     8.0000   -9.083794E-03  1.655406E-02  2.885518E+01
     8.0500   -1.294237E-02  1.636129E-02  2.918683E+01
     8.1000   -1.529776E-02  1.617507E-02  2.951426E+01
     8.1500   -1.599270E-02  1.599332E-02  2.983636E+01
     8.2000   -1.507508E-02  1.581499E-02  3.015223E+01
     8.2500   -1.276497E-02  1.564096E-02  3.046125E+01
     8.3000   -9.399836E-03  1.547441E-02  3.076309E+01
     8.3500   -5.371649E-03  1.532080E-02  3.105770E+01
     8.4000   -1.070088E-03  1.518734E-02  3.134541E+01
     8.4500    3.157901E-03  1.508195E-02  3.162687E+01
     8.5000    7.036001E-03  1.501434E-02  3.190365E+01
     8.5500    1.033849E-02  1.499014E-02  3.217698E+01
     8.6000    1.288354E-02  1.500885E-02  3.244806E+01
     8.6500    1.452758E-02  1.506647E-02  3.271846E+01
     8.7000    1.515433E-02  1.515440E-02  3.298965E+01
     8.7500    1.468181E-02  1.526004E-02  3.326289E+01
     8.8000    1.308183E-02  1.536792E-02  3.353917E+01
     8.8500    1.040635E-02  1.546108E-02  3.381917E+01
     8.9000    6.810930E-03  1.552252E-02  3.410328E+01
     8.9500    2.565129E-03  1.553647E-02  3.439166E+01
     9.0000   -1.963456E-03  1.549605E-02  3.468457E+01
     9.0500   -6.335139E-03  1.538864E-02  3.498181E+01
     9.1000   -1.008514E-02  1.520170E-02  3.528290E+01
     9.1500   -1.280001E-02  1.493087E-02  3.558749E+01
     9.2000   -1.418107E-02  1.457533E-02  3.589520E+01
     9.2500   -1.409534E-02  1.413755E-02  3.620560E+01
     9.3000   -1.260017E-02  1.362298E-02  3.651829E+01
     9.3500   -9.935484E-03  1.303957E-02  3.683280E+01
     9.4000   -6.484593E-03  1.239726E-02  3.714867E+01
     9.4500   -2.711249E-03  1.170738E-02  3.746541E+01
     9.5000    9.099167E-04  1.098675E-02  3.778203E+01
     9.5500    3.977598E-03  1.024608E-02  3.809780E+01
     9.6000    6.211613E-03  9.493795E-03  3.841234E+01
     9.6500    7.475326E-03  8.741699E-03  3.872492E+01
     9.7000    7.780379E-03  8.000658E-03  3.903471E+01
     9.7500    7.262003E-03  7.280287E-03  3.934080E+01
     9.8000    6.137384E-03  6.588740E-03  3.964220E+01
     9.8500    4.657607E-03  5.932565E-03  3.993786E+01
     9.9000    3.063416E-03  5.316625E-03  4.022664E+01
     9.9500    1.552417E-03  4.744085E-03  4.050733E+01
    10.0000    2.682735E-04  4.222080E-03  4.077712E+01
    10.0500   -7.198001E-04  3.750501E-03  4.103382E+01
    10.1000   -1.403931E-03  3.324195E-03  4.127673E+01
    10.1500   -1.810797E-03  2.942386E-03  4.150362E+01
    10.2000   -1.992198E-03  2.604206E-03  4.171173E+01
    10.2500   -2.011254E-03  2.309666E-03  4.189753E+01
    10.3000   -1.932648E-03  2.060971E-03  4.205676E+01
    10.3500   -1.816529E-03  1.863967E-03  4.218541E+01
    10.4000   -1.714518E-03  1.728902E-03  4.228242E+01
    10.4500   -1.666064E-03  1.668802E-03  4.235421E+01
    10.5000   -1.694179E-03  1.694208E-03  4.241738E+01
    10.5500   -1.800812E-03  1.806875E-03  4.249345E+01
    10.6000   -1.963353E-03  1.998195E-03  4.259852E+01
    10.6500   -2.134274E-03  2.253386E-03  4.273809E+01
    10.7000   -2.245659E-03  2.556545E-03  4.290980E+01
    10.7500   -2.219206E-03  2.893235E-03  4.310809E+01
    10.8000   -1.980719E-03  3.251001E-03  4.332716E+01
    10.8500   -1.476532E-03  3.619088E-03  4.356205E+01
    10.9000   -6.883589E-04  3.988096E-03  4.380883E+01
    10.9500    3.569634E-04  4.349758E-03  4.406445E+01
    11.0000    1.598795E-03  4.705652E-03  4.432896E+01
    11.0500    2.927302E-03  5.054415E-03  4.459999E+01
    11.1000    4.187694E-03  5.383376E-03  4.487360E+01
    11.1500    5.230716E-03  5.688884E-03  4.514901E+01
    11.2000    5.919483E-03  5.967898E-03  4.542563E+01
    11.2500    6.148147E-03  6.217939E-03  4.570306E+01
    11.3000    5.856508E-03  6.437007E-03  4.598104E+01
    11.3500    5.038781E-03  6.623457E-03  4.625943E+01
    11.4000    3.745758E-03  6.775871E-03  4.653816E+01
    11.4500    2.080528E-03  6.892918E-03  4.681727E+01
    11.5000    1.885521E-04  6.973237E-03  4.709685E+01
    11.5500   -1.756767E-03  7.015354E-03  4.737700E+01
    11.6000   -3.571708E-03  7.017655E-03  4.765787E+01
    11.6500   -5.081616E-03  6.978415E-03  4.793957E+01
    11.7000   -6.140389E-03  6.895885E-03  4.822221E+01
    11.7500   -6.648101E-03  6.768435E-03  4.850584E+01
    11.8000   -6.564510E-03  6.594736E-03  4.879047E+01
    11.8500   -5.916133E-03  6.373965E-03  4.907601E+01
    11.9000   -4.794977E-03  6.106010E-03  4.936232E+01
    11.9500   -3.347986E-03  5.791659E-03  4.964912E+01
    12.0000   -1.756179E-03  5.444807E-03  4.993707E+01
    12.0500   -1.989091E-04  5.071086E-03  5.022625E+01
    12.1000    1.149151E-03  4.658347E-03  5.051474E+01
    12.1500    2.151042E-03  4.211343E-03  5.080157E+01
    12.2000    2.731053E-03  3.736091E-03  5.108526E+01
    12.2500    2.884517E-03  3.239863E-03  5.136353E+01
    12.3000    2.674765E-03  2.731218E-03  5.163261E+01
    12.3500    2.217554E-03  2.220260E-03  5.188566E+01
    12.4000    1.656055E-03  1.719610E-03  5.210900E+01
    12.4500    1.131615E-03  1.247864E-03  5.227135E+01
    12.5000    7.564648E-04  8.426594E-04  5.229253E+01
    12.5500    5.940785E-04  6.038518E-04  5.201644E+01
    12.6000    6.509918E-04  6.668448E-04  5.161779E+01
    12.6500    8.811489E-04  9.259329E-04  5.152399E+01
    12.7000    1.200900E-03  1.225730E-03  5.163465E+01
    12.7500    1.510432E-03  1.510454E-03  5.183089E+01
    12.8000    1.716255E-03  1.762386E-03  5.206558E+01
    12.8500    1.749652E-03  1.975723E-03  5.231934E+01
    12.9000    1.577535E-03  2.149633E-03  5.258308E+01
    12.9500    1.204487E-03  2.286012E-03  5.285213E+01
    13.0000    6.661955E-04  2.388736E-03  5.312444E+01
    13.0500    2.022041E-05  2.463176E-03  5.339887E+01
    13.1000   -6.641171E-04  2.514439E-03  5.367437E+01
    13.1500   -1.319133E-03  2.547872E-03  5.395128E+01
    13.2000   -1.883918E-03  2.568399E-03  5.423053E+01
    13.2500   -2.306898E-03  2.580111E-03  5.451351E+01
    13.3000   -2.546103E-03  2.586025E-03  5.480193E+01
    13.3500   -2.569503E-03  2.588048E-03  5.509766E+01
    13.4000   -2.357404E-03  2.587179E-03  5.540251E+01
    13.4500   -1.907662E-03  2.583886E-03  5.571813E+01
    13.5000   -1.242630E-03  2.578580E-03  5.604584E+01
    13.5500   -4.151986E-04  2.572081E-03  5.638653E+01
    13.6000    4.894647E-04  2.565951E-03  5.674060E+01
    13.6500    1.359352E-03  2.562622E-03  5.710780E+01
    13.7000    2.069343E-03  2.565236E-03  5.748719E+01
    13.7500    2.501826E-03  2.577211E-03  5.787700E+01
    13.8000    2.570295E-03  2.601567E-03  5.827467E+01
    13.8500    2.240315E-03  2.640178E-03  5.867703E+01
    13.9000    1.542103E-03  2.693155E-03  5.908059E+01
    13.9500    5.704631E-04  2.758558E-03  5.948196E+01
    14.0000   -5.309252E-04  2.834896E-03  5.987865E+01
    14.0500   -1.597476E-03  2.919005E-03  6.026936E+01
    14.1000   -2.461544E-03  3.001584E-03  6.065181E+01
    14.1500   -2.991380E-03  3.076949E-03  6.102467E+01
    14.2000   -3.115066E-03  3.139890E-03  6.138688E+01
    14.2500   -2.831323E-03  3.186317E-03  6.173760E+01
    14.3000   -2.204470E-03  3.213834E-03  6.207597E+01
    14.3500   -1.345336E-03  3.222210E-03  6.240114E+01
    14.4000   -3.836283E-04  3.213766E-03  6.271220E+01
    14.4500    5.606433E-04  3.193599E-03  6.300832E+01
    14.5000    1.399060E-03  3.169578E-03  6.328901E+01
    14.5500    2.084663E-03  3.151933E-03  6.355453E+01
    14.6000    2.608188E-03  3.152267E-03  6.380632E+01
    14.6500    2.983217E-03  3.181879E-03  6.404741E+01
    14.7000    3.226148E-03  3.249642E-03  6.428233E+01
    14.7500    3.338331E-03  3.360035E-03  6.451637E+01
    14.8000    3.296878E-03  3.512110E-03  6.475456E+01
    14.8500    3.057782E-03  3.699800E-03  6.500063E+01
    14.9000    2.570869E-03  3.913258E-03  6.525666E+01
    14.9500    1.802123E-03  4.140599E-03  6.552315E+01
    15.0000    7.567756E-04  4.373598E-03  6.579954E+01
    15.0500   -5.096530E-04  4.606020E-03  6.608432E+01
    15.1000   -1.888232E-03  4.820982E-03  6.637589E+01
    15.1500   -3.224996E-03  5.009933E-03  6.667280E+01
    15.2000   -4.347484E-03  5.166052E-03  6.697359E+01
    15.2500   -5.096686E-03  5.284442E-03  6.727688E+01
    15.3000   -5.358569E-03  5.362253E-03  6.758131E+01
    15.3500   -5.087225E-03  5.398748E-03  6.788561E+01
    15.4000   -4.313729E-03  5.395330E-03  6.818853E+01
    15.4500   -3.138645E-03  5.355521E-03  6.848885E+01
    15.5000   -1.710450E-03  5.284872E-03  6.878545E+01
    15.5500   -1.958560E-04  5.190800E-03  6.907730E+01
    15.6000    1.250086E-03  5.082305E-03  6.936356E+01
    15.6500    2.506647E-03  4.969522E-03  6.964373E+01
    15.7000    3.497926E-03  4.863062E-03  6.991781E+01
    15.7500    4.190207E-03  4.773132E-03  7.018644E+01
    15.8000    4.579238E-03  4.708456E-03  7.045101E+01
    15.8500    4.673389E-03  4.675192E-03  7.071361E+01
    15.9000    4.479584E-03  4.676073E-03  7.097676E+01
    15.9500    3.997518E-03  4.710041E-03  7.124307E+01
    16.0000    3.226474E-03  4.777361E-03  7.151517E+01
    16.0500    2.169825E-03  4.875033E-03  7.179536E+01
    16.1000    8.569438E-04  4.983532E-03  7.208382E+01
    16.1500   -6.297511E-04  5.093058E-03  7.238060E+01
    16.2000   -2.158577E-03  5.194194E-03  7.268521E+01
    16.2500   -3.559835E-03  5.278492E-03  7.299679E+01
    16.3000   -4.651186E-03  5.338834E-03  7.331427E+01
    16.3500   -5.271991E-03  5.369602E-03  7.363646E+01
    16.4000   -5.318152E-03  5.366758E-03  7.396212E+01
    16.4500   -4.768059E-03  5.327853E-03  7.428995E+01
    16.5000   -3.692083E-03  5.252018E-03  7.461864E+01
    16.5500   -2.242162E-03  5.139956E-03  7.494683E+01
    16.6000   -6.233461E-04  4.993933E-03  7.527308E+01
    16.6500    9.459619E-04  4.817799E-03  7.559585E+01
    16.7000    2.275231E-03  4.617012E-03  7.591352E+01
    16.7500    3.234317E-03  4.398665E-03  7.622433E+01
    16.8000    3.769639E-03  4.171487E-03  7.652648E+01
    16.8500    3.901024E-03  3.945748E-03  7.681831E+01
    16.9000    3.701687E-03  3.732959E-03  7.709855E+01
    16.9500    3.268390E-03  3.545198E-03  7.736681E+01
    17.0000    2.692949E-03  3.398260E-03  7.762500E+01
    17.0500    2.032655E-03  3.305879E-03  7.787761E+01
    17.1000    1.306738E-03  3.262444E-03  7.812771E+01
    17.1500    5.169931E-04  3.266843E-03  7.838089E+01
    17.2000   -3.388869E-04  3.312522E-03  7.864230E+01
    17.2500   -1.243798E-03  3.388872E-03  7.891562E+01
    17.3000   -2.143736E-03  3.483270E-03  7.920276E+01
    17.3500   -2.943819E-03  3.582979E-03  7.950405E+01
    17.4000   -3.521075E-03  3.676465E-03  7.981883E+01
    17.4500   -3.751760E-03  3.754100E-03  8.014593E+01
    17.5000   -3.546021E-03  3.808415E-03  8.048399E+01
    17.5500   -2.879705E-03  3.834089E-03  8.083171E+01
    17.6000   -1.813180E-03  3.827801E-03  8.118794E+01
    17.6500   -4.901612E-04  3.788025E-03  8.155165E+01
    17.7000    8.851026E-04  3.714793E-03  8.192199E+01
    17.7500    2.087811E-03  3.609433E-03  8.229821E+01
    17.8000    2.920261E-03  3.474313E-03  8.267967E+01
    17.8500    3.255143E-03  3.312571E-03  8.306573E+01
    17.9000    3.063261E-03  3.127842E-03  8.345577E+01
    17.9500    2.418412E-03  2.924003E-03  8.384909E+01
    18.0000    1.478390E-03  2.708034E-03  8.424551E+01
    18.0500    4.412049E-04  2.488222E-03  8.464474E+01
    18.1000   -4.952254E-04  2.260423E-03  8.504388E+01
    18.1500   -1.174779E-03  2.027442E-03  8.544104E+01
    18.2000   -1.517832E-03  1.791653E-03  8.583364E+01
    18.2500   -1.531147E-03  1.555145E-03  8.621789E+01
    18.3000   -1.295259E-03  1.320067E-03  8.658797E+01
    18.3500   -9.341536E-04  1.089301E-03  8.693407E+01
    18.4000   -5.764953E-04  8.678894E-04  8.723810E+01
    18.4500   -3.195172E-04  6.664775E-04  8.746461E+01
    18.5000   -2.052729E-04  5.097072E-04  8.755010E+01
    18.5500   -2.149764E-04  4.454295E-04  8.746094E+01
    18.6000   -2.817540E-04  5.053587E-04  8.737318E+01
    18.6500   -3.169228E-04  6.497286E-04  8.745505E+01
    18.7000   -2.413575E-04  8.278701E-04  8.766876E+01
    18.7500   -1.253212E-05  1.013282E-03  8.795223E+01
    18.8000    3.604272E-04  1.193032E-03  8.827150E+01
    18.8500    8.175076E-04  1.359636E-03  8.860968E+01
    18.9000    1.263518E-03  1.508034E-03  8.895794E+01
    18.9500    1.593683E-03  1.634547E-03  8.931131E+01
    19.0000    1.721813E-03  1.737200E-03  8.966859E+01
    19.0500    1.597455E-03  1.815304E-03  9.003034E+01
    19.1000    1.224347E-03  1.866165E-03  9.039058E+01
    19.1500    6.616360E-04  1.889763E-03  9.074849E+01
    19.2000    5.213011E-06  1.886955E-03  9.110342E+01
    19.2500   -6.351897E-04  1.859436E-03  9.145481E+01
    19.3000   -1.160188E-03  1.809651E-03  9.180213E+01
    19.3500   -1.500053E-03  1.740684E-03  9.214492E+01
    19.4000   -1.624948E-03  1.656096E-03  9.248273E+01
    19.4500   -1.544867E-03  1.559745E-03  9.281522E+01
    19.5000   -1.300918E-03  1.455576E-03  9.314215E+01
    19.5500   -9.516733E-04  1.347392E-03  9.346351E+01
    19.6000   -5.589308E-04  1.238624E-03  9.377961E+01
    19.6500   -1.765524E-04  1.132118E-03  9.409119E+01
    19.7000    1.556848E-04  1.029956E-03  9.439952E+01
    19.7500    4.132378E-04  9.333616E-04  9.470643E+01
    19.8000    5.845295E-04  8.427073E-04  9.501430E+01
    19.8500    6.675172E-04  7.576419E-04  9.532585E+01
    19.9000    6.670273E-04  6.773279E-04  9.564395E+01
    19.9500    5.937324E-04  6.007351E-04  9.597141E+01