# # tequil.ion_motion                                            FEFF 9.05   
# # POT  SCF  30  5.5000   1, core-hole, AFOLP (folp(0)= 1.150)
# # Abs   Z=30 Rmt= 1.295 Rnm= 1.404 K  shell
# # Pot 1 Z=26 Rmt= 1.235 Rnm= 1.374
# # Pot 2 Z= 8 Rmt= 1.013 Rnm= 1.086
# # Gam_ch=1.897E+00 H-L exch
# # Mu=-1.161E+01 kf=2.184E+00 Vint=-1.926E+01 Rs_int= 1.661
# # PATH  Rmax= 8.500,  Keep_limit= 0.00, Heap_limit 0.00  Pwcrit= 2.50%
#  S02=1.000                                        Global_sig2= 0.00000
#  Energy zero shift, vr, vi   -2.00000E+00   0.00000E+00
#  Curved wave amplitude ratio filter   4.000%
#     file         sig2 tot  cw amp ratio   deg  nlegs   reff  inp sig2
#           1       0.00000    100.00      1.00     2   1.9286
#           2       0.00000     97.75      1.00     2   1.9458
#           3       0.00000     88.60      1.00     2   2.0222
#           4       0.00000     74.79      1.00     2   2.1610
#           5       0.00000     60.45      1.00     2   2.3482
#           6       0.00000     58.56      1.00     2   2.3773
#           7       0.00000     31.82      1.00     2   2.9507
#           8       0.00000     30.94      1.00     2   2.9880
#           9       0.00000     30.41      1.00     2   3.0109
#          10       0.00000     28.80      1.00     2   3.0841
#          11       0.00000     25.75      1.00     2   3.2368
#          12       0.00000     25.34      1.00     2   3.2589
#          13       0.00000     22.62      1.00     2   3.4180
#          14       0.00000     22.35      1.00     2   3.4192
#          15       0.00000     22.10      1.00     2   3.4334
#          16       0.00000     10.97      2.00     3   3.4412
#          17       0.00000     11.91      2.00     3   3.4761
#          18       0.00000      7.69      2.00     3   3.4941
#          19       0.00000      9.17      2.00     3   3.5041
#          20       0.00000     18.91      2.00     3   3.5137
#          21       0.00000     20.65      1.00     2   3.5191
#          22       0.00000      8.98      2.00     3   3.5295
#          23       0.00000     20.35      1.00     2   3.5381
#          24       0.00000      7.90      2.00     3   3.5441
#          25       0.00000     20.21      1.00     2   3.5466
#          26       0.00000     14.78      2.00     3   3.5767
#          27       0.00000     10.25      2.00     3   3.5766
#          28       0.00000      8.42      2.00     3   3.5778
#          29       0.00000      8.03      2.00     3   3.5903
#          30       0.00000      9.17      2.00     3   3.5921
#          31       0.00000     10.31      2.00     3   3.6158
#          32       0.00000      9.46      2.00     3   3.6227
#          33       0.00000      7.20      2.00     3   3.6295
#          34       0.00000     19.41      1.00     2   3.6385
#          35       0.00000      9.65      2.00     3   3.6400
#          36       0.00000      7.20      2.00     3   3.6440
#          37       0.00000     19.16      1.00     2   3.6575
#          38       0.00000      7.93      2.00     3   3.6661
#          39       0.00000     18.20      1.00     2   3.6826
#          40       0.00000      6.57      2.00     3   3.6939
#          41       0.00000      7.38      2.00     3   3.7076
#          42       0.00000     17.80      1.00     2   3.7125
#          43       0.00000      6.05      2.00     3   3.7221
#          44       0.00000      6.24      2.00     3   3.7619
#          45       0.00000      4.83      1.00     4   3.7685
#          46       0.00000     11.39      2.00     3   3.7875
#          47       0.00000     17.30      1.00     2   3.8087
#          48       0.00000     16.99      1.00     2   3.8356
#          49       0.00000     16.94      1.00     2   3.8399
#          50       0.00000     10.03      1.00     4   3.8571
#          51       0.00000     13.57      2.00     3   3.8596
#          53       0.00000     13.74      2.00     3   3.8797
#          54       0.00000      9.57      1.00     4   3.8916
#          55       0.00000     16.32      1.00     2   3.8968
#          56       0.00000      4.20      1.00     4   3.9165
#          57       0.00000      4.94      1.00     4   3.9412
#          58       0.00000     14.99      1.00     2   3.9455
#          60       0.00000     16.38      2.00     3   3.9758
#          61       0.00000      9.01      2.00     3   4.0216
#          62       0.00000      9.04      2.00     3   4.0241
#          63       0.00000     14.17      1.00     2   4.0247
#          64       0.00000     12.47      2.00     3   4.0386
#          65       0.00000      7.82      1.00     4   4.0445
#          66       0.00000     11.94      2.00     3   4.0467
#          67       0.00000      4.38      1.00     4   4.0574
#          68       0.00000      4.07      1.00     4   4.0690
#          69       0.00000      4.88      1.00     4   4.0807
#          70       0.00000      4.19      1.00     4   4.1019
#          71       0.00000      8.56      2.00     3   4.1045
#          72       0.00000      7.40      1.00     4   4.1116
#          73       0.00000     21.25      2.00     3   4.1226
#          75       0.00000      8.99      2.00     3   4.1654
#          76       0.00000     12.73      1.00     2   4.1776
#          77       0.00000      7.52      2.00     3   4.1783
#          78       0.00000     15.01      2.00     4   4.1832
#          79       0.00000      7.25      2.00     3   4.1989
#          80       0.00000      4.03      1.00     4   4.2417
#          81       0.00000     20.08      2.00     3   4.2476
#          82       0.00000      6.80      2.00     3   4.2513
#          83       0.00000     20.06      2.00     3   4.2625
#          84       0.00000     11.88      1.00     2   4.2791
#          86       0.00000      6.53      2.00     3   4.2870
#          87       0.00000      6.47      2.00     3   4.2941
#          88       0.00000     14.69      2.00     4   4.2940
#          89       0.00000     11.71      1.00     2   4.3005
#          90       0.00000     14.83      2.00     4   4.3059
#          91       0.00000      6.86      2.00     3   4.3161
#          92       0.00000      5.55      1.00     4   4.3220
#          93       0.00000      6.84      2.00     3   4.3270
#          94       0.00000     24.38      2.00     3   4.3727
#          95       0.00000     11.07      1.00     2   4.3834
#          96       0.00000     10.91      1.00     2   4.4056
#          97       0.00000     10.83      1.00     2   4.4173
#          98       0.00000      7.30      2.00     3   4.4285
#          99       0.00000     15.10      1.00     4   4.4449
#         100       0.00000      5.28      2.00     3   4.4562
#         101       0.00000     10.08      1.00     2   4.5258
#         103       0.00000      8.62      2.00     3   4.5321
#         104       0.00000     10.01      1.00     2   4.5368
#         105       0.00000      5.59      2.00     3   4.5501
#         106       0.00000      9.92      1.00     2   4.5515
#         108       0.00000      9.86      1.00     2   4.5603
#         109       0.00000      9.79      1.00     2   4.5714
#         110       0.00000      5.89      2.00     3   4.5789
#         111       0.00000     13.95      2.00     3   4.5824
#         112       0.00000     20.57      2.00     3   4.5947
#         113       0.00000      6.61      2.00     3   4.6255
#         114       0.00000      9.37      1.00     2   4.6394
#         115       0.00000     17.39      2.00     3   4.6409
#         116       0.00000      7.76      2.00     3   4.6454
#         118       0.00000     18.15      2.00     3   4.6606
#         119       0.00000     12.36      1.00     4   4.6635
#         120       0.00000      4.70      2.00     3   4.6804
#         121       0.00000      9.11      1.00     2   4.6845
#         122       0.00000      9.05      1.00     2   4.6942
#         124       0.00000     13.48      2.00     3   4.7116
#         125       0.00000      8.92      1.00     2   4.7167
#         126       0.00000      4.40      2.00     3   4.7186
#         127       0.00000      8.78      1.00     2   4.7420
#         128       0.00000      9.83      1.00     4   4.7449
#         129       0.00000      4.21      2.00     3   4.7482
#         130       0.00000      5.85      2.00     3   4.7488
#         131       0.00000     10.51      1.00     4   4.7497
#         132       0.00000      7.18      2.00     3   4.7526
#         134       0.00000      6.97      1.00     4   4.7592
#         135       0.00000      7.09      2.00     3   4.7838
#         136       0.00000      4.10      2.00     3   4.7948
#         137       0.00000      9.57      2.00     3   4.8061
#         138       0.00000      6.62      2.00     3   4.8073
#         139       0.00000      8.09      2.00     3   4.8264
#         140       0.00000     11.89      2.00     3   4.8521
#         141       0.00000     14.08      2.00     3   4.8587
#         142       0.00000      5.33      2.00     3   4.8638
#         143       0.00000      4.51      2.00     3   4.8657
#         144       0.00000      6.90      1.00     4   4.8717
#         145       0.00000      5.54      2.00     3   4.8727
#         147       0.00000      6.55      2.00     3   4.8970
#         148       0.00000      4.94      2.00     4   4.8965
#         149       0.00000      7.92      1.00     2   4.9089
#         150       0.00000      8.70      1.00     2   4.9211
#         151       0.00000      7.99      2.00     3   4.9235
#         155       0.00000      7.99      2.00     3   4.9677
#         156       0.00000      7.57      1.00     4   4.9754
#         157       0.00000      7.59      1.00     2   4.9793
#         158       0.00000      8.07      2.00     3   4.9820
#         159       0.00000      7.47      1.00     2   5.0056
#         161       0.00000      8.27      1.00     2   5.0116
#         164       0.00000     18.23      2.00     3   5.0158
#         165       0.00000      5.95      1.00     4   5.0198
#         166       0.00000     11.39      1.00     4   5.0260
#         168       0.00000      4.14      1.00     4   5.0520
#         171       0.00000      8.02      1.00     2   5.0670
#         173       0.00000      5.15      2.00     3   5.0832
#         174       0.00000      6.49      2.00     3   5.0911
#         176       0.00000     10.83      2.00     3   5.1053
#         177       0.00000      6.99      1.00     2   5.1164
#         178       0.00000      7.78      1.00     2   5.1216
#         179       0.00000     17.36      2.00     3   5.1219
#         181       0.00000     10.95      1.00     4   5.1274
#         182       0.00000      7.44      2.00     3   5.1623
#         183       0.00000      7.57      1.00     2   5.1684
#         184       0.00000      6.72      1.00     2   5.1811
#         185       0.00000     16.31      2.00     3   5.1861
#         186       0.00000     10.04      1.00     4   5.1911
#         188       0.00000      5.31      1.00     4   5.1991
#         192       0.00000      7.11      2.00     3   5.2421
#         194       0.00000      6.63      2.00     3   5.2542
#         195       0.00000      7.20      1.00     2   5.2602
#         197       0.00000      5.27      2.00     3   5.2664
#         199       0.00000      6.33      1.00     2   5.2833
#         200       0.00000      5.84      2.00     3   5.2868
#         201       0.00000      6.50      2.00     3   5.2903
#         202       0.00000      6.82      2.00     3   5.2944
#         208       0.00000      6.47      2.00     3   5.3436
#         210       0.00000      6.90      2.00     3   5.3675
#         211       0.00000      7.57      2.00     3   5.3880
#         212       0.00000      6.65      1.00     2   5.4089
#         213       0.00000      5.88      1.00     2   5.4124
#         214       0.00000      5.87      1.00     2   5.4147
#         216       0.00000      5.86      1.00     2   5.4176
#         217       0.00000      6.61      1.00     2   5.4185
#         219       0.00000      5.83      1.00     2   5.4261
#         220       0.00000      5.73      1.00     2   5.4564
#         224       0.00000      6.70      2.00     3   5.4709
#         225       0.00000      6.42      1.00     2   5.4734
#         227       0.00000      5.49      2.00     3   5.4835
#         228       0.00000      4.20      2.00     3   5.4914
#         230       0.00000      4.46      2.00     3   5.4993
#         231       0.00000      4.49      2.00     3   5.4998
#         232       0.00000      4.97      2.00     3   5.5064
#         235       0.00000      6.24      1.00     2   5.5275
#         237       0.00000      5.49      1.00     2   5.5328
#         238       0.00000      6.35      2.00     3   5.5348
#         239       0.00000      5.50      2.00     3   5.5478
#         240       0.00000      4.77      2.00     3   5.5513
#         241       0.00000      6.83      2.00     3   5.5737
#         243       0.00000      6.06      1.00     2   5.5833
#         245       0.00000      6.01      1.00     2   5.6003
#         246       0.00000      4.87      2.00     3   5.6090
#         248       0.00000      7.97      2.00     3   5.6174
#         249       0.00000      6.28      2.00     3   5.6304
#         252       0.00000      5.64      2.00     3   5.6593
#         254       0.00000      5.50      2.00     3   5.6643
#         256       0.00000      4.92      2.00     3   5.6722
#         260       0.00000      4.32      2.00     3   5.6804
#         264       0.00000      4.29      2.00     3   5.6944
#         265       0.00000      5.71      1.00     2   5.6962
#         267       0.00000      5.00      1.00     2   5.7022
#         270       0.00000      5.93      2.00     3   5.7140
#         273       0.00000     10.01      2.00     3   5.7262
#         274       0.00000      4.45      2.00     3   5.7269
#         276       0.00000      4.77      2.00     3   5.7360
#         278       0.00000      4.41      2.00     3   5.7397
#         280       0.00000      4.88      1.00     2   5.7439
#         283       0.00000      5.21      2.00     3   5.7555
#         284       0.00000      4.76      1.00     4   5.7561
#         288       0.00000      5.62      2.00     3   5.7873
#         289       0.00000      4.76      1.00     2   5.7926
#         297       0.00000      5.59      2.00     3   5.8359
#         298       0.00000      5.31      1.00     2   5.8382
#         305       0.00000      4.61      1.00     2   5.8503
#         310       0.00000      5.18      1.00     2   5.8865
#         313       0.00000      5.15      1.00     2   5.8990
#         314       0.00000      4.49      1.00     2   5.8986
#         316       0.00000      4.75      2.00     3   5.9050
#         320       0.00000      4.04      2.00     3   5.9104
#         323       0.00000      5.12      1.00     2   5.9125
#         325       0.00000      5.08      1.00     2   5.9282
#         326       0.00000      4.42      1.00     2   5.9296
#         329       0.00000      4.40      1.00     2   5.9348
#         330       0.00000      5.04      1.00     2   5.9408
#   231/ 295 paths used
#  -----------------------------------------------------------------------
#       k          chi          mag           phase @#
    -0.7000   -3.090789E-01  3.090882E-01 -1.578548E+00
    -0.6500   -3.081360E-01  3.107172E-01 -1.699785E+00
    -0.6000   -3.201895E-01  3.271016E-01 -1.776739E+00
    -0.5500   -3.399961E-01  3.504415E-01 -1.815563E+00
    -0.5000   -3.627900E-01  3.748826E-01 -1.825480E+00
    -0.4500   -3.865375E-01  3.986544E-01 -1.817979E+00
    -0.4000   -4.086218E-01  4.197114E-01 -1.801183E+00
    -0.3500   -4.299915E-01  4.394364E-01 -1.778502E+00
    -0.3000   -4.482296E-01  4.559435E-01 -1.755005E+00
    -0.2500   -4.632570E-01  4.694175E-01 -1.732985E+00
    -0.2000   -4.751817E-01  4.800824E-01 -1.713803E+00
    -0.1500   -4.849131E-01  4.888264E-01 -1.697415E+00
    -0.1000   -4.919116E-01  4.951433E-01 -1.685111E+00
    -0.0500   -4.960394E-01  4.988820E-01 -1.677598E+00
     0.0000   -4.974030E-01  5.001196E-01 -1.675073E+00
     0.0500   -4.987601E-01  5.013528E-01 -1.672538E+00
     0.1000   -5.027928E-01  5.050262E-01 -1.664877E+00
     0.1500   -5.093796E-01  5.110607E-01 -1.651930E+00
     0.2000   -5.183038E-01  5.193233E-01 -1.633465E+00
     0.2500   -5.292354E-01  5.296265E-01 -1.609226E+00
     0.3000   -5.417120E-01  5.417301E-01 -1.578976E+00
     0.3500   -5.554796E-01  5.557113E-01 -1.541920E+00
     0.4000   -5.707143E-01  5.723173E-01 -1.495934E+00
     0.4500   -5.850933E-01  5.899038E-01 -1.443002E+00
     0.5000   -5.973834E-01  6.080473E-01 -1.383236E+00
     0.5500   -6.067269E-01  6.270683E-01 -1.315391E+00
     0.6000   -6.118219E-01  6.474001E-01 -1.237731E+00
     0.6500   -6.097714E-01  6.670002E-01 -1.153529E+00
     0.7000   -5.990878E-01  6.859556E-01 -1.062063E+00
     0.7500   -5.778656E-01  7.052217E-01 -9.603806E-01
     0.8000   -5.442194E-01  7.223890E-01 -8.531574E-01
     0.8500   -4.969027E-01  7.382285E-01 -7.383946E-01
     0.9000   -4.346643E-01  7.525673E-01 -6.157554E-01
     0.9500   -3.586184E-01  7.636556E-01 -4.888462E-01
     1.0000   -2.673592E-01  7.731411E-01 -3.531009E-01
     1.0500   -1.647937E-01  7.790482E-01 -2.131422E-01
     1.1000   -5.307410E-02  7.817561E-01 -6.794313E-02
     1.1500    6.484415E-02  7.813729E-01  8.308301E-02
     1.2000    1.819847E-01  7.768401E-01  2.364601E-01
     1.2500    2.972320E-01  7.695365E-01  3.965605E-01
     1.3000    4.013734E-01  7.580725E-01  5.579706E-01
     1.3500    4.924106E-01  7.435208E-01  7.238428E-01
     1.4000    5.644557E-01  7.255014E-01  8.915104E-01
     1.4500    6.150496E-01  7.044791E-01  1.061434E+00
     1.5000    6.424301E-01  6.807889E-01  1.233507E+00
     1.5500    6.457405E-01  6.546095E-01  1.405998E+00
     1.6000    6.265800E-01  6.266113E-01  1.580794E+00
     1.6500    5.868667E-01  5.969163E-01  1.754553E+00
     1.7000    5.299460E-01  5.662433E-01  1.930793E+00
     1.7500    4.601290E-01  5.347620E-01  2.105466E+00
     1.8000    3.810075E-01  5.029480E-01  2.282043E+00
     1.8500    2.976566E-01  4.710776E-01  2.457638E+00
     1.9000    2.126283E-01  4.392494E-01  2.636291E+00
     1.9500    1.305747E-01  4.076914E-01  2.815570E+00
     2.0000    5.530230E-02  3.765973E-01  2.994212E+00
     2.0500   -1.076331E-02  3.459987E-01  3.172706E+00
     2.1000   -6.619329E-02  3.150278E-01  3.353289E+00
     2.1500   -1.089963E-01  2.835439E-01  3.536158E+00
     2.2000   -1.378041E-01  2.524735E-01  3.718955E+00
     2.2500   -1.526856E-01  2.217348E-01  3.901143E+00
     2.3000   -1.537085E-01  1.904885E-01  4.080507E+00
     2.3500   -1.405142E-01  1.569936E-01  4.250095E+00
     2.4000   -1.184026E-01  1.243391E-01  4.402135E+00
     2.4500   -9.168042E-02  9.347062E-02  4.516358E+00
     2.5000   -6.538386E-02  6.628402E-02  4.547397E+00
     2.5500   -4.698815E-02  4.905666E-02  4.420960E+00
     2.6000   -3.472875E-02  4.219059E-02  4.108511E+00
     2.6500   -3.072972E-02  4.815980E-02  3.833593E+00
     2.7000   -3.526819E-02  6.069838E-02  3.761599E+00
     2.7500   -4.391299E-02  7.167477E-02  3.801027E+00
     2.8000   -5.651473E-02  8.248337E-02  3.896423E+00
     2.8500   -7.168005E-02  9.260220E-02  4.026828E+00
     2.9000   -8.750155E-02  1.016142E-01  4.179051E+00
     2.9500   -1.021802E-01  1.096442E-01  4.341277E+00
     3.0000   -1.141405E-01  1.164410E-01  4.513283E+00
     3.0500   -1.218489E-01  1.218723E-01  4.692784E+00
     3.1000   -1.242474E-01  1.259579E-01  4.877375E+00
     3.1500   -1.210693E-01  1.289324E-01  5.063435E+00
     3.2000   -1.122141E-01  1.308426E-01  5.252549E+00
     3.2500   -9.776091E-02  1.315319E-01  5.445272E+00
     3.3000   -7.853894E-02  1.309404E-01  5.639926E+00
     3.3500   -5.617341E-02  1.295477E-01  5.834688E+00
     3.4000   -3.196631E-02  1.275381E-01  6.029843E+00
     3.4500   -7.233011E-03  1.247783E-01  6.225186E+00
     3.5000    1.663300E-02  1.214007E-01  6.420627E+00
     3.5500    3.840789E-02  1.175405E-01  6.616062E+00
     3.6000    5.708672E-02  1.132505E-01  6.811496E+00
     3.6500    7.193728E-02  1.085870E-01  7.007317E+00
     3.7000    8.248519E-02  1.036269E-01  7.203814E+00
     3.7500    8.856385E-02  9.846371E-02  7.401710E+00
     3.8000    9.016517E-02  9.311861E-02  7.601450E+00
     3.8500    8.743675E-02  8.755145E-02  7.802789E+00
     3.9000    8.083584E-02  8.177851E-02  8.005964E+00
     3.9500    7.100615E-02  7.578652E-02  8.211057E+00
     4.0000    5.879327E-02  6.956400E-02  8.417898E+00
     4.0500    4.523489E-02  6.317999E-02  8.626768E+00
     4.1000    3.140718E-02  5.666433E-02  8.837296E+00
     4.1500    1.840841E-02  5.004075E-02  9.048062E+00
     4.2000    7.287727E-03  4.332780E-02  9.255775E+00
     4.2500   -1.320904E-03  3.673266E-02  9.460746E+00
     4.3000   -7.120190E-03  3.034861E-02  9.661599E+00
     4.3500   -1.007178E-02  2.422873E-02  9.853485E+00
     4.4000   -1.032244E-02  1.845287E-02  1.001843E+01
     4.4500   -8.734220E-03  1.325084E-02  1.014446E+01
     4.5000   -6.091175E-03  8.797437E-03  1.018956E+01
     4.5500   -3.125163E-03  5.430109E-03  1.003802E+01
     4.6000   -3.798739E-04  4.121898E-03  9.517069E+00
     4.6500    1.615771E-03  4.963520E-03  9.093207E+00
     4.7000    2.814359E-03  6.335587E-03  8.964481E+00
     4.7500    3.413560E-03  7.500914E-03  8.952309E+00
     4.8000    3.683223E-03  8.503971E-03  8.976829E+00
     4.8500    3.926940E-03  9.408844E-03  8.994232E+00
     4.9000    4.300867E-03  1.050531E-02  9.002982E+00
     4.9500    4.730068E-03  1.205390E-02  9.021528E+00
     5.0000    4.810922E-03  1.420317E-02  9.079220E+00
     5.0500    4.150536E-03  1.685305E-02  9.175940E+00
     5.1000    2.273293E-03  1.985643E-02  9.310040E+00
     5.1500   -1.149357E-03  2.302779E-02  9.474710E+00
     5.2000   -6.299427E-03  2.624125E-02  9.667204E+00
     5.2500   -1.274679E-02  2.926520E-02  9.875440E+00
     5.3000   -1.982695E-02  3.194638E-02  1.009433E+01
     5.3500   -2.665107E-02  3.415927E-02  1.031976E+01
     5.4000   -3.239447E-02  3.587357E-02  1.055152E+01
     5.4500   -3.614320E-02  3.697574E-02  1.078297E+01
     5.5000   -3.744462E-02  3.744916E-02  1.101115E+01
     5.5500   -3.627501E-02  3.732324E-02  1.123313E+01
     5.6000   -3.300950E-02  3.671039E-02  1.144846E+01
     5.6500   -2.830272E-02  3.570388E-02  1.165113E+01
     5.7000   -2.294930E-02  3.447985E-02  1.183809E+01
     5.7500   -1.763339E-02  3.325778E-02  1.200753E+01
     5.8000   -1.272859E-02  3.232086E-02  1.216159E+01
     5.8500   -8.297923E-03  3.184966E-02  1.230280E+01
     5.9000   -4.061398E-03  3.198266E-02  1.243904E+01
     5.9500    4.523023E-04  3.274027E-02  1.258019E+01
     6.0000    5.800828E-03  3.408723E-02  1.273738E+01
     6.0500    1.214404E-02  3.576150E-02  1.291285E+01
     6.1000    1.930731E-02  3.751665E-02  1.310695E+01
     6.1500    2.671243E-02  3.912455E-02  1.331790E+01
     6.2000    3.346141E-02  4.039124E-02  1.354267E+01
     6.2500    3.854028E-02  4.116845E-02  1.377792E+01
     6.3000    4.107497E-02  4.135722E-02  1.402027E+01
     6.3500    4.056682E-02  4.090822E-02  1.426645E+01
     6.4000    3.703904E-02  3.982081E-02  1.451316E+01
     6.4500    3.104900E-02  3.814219E-02  1.475690E+01
     6.5000    2.358463E-02  3.601240E-02  1.499391E+01
     6.5500    1.577251E-02  3.353695E-02  1.521833E+01
     6.6000    8.635798E-03  3.090430E-02  1.542476E+01
     6.6500    2.827257E-03  2.836360E-02  1.560812E+01
     6.7000   -1.509202E-03  2.619935E-02  1.576560E+01
     6.7500   -4.717404E-03  2.468846E-02  1.590022E+01
     6.8000   -7.460134E-03  2.401972E-02  1.602377E+01
     6.8500   -1.045273E-02  2.420971E-02  1.615440E+01
     6.9000   -1.417886E-02  2.508824E-02  1.630859E+01
     6.9500   -1.867527E-02  2.637393E-02  1.649476E+01
     7.0000   -2.349933E-02  2.783727E-02  1.671297E+01
     7.0500   -2.770220E-02  2.917272E-02  1.695990E+01
     7.1000   -3.013546E-02  3.016983E-02  1.723102E+01
     7.1500   -2.980017E-02  3.070622E-02  1.752229E+01
     7.2000   -2.615503E-02  3.071600E-02  1.783069E+01
     7.2500   -1.933312E-02  3.018105E-02  1.815431E+01
     7.3000   -1.018771E-02  2.912368E-02  1.849219E+01
     7.3500   -1.465725E-04  2.760031E-02  1.884425E+01
     7.4000    9.092715E-03  2.569592E-02  1.921125E+01
     7.4500    1.594924E-02  2.351878E-02  1.959480E+01
     7.5000    1.928473E-02  2.116080E-02  1.999609E+01
     7.5500    1.875195E-02  1.875197E-02  2.041912E+01
     7.6000    1.482742E-02  1.645044E-02  2.086830E+01
     7.6500    8.655563E-03  1.440211E-02  2.134641E+01
     7.7000    1.764912E-03  1.272765E-02  2.185203E+01
     7.7500   -4.313665E-03  1.148725E-02  2.237610E+01
     7.8000   -8.409721E-03  1.064698E-02  2.290174E+01
     7.8500   -9.962854E-03  1.007867E-02  2.341020E+01
     7.9000   -9.098729E-03  9.605175E-03  2.388812E+01
     7.9500   -6.520331E-03  9.059308E-03  2.432932E+01
     8.0000   -3.229229E-03  8.335843E-03  2.473494E+01
     8.0500   -2.567307E-04  7.377977E-03  2.509794E+01
     8.1000    1.640008E-03  6.180706E-03  2.540130E+01
     8.1500    2.197772E-03  4.837450E-03  2.560436E+01
     8.2000    1.672376E-03  3.647412E-03  2.560906E+01
     8.2500    7.148912E-04  3.337129E-03  2.534864E+01
     8.3000    1.335154E-04  4.404695E-03  2.516306E+01
     8.3500    6.164982E-04  6.270708E-03  2.523121E+01
     8.4000    2.499935E-03  8.396952E-03  2.543504E+01
     8.4500    5.648069E-03  1.053079E-02  2.569883E+01
     8.5000    9.492466E-03  1.252755E-02  2.599256E+01
     8.5500    1.314829E-02  1.428993E-02  2.630110E+01
     8.6000    1.568239E-02  1.574270E-02  2.661598E+01
     8.6500    1.638840E-02  1.682895E-02  2.693285E+01
     8.7000    1.497258E-02  1.751079E-02  2.724869E+01
     8.7500    1.162926E-02  1.777013E-02  2.756091E+01
     8.8000    6.978036E-03  1.760965E-02  2.786689E+01
     8.8500    1.885531E-03  1.705401E-02  2.816355E+01
     8.9000   -2.772826E-03  1.615160E-02  2.844686E+01
     8.9500   -6.339843E-03  1.497736E-02  2.871141E+01
     9.0000   -8.531473E-03  1.364238E-02  2.894993E+01
     9.0500   -9.467501E-03  1.229589E-02  2.915313E+01
     9.1000   -9.583199E-03  1.112368E-02  2.931258E+01
     9.1500   -9.453670E-03  1.034015E-02  2.942803E+01
     9.2000   -9.583234E-03  1.012206E-02  2.951738E+01
     9.2500   -1.023179E-02  1.051065E-02  2.961426E+01
     9.3000   -1.132779E-02  1.138256E-02  2.974699E+01
     9.3500   -1.249185E-02  1.253111E-02  2.992431E+01
     9.4000   -1.316061E-02  1.375834E-02  3.014098E+01
     9.4500   -1.277078E-02  1.491210E-02  3.038766E+01
     9.5000   -1.094232E-02  1.589956E-02  3.065690E+01
     9.5500   -7.604173E-03  1.664859E-02  3.094159E+01
     9.6000   -3.065109E-03  1.710912E-02  3.123580E+01
     9.6500    2.062974E-03  1.726503E-02  3.153570E+01
     9.7000    7.015535E-03  1.711949E-02  3.183816E+01
     9.7500    1.106265E-02  1.669222E-02  3.214040E+01
     9.8000    1.368031E-02  1.601736E-02  3.243973E+01
     9.8500    1.465808E-02  1.514168E-02  3.273331E+01
     9.9000    1.411621E-02  1.412311E-02  3.301800E+01
     9.9500    1.243340E-02  1.302938E-02  3.329035E+01
    10.0000    1.012598E-02  1.195649E-02  3.354739E+01
    10.0500    7.653722E-03  1.097802E-02  3.378605E+01
    10.1000    5.328797E-03  1.015533E-02  3.400512E+01
    10.1500    3.271739E-03  9.557708E-03  3.420814E+01
    10.2000    1.410499E-03  9.225300E-03  3.440402E+01
    10.2500   -4.367161E-04  9.155193E-03  3.460524E+01
    10.3000   -2.443597E-03  9.302331E-03  3.482332E+01
    10.3500   -4.664892E-03  9.596726E-03  3.506513E+01
    10.4000   -6.971173E-03  9.965050E-03  3.533230E+01
    10.4500   -9.052215E-03  1.034509E-02  3.562301E+01
    10.5000   -1.048945E-02  1.069092E-02  3.593387E+01
    10.5500   -1.087554E-02  1.097226E-02  3.626119E+01
    10.6000   -9.944014E-03  1.117141E-02  3.660148E+01
    10.6500   -7.668329E-03  1.127987E-02  3.695159E+01
    10.7000   -4.298850E-03  1.129523E-02  3.730868E+01
    10.7500   -3.250052E-04  1.121887E-02  3.767014E+01
    10.8000    3.627921E-03  1.105421E-02  3.803350E+01
    10.8500    6.938639E-03  1.080586E-02  3.839637E+01
    10.9000    9.127441E-03  1.047929E-02  3.875634E+01
    10.9500    9.954133E-03  1.008122E-02  3.911095E+01
    11.0000    9.470345E-03  9.641360E-03  3.945854E+01
    11.0500    7.930929E-03  9.172689E-03  3.979630E+01
    11.1000    5.719085E-03  8.668327E-03  4.012019E+01
    11.1500    3.276216E-03  8.150719E-03  4.042705E+01
    11.2000    9.671628E-04  7.649387E-03  4.071393E+01
    11.2500   -9.914129E-04  7.200454E-03  4.097883E+01
    11.3000   -2.546827E-03  6.843447E-03  4.122203E+01
    11.3500   -3.771644E-03  6.614114E-03  4.144750E+01
    11.4000   -4.788889E-03  6.533999E-03  4.166331E+01
    11.4500   -5.690124E-03  6.601375E-03  4.187983E+01
    11.5000   -6.476042E-03  6.789596E-03  4.210641E+01
    11.5500   -7.040260E-03  7.054157E-03  4.234872E+01
    11.6000   -7.201522E-03  7.343470E-03  4.260844E+01
    11.6500   -6.772651E-03  7.607710E-03  4.288444E+01
    11.7000   -5.641856E-03  7.803819E-03  4.317422E+01
    11.7500   -3.837388E-03  7.897506E-03  4.347491E+01
    11.8000   -1.551597E-03  7.863680E-03  4.378368E+01
    11.8500    8.866634E-04  7.686242E-03  4.409791E+01
    11.9000    3.085609E-03  7.357678E-03  4.441505E+01
    11.9500    4.689325E-03  6.878628E-03  4.473241E+01
    12.0000    5.481539E-03  6.268312E-03  4.504667E+01
    12.0500    5.433768E-03  5.544212E-03  4.535316E+01
    12.1000    4.695527E-03  4.715157E-03  4.564437E+01
    12.1500    3.580102E-03  3.815000E-03  4.590584E+01
    12.2000    2.465898E-03  2.897392E-03  4.610586E+01
    12.2500    1.688805E-03  2.068473E-03  4.616865E+01
    12.3000    1.447635E-03  1.581757E-03  4.596787E+01
    12.3500    1.750175E-03  1.761899E-03  4.566852E+01
    12.4000    2.415361E-03  2.422719E-03  4.563105E+01
    12.4500    3.130512E-03  3.218626E-03  4.578762E+01
    12.5000    3.546438E-03  3.996569E-03  4.603228E+01
    12.5500    3.382371E-03  4.692496E-03  4.631893E+01
    12.6000    2.510263E-03  5.273205E-03  4.662774E+01
    12.6500    9.945340E-04  5.719661E-03  4.694912E+01
    12.7000   -9.231663E-04  6.021840E-03  4.727780E+01
    12.7500   -2.888499E-03  6.176820E-03  4.761050E+01
    12.8000   -4.528491E-03  6.187871E-03  4.794490E+01
    12.8500   -5.547518E-03  6.063815E-03  4.827904E+01
    12.9000   -5.798113E-03  5.818460E-03  4.861103E+01
    12.9500   -5.307931E-03  5.470031E-03  4.893874E+01
    13.0000   -4.262271E-03  5.047705E-03  4.926004E+01
    13.0500   -2.928340E-03  4.578854E-03  4.957159E+01
    13.1000   -1.580256E-03  4.080823E-03  4.986785E+01
    13.1500   -4.393081E-04  3.585550E-03  5.014265E+01
    13.2000    3.849920E-04  3.128822E-03  5.038884E+01
    13.2500    9.047440E-04  2.749387E-03  5.060080E+01
    13.3000    1.223909E-03  2.484028E-03  5.078069E+01
    13.3500    1.481280E-03  2.355587E-03  5.094554E+01
    13.4000    1.786460E-03  2.359751E-03  5.112428E+01
    13.4500    2.170526E-03  2.466407E-03  5.134142E+01
    13.5000    2.567593E-03  2.637250E-03  5.160593E+01
    13.5500    2.833147E-03  2.841834E-03  5.191449E+01
    13.6000    2.793044E-03  3.062573E-03  5.225896E+01
    13.6500    2.307337E-03  3.292615E-03  5.263061E+01
    13.7000    1.328358E-03  3.531673E-03  5.302146E+01
    13.7500   -6.570200E-05  3.782024E-03  5.342445E+01
    13.8000   -1.673020E-03  4.045383E-03  5.383344E+01
    13.8500   -3.206690E-03  4.320914E-03  5.424332E+01
    13.9000   -4.359310E-03  4.604469E-03  5.465008E+01
    13.9500   -4.875854E-03  4.888848E-03  5.505080E+01
    14.0000   -4.615518E-03  5.167420E-03  5.544426E+01
    14.0500   -3.578760E-03  5.434015E-03  5.582973E+01
    14.1000   -1.911779E-03  5.675819E-03  5.620512E+01
    14.1500    1.251954E-04  5.885000E-03  5.656994E+01
    14.2000    2.219398E-03  6.056126E-03  5.692388E+01
    14.2500    4.070406E-03  6.186833E-03  5.726671E+01
    14.3000    5.444667E-03  6.278206E-03  5.759829E+01
    14.3500    6.207406E-03  6.334836E-03  5.791855E+01
    14.4000    6.327306E-03  6.364513E-03  5.822765E+01
    14.4500    5.857615E-03  6.377515E-03  5.852604E+01
    14.5000    4.903601E-03  6.385455E-03  5.881465E+01
    14.5500    3.588774E-03  6.399743E-03  5.909495E+01
    14.6000    2.030603E-03  6.429844E-03  5.936895E+01
    14.6500    3.313791E-04  6.481651E-03  5.963911E+01
    14.7000   -1.416498E-03  6.556368E-03  5.990803E+01
    14.7500   -3.117144E-03  6.650217E-03  6.017811E+01
    14.8000   -4.658835E-03  6.755024E-03  6.045131E+01
    14.8500   -5.911097E-03  6.859485E-03  6.072895E+01
    14.9000   -6.735751E-03  6.950754E-03  6.101169E+01
    14.9500   -7.010781E-03  7.015994E-03  6.129961E+01
    15.0000   -6.665921E-03  7.049227E-03  6.159234E+01
    15.0500   -5.700591E-03  7.045928E-03  6.188930E+01
    15.1000   -4.186243E-03  6.989370E-03  6.218967E+01
    15.1500   -2.289189E-03  6.876308E-03  6.249247E+01
    15.2000   -2.361928E-04  6.706769E-03  6.279663E+01
    15.2500    1.724610E-03  6.483934E-03  6.310108E+01
    15.3000    3.368112E-03  6.213854E-03  6.340471E+01
    15.3500    4.530790E-03  5.905060E-03  6.370643E+01
    15.4000    5.134009E-03  5.568046E-03  6.400519E+01
    15.4500    5.187236E-03  5.214659E-03  6.430005E+01
    15.5000    4.772129E-03  4.857372E-03  6.459027E+01
    15.5500    4.013717E-03  4.508441E-03  6.487551E+01
    15.6000    3.047986E-03  4.178960E-03  6.515605E+01
    15.6500    1.995221E-03  3.877853E-03  6.543300E+01
    15.7000    9.455883E-04  3.610963E-03  6.570849E+01
    15.7500   -4.123457E-05  3.380452E-03  6.598564E+01
    15.8000   -9.255146E-04  3.184796E-03  6.626830E+01
    15.8500   -1.672623E-03  3.019496E-03  6.656054E+01
    15.9000   -2.241517E-03  2.878418E-03  6.686609E+01
    15.9500   -2.582358E-03  2.755385E-03  6.718797E+01
    16.0000   -2.648592E-03  2.648935E-03  6.752813E+01
    16.0500   -2.410516E-03  2.559417E-03  6.788703E+01
    16.1000   -1.863163E-03  2.479105E-03  6.826464E+01
    16.1500   -1.059150E-03  2.409337E-03  6.865988E+01
    16.2000   -1.045246E-04  2.352631E-03  6.907059E+01
    16.2500    8.540615E-04  2.311557E-03  6.949348E+01
    16.3000    1.655711E-03  2.287565E-03  6.992431E+01
    16.3500    2.158942E-03  2.280107E-03  7.035837E+01
    16.4000    2.273677E-03  2.286320E-03  7.079105E+01
    16.4500    1.982583E-03  2.301370E-03  7.121846E+01
    16.5000    1.345582E-03  2.319258E-03  7.163768E+01
    16.5500    4.860617E-04  2.333805E-03  7.204683E+01
    16.6000   -4.375076E-04  2.339553E-03  7.244474E+01
    16.6500   -1.266798E-03  2.332423E-03  7.283079E+01
    16.7000   -1.876264E-03  2.310131E-03  7.320453E+01
    16.7500   -2.194933E-03  2.272383E-03  7.356559E+01
    16.8000   -2.212653E-03  2.220894E-03  7.391360E+01
    16.8500   -1.970887E-03  2.159243E-03  7.424822E+01
    16.9000   -1.542618E-03  2.092574E-03  7.456933E+01
    16.9500   -1.008724E-03  2.027090E-03  7.487737E+01
    17.0000   -4.356713E-04  1.969156E-03  7.517513E+01
    17.0500    1.318816E-04  1.925018E-03  7.546679E+01
    17.1000    6.595528E-04  1.899600E-03  7.575281E+01
    17.1500    1.131040E-03  1.894817E-03  7.603787E+01
    17.2000    1.529330E-03  1.909808E-03  7.632682E+01
    17.2500    1.826629E-03  1.941154E-03  7.662380E+01
    17.3000    1.982261E-03  1.983644E-03  7.693167E+01
    17.3500    1.950542E-03  2.031238E-03  7.725184E+01
    17.4000    1.696607E-03  2.077928E-03  7.758451E+01
    17.4500    1.214766E-03  2.118315E-03  7.792909E+01
    17.5000    5.423624E-04  2.147915E-03  7.828455E+01
    17.5500   -2.370738E-04  2.163245E-03  7.864963E+01
    17.6000   -1.004477E-03  2.161779E-03  7.902306E+01
    17.6500   -1.628432E-03  2.141837E-03  7.940359E+01
    17.7000   -1.995314E-03  2.102439E-03  7.979002E+01
    17.7500   -2.038080E-03  2.043169E-03  8.018121E+01
    17.8000   -1.755115E-03  1.964045E-03  8.057606E+01
    17.8500   -1.213029E-03  1.865426E-03  8.097347E+01
    17.9000   -5.317014E-04  1.747945E-03  8.137232E+01
    17.9500    1.449013E-04  1.612481E-03  8.177139E+01
    18.0000    6.847569E-04  1.461122E-03  8.216917E+01
    18.0500    1.001191E-03  1.295706E-03  8.256449E+01
    18.1000    1.066584E-03  1.115266E-03  8.295565E+01
    18.1500    9.187270E-04  9.221881E-04  8.333887E+01
    18.2000    6.465554E-04  7.194648E-04  8.370629E+01
    18.2500    3.615434E-04  5.112583E-04  8.403752E+01
    18.3000    1.636683E-04  3.058685E-04  8.425838E+01
    18.3500    1.118978E-04  1.446868E-04  8.393885E+01
    18.4000    2.077763E-04  2.111586E-04  8.307298E+01
    18.4500    3.967686E-04  3.994692E-04  8.313586E+01
    18.5000    5.867417E-04  5.959108E-04  8.342785E+01
    18.5500    6.779011E-04  7.843349E-04  8.377924E+01
    18.6000    5.951510E-04  9.589733E-04  8.415348E+01
    18.6500    3.132054E-04  1.116058E-03  8.453855E+01
    18.7000   -1.330062E-04  1.252664E-03  8.492938E+01
    18.7500   -6.556930E-04  1.366489E-03  8.532347E+01
    18.8000   -1.137131E-03  1.455823E-03  8.571941E+01
    18.8500   -1.461449E-03  1.519568E-03  8.611633E+01
    18.9000   -1.546085E-03  1.557252E-03  8.651362E+01
    18.9500   -1.363967E-03  1.569040E-03  8.691081E+01
    19.0000   -9.494147E-04  1.555802E-03  8.730823E+01
    19.0500   -3.869142E-04  1.520084E-03  8.770723E+01
    19.1000    2.055213E-04  1.464151E-03  8.810543E+01
    19.1500    7.117120E-04  1.390247E-03  8.850203E+01
    19.2000    1.043913E-03  1.300917E-03  8.889597E+01
    19.2500    1.161809E-03  1.198949E-03  8.928584E+01
    19.3000    1.077567E-03  1.087342E-03  8.966958E+01
    19.3500    8.465118E-04  9.693019E-04  9.004421E+01
    19.4000    5.471243E-04  8.483025E-04  9.040521E+01
    19.4500    2.569317E-04  7.282722E-04  9.074563E+01
    19.5000    3.159361E-05  6.139945E-04  9.105471E+01
    19.5500   -1.069605E-04  5.118536E-04  9.131671E+01
    19.6000   -1.706321E-04  4.308144E-04  9.151342E+01
    19.6500   -1.945564E-04  3.821354E-04  9.164036E+01
    19.7000   -2.201040E-04  3.740274E-04  9.173535E+01
    19.7500   -2.775019E-04  4.032630E-04  9.186511E+01
    19.8000   -3.738391E-04  4.568859E-04  9.206452E+01
    19.8500   -4.901679E-04  5.217543E-04  9.232724E+01
    19.9000   -5.882674E-04  5.887964E-04  9.263459E+01
    19.9500   -6.244455E-04  6.523615E-04  9.297058E+01