# # tequil.ion_motion                                            FEFF 9.05   
# # POT  SCF  30  5.5000   1, core-hole, AFOLP (folp(0)= 1.150)
# # Abs   Z=30 Rmt= 1.299 Rnm= 1.397 K  shell
# # Pot 1 Z=26 Rmt= 1.272 Rnm= 1.391
# # Pot 2 Z= 8 Rmt= 0.930 Rnm= 1.067
# # Gam_ch=1.897E+00 H-L exch
# # Mu=-1.142E+01 kf=2.216E+00 Vint=-1.867E+01 Rs_int= 1.636
# # PATH  Rmax= 8.500,  Keep_limit= 0.00, Heap_limit 0.00  Pwcrit= 2.50%
#  S02=1.000                                        Global_sig2= 0.00000
#  Energy zero shift, vr, vi   -2.00000E+00   0.00000E+00
#  Curved wave amplitude ratio filter   4.000%
#     file         sig2 tot  cw amp ratio   deg  nlegs   reff  inp sig2
#           1       0.00000    100.00      1.00     2   1.9147
#           2       0.00000     95.51      1.00     2   1.9494
#           3       0.00000     82.70      1.00     2   2.0624
#           4       0.00000     80.23      1.00     2   2.0870
#           5       0.00000     59.84      1.00     2   2.3393
#           6       0.00000     57.25      1.00     2   2.3798
#           7       0.00000     33.24      1.00     2   2.8631
#           8       0.00000     33.22      1.00     2   2.8640
#           9       0.00000     30.72      1.00     2   2.9670
#          10       0.00000     28.29      1.00     2   3.0771
#          11       0.00000     25.36      1.00     2   3.2266
#          12       0.00000     25.50      1.00     2   3.2294
#          13       0.00000     25.00      1.00     2   3.2461
#          14       0.00000     16.02      2.00     3   3.2938
#          15       0.00000     23.43      1.00     2   3.3358
#          16       0.00000     22.47      1.00     2   3.3823
#          17       0.00000      8.57      2.00     3   3.4010
#          18       0.00000      8.73      2.00     3   3.4796
#          19       0.00000      8.48      2.00     3   3.4869
#          20       0.00000      8.30      2.00     3   3.4869
#          21       0.00000     17.88      2.00     3   3.5238
#          22       0.00000     19.85      1.00     2   3.5375
#          23       0.00000     11.14      2.00     3   3.5437
#          24       0.00000     11.39      2.00     3   3.5445
#          25       0.00000     10.27      2.00     3   3.5553
#          26       0.00000      6.89      2.00     3   3.5598
#          27       0.00000      8.15      2.00     3   3.5687
#          28       0.00000     19.34      1.00     2   3.5706
#          29       0.00000     19.31      1.00     2   3.5726
#          30       0.00000     17.85      2.00     3   3.5790
#          31       0.00000      8.92      2.00     3   3.5885
#          32       0.00000     14.55      2.00     3   3.5890
#          33       0.00000      7.15      2.00     3   3.6027
#          34       0.00000      6.52      2.00     3   3.6253
#          35       0.00000      7.66      2.00     3   3.6260
#          36       0.00000     19.03      1.00     2   3.6325
#          37       0.00000      8.49      2.00     3   3.6355
#          38       0.00000      7.64      2.00     3   3.6591
#          39       0.00000      7.45      2.00     3   3.6855
#          40       0.00000      7.43      2.00     3   3.7077
#          41       0.00000     18.04      1.00     2   3.7107
#          42       0.00000     18.03      1.00     2   3.7117
#          43       0.00000     17.36      1.00     2   3.7112
#          44       0.00000      7.70      1.00     4   3.7244
#          45       0.00000      6.67      2.00     3   3.7405
#          46       0.00000      4.97      1.00     4   3.8015
#          47       0.00000      5.70      2.00     3   3.8099
#          48       0.00000     16.03      1.00     2   3.8179
#          49       0.00000      4.92      1.00     4   3.8222
#          50       0.00000     11.09      1.00     4   3.8294
#          51       0.00000     13.79      2.00     3   3.8513
#          52       0.00000     15.55      1.00     2   3.8590
#          53       0.00000     16.09      1.00     2   3.8819
#          54       0.00000     10.06      1.00     4   3.8988
#          55       0.00000     15.87      1.00     2   3.9022
#          56       0.00000     13.38      2.00     3   3.9159
#          57       0.00000     24.08      2.00     3   3.9325
#          58       0.00000      9.10      2.00     3   3.9330
#          59       0.00000     14.70      1.00     2   3.9360
#          60       0.00000     15.51      1.00     2   3.9369
#          61       0.00000      4.33      1.00     4   3.9514
#          62       0.00000     12.20      2.00     3   3.9567
#          63       0.00000     20.28      2.00     4   4.0017
#          65       0.00000      8.41      2.00     3   4.0278
#          66       0.00000     13.18      2.00     3   4.0504
#          67       0.00000      4.91      1.00     4   4.0701
#          68       0.00000      8.96      2.00     3   4.0971
#          69       0.00000     12.06      2.00     3   4.1182
#          70       0.00000      4.87      1.00     4   4.1210
#          71       0.00000      7.45      1.00     4   4.1248
#          72       0.00000      8.07      2.00     3   4.1527
#          73       0.00000      7.17      2.00     3   4.1594
#          74       0.00000      7.00      1.00     4   4.1741
#          75       0.00000     12.32      1.00     2   4.1855
#          78       0.00000     12.17      1.00     2   4.2025
#          79       0.00000      7.39      2.00     3   4.2120
#          80       0.00000      4.97      1.00     4   4.2189
#          81       0.00000      6.89      2.00     3   4.2386
#          82       0.00000      6.57      2.00     3   4.2532
#          83       0.00000     20.38      2.00     3   4.2561
#          84       0.00000     18.45      2.00     4   4.2888
#          85       0.00000      6.49      2.00     3   4.2942
#          86       0.00000     11.43      1.00     2   4.2950
#          87       0.00000      4.44      1.00     4   4.2996
#          88       0.00000     11.28      1.00     2   4.3143
#          89       0.00000     16.90      2.00     3   4.3477
#          90       0.00000      8.42      2.00     3   4.3550
#          91       0.00000      6.31      2.00     3   4.3786
#          92       0.00000      6.09      2.00     3   4.3788
#          93       0.00000      6.64      2.00     3   4.3933
#          94       0.00000      6.83      2.00     3   4.3931
#          95       0.00000     17.22      2.00     3   4.4017
#          96       0.00000     14.70      2.00     4   4.4422
#          97       0.00000     10.35      1.00     2   4.4430
#          98       0.00000     10.14      1.00     2   4.4740
#          99       0.00000      5.53      2.00     3   4.4880
#         100       0.00000      8.63      1.00     4   4.5099
#         101       0.00000      9.90      1.00     2   4.5105
#         102       0.00000      4.92      2.00     3   4.5235
#         103       0.00000      9.72      1.00     2   4.5389
#         104       0.00000      9.70      1.00     2   4.5415
#         105       0.00000     18.28      2.00     3   4.5426
#         106       0.00000      4.84      2.00     3   4.5474
#         107       0.00000      9.66      1.00     2   4.5481
#         108       0.00000      8.48      2.00     3   4.5485
#         110       0.00000      9.56      1.00     2   4.5644
#         111       0.00000     15.82      2.00     3   4.6019
#         112       0.00000      4.76      2.00     3   4.6081
#         113       0.00000     20.23      2.00     3   4.6097
#         114       0.00000      8.74      2.00     3   4.6111
#         115       0.00000      9.26      1.00     2   4.6139
#         117       0.00000      4.66      2.00     3   4.6329
#         118       0.00000     15.17      2.00     3   4.6406
#         119       0.00000     10.25      1.00     4   4.6422
#         120       0.00000      6.47      2.00     3   4.6451
#         121       0.00000      8.21      2.00     3   4.6470
#         122       0.00000      7.24      2.00     3   4.6500
#         123       0.00000      9.01      1.00     2   4.6560
#         124       0.00000      4.51      2.00     3   4.6663
#         125       0.00000     19.79      2.00     3   4.6701
#         126       0.00000     12.21      1.00     4   4.6712
#         128       0.00000      8.83      1.00     2   4.6884
#         130       0.00000      8.71      1.00     2   4.7089
#         131       0.00000      4.34      2.00     3   4.7211
#         132       0.00000     12.03      1.00     4   4.7263
#         133       0.00000      6.19      2.00     3   4.7301
#         134       0.00000      8.48      1.00     4   4.7299
#         137       0.00000     10.26      2.00     3   4.7610
#         138       0.00000      7.97      1.00     4   4.7707
#         139       0.00000      5.90      2.00     3   4.7718
#         142       0.00000      4.33      2.00     4   4.7787
#         143       0.00000     13.05      2.00     3   4.7976
#         144       0.00000      8.19      1.00     2   4.8082
#         146       0.00000      5.06      2.00     3   4.8261
#         148       0.00000      4.29      2.00     3   4.8288
#         149       0.00000      8.50      2.00     3   4.8342
#         151       0.00000      7.97      1.00     2   4.8508
#         153       0.00000      8.27      2.00     3   4.8602
#         154       0.00000      7.10      2.00     3   4.8705
#         155       0.00000      8.69      1.00     2   4.8791
#         158       0.00000      7.75      1.00     2   4.8955
#         159       0.00000      8.59      2.00     3   4.9064
#         160       0.00000      6.30      2.00     4   4.9164
#         163       0.00000      8.40      1.00     2   4.9364
#         164       0.00000     12.37      2.00     3   4.9375
#         165       0.00000      4.54      2.00     4   4.9389
#         166       0.00000      6.71      1.00     4   4.9392
#         167       0.00000      8.09      2.00     3   4.9501
#         168       0.00000      8.22      2.00     3   4.9618
#         170       0.00000      4.56      1.00     4   4.9832
#         171       0.00000      8.13      1.00     2   4.9944
#         172       0.00000      7.22      1.00     2   5.0128
#         173       0.00000     18.07      2.00     3   5.0199
#         174       0.00000      8.10      2.00     3   5.0218
#         175       0.00000      8.17      2.00     3   5.0254
#         176       0.00000     11.46      1.00     4   5.0270
#         178       0.00000      6.46      1.00     4   5.0667
#         180       0.00000      6.68      2.00     3   5.0922
#         183       0.00000      5.20      2.00     4   5.1441
#         185       0.00000      6.80      2.00     3   5.1688
#         188       0.00000      6.37      2.00     3   5.1813
#         189       0.00000      7.31      1.00     2   5.1859
#         190       0.00000      5.72      2.00     3   5.1883
#         191       0.00000      6.72      2.00     3   5.1907
#         196       0.00000      7.08      1.00     2   5.2422
#         197       0.00000      6.29      1.00     2   5.2427
#         200       0.00000     14.44      2.00     3   5.2554
#         201       0.00000      5.81      2.00     3   5.2595
#         202       0.00000      8.50      1.00     4   5.2680
#         205       0.00000      6.13      1.00     2   5.2878
#         206       0.00000      7.78      2.00     3   5.2898
#         208       0.00000      6.78      1.00     2   5.3216
#         209       0.00000      7.78      2.00     3   5.3249
#         210       0.00000      5.97      1.00     2   5.3320
#         211       0.00000      4.06      2.00     4   5.3317
#         214       0.00000      5.95      1.00     2   5.3377
#         215       0.00000     14.13      2.00     3   5.3399
#         216       0.00000      8.45      1.00     4   5.3422
#         217       0.00000      8.58      2.00     3   5.3487
#         220       0.00000      6.57      1.00     2   5.3797
#         222       0.00000      6.49      1.00     2   5.4019
#         224       0.00000      4.69      2.00     3   5.4124
#         225       0.00000      5.65      1.00     2   5.4294
#         229       0.00000      6.31      1.00     2   5.4546
#         230       0.00000      4.10      1.00     4   5.4552
#         231       0.00000      8.23      2.00     3   5.4580
#         234       0.00000      5.31      2.00     3   5.4844
#         236       0.00000      4.85      2.00     3   5.4974
#         237       0.00000      5.43      1.00     2   5.4994
#         238       0.00000      4.77      2.00     3   5.5011
#         240       0.00000      4.76      2.00     3   5.5285
#         242       0.00000      5.49      2.00     3   5.5312
#         245       0.00000      6.04      1.00     2   5.5386
#         246       0.00000      4.70      2.00     3   5.5397
#         248       0.00000      5.17      2.00     3   5.5526
#         249       0.00000      5.43      2.00     3   5.5538
#         250       0.00000      5.26      1.00     2   5.5563
#         252       0.00000      5.11      2.00     3   5.5637
#         253       0.00000      4.55      2.00     4   5.5681
#         254       0.00000      5.21      1.00     2   5.5723
#         255       0.00000      5.87      2.00     3   5.5765
#         257       0.00000      5.88      1.00     2   5.5899
#         260       0.00000      9.26      2.00     3   5.6023
#         263       0.00000      6.68      2.00     3   5.6085
#         264       0.00000      5.82      1.00     2   5.6103
#         266       0.00000      5.06      1.00     2   5.6237
#         267       0.00000      5.05      1.00     2   5.6263
#         271       0.00000      4.41      1.00     4   5.6660
#         272       0.00000      4.93      1.00     2   5.6716
#         275       0.00000      4.09      2.00     3   5.6787
#         276       0.00000      5.61      1.00     2   5.6799
#         279       0.00000      4.13      2.00     3   5.6973
#         280       0.00000      6.87      2.00     3   5.6971
#         283       0.00000      5.46      2.00     3   5.7047
#         284       0.00000      4.30      2.00     3   5.7167
#         285       0.00000      4.31      2.00     3   5.7437
#         286       0.00000      4.17      2.00     3   5.7480
#         287       0.00000      5.10      2.00     3   5.7478
#         288       0.00000      4.70      1.00     2   5.7556
#         290       0.00000      4.74      2.00     3   5.7682
#         292       0.00000      5.34      1.00     2   5.7729
#         293       0.00000      7.07      2.00     3   5.7738
#         294       0.00000      4.73      2.00     3   5.7816
#         296       0.00000      5.51      2.00     3   5.7839
#         298       0.00000      4.54      2.00     3   5.7934
#         302       0.00000      4.58      1.00     2   5.8052
#         303       0.00000      5.14      2.00     3   5.8061
#         310       0.00000      5.65      2.00     3   5.8209
#         318       0.00000      5.17      1.00     2   5.8381
#         320       0.00000      5.01      2.00     5   5.8472
#         322       0.00000      4.45      1.00     2   5.8596
#         326       0.00000      7.79      2.00     3   5.8855
#         330       0.00000      5.34      2.00     3   5.8972
#         334       0.00000      4.96      1.00     2   5.9188
#         335       0.00000      4.95      1.00     2   5.9225
#   235/ 304 paths used
#  -----------------------------------------------------------------------
#       k          chi          mag           phase @#
    -0.7000   -3.853756E-01  3.959251E-01 -1.339433E+00
    -0.6500   -3.702003E-01  3.758378E-01 -1.397375E+00
    -0.6000   -3.675986E-01  3.705912E-01 -1.443626E+00
    -0.5500   -3.718332E-01  3.735434E-01 -1.475070E+00
    -0.5000   -3.797747E-01  3.809728E-01 -1.491467E+00
    -0.4500   -3.893664E-01  3.904408E-01 -1.496596E+00
    -0.4000   -3.992184E-01  4.003933E-01 -1.494170E+00
    -0.3500   -4.089140E-01  4.103635E-01 -1.486721E+00
    -0.3000   -4.176166E-01  4.194687E-01 -1.476788E+00
    -0.2500   -4.250237E-01  4.273607E-01 -1.466168E+00
    -0.2000   -4.310294E-01  4.338782E-01 -1.456139E+00
    -0.1500   -4.359126E-01  4.392631E-01 -1.447206E+00
    -0.1000   -4.394456E-01  4.432145E-01 -1.440294E+00
    -0.0500   -4.415469E-01  4.455900E-01 -1.435983E+00
     0.0000   -4.422438E-01  4.463823E-01 -1.434520E+00
     0.0500   -4.429388E-01  4.471748E-01 -1.433044E+00
     0.1000   -4.450116E-01  4.495527E-01 -1.428540E+00
     0.1500   -4.484215E-01  4.535145E-01 -1.420788E+00
     0.2000   -4.530871E-01  4.590493E-01 -1.409450E+00
     0.2500   -4.588689E-01  4.661260E-01 -1.394107E+00
     0.3000   -4.655486E-01  4.746829E-01 -1.374302E+00
     0.3500   -4.730357E-01  4.848779E-01 -1.349333E+00
     0.4000   -4.815699E-01  4.974025E-01 -1.317811E+00
     0.4500   -4.897783E-01  5.112239E-01 -1.280121E+00
     0.5000   -4.968930E-01  5.261019E-01 -1.236010E+00
     0.5500   -5.024258E-01  5.424011E-01 -1.184470E+00
     0.6000   -5.056372E-01  5.606599E-01 -1.124058E+00
     0.6500   -5.042981E-01  5.792103E-01 -1.056552E+00
     0.7000   -4.972201E-01  5.981699E-01 -9.813264E-01
     0.7500   -4.829842E-01  6.185460E-01 -8.960062E-01
     0.8000   -4.594860E-01  6.380770E-01 -8.039616E-01
     0.8500   -4.254782E-01  6.575668E-01 -7.037082E-01
     0.9000   -3.793341E-01  6.768899E-01 -5.948775E-01
     0.9500   -3.207091E-01  6.941088E-01 -4.802990E-01
     1.0000   -2.479547E-01  7.109742E-01 -3.562407E-01
     1.0500   -1.628785E-01  7.252163E-01 -2.265253E-01
     1.1000   -6.652042E-02  7.371146E-01 -9.036729E-02
     1.1500    3.935029E-02  7.466665E-01  5.272571E-02
     1.2000    1.492641E-01  7.523784E-01  1.997147E-01
     1.2500    2.622668E-01  7.557512E-01  3.544003E-01
     1.3000    3.697575E-01  7.547517E-01  5.119821E-01
     1.3500    4.690849E-01  7.504568E-01  6.752159E-01
     1.4000    5.533913E-01  7.420372E-01  8.416945E-01
     1.4500    6.187001E-01  7.297704E-01  1.011825E+00
     1.5000    6.614279E-01  7.137631E-01  1.185473E+00
     1.5500    6.786247E-01  6.938480E-01  1.360934E+00
     1.6000    6.703642E-01  6.706836E-01  1.539935E+00
     1.6500    6.369428E-01  6.440077E-01  1.719055E+00
     1.7000    5.813839E-01  6.147308E-01  1.901686E+00
     1.7500    5.078596E-01  5.827316E-01  2.083308E+00
     1.8000    4.210383E-01  5.487365E-01  2.266993E+00
     1.8500    3.275437E-01  5.130479E-01  2.449140E+00
     1.9000    2.316062E-01  4.760748E-01  2.633523E+00
     1.9500    1.400065E-01  4.383073E-01  2.816470E+00
     2.0000    5.833913E-02  4.003928E-01  2.995367E+00
     2.0500   -1.011836E-02  3.628934E-01  3.169479E+00
     2.1000   -6.432932E-02  3.253811E-01  3.340608E+00
     2.1500   -1.030820E-01  2.881393E-01  3.507451E+00
     2.2000   -1.263028E-01  2.527223E-01  3.664925E+00
     2.2500   -1.361783E-01  2.195053E-01  3.810829E+00
     2.3000   -1.347843E-01  1.878785E-01  3.941657E+00
     2.3500   -1.231073E-01  1.564486E-01  4.047340E+00
     2.4000   -1.070190E-01  1.292019E-01  4.117674E+00
     2.4500   -9.027966E-02  1.071984E-01  4.142894E+00
     2.5000   -7.603223E-02  9.161766E-02  4.120496E+00
     2.5500   -6.853323E-02  8.527579E-02  4.075023E+00
     2.6000   -6.507863E-02  8.399601E-02  4.027964E+00
     2.6500   -6.643516E-02  8.712486E-02  4.008805E+00
     2.7000   -7.261275E-02  9.311597E-02  4.035955E+00
     2.7500   -8.013812E-02  9.776629E-02  4.102464E+00
     2.8000   -8.916913E-02  1.027934E-01  4.191666E+00
     2.8500   -9.893221E-02  1.079604E-01  4.300522E+00
     2.9000   -1.082776E-01  1.128826E-01  4.425771E+00
     2.9500   -1.160127E-01  1.173258E-01  4.562637E+00
     3.0000   -1.211870E-01  1.211876E-01  4.709285E+00
     3.0500   -1.228990E-01  1.243266E-01  4.864081E+00
     3.1000   -1.204981E-01  1.266515E-01  5.025386E+00
     3.1500   -1.135411E-01  1.280079E-01  5.192410E+00
     3.2000   -1.021846E-01  1.285633E-01  5.364475E+00
     3.2500   -8.677884E-02  1.283217E-01  5.540511E+00
     3.3000   -6.800513E-02  1.271949E-01  5.719088E+00
     3.3500   -4.693774E-02  1.252550E-01  5.899072E+00
     3.4000   -2.471215E-02  1.226047E-01  6.080235E+00
     3.4500   -2.570374E-03  1.192716E-01  6.261633E+00
     3.5000    1.831429E-02  1.153530E-01  6.442627E+00
     3.5500    3.696960E-02  1.109283E-01  6.622960E+00
     3.6000    5.259445E-02  1.060781E-01  6.801951E+00
     3.6500    6.468631E-02  1.009455E-01  6.978731E+00
     3.7000    7.309559E-02  9.565223E-02  7.152955E+00
     3.7500    7.799001E-02  9.034746E-02  7.324805E+00
     3.8000    7.965464E-02  8.510944E-02  7.494015E+00
     3.8500    7.845094E-02  7.995103E-02  7.659964E+00
     3.9000    7.490134E-02  7.493758E-02  7.822880E+00
     3.9500    6.950072E-02  7.008567E-02  7.983271E+00
     4.0000    6.269653E-02  6.536945E-02  8.140935E+00
     4.0500    5.500613E-02  6.084123E-02  8.295525E+00
     4.1000    4.685277E-02  5.650710E-02  8.447195E+00
     4.1500    3.861849E-02  5.236017E-02  8.595336E+00
     4.2000    3.070480E-02  4.840149E-02  8.737575E+00
     4.2500    2.333489E-02  4.465614E-02  8.874944E+00
     4.3000    1.668710E-02  4.113930E-02  9.007116E+00
     4.3500    1.090412E-02  3.788212E-02  9.132804E+00
     4.4000    6.144551E-03  3.498168E-02  9.248211E+00
     4.4500    2.194855E-03  3.241222E-02  9.357009E+00
     4.5000   -1.066938E-03  3.016960E-02  9.460150E+00
     4.5500   -3.765947E-03  2.825430E-02  9.558463E+00
     4.6000   -6.016878E-03  2.673054E-02  9.651817E+00
     4.6500   -8.004408E-03  2.544581E-02  9.744778E+00
     4.7000   -9.780831E-03  2.434817E-02  9.838158E+00
     4.7500   -1.136937E-02  2.341065E-02  9.931884E+00
     4.8000   -1.280515E-02  2.270131E-02  1.002409E+01
     4.8500   -1.409782E-02  2.211557E-02  1.011598E+01
     4.9000   -1.529110E-02  2.167974E-02  1.020765E+01
     4.9500   -1.646008E-02  2.143170E-02  1.030053E+01
     5.0000   -1.774343E-02  2.148683E-02  1.039636E+01
     5.0500   -1.915351E-02  2.176814E-02  1.050040E+01
     5.1000   -2.066322E-02  2.223621E-02  1.061718E+01
     5.1500   -2.212837E-02  2.281208E-02  1.075013E+01
     5.2000   -2.341743E-02  2.352414E-02  1.090029E+01
     5.2500   -2.406226E-02  2.412707E-02  1.106889E+01
     5.3000   -2.367526E-02  2.449524E-02  1.125505E+01
     5.3500   -2.194543E-02  2.450944E-02  1.145707E+01
     5.4000   -1.886767E-02  2.421213E-02  1.167288E+01
     5.4500   -1.444800E-02  2.340179E-02  1.190095E+01
     5.5000   -9.118586E-03  2.202904E-02  1.213960E+01
     5.5500   -3.571779E-03  2.007862E-02  1.238753E+01
     5.6000    1.370612E-03  1.765281E-02  1.264409E+01
     5.6500    4.932651E-03  1.469491E-02  1.290869E+01
     5.7000    6.511081E-03  1.126008E-02  1.318295E+01
     5.7500    5.860702E-03  7.432610E-03  1.347476E+01
     5.8000    3.202474E-03  3.370112E-03  1.382043E+01
     5.8500   -8.378266E-04  1.038858E-03  1.664615E+01
     5.9000   -5.305477E-03  5.305692E-03  1.728776E+01
     5.9500   -9.110161E-03  9.604277E-03  1.760092E+01
     6.0000   -1.114045E-02  1.369636E-02  1.789960E+01
     6.0500   -1.075852E-02  1.751992E-02  1.818834E+01
     6.1000   -7.760072E-03  2.097740E-02  1.847063E+01
     6.1500   -2.437184E-03  2.398172E-02  1.874775E+01
     6.2000    4.481429E-03  2.646736E-02  1.901969E+01
     6.2500    1.199722E-02  2.839400E-02  1.928579E+01
     6.3000    1.906047E-02  2.974980E-02  1.954496E+01
     6.3500    2.478634E-02  3.055416E-02  1.979580E+01
     6.4000    2.861593E-02  3.085967E-02  2.003667E+01
     6.4500    3.038616E-02  3.075291E-02  2.026576E+01
     6.5000    3.033619E-02  3.040044E-02  2.048538E+01
     6.5500    2.884549E-02  2.993598E-02  2.069109E+01
     6.6000    2.641746E-02  2.951147E-02  2.088236E+01
     6.6500    2.346579E-02  2.928207E-02  2.106157E+01
     6.7000    2.018800E-02  2.937045E-02  2.123330E+01
     6.7500    1.653736E-02  2.984045E-02  2.140376E+01
     6.8000    1.228457E-02  3.068322E-02  2.157923E+01
     6.8500    7.147083E-03  3.182326E-02  2.176463E+01
     6.9000    9.448969E-04  3.314033E-02  2.196263E+01
     6.9500   -6.266009E-03  3.449622E-02  2.217381E+01
     7.0000   -1.425999E-02  3.584835E-02  2.240025E+01
     7.0500   -2.230602E-02  3.701442E-02  2.263794E+01
     7.1000   -2.948933E-02  3.787179E-02  2.288368E+01
     7.1500   -3.491856E-02  3.835716E-02  2.313529E+01
     7.2000   -3.787365E-02  3.843593E-02  2.339069E+01
     7.2500   -3.796015E-02  3.810091E-02  2.364793E+01
     7.3000   -3.519039E-02  3.737028E-02  2.390519E+01
     7.3500   -2.997251E-02  3.628489E-02  2.416071E+01
     7.4000   -2.301370E-02  3.490507E-02  2.441282E+01
     7.4500   -1.516620E-02  3.330676E-02  2.465998E+01
     7.5000   -7.244916E-03  3.164397E-02  2.490174E+01
     7.5500    1.067050E-04  2.995773E-02  2.513630E+01
     7.6000    6.454778E-03  2.830754E-02  2.536279E+01
     7.6500    1.161917E-02  2.677407E-02  2.558164E+01
     7.7000    1.561787E-02  2.541910E-02  2.579439E+01
     7.7500    1.857030E-02  2.427704E-02  2.600368E+01
     7.8000    2.059624E-02  2.335015E-02  2.621296E+01
     7.8500    2.174360E-02  2.260966E-02  2.642586E+01
     7.9000    2.196638E-02  2.200339E-02  2.664553E+01
     7.9500    2.115583E-02  2.146736E-02  2.687411E+01
     8.0000    1.924235E-02  2.096802E-02  2.711208E+01
     8.0500    1.619218E-02  2.043174E-02  2.735943E+01
     8.1000    1.212070E-02  1.980218E-02  2.761563E+01
     8.1500    7.331450E-03  1.905746E-02  2.787945E+01
     8.2000    2.267403E-03  1.819341E-02  2.814938E+01
     8.2500   -2.564670E-03  1.722182E-02  2.842381E+01
     8.3000   -6.691935E-03  1.616781E-02  2.870107E+01
     8.3500   -9.766212E-03  1.506679E-02  2.897955E+01
     8.4000   -1.162099E-02  1.396110E-02  2.925773E+01
     8.4500   -1.227913E-02  1.289664E-02  2.953443E+01
     8.5000   -1.192030E-02  1.192915E-02  2.980661E+01
     8.5500   -1.080074E-02  1.109247E-02  3.007498E+01
     8.6000   -9.151629E-03  1.041410E-02  3.034264E+01
     8.6500   -7.135383E-03  9.917233E-03  3.061285E+01
     8.7000   -4.825306E-03  9.611582E-03  3.088998E+01
     8.7500   -2.233370E-03  9.493950E-03  3.117846E+01
     8.8000    6.268060E-04  9.551547E-03  3.148160E+01
     8.8500    3.666398E-03  9.766345E-03  3.180077E+01
     8.9000    6.667181E-03  1.011839E-02  3.213531E+01
     8.9500    9.271978E-03  1.058697E-02  3.248300E+01
     9.0000    1.103797E-02  1.115705E-02  3.284049E+01
     9.0500    1.151936E-02  1.179874E-02  3.320477E+01
     9.1000    1.039202E-02  1.247833E-02  3.357336E+01
     9.1500    7.579205E-03  1.316495E-02  3.394405E+01
     9.2000    3.317912E-03  1.382561E-02  3.431517E+01
     9.2500   -1.842522E-03  1.442668E-02  3.468559E+01
     9.3000   -7.121238E-03  1.493564E-02  3.505452E+01
     9.3500   -1.165190E-02  1.532281E-02  3.542149E+01
     9.4000   -1.466078E-02  1.556288E-02  3.578616E+01
     9.4500   -1.563314E-02  1.563626E-02  3.614830E+01
     9.5000   -1.442773E-02  1.553251E-02  3.650775E+01
     9.5500   -1.129946E-02  1.524647E-02  3.686438E+01
     9.6000   -6.841973E-03  1.477801E-02  3.721775E+01
     9.6500   -1.856801E-03  1.413604E-02  3.756738E+01
     9.7000    2.824831E-03  1.333644E-02  3.791254E+01
     9.7500    6.515314E-03  1.240158E-02  3.825225E+01
     9.8000    8.798692E-03  1.135963E-02  3.858513E+01
     9.8500    9.584754E-03  1.024383E-02  3.890924E+01
     9.9000    9.081299E-03  9.091773E-03  3.922190E+01
     9.9500    7.698684E-03  7.944760E-03  3.951945E+01
    10.0000    5.924297E-03  6.855677E-03  3.979726E+01
    10.0500    4.174194E-03  5.865820E-03  4.004891E+01
    10.1000    2.716550E-03  5.015749E-03  4.026836E+01
    10.1500    1.639993E-03  4.350888E-03  4.045422E+01
    10.2000    8.698212E-04  3.897941E-03  4.061566E+01
    10.2500    2.407108E-04  3.646211E-03  4.077464E+01
    10.3000   -4.105975E-04  3.542542E-03  4.095687E+01
    10.3500   -1.165079E-03  3.511598E-03  4.117889E+01
    10.4000   -1.980235E-03  3.483968E-03  4.144525E+01
    10.4500   -2.700546E-03  3.411292E-03  4.175421E+01
    10.5000   -3.114700E-03  3.268234E-03  4.210377E+01
    10.5500   -3.039247E-03  3.049903E-03  4.249512E+01
    10.6000   -2.399551E-03  2.770381E-03  4.293486E+01
    10.6500   -1.279572E-03  2.464996E-03  4.343650E+01
    10.7000    7.829252E-05  2.196718E-03  4.401795E+01
    10.7500    1.326336E-03  2.057486E-03  4.468285E+01
    10.8000    2.103805E-03  2.133518E-03  4.538601E+01
    10.8500    2.141701E-03  2.437466E-03  4.605084E+01
    10.9000    1.348714E-03  2.906469E-03  4.664134E+01
    10.9500   -1.483497E-04  3.463940E-03  4.716673E+01
    11.0000   -2.018890E-03  4.049627E-03  4.764580E+01
    11.0500   -3.819504E-03  4.625731E-03  4.809535E+01
    11.1000   -5.095223E-03  5.168419E-03  4.852619E+01
    11.1500   -5.483537E-03  5.658216E-03  4.894381E+01
    11.2000   -4.815384E-03  6.080597E-03  4.935153E+01
    11.2500   -3.160248E-03  6.424986E-03  4.975125E+01
    11.3000   -8.101474E-04  6.684183E-03  5.014398E+01
    11.3500    1.792389E-03  6.854047E-03  5.053007E+01
    11.4000    4.161969E-03  6.933318E-03  5.090934E+01
    11.4500    5.884013E-03  6.923580E-03  5.128119E+01
    11.5000    6.704217E-03  6.829350E-03  5.164455E+01
    11.5500    6.571504E-03  6.658326E-03  5.199794E+01
    11.6000    5.626147E-03  6.421810E-03  5.233936E+01
    11.6500    4.140464E-03  6.135327E-03  5.266631E+01
    11.7000    2.432459E-03  5.819373E-03  5.297584E+01
    11.7500    7.791575E-04  5.500101E-03  5.326493E+01
    11.8000   -6.453075E-04  5.209331E-03  5.353127E+01
    11.8500   -1.790878E-03  4.982745E-03  5.377472E+01
    11.9000   -2.709443E-03  4.854820E-03  5.399916E+01
    11.9500   -3.500413E-03  4.850369E-03  5.421330E+01
    12.0000   -4.252014E-03  4.982341E-03  5.442958E+01
    12.0500   -4.974603E-03  5.239353E-03  5.465861E+01
    12.1000   -5.570621E-03  5.585177E-03  5.490566E+01
    12.1500   -5.870926E-03  5.983900E-03  5.517250E+01
    12.2000   -5.675913E-03  6.398927E-03  5.545784E+01
    12.2500   -4.826409E-03  6.796857E-03  5.575904E+01
    12.3000   -3.272487E-03  7.148965E-03  5.607320E+01
    12.3500   -1.117486E-03  7.431493E-03  5.639772E+01
    12.4000    1.378770E-03  7.625526E-03  5.673048E+01
    12.4500    3.841845E-03  7.716802E-03  5.706979E+01
    12.5000    5.860777E-03  7.695550E-03  5.741442E+01
    12.5500    7.082576E-03  7.556364E-03  5.776347E+01
    12.6000    7.298043E-03  7.298078E-03  5.811639E+01
    12.6500    6.495536E-03  6.923606E-03  5.847295E+01
    12.7000    4.867655E-03  6.439751E-03  5.883327E+01
    12.7500    2.768318E-03  5.856951E-03  5.919796E+01
    12.8000    6.309257E-04  5.189021E-03  5.956837E+01
    12.8500   -1.131516E-03  4.452943E-03  5.994718E+01
    12.9000   -2.218975E-03  3.668943E-03  6.033977E+01
    12.9500   -2.506759E-03  2.861538E-03  6.075780E+01
    13.0000   -2.067785E-03  2.068695E-03  6.123139E+01
    13.0500   -1.127829E-03  1.352920E-03  6.184621E+01
    13.1000   -4.909180E-06  8.974700E-04  6.282638E+01
    13.1500    9.572515E-04  1.043886E-03  6.399237E+01
    13.2000    1.482604E-03  1.569047E-03  6.473613E+01
    13.2500    1.424148E-03  2.150296E-03  6.524956E+01
    13.3000    7.889760E-04  2.689888E-03  6.567576E+01
    13.3500   -2.764948E-04  3.154943E-03  6.606120E+01
    13.4000   -1.534066E-03  3.530864E-03  6.642290E+01
    13.4500   -2.719166E-03  3.811330E-03  6.676784E+01
    13.5000   -3.605815E-03  3.995634E-03  6.709884E+01
    13.5500   -4.054613E-03  4.087871E-03  6.741660E+01
    13.6000   -4.033189E-03  4.096684E-03  6.772053E+01
    13.6500   -3.606892E-03  4.035245E-03  6.800919E+01
    13.7000   -2.905706E-03  3.921281E-03  6.828047E+01
    13.7500   -2.079184E-03  3.777000E-03  6.853209E+01
    13.8000   -1.253315E-03  3.628537E-03  6.876237E+01
    13.8500   -5.012833E-04  3.504255E-03  6.897150E+01
    13.9000    1.649881E-04  3.431135E-03  6.916314E+01
    13.9500    7.821882E-04  3.429291E-03  6.934515E+01
    14.0000    1.415199E-03  3.511131E-03  6.952990E+01
    14.0500    2.111820E-03  3.671884E-03  6.972780E+01
    14.1000    2.860491E-03  3.888331E-03  6.994168E+01
    14.1500    3.609669E-03  4.140904E-03  7.017372E+01
    14.2000    4.258487E-03  4.409506E-03  7.042336E+01
    14.2500    4.676152E-03  4.676170E-03  7.068863E+01
    14.3000    4.732535E-03  4.926154E-03  7.096713E+01
    14.3500    4.332073E-03  5.148119E-03  7.125660E+01
    14.4000    3.442406E-03  5.333895E-03  7.155511E+01
    14.4500    2.110714E-03  5.478104E-03  7.186110E+01
    14.5000    4.637766E-04  5.577774E-03  7.217339E+01
    14.5500   -1.308399E-03  5.631960E-03  7.249109E+01
    14.6000   -2.982008E-03  5.641406E-03  7.281357E+01
    14.6500   -4.335959E-03  5.608236E-03  7.314041E+01
    14.7000   -5.188406E-03  5.535673E-03  7.347134E+01
    14.7500   -5.426566E-03  5.427786E-03  7.380623E+01
    14.8000   -5.024731E-03  5.289270E-03  7.414503E+01
    14.8500   -4.047755E-03  5.125238E-03  7.448779E+01
    14.9000   -2.639933E-03  4.941041E-03  7.483456E+01
    14.9500   -1.001648E-03  4.742096E-03  7.518540E+01
    15.0000    6.402917E-04  4.536830E-03  7.553983E+01
    15.0500    2.072652E-03  4.331518E-03  7.589717E+01
    15.1000    3.125227E-03  4.124310E-03  7.625809E+01
    15.1500    3.686131E-03  3.919373E-03  7.662229E+01
    15.2000    3.719560E-03  3.720323E-03  7.698927E+01
    15.2500    3.266050E-03  3.530095E-03  7.735825E+01
    15.3000    2.430710E-03  3.350831E-03  7.772819E+01
    15.3500    1.362010E-03  3.183818E-03  7.809777E+01
    15.4000    2.252322E-04  3.029509E-03  7.846540E+01
    15.4500   -8.244221E-04  2.887632E-03  7.882935E+01
    15.5000   -1.664253E-03  2.757397E-03  7.918777E+01
    15.5500   -2.218291E-03  2.637776E-03  7.953889E+01
    15.6000   -2.461488E-03  2.527812E-03  7.988103E+01
    15.6500   -2.414240E-03  2.426898E-03  8.021279E+01
    15.7000   -2.129664E-03  2.334978E-03  8.053310E+01
    15.7500   -1.677427E-03  2.252604E-03  8.084138E+01
    15.8000   -1.128287E-03  2.180822E-03  8.113764E+01
    15.8500   -5.428221E-04  2.120872E-03  8.142259E+01
    15.9000    3.376642E-05  2.073740E-03  8.169769E+01
    15.9500    5.708542E-04  2.039644E-03  8.196508E+01
    16.0000    1.048472E-03  2.020520E-03  8.222699E+01
    16.0500    1.453990E-03  2.017770E-03  8.248607E+01
    16.1000    1.767458E-03  2.021613E-03  8.274536E+01
    16.1500    1.965692E-03  2.026613E-03  8.300639E+01
    16.2000    2.026433E-03  2.026743E-03  8.326970E+01
    16.2500    1.936035E-03  2.016032E-03  8.353486E+01
    16.3000    1.697542E-03  1.989174E-03  8.380055E+01
    16.3500    1.335729E-03  1.942078E-03  8.406457E+01
    16.4000    8.963743E-04  1.872381E-03  8.432379E+01
    16.4500    4.388428E-04  1.780013E-03  8.457389E+01
    16.5000    2.328922E-05  1.667907E-03  8.480904E+01
    16.5500   -3.041648E-04  1.543033E-03  8.502142E+01
    16.6000   -5.238446E-04  1.417824E-03  8.520144E+01
    16.6500   -6.483585E-04  1.311626E-03  8.534005E+01
    16.7000   -7.193319E-04  1.250123E-03  8.543611E+01
    16.7500   -7.951091E-04  1.258577E-03  8.550681E+01
    16.8000   -9.322840E-04  1.348964E-03  8.558603E+01
    16.8500   -1.166047E-03  1.513216E-03  8.570274E+01
    16.9000   -1.495094E-03  1.730581E-03  8.586602E+01
    16.9500   -1.875946E-03  1.978476E-03  8.607045E+01
    17.0000   -2.230631E-03  2.239273E-03  8.630592E+01
    17.0500   -2.464890E-03  2.500706E-03  8.656325E+01
    17.1000   -2.481685E-03  2.747150E-03  8.683704E+01
    17.1500   -2.215044E-03  2.968574E-03  8.712231E+01
    17.2000   -1.648005E-03  3.157073E-03  8.741540E+01
    17.2500   -8.216337E-04  3.306693E-03  8.771349E+01
    17.3000    1.697726E-04  3.413371E-03  8.801435E+01
    17.3500    1.196433E-03  3.474941E-03  8.831609E+01
    17.4000    2.119433E-03  3.491163E-03  8.861698E+01
    17.4500    2.819014E-03  3.463746E-03  8.891536E+01
    17.5000    3.217647E-03  3.396358E-03  8.920955E+01
    17.5500    3.292280E-03  3.294612E-03  8.949777E+01
    17.6000    3.073156E-03  3.166006E-03  8.977817E+01
    17.6500    2.630324E-03  3.019795E-03  9.004890E+01
    17.7000    2.052273E-03  2.866728E-03  9.030828E+01
    17.7500    1.423058E-03  2.718534E-03  9.055527E+01
    17.8000    8.043568E-04  2.587017E-03  9.079003E+01
    17.8500    2.271183E-04  2.482661E-03  9.101458E+01
    17.9000   -3.056280E-04  2.412855E-03  9.123319E+01
    17.9500   -8.066819E-04  2.380318E-03  9.145193E+01
    18.0000   -1.288076E-03  2.381978E-03  9.167753E+01
    18.0500   -1.744881E-03  2.410149E-03  9.191573E+01
    18.1000   -2.147157E-03  2.456657E-03  9.216959E+01
    18.1500   -2.441736E-03  2.511559E-03  9.244063E+01
    18.2000   -2.562546E-03  2.565992E-03  9.272881E+01
    18.2500   -2.449061E-03  2.613107E-03  9.303320E+01
    18.3000   -2.066795E-03  2.648429E-03  9.335250E+01
    18.3500   -1.423766E-03  2.669832E-03  9.368531E+01
    18.4000   -5.777423E-04  2.677310E-03  9.403028E+01
    18.4500    3.684393E-04  2.672610E-03  9.438608E+01
    18.5000    1.282986E-03  2.658804E-03  9.475133E+01
    18.5500    2.029098E-03  2.639795E-03  9.512452E+01
    18.6000    2.491103E-03  2.619780E-03  9.550385E+01
    18.6500    2.596594E-03  2.602730E-03  9.588726E+01
    18.7000    2.329589E-03  2.591923E-03  9.627238E+01
    18.7500    1.732102E-03  2.589616E-03  9.665669E+01
    18.8000    8.945114E-04  2.596914E-03  9.703772E+01
    18.8500   -6.229885E-05  2.613851E-03  9.741321E+01
    18.9000   -1.008387E-03  2.639636E-03  9.778135E+01
    18.9500   -1.824960E-03  2.672999E-03  9.814088E+01
    19.0000   -2.420625E-03  2.714049E-03  9.849087E+01
    19.0500   -2.740272E-03  2.763352E-03  9.883083E+01
    19.1000   -2.758255E-03  2.815270E-03  9.916177E+01
    19.1500   -2.483363E-03  2.868667E-03  9.948445E+01
    19.2000   -1.951167E-03  2.922409E-03  9.979991E+01
    19.2500   -1.217616E-03  2.975172E-03  1.001093E+02
    19.3000   -3.533096E-04  3.025260E-03  1.004139E+02
    19.3500    5.613852E-04  3.070481E-03  1.007148E+02
    19.4000    1.441156E-03  3.108118E-03  1.010131E+02
    19.4500    2.201591E-03  3.135000E-03  1.013095E+02
    19.5000    2.766746E-03  3.147672E-03  1.016047E+02
    19.5500    3.078149E-03  3.142622E-03  1.018989E+02
    19.6000    3.103865E-03  3.116558E-03  1.021920E+02
    19.6500    2.845372E-03  3.066684E-03  1.024840E+02
    19.7000    2.339911E-03  2.990973E-03  1.027742E+02
    19.7500    1.656657E-03  2.888398E-03  1.030617E+02
    19.8000    8.864871E-04  2.759131E-03  1.033455E+02
    19.8500    1.268868E-04  2.604708E-03  1.036238E+02
    19.9000   -5.349727E-04  2.428155E-03  1.038947E+02
    19.9500   -1.037157E-03  2.234101E-03  1.041553E+02