# # tequil.ion_motion                                            FEFF 9.05   
# # POT  SCF  30  5.5000   1, core-hole, AFOLP (folp(0)= 1.150)
# # Abs   Z=30 Rmt= 1.309 Rnm= 1.408 K  shell
# # Pot 1 Z=26 Rmt= 1.283 Rnm= 1.400
# # Pot 2 Z= 8 Rmt= 1.000 Rnm= 1.077
# # Gam_ch=1.897E+00 H-L exch
# # Mu=-1.160E+01 kf=2.178E+00 Vint=-1.916E+01 Rs_int= 1.665
# # PATH  Rmax= 8.500,  Keep_limit= 0.00, Heap_limit 0.00  Pwcrit= 2.50%
#  S02=1.000                                        Global_sig2= 0.00000
#  Energy zero shift, vr, vi   -2.00000E+00   0.00000E+00
#  Curved wave amplitude ratio filter   4.000%
#     file         sig2 tot  cw amp ratio   deg  nlegs   reff  inp sig2
#           1       0.00000    100.00      1.00     2   1.9505
#           2       0.00000     99.62      1.00     2   1.9534
#           3       0.00000     90.75      1.00     2   2.0260
#           4       0.00000     78.41      1.00     2   2.1447
#           5       0.00000     63.58      1.00     2   2.3259
#           6       0.00000     59.05      1.00     2   2.3931
#           7       0.00000     35.10      1.00     2   2.8513
#           8       0.00000     34.01      1.00     2   2.8928
#           9       0.00000     29.08      1.00     2   3.1027
#          10       0.00000     28.03      1.00     2   3.1682
#          11       0.00000     26.65      1.00     2   3.2219
#          12       0.00000     26.37      1.00     2   3.2364
#          13       0.00000     25.39      1.00     2   3.2858
#          14       0.00000     24.56      1.00     2   3.3356
#          15       0.00000     23.96      1.00     2   3.3701
#          16       0.00000     10.71      2.00     3   3.3915
#          17       0.00000      9.79      2.00     3   3.4487
#          18       0.00000     10.64      2.00     3   3.4544
#          19       0.00000     22.02      1.00     2   3.4617
#          20       0.00000      9.47      2.00     3   3.4776
#          21       0.00000     21.60      1.00     2   3.4860
#          22       0.00000      7.90      2.00     3   3.4981
#          23       0.00000      9.01      2.00     3   3.5428
#          24       0.00000      8.08      2.00     3   3.5426
#          25       0.00000     20.49      1.00     2   3.5529
#          26       0.00000     11.06      2.00     3   3.5531
#          27       0.00000     20.98      1.00     2   3.5597
#          28       0.00000     19.75      2.00     3   3.5677
#          29       0.00000     11.12      2.00     3   3.5694
#          30       0.00000     10.46      2.00     3   3.5957
#          31       0.00000      9.18      2.00     3   3.5972
#          32       0.00000      7.79      2.00     3   3.6033
#          33       0.00000     13.18      2.00     3   3.6209
#          34       0.00000     10.39      2.00     3   3.6249
#          35       0.00000     12.98      2.00     3   3.6387
#          36       0.00000      8.16      2.00     3   3.6710
#          37       0.00000     10.58      2.00     3   3.6774
#          38       0.00000     18.49      1.00     2   3.6869
#          39       0.00000     19.17      1.00     2   3.6919
#          40       0.00000     12.55      2.00     3   3.7103
#          41       0.00000      6.23      2.00     3   3.7303
#          42       0.00000     18.48      1.00     2   3.7460
#          43       0.00000     16.47      2.00     3   3.7486
#          44       0.00000      6.74      2.00     3   3.7539
#          45       0.00000     18.25      1.00     2   3.7648
#          46       0.00000      5.81      1.00     4   3.7654
#          47       0.00000      7.71      2.00     3   3.7926
#          48       0.00000     17.01      1.00     2   3.7985
#          49       0.00000     10.19      2.00     3   3.8976
#          50       0.00000      9.84      1.00     4   3.9009
#          51       0.00000      5.88      2.00     4   3.9039
#          52       0.00000      9.76      1.00     4   3.9068
#          53       0.00000     15.00      2.00     3   3.9149
#          54       0.00000     16.39      1.00     2   3.9267
#          55       0.00000     14.03      2.00     3   3.9264
#          56       0.00000      5.83      1.00     4   3.9317
#          57       0.00000      5.94      1.00     4   3.9375
#          58       0.00000      8.87      2.00     3   3.9479
#          60       0.00000      5.10      1.00     4   4.0047
#          61       0.00000      4.03      1.00     4   4.0054
#          62       0.00000     22.38      2.00     3   4.0190
#          63       0.00000     14.46      1.00     2   4.0231
#          64       0.00000     14.28      1.00     2   4.0409
#          65       0.00000     15.21      1.00     2   4.0417
#          66       0.00000      8.06      1.00     4   4.0519
#          67       0.00000      5.12      1.00     4   4.0624
#          68       0.00000      6.12      1.00     4   4.0838
#          70       0.00000     15.81      2.00     4   4.0981
#          71       0.00000     12.77      2.00     3   4.1001
#          72       0.00000      8.63      2.00     3   4.1132
#          74       0.00000      7.86      2.00     3   4.1365
#          75       0.00000      7.57      2.00     3   4.1499
#          77       0.00000      7.56      2.00     3   4.1724
#          78       0.00000     12.82      1.00     2   4.1966
#          79       0.00000     12.78      1.00     2   4.2005
#          80       0.00000     11.82      2.00     3   4.2129
#          81       0.00000      7.36      2.00     3   4.2180
#          83       0.00000      6.71      2.00     3   4.2431
#          84       0.00000     12.22      1.00     2   4.2673
#          85       0.00000     17.65      2.00     3   4.2713
#          86       0.00000      5.30      1.00     4   4.2735
#          87       0.00000     12.08      1.00     2   4.2834
#          88       0.00000      5.99      1.00     4   4.2893
#          89       0.00000      8.12      2.00     3   4.2925
#          90       0.00000     20.23      2.00     3   4.3077
#          91       0.00000     26.18      2.00     3   4.3348
#          92       0.00000     15.92      2.00     4   4.3435
#          93       0.00000     11.87      2.00     4   4.3519
#          94       0.00000      4.61      1.00     4   4.3842
#          95       0.00000      6.53      2.00     3   4.3848
#          97       0.00000     16.26      1.00     4   4.4023
#          98       0.00000     11.08      1.00     2   4.4132
#          99       0.00000      8.70      2.00     3   4.4179
#         100       0.00000      5.96      2.00     3   4.4208
#         101       0.00000      8.04      2.00     3   4.4597
#         102       0.00000     10.66      1.00     2   4.4718
#         103       0.00000     10.54      1.00     2   4.4904
#         104       0.00000     10.49      1.00     2   4.4974
#         105       0.00000      5.12      2.00     3   4.5426
#         106       0.00000     16.10      2.00     3   4.5586
#         107       0.00000     10.03      1.00     2   4.5655
#         108       0.00000      8.18      2.00     3   4.5692
#         109       0.00000      9.67      2.00     3   4.5839
#         110       0.00000      7.22      2.00     3   4.6128
#         111       0.00000     15.60      2.00     3   4.6146
#         112       0.00000      7.09      2.00     3   4.6225
#         113       0.00000      9.67      1.00     2   4.6236
#         114       0.00000      9.66      1.00     2   4.6257
#         115       0.00000     15.67      2.00     3   4.6349
#         116       0.00000      6.77      2.00     3   4.6393
#         117       0.00000      9.50      1.00     2   4.6506
#         120       0.00000      9.27      1.00     2   4.6902
#         121       0.00000      9.23      1.00     2   4.6962
#         122       0.00000     19.25      2.00     3   4.6967
#         123       0.00000      5.93      2.00     3   4.7045
#         124       0.00000      8.42      1.00     4   4.7041
#         125       0.00000     11.31      2.00     3   4.7079
#         126       0.00000      4.40      2.00     3   4.7150
#         127       0.00000      4.68      2.00     3   4.7192
#         128       0.00000      4.26      2.00     3   4.7475
#         129       0.00000      6.71      2.00     3   4.7533
#         130       0.00000      8.16      1.00     4   4.7575
#         131       0.00000     11.25      1.00     4   4.7677
#         132       0.00000      4.14      2.00     3   4.7716
#         133       0.00000      8.27      1.00     4   4.7724
#         134       0.00000     13.54      2.00     3   4.7733
#         137       0.00000      4.03      2.00     3   4.7934
#         138       0.00000      5.36      2.00     3   4.7940
#         139       0.00000      8.67      1.00     2   4.7963
#         140       0.00000      9.20      2.00     3   4.7998
#         142       0.00000      6.64      2.00     4   4.8462
#         143       0.00000      4.44      2.00     3   4.8541
#         144       0.00000     11.75      2.00     3   4.8682
#         148       0.00000      8.14      1.00     2   4.9004
#         149       0.00000      9.01      1.00     2   4.9026
#         150       0.00000      6.87      1.00     4   4.9229
#         151       0.00000      5.14      1.00     4   4.9254
#         152       0.00000      8.09      2.00     3   4.9314
#         154       0.00000      6.30      2.00     3   4.9446
#         155       0.00000      7.89      1.00     2   4.9511
#         156       0.00000      7.86      1.00     2   4.9563
#         158       0.00000     15.56      2.00     3   4.9750
#         160       0.00000      7.61      2.00     3   4.9825
#         162       0.00000      4.33      2.00     3   5.0103
#         163       0.00000      8.46      1.00     2   5.0138
#         165       0.00000     10.03      2.00     3   5.0204
#         166       0.00000      8.40      1.00     2   5.0258
#         168       0.00000      6.58      2.00     3   5.0338
#         170       0.00000      5.71      1.00     4   5.0401
#         172       0.00000      8.85      1.00     4   5.0495
#         173       0.00000      6.10      2.00     3   5.0587
#         174       0.00000      7.80      2.00     3   5.0602
#         177       0.00000      8.49      2.00     3   5.0879
#         178       0.00000      9.29      2.00     3   5.1120
#         179       0.00000      9.63      2.00     3   5.1372
#         180       0.00000      7.05      1.00     2   5.1376
#         181       0.00000      4.78      1.00     4   5.1381
#         182       0.00000     17.81      2.00     3   5.1392
#         183       0.00000     11.29      1.00     4   5.1409
#         185       0.00000      7.81      1.00     2   5.1573
#         186       0.00000      8.95      2.00     3   5.1614
#         188       0.00000      7.74      1.00     2   5.1740
#         190       0.00000      7.92      2.00     3   5.1867
#         192       0.00000      7.73      2.00     3   5.1896
#         193       0.00000      4.86      2.00     4   5.1941
#         195       0.00000     13.56      2.00     2   5.2049
#         196       0.00000     16.44      2.00     3   5.2091
#         199       0.00000     10.07      1.00     4   5.2136
#         200       0.00000     15.95      2.00     3   5.2153
#         201       0.00000      9.58      1.00     4   5.2256
#         204       0.00000      5.62      2.00     4   5.2392
#         205       0.00000      6.63      1.00     2   5.2427
#         207       0.00000      4.52      1.00     4   5.2486
#         209       0.00000     10.82      2.00     3   5.2565
#         211       0.00000      8.56      2.00     3   5.2569
#         214       0.00000      7.31      1.00     2   5.2775
#         220       0.00000      5.26      1.00     4   5.3390
#         223       0.00000      6.20      1.00     2   5.3590
#         224       0.00000      6.18      1.00     2   5.3657
#         226       0.00000      7.58      2.00     3   5.3815
#         227       0.00000      6.72      2.00     3   5.3852
#         228       0.00000      4.68      2.00     3   5.3949
#         229       0.00000      7.73      2.00     3   5.3979
#         230       0.00000      6.84      1.00     2   5.4009
#         231       0.00000      6.02      1.00     2   5.4115
#         235       0.00000      6.66      1.00     2   5.4502
#         237       0.00000      5.88      1.00     2   5.4517
#         238       0.00000      5.80      2.00     3   5.4677
#         240       0.00000      6.54      1.00     2   5.4852
#         243       0.00000      5.14      2.00     3   5.4880
#         245       0.00000      5.74      1.00     2   5.4939
#         247       0.00000      5.74      1.00     2   5.4964
#         249       0.00000      6.59      2.00     3   5.5035
#         251       0.00000      6.46      1.00     2   5.5085
#         254       0.00000      6.34      1.00     2   5.5426
#         255       0.00000      5.33      2.00     3   5.5533
#         256       0.00000      4.72      2.00     3   5.5570
#         257       0.00000      4.53      2.00     3   5.5757
#         258       0.00000      4.70      2.00     3   5.5759
#         260       0.00000      4.68      2.00     3   5.5839
#         261       0.00000      7.62      2.00     3   5.5862
#         262       0.00000      6.18      1.00     2   5.5903
#         264       0.00000      4.01      2.00     3   5.6008
#         265       0.00000      6.26      2.00     3   5.6232
#         266       0.00000      4.82      2.00     3   5.6273
#         268       0.00000      4.68      2.00     3   5.6308
#         269       0.00000      4.53      2.00     3   5.6320
#         271       0.00000      6.57      2.00     3   5.6490
#         272       0.00000      5.26      1.00     2   5.6515
#         276       0.00000      5.21      1.00     2   5.6710
#         277       0.00000      5.32      2.00     3   5.6755
#         278       0.00000      4.04      2.00     4   5.6856
#         280       0.00000      4.16      2.00     4   5.6923
#         283       0.00000      5.99      2.00     3   5.7090
#         284       0.00000      5.81      1.00     2   5.7112
#         285       0.00000      4.25      2.00     3   5.7135
#         286       0.00000      6.41      2.00     3   5.7148
#         287       0.00000      4.97      2.00     3   5.7175
#         290       0.00000      5.34      2.00     3   5.7193
#         292       0.00000      5.61      2.00     3   5.7261
#         296       0.00000      5.73      1.00     2   5.7363
#         302       0.00000      9.72      2.00     3   5.7476
#         308       0.00000      4.06      2.00     3   5.7836
#         309       0.00000      5.59      1.00     2   5.7844
#         310       0.00000      4.56      1.00     4   5.7840
#         314       0.00000      4.83      1.00     2   5.8072
#         318       0.00000      5.49      1.00     2   5.8197
#         319       0.00000      4.80      1.00     2   5.8213
#         327       0.00000      6.38      2.00     3   5.8442
#         330       0.00000      5.45      2.00     3   5.8531
#         333       0.00000      5.83      2.00     3   5.8630
#         336       0.00000      5.33      1.00     2   5.8795
#         342       0.00000      7.54      2.00     3   5.8968
#         348       0.00000      5.24      1.00     2   5.9146
#         353       0.00000      5.19      1.00     2   5.9324
#   235/ 310 paths used
#  -----------------------------------------------------------------------
#       k          chi          mag           phase @#
    -0.7000   -3.942252E-01  3.942418E-01 -1.561630E+00
    -0.6500   -3.946939E-01  3.949428E-01 -1.606302E+00
    -0.6000   -4.039416E-01  4.045821E-01 -1.627071E+00
    -0.5500   -4.175546E-01  4.182551E-01 -1.628683E+00
    -0.5000   -4.321242E-01  4.325961E-01 -1.617509E+00
    -0.4500   -4.464077E-01  4.465774E-01 -1.598364E+00
    -0.4000   -4.590701E-01  4.590771E-01 -1.576325E+00
    -0.3500   -4.706905E-01  4.707802E-01 -1.551271E+00
    -0.3000   -4.802136E-01  4.806604E-01 -1.527673E+00
    -0.2500   -4.877716E-01  4.887784E-01 -1.506599E+00
    -0.2000   -4.935680E-01  4.952348E-01 -1.488729E+00
    -0.1500   -4.981880E-01  5.005488E-01 -1.473636E+00
    -0.1000   -5.014429E-01  5.044025E-01 -1.462414E+00
    -0.0500   -5.033314E-01  5.066892E-01 -1.455607E+00
     0.0000   -5.039499E-01  5.074470E-01 -1.453326E+00
     0.0500   -5.045628E-01  5.082026E-01 -1.451040E+00
     0.1000   -5.063679E-01  5.104562E-01 -1.444149E+00
     0.1500   -5.092620E-01  5.141669E-01 -1.432560E+00
     0.2000   -5.130665E-01  5.192645E-01 -1.416135E+00
     0.2500   -5.175198E-01  5.256476E-01 -1.394714E+00
     0.3000   -5.222706E-01  5.331818E-01 -1.368141E+00
     0.3500   -5.270539E-01  5.419570E-01 -1.335740E+00
     0.4000   -5.317771E-01  5.525601E-01 -1.295659E+00
     0.4500   -5.350619E-01  5.638942E-01 -1.249635E+00
     0.5000   -5.360910E-01  5.756986E-01 -1.197693E+00
     0.5500   -5.342238E-01  5.882990E-01 -1.138682E+00
     0.6000   -5.284970E-01  6.021545E-01 -1.070993E+00
     0.6500   -5.172098E-01  6.157161E-01 -9.973080E-01
     0.7000   -4.993401E-01  6.291298E-01 -9.168668E-01
     0.7500   -4.733822E-01  6.433337E-01 -8.268870E-01
     0.8000   -4.383519E-01  6.563105E-01 -7.313879E-01
     0.8500   -3.932041E-01  6.688071E-01 -6.284833E-01
     0.9000   -3.368930E-01  6.807427E-01 -5.177086E-01
     0.9500   -2.703098E-01  6.905041E-01 -4.022257E-01
     1.0000   -1.918155E-01  6.996830E-01 -2.777019E-01
     1.0500   -1.043858E-01  7.063461E-01 -1.483260E-01
     1.1000   -9.300098E-03  7.107979E-01 -1.308440E-02
     1.1500    9.149425E-02  7.130775E-01  1.286637E-01
     1.2000    1.924028E-01  7.119647E-01  2.736444E-01
     1.2500    2.929850E-01  7.087983E-01  4.261349E-01
     1.3000    3.851692E-01  7.018917E-01  5.808787E-01
     1.3500    4.672336E-01  6.922227E-01  7.409321E-01
     1.4000    5.335310E-01  6.791449E-01  9.036529E-01
     1.4500    5.813673E-01  6.629596E-01  1.069431E+00
     1.5000    6.085159E-01  6.438288E-01  1.238059E+00
     1.5500    6.134532E-01  6.217105E-01  1.407633E+00
     1.6000    5.972263E-01  5.972508E-01  1.579852E+00
     1.6500    5.611096E-01  5.703451E-01  1.751000E+00
     1.7000    5.083763E-01  5.418940E-01  1.924353E+00
     1.7500    4.431075E-01  5.118902E-01  2.095185E+00
     1.8000    3.692541E-01  4.810504E-01  2.266505E+00
     1.8500    2.921369E-01  4.497464E-01  2.434588E+00
     1.9000    2.145695E-01  4.184704E-01  2.603211E+00
     1.9500    1.411809E-01  3.876630E-01  2.768835E+00
     2.0000    7.541391E-02  3.578160E-01  2.929239E+00
     2.0500    1.885395E-02  3.293107E-01  3.084309E+00
     2.1000   -2.825933E-02  3.016453E-01  3.235414E+00
     2.1500   -6.561683E-02  2.749551E-01  3.382564E+00
     2.2000   -9.346252E-02  2.502241E-01  3.524388E+00
     2.2500   -1.128853E-01  2.273469E-01  3.661193E+00
     2.3000   -1.246754E-01  2.056250E-01  3.793022E+00
     2.3500   -1.286423E-01  1.835873E-01  3.917991E+00
     2.4000   -1.265570E-01  1.628185E-01  4.031937E+00
     2.4500   -1.199317E-01  1.436154E-01  4.129888E+00
     2.5000   -1.108658E-01  1.267070E-01  4.206983E+00
     2.5500   -1.036785E-01  1.147034E-01  4.270355E+00
     2.6000   -9.713639E-02  1.056110E-01  4.309052E+00
     2.6500   -9.320003E-02  1.003866E-01  4.331707E+00
     2.7000   -9.296928E-02  9.915716E-02  4.357242E+00
     2.7500   -9.498904E-02  9.940282E-02  4.413272E+00
     2.8000   -9.855600E-02  1.011428E-01  4.485738E+00
     2.8500   -1.029362E-01  1.039034E-01  4.575838E+00
     2.9000   -1.070661E-01  1.071108E-01  4.683500E+00
     2.9500   -1.099215E-01  1.103838E-01  4.803947E+00
     3.0000   -1.105556E-01  1.134328E-01  4.938098E+00
     3.0500   -1.079998E-01  1.159293E-01  5.084392E+00
     3.1000   -1.016347E-01  1.176547E-01  5.240344E+00
     3.1500   -9.149164E-02  1.186835E-01  5.402952E+00
     3.2000   -7.752336E-02  1.189005E-01  5.572964E+00
     3.2500   -5.999955E-02  1.179602E-01  5.749578E+00
     3.3000   -4.004457E-02  1.156813E-01  5.929707E+00
     3.3500   -1.926132E-02  1.125574E-01  6.111215E+00
     3.4000    1.126906E-03  1.087184E-01  6.293551E+00
     3.4500    1.975024E-02  1.039920E-01  6.474267E+00
     3.5000    3.550249E-02  9.855625E-02  6.651695E+00
     3.5500    4.786061E-02  9.270503E-02  6.825672E+00
     3.6000    5.651081E-02  8.655452E-02  6.994582E+00
     3.6500    6.137918E-02  8.019923E-02  7.154745E+00
     3.7000    6.300205E-02  7.389087E-02  7.304196E+00
     3.7500    6.219141E-02  6.786244E-02  7.442261E+00
     3.8000    5.977951E-02  6.231497E-02  7.567741E+00
     3.8500    5.660912E-02  5.748836E-02  7.678862E+00
     3.9000    5.338948E-02  5.354593E-02  7.777519E+00
     3.9500    5.055115E-02  5.055648E-02  7.868490E+00
     4.0000    4.822307E-02  4.848167E-02  7.957312E+00
     4.0500    4.631559E-02  4.720563E-02  8.048476E+00
     4.1000    4.455527E-02  4.654146E-02  8.147181E+00
     4.1500    4.257866E-02  4.626851E-02  8.256056E+00
     4.2000    4.008957E-02  4.622003E-02  8.374898E+00
     4.2500    3.677672E-02  4.623252E-02  8.504991E+00
     4.3000    3.244818E-02  4.616445E-02  8.645336E+00
     4.3500    2.710013E-02  4.594199E-02  8.793871E+00
     4.4000    2.094035E-02  4.560107E-02  8.947675E+00
     4.4500    1.401923E-02  4.500256E-02  9.107985E+00
     4.5000    6.644554E-03  4.410982E-02  9.273566E+00
     4.5500   -7.920289E-04  4.293044E-02  9.443228E+00
     4.6000   -7.907161E-03  4.158053E-02  9.616108E+00
     4.6500   -1.427535E-02  3.987976E-02  9.790860E+00
     4.7000   -1.947689E-02  3.783517E-02  9.965532E+00
     4.7500   -2.321470E-02  3.548970E-02  1.013780E+01
     4.8000   -2.544066E-02  3.298607E-02  1.030559E+01
     4.8500   -2.607262E-02  3.025486E-02  1.046352E+01
     4.9000   -2.536154E-02  2.741952E-02  1.060567E+01
     4.9500   -2.376459E-02  2.466213E-02  1.072496E+01
     5.0000   -2.188908E-02  2.225213E-02  1.081469E+01
     5.0500   -2.026909E-02  2.042733E-02  1.087102E+01
     5.1000   -1.937676E-02  1.946088E-02  1.090256E+01
     5.1500   -1.944120E-02  1.948043E-02  1.093210E+01
     5.2000   -2.045587E-02  2.045696E-02  1.098524E+01
     5.2500   -2.195963E-02  2.203693E-02  1.107936E+01
     5.3000   -2.328452E-02  2.386197E-02  1.121602E+01
     5.3500   -2.365914E-02  2.561862E-02  1.138923E+01
     5.4000   -2.248384E-02  2.717235E-02  1.159181E+01
     5.4500   -1.923581E-02  2.825233E-02  1.181744E+01
     5.5000   -1.390630E-02  2.873732E-02  1.206125E+01
     5.5500   -6.964020E-03  2.855906E-02  1.232004E+01
     5.6000    7.044672E-04  2.779282E-02  1.259172E+01
     5.6500    8.011730E-03  2.634340E-02  1.287539E+01
     5.7000    1.379311E-02  2.424591E-02  1.317152E+01
     5.7500    1.711447E-02  2.157665E-02  1.348241E+01
     5.8000    1.751841E-02  1.849551E-02  1.381067E+01
     5.8500    1.507155E-02  1.507887E-02  1.416832E+01
     5.9000    1.040897E-02  1.152558E-02  1.458098E+01
     5.9500    4.596366E-03  8.194231E-03  1.511246E+01
     6.0000   -1.012543E-03  5.795822E-03  1.588357E+01
     6.0500   -5.262473E-03  5.715668E-03  1.687786E+01
     6.1000   -7.316361E-03  7.812684E-03  1.763712E+01
     6.1500   -6.833292E-03  1.057358E-02  1.814688E+01
     6.2000   -4.015885E-03  1.326063E-02  1.854188E+01
     6.2500    4.826630E-04  1.560050E-02  1.888050E+01
     6.3000    5.752567E-03  1.747878E-02  1.918492E+01
     6.3500    1.086727E-02  1.885898E-02  1.946367E+01
     6.4000    1.510374E-02  1.976286E-02  1.971943E+01
     6.4500    1.808574E-02  2.026697E-02  1.995214E+01
     6.5000    1.988572E-02  2.053326E-02  2.016855E+01
     6.5500    2.069021E-02  2.072535E-02  2.036212E+01
     6.6000    2.090407E-02  2.103903E-02  2.053368E+01
     6.6500    2.088919E-02  2.167258E-02  2.069004E+01
     6.7000    2.077863E-02  2.277071E-02  2.084176E+01
     6.7500    2.039795E-02  2.438298E-02  2.100017E+01
     6.8000    1.929674E-02  2.645634E-02  2.117373E+01
     6.8500    1.688278E-02  2.886227E-02  2.136634E+01
     6.9000    1.262134E-02  3.143599E-02  2.157800E+01
     6.9500    6.242099E-03  3.400794E-02  2.180655E+01
     7.0000   -2.224364E-03  3.646735E-02  2.205218E+01
     7.0500   -1.208195E-02  3.865123E-02  2.230907E+01
     7.1000   -2.223678E-02  4.043959E-02  2.257336E+01
     7.1500   -3.141370E-02  4.175509E-02  2.284274E+01
     7.2000   -3.837231E-02  4.254852E-02  2.311518E+01
     7.2500   -4.215906E-02  4.279853E-02  2.338886E+01
     7.3000   -4.229765E-02  4.251086E-02  2.366214E+01
     7.3500   -3.887162E-02  4.171702E-02  2.393342E+01
     7.4000   -3.248250E-02  4.047243E-02  2.420113E+01
     7.4500   -2.409911E-02  3.885390E-02  2.446368E+01
     7.5000   -1.485987E-02  3.702297E-02  2.471973E+01
     7.5500   -5.771598E-03  3.504934E-02  2.496732E+01
     7.6000    2.389288E-03  3.302015E-02  2.520516E+01
     7.6500    9.177513E-03  3.105048E-02  2.543279E+01
     7.7000    1.448058E-02  2.924405E-02  2.565076E+01
     7.7500    1.842400E-02  2.768011E-02  2.586104E+01
     7.8000    2.123150E-02  2.640085E-02  2.606707E+01
     7.8500    2.308874E-02  2.540350E-02  2.627333E+01
     7.9000    2.405327E-02  2.464169E-02  2.648456E+01
     7.9500    2.403654E-02  2.403656E-02  2.670476E+01
     8.0000    2.290052E-02  2.353852E-02  2.693690E+01
     8.0500    2.044006E-02  2.302624E-02  2.718204E+01
     8.1000    1.659127E-02  2.239543E-02  2.744002E+01
     8.1500    1.154450E-02  2.158866E-02  2.771012E+01
     8.2000    5.745456E-03  2.057293E-02  2.799130E+01
     8.2500   -1.571792E-04  1.933862E-02  2.828246E+01
     8.3000   -5.430809E-03  1.789659E-02  2.858265E+01
     8.3500   -9.413343E-03  1.627462E-02  2.889111E+01
     8.4000   -1.166036E-02  1.451343E-02  2.920735E+01
     8.4500   -1.204401E-02  1.266282E-02  2.953121E+01
     8.5000   -1.079037E-02  1.079174E-02  2.986108E+01
     8.5500   -8.396739E-03  8.944825E-03  3.019701E+01
     8.6000   -5.501843E-03  7.166883E-03  3.054072E+01
     8.6500   -2.747093E-03  5.508897E-03  3.089387E+01
     8.7000   -6.252777E-04  4.015512E-03  3.125957E+01
     8.7500    6.154094E-04  2.723087E-03  3.164389E+01
     8.8000    9.957576E-04  1.658170E-03  3.206007E+01
     8.8500    7.567682E-04  8.367720E-04  3.254587E+01
     8.9000    2.565644E-04  2.707530E-04  3.331190E+01
     8.9500   -1.540740E-04  1.640186E-04  3.577831E+01
     9.0000   -2.337258E-04  3.361907E-04  3.693039E+01
     9.0500    7.811730E-05  5.031132E-04  3.785501E+01
     9.1000    6.442791E-04  7.793536E-04  3.867230E+01
     9.1500    1.205343E-03  1.206854E-03  3.931995E+01
     9.2000    1.473140E-03  1.753602E-03  3.984330E+01
     9.2500    1.231515E-03  2.371107E-03  4.029457E+01
     9.3000    4.114797E-04  3.011439E-03  4.070364E+01
     9.3500   -8.813836E-04  3.629778E-03  4.108598E+01
     9.4000   -2.394160E-03  4.185463E-03  4.144967E+01
     9.4500   -3.798693E-03  4.643164E-03  4.179885E+01
     9.5000   -4.792082E-03  4.982205E-03  4.213435E+01
     9.5500   -5.176200E-03  5.181490E-03  4.245669E+01
     9.6000   -4.900399E-03  5.223499E-03  4.276506E+01
     9.6500   -4.083005E-03  5.107480E-03  4.305597E+01
     9.7000   -2.967021E-03  4.845828E-03  4.332335E+01
     9.7500   -1.842755E-03  4.468632E-03  4.355724E+01
     9.8000   -9.581358E-04  4.032001E-03  4.374237E+01
     9.8500   -4.435141E-04  3.631140E-03  4.385985E+01
     9.9000   -2.731886E-04  3.407247E-03  4.390203E+01
     9.9500   -2.749922E-04  3.505463E-03  4.390377E+01
    10.0000   -1.691820E-04  3.990638E-03  4.393989E+01
    10.0500    3.267178E-04  4.778159E-03  4.405073E+01
    10.1000    1.387477E-03  5.735451E-03  4.422663E+01
    10.1500    3.043182E-03  6.768103E-03  4.444865E+01
    10.2000    5.140235E-03  7.807034E-03  4.470100E+01
    10.2500    7.361726E-03  8.801242E-03  4.497306E+01
    10.3000    9.292178E-03  9.712067E-03  4.525797E+01
    10.3500    1.051006E-02  1.051008E-02  4.555128E+01
    10.4000    1.068469E-02  1.117354E-02  4.584999E+01
    10.4500    9.653493E-03  1.168755E-02  4.615198E+01
    10.5000    7.461738E-03  1.204360E-02  4.645571E+01
    10.5500    4.356306E-03  1.223908E-02  4.675998E+01
    10.6000    7.370864E-04  1.227677E-02  4.706381E+01
    10.6500   -2.921002E-03  1.216434E-02  4.736639E+01
    10.7000   -6.156360E-03  1.191362E-02  4.766694E+01
    10.7500   -8.599754E-03  1.153992E-02  4.796475E+01
    10.8000   -1.002838E-02  1.106121E-02  4.825911E+01
    10.8500   -1.038659E-02  1.049738E-02  4.854927E+01
    10.9000   -9.773125E-03  9.869393E-03  4.883447E+01
    10.9500   -8.402174E-03  9.198609E-03  4.911388E+01
    11.0000   -6.558162E-03  8.521036E-03  4.938720E+01
    11.0500   -4.515107E-03  7.857501E-03  4.965334E+01
    11.1000   -2.504120E-03  7.210499E-03  4.991080E+01
    11.1500   -7.007019E-04  6.597150E-03  5.015907E+01
    11.2000    7.969906E-04  6.031912E-03  5.039800E+01
    11.2500    1.960169E-03  5.525945E-03  5.062810E+01
    11.3000    2.809852E-03  5.086482E-03  5.085074E+01
    11.3500    3.392585E-03  4.716289E-03  5.106832E+01
    11.4000    3.757774E-03  4.413444E-03  5.128420E+01
    11.4500    3.941240E-03  4.171649E-03  5.150237E+01
    11.5000    3.957411E-03  3.981193E-03  5.172692E+01
    11.5500    3.800417E-03  3.830426E-03  5.196154E+01
    11.6000    3.452680E-03  3.707374E-03  5.220911E+01
    11.6500    2.898353E-03  3.601115E-03  5.247165E+01
    11.7000    2.138270E-03  3.502707E-03  5.275043E+01
    11.7500    1.202752E-03  3.405629E-03  5.304612E+01
    11.8000    1.587823E-04  3.305833E-03  5.335903E+01
    11.8500   -8.912089E-04  3.201534E-03  5.368917E+01
    11.9000   -1.820306E-03  3.092796E-03  5.403636E+01
    11.9500   -2.497132E-03  2.980973E-03  5.440012E+01
    12.0000   -2.814493E-03  2.870500E-03  5.478001E+01
    12.0500   -2.709270E-03  2.762482E-03  5.517447E+01
    12.1000   -2.184946E-03  2.653858E-03  5.558145E+01
    12.1500   -1.327794E-03  2.543731E-03  5.599949E+01
    12.2000   -2.940066E-04  2.429460E-03  5.642735E+01
    12.2500    7.166174E-04  2.306898E-03  5.686454E+01
    12.3000    1.500781E-03  2.171146E-03  5.731187E+01
    12.3500    1.897532E-03  2.017871E-03  5.777236E+01
    12.4000    1.829043E-03  1.845325E-03  5.825240E+01
    12.4500    1.325377E-03  1.657518E-03  5.876361E+01
    12.5000    5.250848E-04  1.469657E-03  5.932490E+01
    12.5500   -3.511051E-04  1.316806E-03  5.996016E+01
    12.6000   -1.049452E-03  1.259602E-03  6.067506E+01
    12.6500   -1.344770E-03  1.360748E-03  6.141445E+01
    12.7000   -1.099739E-03  1.632864E-03  6.209291E+01
    12.7500   -3.066606E-04  2.038052E-03  6.268081E+01
    12.8000    9.001936E-04  2.530700E-03  6.319553E+01
    12.8500    2.266662E-03  3.075503E-03  6.366048E+01
    12.9000    3.471646E-03  3.645810E-03  6.409231E+01
    12.9500    4.199255E-03  4.219798E-03  6.450136E+01
    13.0000    4.215148E-03  4.783116E-03  6.489493E+01
    13.0500    3.413627E-03  5.324449E-03  6.527748E+01
    13.1000    1.850375E-03  5.822659E-03  6.565005E+01
    13.1500   -2.544813E-04  6.263758E-03  6.601408E+01
    13.2000   -2.565704E-03  6.635801E-03  6.637044E+01
    13.2500   -4.703319E-03  6.929343E-03  6.671951E+01
    13.3000   -6.321732E-03  7.137890E-03  6.706136E+01
    13.3500   -7.178423E-03  7.258322E-03  6.739573E+01
    13.4000   -7.176215E-03  7.291252E-03  6.772211E+01
    13.4500   -6.370387E-03  7.241315E-03  6.803975E+01
    13.5000   -4.941301E-03  7.117347E-03  6.834764E+01
    13.5500   -3.142041E-03  6.932428E-03  6.864464E+01
    13.6000   -1.236465E-03  6.703704E-03  6.892953E+01
    13.6500    5.555799E-04  6.451858E-03  6.920126E+01
    13.7000    2.092458E-03  6.199994E-03  6.945929E+01
    13.7500    3.317835E-03  5.971706E-03  6.970411E+01
    13.8000    4.242483E-03  5.788180E-03  6.993770E+01
    13.8500    4.909901E-03  5.664641E-03  7.016371E+01
    13.9000    5.358923E-03  5.607150E-03  7.038717E+01
    13.9500    5.596413E-03  5.611114E-03  7.061343E+01
    14.0000    5.595096E-03  5.668882E-03  7.084735E+01
    14.0500    5.296770E-03  5.765449E-03  7.109183E+01
    14.1000    4.629317E-03  5.867846E-03  7.134757E+01
    14.1500    3.565840E-03  5.953967E-03  7.161450E+01
    14.2000    2.142978E-03  6.004423E-03  7.189168E+01
    14.2500    4.735103E-04  6.003847E-03  7.217768E+01
    14.3000   -1.263227E-03  5.941426E-03  7.247088E+01
    14.3500   -2.852010E-03  5.810971E-03  7.276964E+01
    14.4000   -4.085744E-03  5.610706E-03  7.307233E+01
    14.4500   -4.810848E-03  5.342907E-03  7.337736E+01
    14.5000   -4.961324E-03  5.013464E-03  7.368308E+01
    14.5500   -4.572012E-03  4.631380E-03  7.398772E+01
    14.6000   -3.767445E-03  4.208259E-03  7.428923E+01
    14.6500   -2.729675E-03  3.757782E-03  7.458515E+01
    14.7000   -1.654255E-03  3.295226E-03  7.487230E+01
    14.7500   -7.065682E-04  2.837016E-03  7.514652E+01
    14.8000    9.933068E-06  2.400358E-03  7.540236E+01
    14.8500    4.659990E-04  2.002825E-03  7.563305E+01
    14.9000    6.977917E-04  1.661556E-03  7.583163E+01
    14.9500    7.816331E-04  1.391083E-03  7.599489E+01
    15.0000    8.041615E-04  1.199838E-03  7.613274E+01
    15.0500    8.295311E-04  1.081553E-03  7.627235E+01
    15.1000    8.736591E-04  1.011400E-03  7.644101E+01
    15.1500    9.158298E-04  9.613275E-04  7.666013E+01
    15.2000    9.083529E-04  9.087623E-04  7.693901E+01
    15.2500    8.013441E-04  8.424832E-04  7.728281E+01
    15.3000    5.684027E-04  7.640387E-04  7.770086E+01
    15.3500    2.240378E-04  6.886947E-04  7.820848E+01
    15.4000   -1.733597E-04  6.455890E-04  7.881168E+01
    15.4500   -5.342951E-04  6.670770E-04  7.946870E+01
    15.5000   -7.627670E-04  7.628509E-04  8.009578E+01
    15.5500   -7.848772E-04  9.129662E-04  8.064673E+01
    15.6000   -5.723343E-04  1.088925E-03  8.112799E+01
    15.6500   -1.533584E-04  1.267397E-03  8.156011E+01
    15.7000    3.925295E-04  1.431478E-03  8.195918E+01
    15.7500    9.543233E-04  1.569103E-03  8.233520E+01
    15.8000    1.417987E-03  1.671911E-03  8.269384E+01
    15.8500    1.695082E-03  1.734707E-03  8.303806E+01
    15.9000    1.743292E-03  1.755238E-03  8.336894E+01
    15.9500    1.573305E-03  1.734094E-03  8.368624E+01
    16.0000    1.242945E-03  1.676755E-03  8.398803E+01
    16.0500    8.330759E-04  1.590023E-03  8.427153E+01
    16.1000    4.212146E-04  1.477449E-03  8.453390E+01
    16.1500    7.155583E-05  1.350321E-03  8.476999E+01
    16.2000   -1.842834E-04  1.222274E-03  8.497435E+01
    16.2500   -3.492376E-04  1.108191E-03  8.514361E+01
    16.3000   -4.514692E-04  1.021470E-03  8.528081E+01
    16.3500   -5.280167E-04  9.693904E-04  8.539902E+01
    16.4000   -6.077647E-04  9.489307E-04  8.551812E+01
    16.4500   -6.999392E-04  9.472569E-04  8.565446E+01
    16.5000   -7.920576E-04  9.470981E-04  8.581350E+01
    16.5500   -8.576921E-04  9.325331E-04  8.599043E+01
    16.6000   -8.707715E-04  8.923381E-04  8.617350E+01
    16.6500   -8.207049E-04  8.216992E-04  8.634460E+01
    16.7000   -7.221947E-04  7.245821E-04  8.647500E+01
    16.7500   -6.153656E-04  6.200629E-04  8.651696E+01
    16.8000   -5.551965E-04  5.553514E-04  8.641742E+01
    16.8500   -5.930697E-04  6.005620E-04  8.623567E+01
    16.9000   -7.562617E-04  7.776918E-04  8.615850E+01
    16.9500   -1.032356E-03  1.045945E-03  8.623243E+01
    17.0000   -1.363396E-03  1.363464E-03  8.640381E+01
    17.0500   -1.657300E-03  1.704226E-03  8.662901E+01
    17.1000   -1.810083E-03  2.053601E-03  8.688574E+01
    17.1500   -1.725488E-03  2.397852E-03  8.716137E+01
    17.2000   -1.344703E-03  2.725392E-03  8.744860E+01
    17.2500   -6.655726E-04  3.026342E-03  8.774286E+01
    17.3000    2.514492E-04  3.292529E-03  8.804104E+01
    17.3500    1.292637E-03  3.517639E-03  8.834088E+01
    17.4000    2.313395E-03  3.697403E-03  8.864060E+01
    17.4500    3.167891E-03  3.829772E-03  8.893866E+01
    17.5000    3.738203E-03  3.915035E-03  8.923369E+01
    17.5500    3.955619E-03  3.955856E-03  8.952445E+01
    17.6000    3.809192E-03  3.957216E-03  8.980977E+01
    17.6500    3.340460E-03  3.926220E-03  9.008867E+01
    17.7000    2.627149E-03  3.871733E-03  9.036041E+01
    17.7500    1.761559E-03  3.803792E-03  9.062469E+01
    17.8000    8.303755E-04  3.732772E-03  9.088185E+01
    17.8500   -9.850860E-05  3.668306E-03  9.113304E+01
    17.9000   -9.793293E-04  3.618078E-03  9.138028E+01
    17.9500   -1.782632E-03  3.586743E-03  9.162633E+01
    18.0000   -2.485780E-03  3.575445E-03  9.187494E+01
    18.0500   -3.058480E-03  3.581179E-03  9.212990E+01
    18.1000   -3.452876E-03  3.597908E-03  9.239208E+01
    18.1500   -3.618313E-03  3.618660E-03  9.266313E+01
    18.2000   -3.507137E-03  3.635895E-03  9.294391E+01
    18.2500   -3.090747E-03  3.642541E-03  9.323461E+01
    18.3000   -2.375627E-03  3.632758E-03  9.353499E+01
    18.3500   -1.413639E-03  3.602387E-03  9.384452E+01
    18.4000   -3.022049E-04  3.549144E-03  9.416253E+01
    18.4500    8.271580E-04  3.472619E-03  9.448829E+01
    18.5000    1.830102E-03  3.374125E-03  9.482106E+01
    18.5500    2.575668E-03  3.256467E-03  9.516012E+01
    18.6000    2.971029E-03  3.123631E-03  9.550471E+01
    18.6500    2.978575E-03  2.980444E-03  9.585399E+01
    18.7000    2.621191E-03  2.832218E-03  9.620704E+01
    18.7500    1.974790E-03  2.684393E-03  9.656274E+01
    18.8000    1.150502E-03  2.542210E-03  9.691974E+01
    18.8500    2.715504E-04  2.410441E-03  9.727648E+01
    18.9000   -5.491712E-04  2.293193E-03  9.763120E+01
    18.9500   -1.225541E-03  2.193801E-03  9.798212E+01
    19.0000   -1.706645E-03  2.116189E-03  9.832753E+01
    19.0500   -1.975674E-03  2.064244E-03  9.866617E+01
    19.1000   -2.033924E-03  2.035362E-03  9.899777E+01
    19.1500   -1.897909E-03  2.029859E-03  9.932272E+01
    19.2000   -1.589159E-03  2.047135E-03  9.964222E+01
    19.2500   -1.130637E-03  2.085519E-03  9.995799E+01
    19.3000   -5.486640E-04  2.142159E-03  1.002720E+02
    19.3500    1.214497E-04  2.213028E-03  1.005859E+02
    19.4000    8.295220E-04  2.293074E-03  1.009011E+02
    19.4500    1.508271E-03  2.376487E-03  1.012185E+02
    19.5000    2.077537E-03  2.457030E-03  1.015386E+02
    19.5500    2.455560E-03  2.528379E-03  1.018612E+02
    19.6000    2.575264E-03  2.584460E-03  1.021861E+02
    19.6500    2.401333E-03  2.619732E-03  1.025130E+02
    19.7000    1.942936E-03  2.629446E-03  1.028411E+02
    19.7500    1.257602E-03  2.609844E-03  1.031698E+02
    19.8000    4.439217E-04  2.558327E-03  1.034982E+02
    19.8500   -3.761956E-04  2.473574E-03  1.038252E+02
    19.9000   -1.081908E-03  2.355626E-03  1.041497E+02
    19.9500   -1.578560E-03  2.205951E-03  1.044700E+02