# # tequil.ion_motion                                            FEFF 9.05   
# # POT  SCF  30  5.5000   1, core-hole, AFOLP (folp(0)= 1.150)
# # Abs   Z=30 Rmt= 1.317 Rnm= 1.411 K  shell
# # Pot 1 Z=26 Rmt= 1.311 Rnm= 1.403
# # Pot 2 Z= 8 Rmt= 0.950 Rnm= 1.079
# # Gam_ch=1.897E+00 H-L exch
# # Mu=-1.171E+01 kf=2.187E+00 Vint=-1.844E+01 Rs_int= 1.658
# # PATH  Rmax= 8.500,  Keep_limit= 0.00, Heap_limit 0.00  Pwcrit= 2.50%
#  S02=1.000                                        Global_sig2= 0.00000
#  Energy zero shift, vr, vi   -2.00000E+00   0.00000E+00
#  Curved wave amplitude ratio filter   4.000%
#     file         sig2 tot  cw amp ratio   deg  nlegs   reff  inp sig2
#           1       0.00000    100.00      1.00     2   1.9088
#           2       0.00000     85.85      1.00     2   2.0231
#           3       0.00000     83.21      1.00     2   2.0473
#           4       0.00000     73.72      1.00     2   2.1439
#           5       0.00000     59.70      1.00     2   2.3226
#           6       0.00000     59.08      1.00     2   2.3319
#           7       0.00000     30.48      1.00     2   2.9459
#           8       0.00000     30.15      1.00     2   2.9597
#           9       0.00000     29.42      1.00     2   2.9912
#          10       0.00000     27.76      1.00     2   3.0668
#          11       0.00000     24.05      1.00     2   3.2591
#          12       0.00000     23.31      1.00     2   3.3025
#          13       0.00000     22.60      1.00     2   3.3313
#          14       0.00000     22.51      1.00     2   3.3509
#          15       0.00000     15.59      2.00     3   3.3813
#          16       0.00000     20.25      1.00     2   3.4663
#          17       0.00000      7.76      2.00     3   3.4810
#          18       0.00000     11.49      2.00     3   3.4936
#          19       0.00000     19.60      1.00     2   3.5068
#          20       0.00000     10.73      2.00     3   3.5163
#          21       0.00000      9.43      2.00     3   3.5324
#          22       0.00000      7.18      2.00     3   3.5347
#          23       0.00000     18.14      2.00     3   3.5482
#          24       0.00000     18.76      1.00     2   3.5623
#          25       0.00000      8.02      2.00     3   3.5721
#          26       0.00000     18.47      2.00     3   3.5807
#          27       0.00000      9.95      2.00     3   3.5939
#          28       0.00000      9.80      2.00     3   3.5941
#          29       0.00000      8.53      2.00     3   3.5971
#          30       0.00000      7.72      2.00     3   3.6004
#          31       0.00000     10.14      2.00     3   3.6057
#          32       0.00000     10.05      2.00     3   3.6134
#          33       0.00000      8.14      2.00     3   3.6248
#          34       0.00000      9.23      2.00     3   3.6362
#          35       0.00000      6.20      2.00     3   3.6658
#          36       0.00000     17.21      1.00     2   3.6740
#          37       0.00000     16.94      1.00     2   3.6947
#          38       0.00000      7.09      2.00     3   3.7097
#          39       0.00000     16.70      1.00     2   3.7132
#          40       0.00000      7.39      2.00     3   3.7257
#          41       0.00000     11.20      2.00     3   3.7275
#          42       0.00000     17.35      1.00     2   3.7299
#          43       0.00000     17.31      1.00     2   3.7329
#          44       0.00000      6.36      2.00     3   3.7420
#          45       0.00000     17.11      1.00     2   3.7507
#          46       0.00000      6.71      1.00     4   3.8029
#          47       0.00000      5.69      1.00     4   3.8106
#          48       0.00000     11.57      1.00     4   3.8176
#          49       0.00000     15.23      1.00     2   3.8362
#          50       0.00000      5.01      1.00     4   3.8373
#          51       0.00000     16.08      1.00     2   3.8457
#          52       0.00000     15.75      1.00     2   3.8778
#          53       0.00000     16.22      2.00     3   3.8858
#          55       0.00000     15.13      1.00     2   3.9400
#          56       0.00000     13.73      2.00     3   3.9458
#          57       0.00000     13.32      2.00     3   3.9474
#          58       0.00000     22.72      2.00     3   3.9844
#          59       0.00000     13.35      1.00     2   4.0177
#          60       0.00000      8.29      2.00     3   4.0295
#          61       0.00000      9.37      2.00     3   4.0325
#          62       0.00000      7.11      1.00     4   4.0418
#          63       0.00000      8.40      1.00     4   4.0461
#          64       0.00000     12.69      2.00     3   4.0486
#          65       0.00000     20.36      2.00     4   4.0527
#          67       0.00000      8.36      2.00     3   4.0938
#          68       0.00000      7.88      1.00     4   4.0946
#          69       0.00000     13.14      2.00     3   4.1057
#          70       0.00000      4.76      1.00     4   4.1189
#          71       0.00000      4.26      1.00     4   4.1211
#          72       0.00000      5.57      1.00     4   4.1408
#          74       0.00000      4.76      1.00     4   4.1618
#          75       0.00000     11.99      1.00     2   4.1696
#          76       0.00000      4.40      1.00     4   4.2057
#          77       0.00000      7.03      2.00     3   4.2273
#          78       0.00000      6.97      2.00     3   4.2350
#          79       0.00000      4.48      1.00     4   4.2516
#          80       0.00000      5.49      1.00     4   4.2714
#          81       0.00000      6.14      1.00     4   4.2878
#          82       0.00000      5.74      2.00     3   4.2987
#          83       0.00000      6.75      2.00     3   4.3051
#          84       0.00000     10.92      1.00     2   4.3058
#          85       0.00000     10.83      1.00     2   4.3187
#          86       0.00000      6.67      2.00     3   4.3198
#          87       0.00000     19.42      2.00     3   4.3227
#          88       0.00000     17.92      2.00     3   4.3380
#          89       0.00000     18.98      2.00     4   4.3457
#          90       0.00000     10.57      1.00     2   4.3536
#          91       0.00000      5.84      2.00     3   4.3546
#          92       0.00000      6.27      2.00     3   4.3571
#          93       0.00000      6.31      2.00     3   4.3696
#          94       0.00000      6.27      2.00     3   4.3701
#          95       0.00000      6.36      2.00     3   4.3717
#          96       0.00000     16.40      2.00     4   4.3792
#          97       0.00000      6.63      2.00     3   4.3980
#          98       0.00000      8.23      2.00     3   4.4218
#          99       0.00000     10.04      1.00     2   4.4308
#         100       0.00000      5.16      2.00     3   4.4649
#         101       0.00000      9.74      1.00     2   4.4772
#         102       0.00000      9.54      1.00     2   4.5085
#         103       0.00000     15.08      2.00     3   4.5097
#         104       0.00000      9.51      1.00     2   4.5136
#         105       0.00000      9.48      1.00     2   4.5179
#         106       0.00000      8.38      2.00     3   4.5259
#         107       0.00000     19.31      2.00     3   4.5563
#         109       0.00000      4.97      2.00     3   4.5648
#         110       0.00000     20.74      2.00     3   4.5667
#         111       0.00000      4.80      2.00     3   4.5692
#         112       0.00000      9.02      1.00     2   4.5952
#         113       0.00000     13.65      2.00     3   4.5973
#         114       0.00000     18.27      2.00     3   4.6001
#         115       0.00000      8.97      1.00     2   4.6041
#         116       0.00000     12.82      1.00     4   4.6249
#         118       0.00000     11.49      1.00     4   4.6354
#         121       0.00000      4.01      1.00     4   4.6453
#         122       0.00000      5.93      2.00     3   4.6559
#         125       0.00000      7.86      1.00     4   4.6658
#         126       0.00000      7.59      2.00     3   4.6733
#         127       0.00000     13.08      2.00     3   4.6788
#         128       0.00000      8.50      1.00     2   4.6864
#         129       0.00000     10.79      1.00     4   4.6866
#         130       0.00000      8.44      1.00     2   4.6986
#         131       0.00000      8.39      1.00     2   4.7082
#         133       0.00000      4.37      2.00     3   4.7184
#         134       0.00000      6.40      2.00     3   4.7245
#         135       0.00000      8.26      1.00     2   4.7326
#         136       0.00000      8.22      1.00     2   4.7393
#         137       0.00000      4.13      2.00     3   4.7542
#         138       0.00000      6.99      1.00     4   4.7638
#         139       0.00000      9.20      1.00     2   4.7651
#         140       0.00000      8.09      2.00     3   4.7701
#         142       0.00000      5.50      2.00     3   4.7937
#         143       0.00000      5.23      2.00     3   4.8059
#         144       0.00000      4.93      2.00     3   4.8097
#         147       0.00000      6.65      1.00     4   4.8396
#         148       0.00000     13.92      2.00     3   4.8431
#         149       0.00000      8.75      1.00     2   4.8533
#         150       0.00000      7.66      1.00     2   4.8531
#         151       0.00000      5.93      2.00     4   4.8547
#         152       0.00000      8.15      2.00     3   4.8681
#         157       0.00000      8.20      2.00     3   4.9019
#         158       0.00000      7.36      2.00     3   4.9066
#         159       0.00000      7.33      1.00     2   4.9236
#         160       0.00000      9.23      2.00     3   4.9245
#         162       0.00000      8.30      2.00     3   4.9252
#         163       0.00000      8.32      1.00     2   4.9442
#         164       0.00000      7.96      2.00     3   4.9498
#         165       0.00000      8.17      2.00     3   4.9514
#         166       0.00000      4.20      2.00     4   4.9535
#         167       0.00000      7.72      1.00     4   4.9536
#         168       0.00000      9.08      2.00     3   4.9545
#         169       0.00000      7.11      1.00     2   4.9740
#         170       0.00000     18.33      2.00     3   4.9775
#         171       0.00000     11.93      1.00     4   4.9809
#         175       0.00000      7.03      2.00     3   5.0201
#         177       0.00000      6.45      2.00     3   5.0589
#         179       0.00000      5.27      2.00     4   5.0898
#         180       0.00000      6.66      2.00     3   5.1062
#         181       0.00000      4.22      1.00     4   5.1408
#         183       0.00000      6.54      2.00     3   5.1427
#         185       0.00000      7.97      2.00     3   5.1449
#         186       0.00000      7.34      2.00     3   5.1644
#         187       0.00000      4.08      1.00     4   5.1696
#         188       0.00000      6.20      1.00     2   5.2008
#         191       0.00000      6.17      1.00     2   5.2096
#         193       0.00000     14.90      2.00     3   5.2157
#         194       0.00000      9.16      1.00     4   5.2218
#         195       0.00000      6.13      1.00     2   5.2222
#         196       0.00000      7.65      2.00     3   5.2335
#         197       0.00000      7.09      1.00     2   5.2357
#         198       0.00000      5.86      2.00     4   5.2401
#         201       0.00000      5.98      1.00     2   5.2640
#         205       0.00000     13.08      2.00     3   5.2909
#         210       0.00000     10.36      2.00     3   5.3154
#         212       0.00000      7.58      1.00     4   5.3177
#         213       0.00000      6.74      1.00     2   5.3293
#         215       0.00000      6.68      1.00     2   5.3463
#         216       0.00000      5.67      1.00     2   5.3540
#         219       0.00000      5.74      2.00     3   5.3744
#         220       0.00000      5.50      2.00     3   5.3782
#         221       0.00000      5.18      1.00     4   5.3951
#         223       0.00000      5.23      2.00     3   5.4217
#         224       0.00000      5.43      1.00     2   5.4306
#         227       0.00000      6.38      1.00     2   5.4350
#         228       0.00000      6.91      2.00     3   5.4399
#         230       0.00000      7.14      2.00     3   5.4501
#         232       0.00000      6.27      1.00     2   5.4660
#         235       0.00000      4.50      2.00     3   5.4865
#         236       0.00000      5.28      2.00     3   5.4870
#         237       0.00000      6.20      1.00     2   5.4887
#         239       0.00000      6.15      1.00     2   5.5032
#         242       0.00000      4.15      2.00     4   5.5226
#         243       0.00000      6.07      1.00     2   5.5275
#         245       0.00000      4.57      2.00     3   5.5304
#         248       0.00000      5.02      1.00     2   5.5671
#         249       0.00000      4.71      2.00     3   5.5698
#         250       0.00000      5.59      2.00     3   5.5723
#         252       0.00000      4.42      2.00     3   5.5858
#         254       0.00000      5.51      2.00     3   5.6003
#         255       0.00000      8.00      2.00     3   5.6146
#         256       0.00000      4.86      1.00     2   5.6242
#         259       0.00000      5.72      1.00     2   5.6442
#         261       0.00000      4.80      1.00     2   5.6490
#         264       0.00000      5.44      2.00     3   5.6597
#         265       0.00000      4.47      2.00     3   5.6657
#         266       0.00000      4.30      2.00     3   5.6748
#         267       0.00000      4.66      2.00     3   5.6808
#         270       0.00000      4.70      1.00     2   5.6845
#         271       0.00000      4.19      2.00     3   5.6841
#         272       0.00000      4.69      1.00     2   5.6897
#         275       0.00000      4.64      1.00     2   5.7075
#         278       0.00000      5.69      2.00     3   5.7151
#         279       0.00000      4.06      2.00     3   5.7160
#         282       0.00000      4.48      2.00     3   5.7245
#         285       0.00000      4.89      2.00     3   5.7266
#         287       0.00000      4.21      2.00     3   5.7425
#         290       0.00000      5.39      1.00     2   5.7596
#         296       0.00000      6.01      2.00     3   5.7963
#         298       0.00000      4.82      2.00     3   5.8142
#         302       0.00000      4.53      2.00     3   5.8253
#         308       0.00000      5.18      1.00     2   5.8383
#         312       0.00000      4.45      2.00     3   5.8404
#         315       0.00000      4.28      1.00     2   5.8590
#         319       0.00000      4.10      2.00     3   5.8920
#         321       0.00000      5.15      2.00     5   5.8932
#         322       0.00000      5.03      1.00     2   5.8947
#         324       0.00000      4.80      2.00     3   5.9110
#         325       0.00000      4.99      1.00     2   5.9126
#         326       0.00000      7.23      2.00     3   5.9134
#         330       0.00000      4.93      1.00     2   5.9363
#         331       0.00000      9.15      2.00     3   5.9399
#         332       0.00000      4.92      1.00     2   5.9415
#   231/ 301 paths used
#  -----------------------------------------------------------------------
#       k          chi          mag           phase @#
    -0.7000   -4.526788E-01  4.536729E-01 -1.637008E+00
    -0.6500   -4.471861E-01  4.482235E-01 -1.638845E+00
    -0.6000   -4.482075E-01  4.490254E-01 -1.631163E+00
    -0.5500   -4.527234E-01  4.531824E-01 -1.615809E+00
    -0.5000   -4.587629E-01  4.589105E-01 -1.596160E+00
    -0.4500   -4.653661E-01  4.653681E-01 -1.573661E+00
    -0.4000   -4.715016E-01  4.715923E-01 -1.551187E+00
    -0.3500   -4.776832E-01  4.781247E-01 -1.527822E+00
    -0.3000   -4.828535E-01  4.838533E-01 -1.506499E+00
    -0.2500   -4.870097E-01  4.886922E-01 -1.487792E+00
    -0.2000   -4.902227E-01  4.926204E-01 -1.472092E+00
    -0.1500   -4.930151E-01  4.961151E-01 -1.458947E+00
    -0.1000   -4.950554E-01  4.987375E-01 -1.449207E+00
    -0.0500   -4.962459E-01  5.003064E-01 -1.443306E+00
     0.0000   -4.966369E-01  5.008284E-01 -1.441330E+00
     0.0500   -4.970250E-01  5.013500E-01 -1.439349E+00
     0.1000   -4.981708E-01  5.029116E-01 -1.433381E+00
     0.1500   -5.000176E-01  5.055026E-01 -1.423350E+00
     0.2000   -5.024646E-01  5.091022E-01 -1.409141E+00
     0.2500   -5.053586E-01  5.136746E-01 -1.390613E+00
     0.3000   -5.084862E-01  5.191653E-01 -1.367618E+00
     0.3500   -5.118161E-01  5.258134E-01 -1.339542E+00
     0.4000   -5.156741E-01  5.344901E-01 -1.304668E+00
     0.4500   -5.186703E-01  5.440090E-01 -1.264385E+00
     0.5000   -5.201958E-01  5.542105E-01 -1.218622E+00
     0.5500   -5.199872E-01  5.656540E-01 -1.166215E+00
     0.6000   -5.174962E-01  5.790636E-01 -1.105476E+00
     0.6500   -5.107503E-01  5.926858E-01 -1.038720E+00
     0.7000   -4.989225E-01  6.068422E-01 -9.651984E-01
     0.7500   -4.809400E-01  6.228343E-01 -8.822645E-01
     0.8000   -4.548878E-01  6.382638E-01 -7.933335E-01
     0.8500   -4.196340E-01  6.540881E-01 -6.965247E-01
     0.9000   -3.736119E-01  6.702598E-01 -5.912673E-01
     0.9500   -3.166142E-01  6.848865E-01 -4.805727E-01
     1.0000   -2.468271E-01  6.997961E-01 -3.604688E-01
     1.0500   -1.657939E-01  7.127582E-01 -2.347593E-01
     1.1000   -7.413301E-02  7.240711E-01 -1.025633E-01
     1.1500    2.691572E-02  7.337363E-01  3.669133E-02
     1.2000    1.325485E-01  7.402980E-01  1.800182E-01
     1.2500    2.422196E-01  7.451811E-01  3.310625E-01
     1.3000    3.481791E-01  7.464056E-01  4.853008E-01
     1.3500    4.481022E-01  7.449715E-01  6.453806E-01
     1.4000    5.354970E-01  7.400244E-01  8.090338E-01
     1.4500    6.063564E-01  7.317924E-01  9.765856E-01
     1.5000    6.568757E-01  7.203251E-01  1.147928E+00
     1.5500    6.835883E-01  7.053804E-01  1.321579E+00
     1.6000    6.858296E-01  6.875927E-01  1.499169E+00
     1.6500    6.626807E-01  6.664812E-01  1.677639E+00
     1.7000    6.162405E-01  6.429421E-01  1.860006E+00
     1.7500    5.492974E-01  6.166274E-01  2.042469E+00
     1.8000    4.657788E-01  5.883254E-01  2.228002E+00
     1.8500    3.712954E-01  5.579967E-01  2.413553E+00
     1.9000    2.697858E-01  5.261081E-01  2.603155E+00
     1.9500    1.680605E-01  4.928181E-01  2.793592E+00
     2.0000    7.252489E-02  4.584845E-01  2.982741E+00
     2.0500   -1.218249E-02  4.234957E-01  3.170363E+00
     2.1000   -8.278377E-02  3.871639E-01  3.357077E+00
     2.1500   -1.363742E-01  3.497201E-01  3.542172E+00
     2.2000   -1.719502E-01  3.127722E-01  3.723672E+00
     2.2500   -1.903428E-01  2.766164E-01  3.900475E+00
     2.3000   -1.930809E-01  2.409100E-01  4.071333E+00
     2.3500   -1.813176E-01  2.044304E-01  4.232272E+00
     2.4000   -1.603205E-01  1.699838E-01  4.373581E+00
     2.4500   -1.351643E-01  1.387054E-01  4.485942E+00
     2.5000   -1.104398E-01  1.117769E-01  4.557555E+00
     2.5500   -9.169416E-02  9.248427E-02  4.581581E+00
     2.6000   -7.712970E-02  7.836180E-02  4.534825E+00
     2.6500   -6.917777E-02  7.201600E-02  4.430706E+00
     2.7000   -6.878295E-02  7.386720E-02  4.339203E+00
     2.7500   -7.182107E-02  7.763050E-02  4.323065E+00
     2.8000   -7.819135E-02  8.359269E-02  4.350939E+00
     2.8500   -8.692672E-02  9.080823E-02  4.418954E+00
     2.9000   -9.651590E-02  9.833857E-02  4.519557E+00
     2.9500   -1.051089E-01  1.053913E-01  4.639164E+00
     3.0000   -1.117263E-01  1.119502E-01  4.775637E+00
     3.0500   -1.151517E-01  1.178330E-01  4.926127E+00
     3.1000   -1.143408E-01  1.228767E-01  5.087322E+00
     3.1500   -1.088494E-01  1.271308E-01  5.255316E+00
     3.2000   -9.842540E-02  1.306334E-01  5.429896E+00
     3.2500   -8.310257E-02  1.332806E-01  5.609954E+00
     3.3000   -6.348147E-02  1.350399E-01  5.793788E+00
     3.3500   -4.041192E-02  1.360499E-01  5.981597E+00
     3.4000   -1.488293E-02  1.363127E-01  6.173785E+00
     3.4500    1.165207E-02  1.357315E-01  6.369138E+00
     3.5000    3.763729E-02  1.343316E-01  6.567169E+00
     3.5500    6.167608E-02  1.322763E-01  6.768251E+00
     3.6000    8.238932E-02  1.295834E-01  6.972232E+00
     3.6500    9.839826E-02  1.261474E-01  7.177893E+00
     3.7000    1.088444E-01  1.220277E-01  7.384857E+00
     3.7500    1.133440E-01  1.173011E-01  7.593497E+00
     3.8000    1.118840E-01  1.120246E-01  7.803876E+00
     3.8500    1.048982E-01  1.062630E-01  8.014427E+00
     3.9000    9.330683E-02  1.001035E-01  8.224601E+00
     3.9500    7.830692E-02  9.364591E-02  8.434457E+00
     4.0000    6.121524E-02  8.697391E-02  8.643997E+00
     4.0500    4.349735E-02  8.016024E-02  8.851213E+00
     4.1000    2.647327E-02  7.330753E-02  9.055303E+00
     4.1500    1.123669E-02  6.651456E-02  9.255028E+00
     4.2000   -1.413815E-03  5.989566E-02  9.448385E+00
     4.2500   -1.113254E-02  5.360818E-02  9.633965E+00
     4.3000   -1.798286E-02  4.778215E-02  9.810633E+00
     4.3500   -2.232142E-02  4.251964E-02  9.977455E+00
     4.4000   -2.464049E-02  3.789076E-02  1.013276E+01
     4.4500   -2.567005E-02  3.399832E-02  1.028049E+01
     4.5000   -2.595216E-02  3.081059E-02  1.042634E+01
     4.5500   -2.576751E-02  2.820340E-02  1.057691E+01
     4.6000   -2.514153E-02  2.601738E-02  1.073536E+01
     4.6500   -2.399572E-02  2.407925E-02  1.091226E+01
     4.7000   -2.204312E-02  2.219620E-02  1.111308E+01
     4.7500   -1.902012E-02  2.022077E-02  1.134191E+01
     4.8000   -1.486702E-02  1.807674E-02  1.160068E+01
     4.8500   -9.711091E-03  1.571255E-02  1.190011E+01
     4.9000   -4.044496E-03  1.320305E-02  1.225503E+01
     4.9500    1.365832E-03  1.075744E-02  1.269368E+01
     5.0000    5.584035E-03  8.760354E-03  1.325752E+01
     5.0500    7.811538E-03  7.931232E-03  1.396322E+01
     5.1000    7.497114E-03  8.760648E-03  1.468092E+01
     5.1500    4.549350E-03  1.082227E-02  1.527411E+01
     5.2000   -6.572170E-04  1.337667E-02  1.575711E+01
     5.2500   -7.117200E-03  1.595247E-02  1.617042E+01
     5.3000   -1.355265E-02  1.824644E-02  1.654514E+01
     5.3500   -1.862751E-02  2.006246E-02  1.689825E+01
     5.4000   -2.130728E-02  2.132182E-02  1.724183E+01
     5.4500   -2.092010E-02  2.189293E-02  1.757799E+01
     5.5000   -1.752723E-02  2.171546E-02  1.791028E+01
     5.5500   -1.186271E-02  2.076481E-02  1.824148E+01
     5.6000   -5.180328E-03  1.912516E-02  1.857526E+01
     5.6500    1.072036E-03  1.677042E-02  1.891352E+01
     5.7000    5.524114E-03  1.376230E-02  1.926260E+01
     5.7500    7.241271E-03  1.020354E-02  1.963860E+01
     5.8000    5.994889E-03  6.328501E-03  2.009421E+01
     5.8500    2.242307E-03  2.701582E-03  2.101204E+01
     5.9000   -2.929376E-03  3.774117E-03  2.287973E+01
     5.9500   -8.062160E-03  8.064207E-03  2.353941E+01
     6.0000   -1.152721E-02  1.248416E-02  2.395604E+01
     6.0500   -1.225499E-02  1.678113E-02  2.431400E+01
     6.1000   -9.712219E-03  2.081627E-02  2.464733E+01
     6.1500   -4.045493E-03  2.447921E-02  2.496672E+01
     6.2000    3.958128E-03  2.768791E-02  2.527619E+01
     6.2500    1.306893E-02  3.038739E-02  2.557732E+01
     6.3000    2.189660E-02  3.255099E-02  2.587057E+01
     6.3500    2.918179E-02  3.418173E-02  2.615584E+01
     6.4000    3.402545E-02  3.531271E-02  2.643270E+01
     6.4500    3.600610E-02  3.600625E-02  2.670063E+01
     6.5000    3.513007E-02  3.632965E-02  2.696123E+01
     6.5500    3.182232E-02  3.643524E-02  2.721221E+01
     6.6000    2.666756E-02  3.645282E-02  2.745372E+01
     6.6500    2.021557E-02  3.650135E-02  2.768738E+01
     6.7000    1.287365E-02  3.668070E-02  2.791573E+01
     6.7500    4.885008E-03  3.705660E-02  2.814212E+01
     6.8000   -3.603232E-03  3.765070E-02  2.837018E+01
     6.8500   -1.241625E-02  3.843926E-02  2.860324E+01
     6.9000   -2.122421E-02  3.936074E-02  2.884385E+01
     6.9500   -2.946469E-02  4.032920E-02  2.909354E+01
     7.0000   -3.645804E-02  4.133592E-02  2.935441E+01
     7.0500   -4.121005E-02  4.222667E-02  2.962526E+01
     7.1000   -4.281126E-02  4.288775E-02  2.990486E+01
     7.1500   -4.067260E-02  4.325258E-02  3.019227E+01
     7.2000   -3.467879E-02  4.327580E-02  3.048639E+01
     7.2500   -2.528694E-02  4.293385E-02  3.078614E+01
     7.3000   -1.350195E-02  4.222406E-02  3.109044E+01
     7.3500   -7.273898E-04  4.116289E-02  3.139825E+01
     7.4000    1.147606E-02  3.978338E-02  3.170855E+01
     7.4500    2.166808E-02  3.813237E-02  3.202028E+01
     7.5000    2.880787E-02  3.628417E-02  3.233321E+01
     7.5500    3.230456E-02  3.427852E-02  3.264570E+01
     7.6000    3.216161E-02  3.217649E-02  3.295630E+01
     7.6500    2.890467E-02  3.005147E-02  3.326387E+01
     7.7000    2.339200E-02  2.797632E-02  3.356732E+01
     7.7500    1.659994E-02  2.602053E-02  3.386568E+01
     7.8000    9.424351E-03  2.424727E-02  3.415832E+01
     7.8500    2.545647E-03  2.271014E-02  3.444519E+01
     7.9000   -3.618179E-03  2.144970E-02  3.472701E+01
     7.9500   -8.873966E-03  2.049004E-02  3.500543E+01
     8.0000   -1.314347E-02  1.979465E-02  3.528366E+01
     8.0500   -1.636616E-02  1.936411E-02  3.556442E+01
     8.1000   -1.844929E-02  1.918825E-02  3.584989E+01
     8.1500   -1.922227E-02  1.922402E-02  3.614180E+01
     8.2000   -1.848084E-02  1.942163E-02  3.644084E+01
     8.2500   -1.607555E-02  1.972926E-02  3.674671E+01
     8.3000   -1.201365E-02  2.009649E-02  3.705836E+01
     8.3500   -6.535465E-03  2.047634E-02  3.737426E+01
     8.4000   -1.341787E-04  2.082659E-02  3.769267E+01
     8.4500    6.494292E-03  2.111082E-02  3.801181E+01
     8.5000    1.255982E-02  2.127075E-02  3.833076E+01
     8.5500    1.730549E-02  2.129819E-02  3.864760E+01
     8.6000    2.019135E-02  2.120008E-02  3.896019E+01
     8.6500    2.097522E-02  2.097531E-02  3.926692E+01
     8.7000    1.973436E-02  2.063371E-02  3.956624E+01
     8.7500    1.681797E-02  2.019646E-02  3.985670E+01
     8.8000    1.274337E-02  1.969586E-02  4.013705E+01
     8.8500    8.067847E-03  1.917391E-02  4.040641E+01
     8.9000    3.273401E-03  1.867923E-02  4.066455E+01
     8.9500   -1.304863E-03  1.826187E-02  4.091222E+01
     9.0000   -5.490521E-03  1.796975E-02  4.115121E+01
     9.0500   -9.231310E-03  1.783559E-02  4.138472E+01
     9.1000   -1.251491E-02  1.786718E-02  4.161672E+01
     9.1500   -1.528935E-02  1.805025E-02  4.185110E+01
     9.2000   -1.741514E-02  1.834928E-02  4.209104E+01
     9.2500   -1.866417E-02  1.871396E-02  4.233854E+01
     9.3000   -1.876925E-02  1.908740E-02  4.259434E+01
     9.3500   -1.750890E-02  1.941350E-02  4.285817E+01
     9.4000   -1.479932E-02  1.964252E-02  4.312903E+01
     9.4500   -1.076211E-02  1.973452E-02  4.340550E+01
     9.5000   -5.743596E-03  1.968786E-02  4.368626E+01
     9.5500   -2.513764E-04  1.948244E-02  4.396939E+01
     9.6000    5.099563E-03  1.909338E-02  4.425266E+01
     9.6500    9.712443E-03  1.852941E-02  4.453403E+01
     9.7000    1.313189E-02  1.781132E-02  4.481133E+01
     9.7500    1.512481E-02  1.697134E-02  4.508227E+01
     9.8000    1.570437E-02  1.605233E-02  4.534450E+01
     9.8500    1.509257E-02  1.510631E-02  4.559574E+01
     9.9000    1.363502E-02  1.419203E-02  4.583419E+01
     9.9500    1.169488E-02  1.337053E-02  4.605912E+01
    10.0000    9.577063E-03  1.273413E-02  4.627268E+01
    10.0500    7.406814E-03  1.231786E-02  4.647875E+01
    10.1000    5.171814E-03  1.210576E-02  4.668247E+01
    10.1500    2.793975E-03  1.208574E-02  4.689060E+01
    10.2000    1.829918E-04  1.221869E-02  4.710891E+01
    10.2500   -2.681001E-03  1.244841E-02  4.734096E+01
    10.3000   -5.689293E-03  1.271352E-02  4.758786E+01
    10.3500   -8.592092E-03  1.295701E-02  4.784887E+01
    10.4000   -1.103786E-02  1.313160E-02  4.812220E+01
    10.4500   -1.265397E-02  1.320198E-02  4.840555E+01
    10.5000   -1.314484E-02  1.314486E-02  4.869652E+01
    10.5500   -1.237746E-02  1.294827E-02  4.899272E+01
    10.6000   -1.042832E-02  1.261043E-02  4.929180E+01
    10.6500   -7.576468E-03  1.213864E-02  4.959143E+01
    10.7000   -4.244254E-03  1.154826E-02  4.988914E+01
    10.7500   -9.024716E-04  1.086185E-02  5.018230E+01
    10.8000    2.033092E-03  1.010851E-02  5.046799E+01
    10.8500    4.284644E-03  9.323205E-03  5.074299E+01
    10.9000    5.752864E-03  8.546164E-03  5.100394E+01
    10.9500    6.506160E-03  7.821517E-03  5.124788E+01
    11.0000    6.735222E-03  7.205658E-03  5.147293E+01
    11.0500    6.656211E-03  6.738124E-03  5.168019E+01
    11.1000    6.430039E-03  6.435094E-03  5.187591E+01
    11.1500    6.131268E-03  6.302947E-03  5.207021E+01
    11.2000    5.724593E-03  6.320899E-03  5.227414E+01
    11.2500    5.094948E-03  6.447198E-03  5.249585E+01
    11.3000    4.108981E-03  6.631540E-03  5.273883E+01
    11.3500    2.685872E-03  6.826229E-03  5.300268E+01
    11.4000    8.527190E-04  6.992259E-03  5.328482E+01
    11.4500   -1.234985E-03  7.101049E-03  5.358188E+01
    11.5000   -3.315704E-03  7.133890E-03  5.389046E+01
    11.5500   -5.081003E-03  7.080629E-03  5.420741E+01
    11.6000   -6.253483E-03  6.938317E-03  5.452983E+01
    11.6500   -6.659418E-03  6.710044E-03  5.485495E+01
    11.7000   -6.273649E-03  6.404045E-03  5.518002E+01
    11.7500   -5.223061E-03  6.033051E-03  5.550204E+01
    11.8000   -3.748018E-03  5.613916E-03  5.581765E+01
    11.8500   -2.134259E-03  5.167507E-03  5.612291E+01
    11.9000   -6.367901E-04  4.718842E-03  5.641331E+01
    11.9500    5.806607E-04  4.297226E-03  5.668421E+01
    12.0000    1.480462E-03  3.942156E-03  5.693365E+01
    12.0500    2.122999E-03  3.686958E-03  5.716227E+01
    12.1000    2.612056E-03  3.551522E-03  5.737504E+01
    12.1500    3.057115E-03  3.550353E-03  5.758604E+01
    12.2000    3.503781E-03  3.676798E-03  5.781147E+01
    12.2500    3.900137E-03  3.906452E-03  5.806259E+01
    12.3000    4.102618E-03  4.207372E-03  5.834308E+01
    12.3500    3.921416E-03  4.548999E-03  5.865098E+01
    12.4000    3.191879E-03  4.906135E-03  5.898190E+01
    12.4500    1.848811E-03  5.259273E-03  5.933105E+01
    12.5000   -2.172933E-05  5.593446E-03  5.969415E+01
    12.5500   -2.172745E-03  5.896878E-03  6.006761E+01
    12.6000   -4.235998E-03  6.159880E-03  6.044854E+01
    12.6500   -5.803211E-03  6.374100E-03  6.083460E+01
    12.7000   -6.527566E-03  6.532086E-03  6.122385E+01
    12.7500   -6.217003E-03  6.627120E-03  6.161471E+01
    12.8000   -4.891974E-03  6.653253E-03  6.200578E+01
    12.8500   -2.789672E-03  6.605491E-03  6.239584E+01
    12.9000   -3.118136E-04  6.480088E-03  6.278372E+01
    12.9500    2.070842E-03  6.274904E-03  6.316818E+01
    13.0000    3.934624E-03  5.994909E-03  6.354779E+01
    13.0500    5.000647E-03  5.643301E-03  6.392076E+01
    13.1000    5.180483E-03  5.216743E-03  6.428468E+01
    13.1500    4.595780E-03  4.723704E-03  6.463591E+01
    13.2000    3.525911E-03  4.177537E-03  6.496872E+01
    13.2500    2.317805E-03  3.598656E-03  6.527363E+01
    13.3000    1.282699E-03  3.019046E-03  6.553463E+01
    13.3500    6.101932E-04  2.491453E-03  6.572601E+01
    13.4000    3.242433E-04  2.102794E-03  6.581863E+01
    13.4500    2.927472E-04  1.964983E-03  6.582391E+01
    13.5000    2.861332E-04  2.127480E-03  6.583854E+01
    13.5500    6.565354E-05  2.512328E-03  6.594731E+01
    13.6000   -5.266312E-04  3.002549E-03  6.614975E+01
    13.6500   -1.504398E-03  3.514867E-03  6.641574E+01
    13.7000   -2.720061E-03  3.999156E-03  6.672142E+01
    13.7500   -3.899918E-03  4.424462E-03  6.705236E+01
    13.8000   -4.721251E-03  4.770703E-03  6.740013E+01
    13.8500   -4.908482E-03  5.024809E-03  6.775984E+01
    13.9000   -4.319648E-03  5.178988E-03  6.812859E+01
    13.9500   -2.997211E-03  5.229905E-03  6.850477E+01
    14.0000   -1.167692E-03  5.184201E-03  6.888785E+01
    14.0500    8.183686E-04  5.049564E-03  6.927782E+01
    14.1000    2.560394E-03  4.822817E-03  6.967469E+01
    14.1500    3.709739E-03  4.514152E-03  7.007961E+01
    14.2000    4.061623E-03  4.137029E-03  7.049461E+01
    14.2500    3.604342E-03  3.708189E-03  7.092305E+01
    14.3000    2.516505E-03  3.247906E-03  7.137022E+01
    14.3500    1.114219E-03  2.780741E-03  7.184436E+01
    14.4000   -2.358592E-04  2.337070E-03  7.235772E+01
    14.4500   -1.212588E-03  1.955098E-03  7.292565E+01
    14.5000   -1.618854E-03  1.679737E-03  7.355737E+01
    14.5500   -1.421933E-03  1.547686E-03  7.423333E+01
    14.6000   -7.467991E-04  1.556747E-03  7.489789E+01
    14.6500    1.726958E-04  1.658277E-03  7.550255E+01
    14.7000    1.068114E-03  1.790807E-03  7.603729E+01
    14.7500    1.713197E-03  1.907786E-03  7.651343E+01
    14.8000    1.980817E-03  1.981446E-03  7.694381E+01
    14.8500    1.865110E-03  1.998371E-03  7.733628E+01
    14.9000    1.465121E-03  1.955899E-03  7.769315E+01
    14.9500    9.381647E-04  1.860866E-03  7.801141E+01
    15.0000    4.403354E-04  1.735958E-03  7.828336E+01
    15.0500    6.650075E-05  1.615024E-03  7.849863E+01
    15.1000   -1.685824E-04  1.532493E-03  7.865004E+01
    15.1500   -3.266250E-04  1.541027E-03  7.875339E+01
    15.2000   -5.185876E-04  1.675526E-03  7.885449E+01
    15.2500   -8.545096E-04  1.931089E-03  7.899820E+01
    15.3000   -1.391968E-03  2.274238E-03  7.919848E+01
    15.3500   -2.100943E-03  2.666802E-03  7.944707E+01
    15.4000   -2.857635E-03  3.076830E-03  7.973087E+01
    15.4500   -3.470568E-03  3.479463E-03  8.003910E+01
    15.5000   -3.732104E-03  3.855377E-03  8.036417E+01
    15.5500   -3.480340E-03  4.189469E-03  8.070098E+01
    15.6000   -2.652846E-03  4.470085E-03  8.104605E+01
    15.6500   -1.315772E-03  4.688614E-03  8.139696E+01
    15.7000    3.410912E-04  4.839252E-03  8.175195E+01
    15.7500    2.042886E-03  4.918854E-03  8.210970E+01
    15.8000    3.491815E-03  4.926776E-03  8.246912E+01
    15.8500    4.436074E-03  4.864716E-03  8.282927E+01
    15.9000    4.727119E-03  4.736509E-03  8.318923E+01
    15.9500    4.350328E-03  4.547898E-03  8.354804E+01
    16.0000    3.420696E-03  4.307031E-03  8.390529E+01
    16.0500    2.145593E-03  4.022496E-03  8.426039E+01
    16.1000    7.814561E-04  3.702406E-03  8.461034E+01
    16.1500   -4.349641E-04  3.357930E-03  8.495290E+01
    16.2000   -1.337793E-03  3.001096E-03  8.528503E+01
    16.2500   -1.859194E-03  2.644811E-03  8.560255E+01
    16.3000   -2.027778E-03  2.303090E-03  8.589983E+01
    16.3500   -1.941732E-03  1.991451E-03  8.616987E+01
    16.4000   -1.727018E-03  1.727139E-03  8.640563E+01
    16.4500   -1.494318E-03  1.528026E-03  8.660423E+01
    16.5000   -1.307518E-03  1.408197E-03  8.677423E+01
    16.5500   -1.171924E-03  1.370327E-03  8.693863E+01
    16.6000   -1.043733E-03  1.401518E-03  8.712449E+01
    16.6500   -8.556750E-04  1.478925E-03  8.734761E+01
    16.7000   -5.491725E-04  1.579573E-03  8.760951E+01
    16.7500   -1.020592E-04  1.685857E-03  8.790402E+01
    16.8000    4.569522E-04  1.786076E-03  8.822331E+01
    16.8500    1.051188E-03  1.873027E-03  8.856046E+01
    16.9000    1.574814E-03  1.942509E-03  8.890996E+01
    16.9500    1.921221E-03  1.992240E-03  8.926758E+01
    17.0000    2.011498E-03  2.020793E-03  8.963134E+01
    17.0500    1.813279E-03  2.028387E-03  9.000010E+01
    17.1000    1.355983E-03  2.016721E-03  9.036878E+01
    17.1500    7.192849E-04  1.986651E-03  9.073571E+01
    17.2000    1.297983E-05  1.939436E-03  9.109949E+01
    17.2500   -6.484002E-04  1.876724E-03  9.145895E+01
    17.3000   -1.169444E-03  1.800530E-03  9.181311E+01
    17.3500   -1.490302E-03  1.713177E-03  9.216120E+01
    17.4000   -1.592682E-03  1.617193E-03  9.250266E+01
    17.4500   -1.495746E-03  1.515156E-03  9.283722E+01
    17.5000   -1.244978E-03  1.409502E-03  9.316498E+01
    17.5500   -8.984482E-04  1.302295E-03  9.348643E+01
    17.6000   -5.146003E-04  1.195014E-03  9.380260E+01
    17.6500   -1.441022E-04  1.088387E-03  9.411499E+01
    17.7000    1.737743E-04  9.823213E-04  9.442562E+01
    17.7500    4.115625E-04  8.759784E-04  9.473688E+01
    17.8000    5.529034E-04  7.679777E-04  9.505151E+01
    17.8500    5.924964E-04  6.567194E-04  9.537264E+01
    17.9000    5.372387E-04  5.407598E-04  9.570440E+01
    17.9500    4.076504E-04  4.192026E-04  9.605388E+01
    18.0000    2.375485E-04  2.937031E-04  9.644726E+01
    18.0500    6.550996E-05  1.706521E-04  9.699538E+01
    18.1000   -6.360683E-05  8.300657E-05  9.826241E+01
    18.1500   -1.085760E-04  1.543462E-04  9.975071E+01
    18.2000   -4.599402E-05  2.856029E-04  1.003692E+02
    18.2500    1.202143E-04  4.220750E-04  1.008198E+02
    18.3000    3.556040E-04  5.544822E-04  1.012272E+02
    18.3500    6.006399E-04  6.777992E-04  1.016200E+02
    18.4000    7.844609E-04  7.879387E-04  1.020078E+02
    18.4500    8.438362E-04  8.814053E-04  1.023948E+02
    18.5000    7.420410E-04  9.553505E-04  1.027831E+02
    18.5500    4.818038E-04  1.007693E-03  1.031740E+02
    18.6000    1.077944E-04  1.037224E-03  1.035684E+02
    18.6500   -3.029436E-04  1.043683E-03  1.039671E+02
    18.7000   -6.605318E-04  1.027770E-03  1.043706E+02
    18.7500   -8.864156E-04  9.911095E-04  1.047796E+02
    18.8000   -9.350427E-04  9.361497E-04  1.051947E+02
    18.8500   -8.064001E-04  8.659880E-04  1.056165E+02
    18.9000   -5.453352E-04  7.841311E-04  1.060451E+02
    18.9500   -2.275937E-04  6.941843E-04  1.064801E+02
    19.0000    6.260783E-05  5.995660E-04  1.069188E+02
    19.0500    2.584561E-04  5.029325E-04  1.073539E+02
    19.1000    3.332024E-04  4.057069E-04  1.077778E+02
    19.1500    3.016839E-04  3.089702E-04  1.081673E+02
    19.2000    2.145799E-04  2.151877E-04  1.084601E+02
    19.2500    1.385262E-04  1.389033E-04  1.084586E+02
    19.3000    1.302987E-04  1.393394E-04  1.080227E+02
    19.3500    2.136712E-04  2.351754E-04  1.079540E+02
    19.4000    3.670341E-04  3.730787E-04  1.082047E+02
    19.4500    5.266561E-04  5.345373E-04  1.085569E+02
    19.5000    6.055169E-04  7.140922E-04  1.089436E+02
    19.5500    5.224613E-04  9.078458E-04  1.093425E+02
    19.6000    2.327054E-04  1.111333E-03  1.097448E+02
    19.6500   -2.502869E-04  1.319174E-03  1.101466E+02
    19.7000   -8.493861E-04  1.525177E-03  1.105464E+02
    19.7500   -1.437909E-03  1.722576E-03  1.109434E+02
    19.8000   -1.870370E-03  1.904334E-03  1.113374E+02
    19.8500   -2.021623E-03  2.063469E-03  1.117283E+02
    19.9000   -1.823163E-03  2.193377E-03  1.121160E+02
    19.9500   -1.285643E-03  2.288143E-03  1.125007E+02