# # tequil.ion_motion                                            FEFF 9.05   
# # POT  SCF  30  5.5000   1, core-hole, AFOLP (folp(0)= 1.150)
# # Abs   Z=30 Rmt= 1.328 Rnm= 1.406 K  shell
# # Pot 1 Z=26 Rmt= 1.285 Rnm= 1.392
# # Pot 2 Z= 8 Rmt= 0.995 Rnm= 1.099
# # Gam_ch=1.897E+00 H-L exch
# # Mu=-1.172E+01 kf=2.151E+00 Vint=-1.809E+01 Rs_int= 1.686
# # PATH  Rmax= 8.500,  Keep_limit= 0.00, Heap_limit 0.00  Pwcrit= 2.50%
#  S02=1.000                                        Global_sig2= 0.00000
#  Energy zero shift, vr, vi   -2.00000E+00   0.00000E+00
#  Curved wave amplitude ratio filter   4.000%
#     file         sig2 tot  cw amp ratio   deg  nlegs   reff  inp sig2
#           1       0.00000    100.00      1.00     2   1.9505
#           2       0.00000     87.65      1.00     2   2.0496
#           3       0.00000     86.20      1.00     2   2.0626
#           4       0.00000     80.76      1.00     2   2.1138
#           5       0.00000     76.50      1.00     2   2.1573
#           6       0.00000     75.03      1.00     2   2.1732
#           7       0.00000     33.88      1.00     2   2.8734
#           8       0.00000     33.06      1.00     2   2.9049
#           9       0.00000     30.82      1.00     2   2.9964
#          10       0.00000     30.14      1.00     2   3.0258
#          11       0.00000     24.31      1.00     2   3.3158
#          12       0.00000     13.81      2.00     3   3.3892
#          13       0.00000     22.71      1.00     2   3.4098
#          14       0.00000     11.58      2.00     3   3.4372
#          15       0.00000     13.87      2.00     3   3.4395
#          16       0.00000     21.91      1.00     2   3.4601
#          17       0.00000     10.98      2.00     3   3.4797
#          18       0.00000     12.55      2.00     3   3.4800
#          19       0.00000     13.74      2.00     3   3.4802
#          20       0.00000      9.78      2.00     3   3.4898
#          21       0.00000     10.16      2.00     3   3.5008
#          22       0.00000     10.41      2.00     3   3.5101
#          23       0.00000     20.38      1.00     2   3.5114
#          24       0.00000     20.27      1.00     2   3.5183
#          25       0.00000      9.78      2.00     3   3.5236
#          26       0.00000     19.93      1.00     2   3.5398
#          27       0.00000     19.83      1.00     2   3.5459
#          28       0.00000     10.30      2.00     3   3.5457
#          29       0.00000      9.90      2.00     3   3.5474
#          30       0.00000     10.09      2.00     3   3.5583
#          31       0.00000     10.51      2.00     3   3.5746
#          32       0.00000      9.76      2.00     3   3.5774
#          33       0.00000     10.17      2.00     3   3.5823
#          34       0.00000      6.99      2.00     3   3.5868
#          35       0.00000     19.05      1.00     2   3.5968
#          36       0.00000      8.00      2.00     3   3.6014
#          37       0.00000     18.86      1.00     2   3.6092
#          38       0.00000     17.01      2.00     3   3.6131
#          39       0.00000      7.28      2.00     3   3.6192
#          40       0.00000     18.77      1.00     2   3.6811
#          41       0.00000      6.21      2.00     3   3.6876
#          42       0.00000     15.06      2.00     3   3.7203
#          43       0.00000     18.21      1.00     2   3.7247
#          44       0.00000     17.80      1.00     2   3.7586
#          45       0.00000     17.56      1.00     2   3.7784
#          46       0.00000     12.74      2.00     3   3.8093
#          47       0.00000     15.82      1.00     2   3.8402
#          48       0.00000     16.62      1.00     2   3.8595
#          49       0.00000     16.57      1.00     2   3.8636
#          50       0.00000     15.45      1.00     2   3.8721
#          51       0.00000     15.41      1.00     2   3.8751
#          52       0.00000     14.76      2.00     3   3.8918
#          53       0.00000     11.50      1.00     4   3.9010
#          54       0.00000      4.80      1.00     4   3.9105
#          55       0.00000     16.35      2.00     3   3.9191
#          56       0.00000     14.93      2.00     3   3.9204
#          57       0.00000      5.86      1.00     4   3.9347
#          58       0.00000     15.95      2.00     3   3.9412
#          60       0.00000      6.42      1.00     4   4.0009
#          61       0.00000     24.87      2.00     3   4.0104
#          63       0.00000     15.18      2.00     3   4.0191
#          64       0.00000      4.06      1.00     4   4.0309
#          65       0.00000     25.05      2.00     4   4.0643
#          66       0.00000      6.96      1.00     4   4.0796
#          67       0.00000      5.37      1.00     4   4.0967
#          68       0.00000      8.72      1.00     4   4.0993
#          69       0.00000      5.43      1.00     4   4.1026
#          70       0.00000      7.10      1.00     4   4.1040
#          71       0.00000      8.89      2.00     3   4.1145
#          72       0.00000      5.55      1.00     4   4.1161
#          73       0.00000      4.83      1.00     4   4.1202
#          74       0.00000      8.42      1.00     4   4.1252
#          75       0.00000      4.82      1.00     4   4.1388
#          76       0.00000      8.32      2.00     3   4.1396
#          78       0.00000      4.80      1.00     4   4.1584
#          79       0.00000      6.83      1.00     4   4.1787
#          80       0.00000      7.93      2.00     3   4.1821
#          81       0.00000     22.40      2.00     3   4.1882
#          82       0.00000     23.46      2.00     3   4.2016
#          83       0.00000      7.76      2.00     3   4.2198
#          84       0.00000     25.55      2.00     4   4.2199
#          85       0.00000      7.67      2.00     3   4.2216
#          86       0.00000     23.16      2.00     4   4.2229
#          87       0.00000      7.36      1.00     4   4.2276
#          88       0.00000      7.12      2.00     3   4.2308
#          89       0.00000     11.79      1.00     2   4.2506
#          90       0.00000      7.16      2.00     3   4.2501
#          91       0.00000      6.80      2.00     3   4.2838
#          92       0.00000     11.51      1.00     2   4.2855
#          93       0.00000      7.08      2.00     3   4.3014
#          94       0.00000      9.22      2.00     3   4.3028
#          95       0.00000      6.79      2.00     3   4.3135
#          96       0.00000      6.58      1.00     4   4.3147
#          97       0.00000      6.32      1.00     4   4.3464
#          98       0.00000     10.98      1.00     2   4.3548
#          99       0.00000      6.49      2.00     3   4.3580
#         100       0.00000     10.79      1.00     2   4.3810
#         101       0.00000      6.93      2.00     3   4.4105
#         102       0.00000     10.34      1.00     2   4.4449
#         104       0.00000      6.51      2.00     3   4.4643
#         105       0.00000     10.10      1.00     2   4.4792
#         106       0.00000     19.68      2.00     3   4.4856
#         107       0.00000      6.02      2.00     3   4.5033
#         108       0.00000      5.75      2.00     3   4.5166
#         109       0.00000      5.83      2.00     3   4.5185
#         110       0.00000      5.66      2.00     3   4.5194
#         111       0.00000      9.65      1.00     2   4.5490
#         112       0.00000     18.03      2.00     3   4.5577
#         113       0.00000      5.36      2.00     3   4.5733
#         114       0.00000      4.17      2.00     3   4.5767
#         115       0.00000     11.57      1.00     4   4.5902
#         116       0.00000      9.37      1.00     2   4.5941
#         117       0.00000      9.36      1.00     2   4.5950
#         119       0.00000      5.12      2.00     3   4.6019
#         120       0.00000      9.01      2.00     3   4.6119
#         122       0.00000      9.15      1.00     2   4.6304
#         123       0.00000      9.12      1.00     2   4.6354
#         124       0.00000      7.54      2.00     3   4.6460
#         125       0.00000     16.96      2.00     3   4.6573
#         126       0.00000      8.99      1.00     2   4.6581
#         128       0.00000      8.94      1.00     2   4.6665
#         129       0.00000     10.36      1.00     4   4.6705
#         130       0.00000     11.78      2.00     3   4.6893
#         131       0.00000     17.23      2.00     3   4.6918
#         132       0.00000     16.62      2.00     3   4.7005
#         133       0.00000      6.90      2.00     3   4.7050
#         134       0.00000      8.68      1.00     2   4.7122
#         135       0.00000      8.61      1.00     2   4.7261
#         136       0.00000      7.46      2.00     3   4.7283
#         137       0.00000      5.27      2.00     3   4.7297
#         139       0.00000      5.99      2.00     3   4.7371
#         140       0.00000      8.54      2.00     3   4.7399
#         141       0.00000      9.70      1.00     4   4.7655
#         143       0.00000     13.81      2.00     3   4.7734
#         144       0.00000      8.27      1.00     2   4.7883
#         145       0.00000      6.33      2.00     3   4.7887
#         146       0.00000     10.01      1.00     4   4.7886
#         147       0.00000     14.20      2.00     3   4.7896
#         148       0.00000      9.59      1.00     4   4.8069
#         149       0.00000      6.59      2.00     4   4.8239
#         150       0.00000      8.09      1.00     2   4.8249
#         151       0.00000      8.06      1.00     2   4.8299
#         154       0.00000      9.70      2.00     3   4.8685
#         155       0.00000     10.61      2.00     3   4.8693
#         156       0.00000      8.73      1.00     2   4.8885
#         157       0.00000      5.63      1.00     4   4.8994
#         158       0.00000     11.03      2.00     3   4.9070
#         159       0.00000      7.46      1.00     4   4.9163
#         160       0.00000      7.81      1.00     4   4.9210
#         161       0.00000      8.56      1.00     2   4.9239
#         163       0.00000      6.58      2.00     3   4.9332
#         166       0.00000      5.96      2.00     3   4.9530
#         167       0.00000      8.58      2.00     3   4.9652
#         169       0.00000     10.23      2.00     3   4.9777
#         171       0.00000      4.53      2.00     4   5.0460
#         173       0.00000      7.51      2.00     3   5.0632
#         174       0.00000      7.89      1.00     2   5.0658
#         175       0.00000      6.95      1.00     2   5.0705
#         176       0.00000      5.09      1.00     4   5.0720
#         177       0.00000      6.94      1.00     2   5.0731
#         178       0.00000      8.00      2.00     3   5.0766
#         179       0.00000     17.79      2.00     3   5.0782
#         180       0.00000     11.58      1.00     4   5.0833
#         181       0.00000      7.73      2.00     3   5.0881
#         183       0.00000      5.44      1.00     4   5.0879
#         184       0.00000      7.73      2.00     3   5.0907
#         185       0.00000      4.40      1.00     4   5.1016
#         187       0.00000     15.87      2.00     3   5.1024
#         188       0.00000      7.68      1.00     2   5.1138
#         189       0.00000      4.27      2.00     4   5.1165
#         192       0.00000      9.72      1.00     4   5.1342
#         194       0.00000      6.56      1.00     2   5.1673
#         195       0.00000      4.95      1.00     4   5.1670
#         196       0.00000     16.85      2.00     3   5.1702
#         197       0.00000     10.96      1.00     4   5.1731
#         198       0.00000     10.56      2.00     3   5.2061
#         201       0.00000      6.28      2.00     3   5.2347
#         204       0.00000      7.08      1.00     2   5.2592
#         206       0.00000      6.95      1.00     2   5.2907
#         208       0.00000      5.32      1.00     4   5.2984
#         210       0.00000      6.89      1.00     2   5.3073
#         211       0.00000      5.99      1.00     2   5.3200
#         213       0.00000      5.95      1.00     2   5.3306
#         214       0.00000      5.47      2.00     3   5.3415
#         215       0.00000      6.74      1.00     2   5.3486
#         216       0.00000      6.80      2.00     3   5.3500
#         221       0.00000      4.24      2.00     3   5.3932
#         222       0.00000      4.72      2.00     3   5.3965
#         223       0.00000      6.55      1.00     2   5.4017
#         225       0.00000      5.98      2.00     3   5.4104
#         226       0.00000      5.65      1.00     2   5.4218
#         228       0.00000      5.62      2.00     3   5.4342
#         229       0.00000      6.03      2.00     3   5.4361
#         232       0.00000      5.56      1.00     2   5.4500
#         233       0.00000      5.72      2.00     3   5.4616
#         234       0.00000      5.10      2.00     4   5.4619
#         235       0.00000      7.76      2.00     3   5.4954
#         236       0.00000      5.39      2.00     3   5.5001
#         237       0.00000      4.43      2.00     3   5.5021
#         238       0.00000      4.67      2.00     3   5.5090
#         240       0.00000      4.64      2.00     3   5.5112
#         241       0.00000      5.14      2.00     3   5.5120
#         243       0.00000      4.82      2.00     3   5.5294
#         244       0.00000      4.97      2.00     3   5.5304
#         246       0.00000      5.81      2.00     3   5.5487
#         247       0.00000      5.24      1.00     2   5.5537
#         250       0.00000      5.05      2.00     3   5.5630
#         252       0.00000      5.10      2.00     3   5.5776
#         257       0.00000      5.92      1.00     2   5.5896
#         261       0.00000      5.04      1.00     2   5.6231
#         262       0.00000      4.97      2.00     3   5.6448
#         263       0.00000      5.74      1.00     2   5.6461
#         265       0.00000      4.97      1.00     2   5.6484
#         267       0.00000      4.15      2.00     4   5.6597
#         268       0.00000      4.91      1.00     2   5.6671
#         269       0.00000      4.28      2.00     3   5.6692
#         270       0.00000      4.41      2.00     3   5.6791
#         271       0.00000      5.63      1.00     2   5.6831
#         272       0.00000      7.30      2.00     3   5.6931
#         274       0.00000      5.59      1.00     2   5.6986
#         275       0.00000      4.72      2.00     3   5.7032
#         283       0.00000      4.59      2.00     3   5.7263
#         284       0.00000      4.35      2.00     3   5.7451
#         285       0.00000      4.70      1.00     2   5.7455
#         286       0.00000      4.56      2.00     3   5.7490
#         288       0.00000      6.25      2.00     3   5.7706
#         293       0.00000      4.62      2.00     3   5.7858
#         294       0.00000      4.58      1.00     2   5.7946
#         296       0.00000      4.57      1.00     2   5.7976
#         304       0.00000      5.62      2.00     3   5.8302
#         308       0.00000      4.43      2.00     3   5.8395
#         309       0.00000      5.19      1.00     2   5.8402
#         311       0.00000      5.14      1.00     2   5.8585
#         312       0.00000      5.14      1.00     2   5.8597
#         314       0.00000      4.53      2.00     3   5.8724
#         315       0.00000      5.19      2.00     3   5.8751
#         320       0.00000      4.21      2.00     3   5.8907
#         325       0.00000      8.03      2.00     3   5.9075
#         327       0.00000      8.45      2.00     3   5.9110
#   239/ 306 paths used
#  -----------------------------------------------------------------------
#       k          chi          mag           phase @#
    -0.7000   -5.510778E-01  5.574490E-01 -1.722131E+00
    -0.6500   -5.236526E-01  5.275647E-01 -1.692654E+00
    -0.6000   -5.048094E-01  5.075049E-01 -1.673907E+00
    -0.5500   -4.930956E-01  4.950791E-01 -1.660341E+00
    -0.5000   -4.873755E-01  4.889156E-01 -1.650191E+00
    -0.4500   -4.860609E-01  4.872504E-01 -1.640687E+00
    -0.4000   -4.872908E-01  4.881905E-01 -1.631516E+00
    -0.3500   -4.912182E-01  4.918374E-01 -1.620979E+00
    -0.3000   -4.956542E-01  4.960479E-01 -1.610639E+00
    -0.2500   -4.999945E-01  5.002219E-01 -1.600948E+00
    -0.2000   -5.038621E-01  5.039793E-01 -1.592364E+00
    -0.1500   -5.077103E-01  5.077584E-01 -1.584560E+00
    -0.1000   -5.107387E-01  5.107538E-01 -1.578497E+00
    -0.0500   -5.125838E-01  5.125878E-01 -1.574745E+00
     0.0000   -5.132030E-01  5.132048E-01 -1.573475E+00
     0.0500   -5.138240E-01  5.138246E-01 -1.572196E+00
     0.1000   -5.156979E-01  5.156995E-01 -1.568304E+00
     0.1500   -5.188514E-01  5.188732E-01 -1.561633E+00
     0.2000   -5.233127E-01  5.234060E-01 -1.551921E+00
     0.2500   -5.290888E-01  5.293594E-01 -1.538822E+00
     0.3000   -5.361378E-01  5.367785E-01 -1.521930E+00
     0.3500   -5.447518E-01  5.461093E-01 -1.500272E+00
     0.4000   -5.558932E-01  5.586439E-01 -1.471520E+00
     0.4500   -5.676841E-01  5.728097E-01 -1.436918E+00
     0.5000   -5.794645E-01  5.884182E-01 -1.396123E+00
     0.5500   -5.911684E-01  6.062008E-01 -1.347633E+00
     0.6000   -6.023810E-01  6.270506E-01 -1.289361E+00
     0.6500   -6.099032E-01  6.485499E-01 -1.223836E+00
     0.7000   -6.124424E-01  6.709274E-01 -1.150161E+00
     0.7500   -6.084938E-01  6.954865E-01 -1.065267E+00
     0.8000   -5.947970E-01  7.193092E-01 -9.735729E-01
     0.8500   -5.698573E-01  7.434829E-01 -8.733269E-01
     0.9000   -5.313260E-01  7.678655E-01 -7.641892E-01
     0.9500   -4.778290E-01  7.900738E-01 -6.495025E-01
     1.0000   -4.074302E-01  8.122732E-01 -5.254387E-01
     1.0500   -3.209347E-01  8.318231E-01 -3.960973E-01
     1.1000   -2.189930E-01  8.491840E-01 -2.608340E-01
     1.1500   -1.028511E-01  8.645035E-01 -1.192537E-01
     1.2000    2.253323E-02  8.760783E-01  2.572341E-02
     1.2500    1.564400E-01  8.860467E-01  1.774900E-01
     1.3000    2.905171E-01  8.918841E-01  3.317881E-01
     1.3500    4.221890E-01  8.952421E-01  4.910953E-01
     1.4000    5.440999E-01  8.950184E-01  6.534387E-01
     1.4500    6.515437E-01  8.916706E-01  8.193467E-01
     1.5000    7.396417E-01  8.853215E-01  9.889510E-01
     1.5500    8.029536E-01  8.754237E-01  1.161038E+00
     1.6000    8.395685E-01  8.629360E-01  1.337549E+00
     1.6500    8.453367E-01  8.466201E-01  1.515728E+00
     1.7000    8.210833E-01  8.279106E-01  1.699309E+00
     1.7500    7.660530E-01  8.053211E-01  1.884364E+00
     1.8000    6.830653E-01  7.799413E-01  2.074521E+00
     1.8500    5.762816E-01  7.508341E-01  2.266626E+00
     1.9000    4.497544E-01  7.186842E-01  2.465433E+00
     1.9500    3.117066E-01  6.828183E-01  2.667535E+00
     2.0000    1.722617E-01  6.431722E-01  2.870451E+00
     2.0500    4.070019E-02  6.000981E-01  3.073718E+00
     2.1000   -7.634486E-02  5.528842E-01  3.280120E+00
     2.1500   -1.708145E-01  5.014612E-01  3.489183E+00
     2.2000   -2.354648E-01  4.478031E-01  3.695274E+00
     2.2500   -2.690681E-01  3.927791E-01  3.896247E+00
     2.3000   -2.727053E-01  3.360966E-01  4.088119E+00
     2.3500   -2.484771E-01  2.764030E-01  4.258998E+00
     2.4000   -2.090806E-01  2.201231E-01  4.394300E+00
     2.4500   -1.654832E-01  1.705086E-01  4.469001E+00
     2.5000   -1.280018E-01  1.324786E-01  4.451680E+00
     2.5500   -1.069027E-01  1.124741E-01  4.396321E+00
     2.6000   -9.441117E-02  1.035307E-01  4.289518E+00
     2.6500   -9.203255E-02  1.060375E-01  4.192602E+00
     2.7000   -9.972806E-02  1.168161E-01  4.164677E+00
     2.7500   -1.105425E-01  1.267397E-01  4.201276E+00
     2.8000   -1.246244E-01  1.374859E-01  4.276399E+00
     2.8500   -1.401937E-01  1.482769E-01  4.380674E+00
     2.9000   -1.550296E-01  1.583964E-01  4.505840E+00
     2.9500   -1.669826E-01  1.673740E-01  4.643990E+00
     3.0000   -1.744772E-01  1.750330E-01  4.792107E+00
     3.0500   -1.763899E-01  1.813655E-01  4.947168E+00
     3.1000   -1.721523E-01  1.864689E-01  5.106801E+00
     3.1500   -1.615875E-01  1.905503E-01  5.270977E+00
     3.2000   -1.449156E-01  1.936836E-01  5.437829E+00
     3.2500   -1.227919E-01  1.959944E-01  5.606122E+00
     3.3000   -9.604438E-02  1.976254E-01  5.775687E+00
     3.3500   -6.545641E-02  1.987400E-01  5.947563E+00
     3.4000   -3.211985E-02  1.993862E-01  6.121387E+00
     3.4500    2.674504E-03  1.996016E-01  6.296585E+00
     3.5000    3.773673E-02  1.994243E-01  6.473561E+00
     3.5500    7.209381E-02  1.990724E-01  6.653757E+00
     3.6000    1.044596E-01  1.984521E-01  6.837513E+00
     3.6500    1.330505E-01  1.972097E-01  7.023696E+00
     3.7000    1.564144E-01  1.952696E-01  7.212179E+00
     3.7500    1.734271E-01  1.926391E-01  7.403573E+00
     3.8000    1.831399E-01  1.893062E-01  7.598046E+00
     3.8500    1.847845E-01  1.851203E-01  7.793738E+00
     3.9000    1.784056E-01  1.800648E-01  7.989839E+00
     3.9500    1.648068E-01  1.743498E-01  8.186372E+00
     4.0000    1.451570E-01  1.682216E-01  8.383815E+00
     4.0500    1.208091E-01  1.614524E-01  8.579336E+00
     4.1000    9.366355E-02  1.542158E-01  8.772052E+00
     4.1500    6.557416E-02  1.467513E-01  8.961549E+00
     4.2000    3.810504E-02  1.393227E-01  9.147746E+00
     4.2500    1.260335E-02  1.320231E-01  9.329169E+00
     4.3000   -1.012683E-02  1.250431E-01  9.505854E+00
     4.3500   -2.972962E-02  1.185614E-01  9.678236E+00
     4.4000   -4.621487E-02  1.127565E-01  9.847083E+00
     4.4500   -5.978838E-02  1.076321E-01  1.001373E+01
     4.5000   -7.074392E-02  1.031821E-01  1.018024E+01
     4.5500   -7.928672E-02  9.934863E-02  1.034886E+01
     4.6000   -8.550929E-02  9.610841E-02  1.052150E+01
     4.6500   -8.908503E-02  9.313246E-02  1.069968E+01
     4.7000   -8.966538E-02  9.022189E-02  1.088445E+01
     4.7500   -8.692486E-02  8.720793E-02  1.107617E+01
     4.8000   -8.085468E-02  8.409304E-02  1.127399E+01
     4.8500   -7.138588E-02  8.057369E-02  1.147779E+01
     4.9000   -5.901145E-02  7.657602E-02  1.168655E+01
     4.9500   -4.461729E-02  7.208452E-02  1.189896E+01
     5.0000   -2.946593E-02  6.725260E-02  1.211284E+01
     5.0500   -1.471392E-02  6.198622E-02  1.232671E+01
     5.1000   -1.582451E-03  5.638581E-02  1.253830E+01
     5.1500    8.982772E-03  5.058592E-02  1.274489E+01
     5.2000    1.645585E-02  4.482204E-02  1.294230E+01
     5.2500    2.080903E-02  3.918184E-02  1.312626E+01
     5.3000    2.246761E-02  3.387167E-02  1.329161E+01
     5.3500    2.217999E-02  2.910475E-02  1.343288E+01
     5.4000    2.081283E-02  2.512132E-02  1.354278E+01
     5.4500    1.923631E-02  2.208522E-02  1.362361E+01
     5.5000    1.806937E-02  2.007023E-02  1.368685E+01
     5.5500    1.758250E-02  1.896119E-02  1.375347E+01
     5.6000    1.772606E-02  1.853580E-02  1.384050E+01
     5.6500    1.810333E-02  1.838250E-02  1.396266E+01
     5.7000    1.816244E-02  1.816461E-02  1.412174E+01
     5.7500    1.736723E-02  1.764274E-02  1.431412E+01
     5.8000    1.546938E-02  1.674944E-02  1.453066E+01
     5.8500    1.236255E-02  1.535359E-02  1.477197E+01
     5.9000    8.327737E-03  1.343455E-02  1.503938E+01
     5.9500    3.957356E-03  1.103097E-02  1.534104E+01
     6.0000    2.175564E-04  8.307215E-03  1.568177E+01
     6.0500   -2.260112E-03  5.360966E-03  1.614316E+01
     6.1000   -2.900921E-03  2.957729E-03  1.708245E+01
     6.1500   -1.413304E-03  3.961507E-03  1.848476E+01
     6.2000    2.106508E-03  7.353020E-03  1.914011E+01
     6.2500    7.171834E-03  1.121615E-02  1.954330E+01
     6.3000    1.297835E-02  1.517238E-02  1.987587E+01
     6.3500    1.853546E-02  1.908244E-02  2.018034E+01
     6.4000    2.282900E-02  2.285804E-02  2.047077E+01
     6.4500    2.498415E-02  2.643260E-02  2.075294E+01
     6.5000    2.415956E-02  2.965479E-02  2.103895E+01
     6.5500    2.021932E-02  3.258514E-02  2.132176E+01
     6.6000    1.341796E-02  3.521738E-02  2.160027E+01
     6.6500    4.338668E-03  3.752848E-02  2.187528E+01
     6.7000   -6.144989E-03  3.950336E-02  2.214734E+01
     6.7500   -1.698530E-02  4.113369E-02  2.241682E+01
     6.8000   -2.709190E-02  4.241687E-02  2.268396E+01
     6.8500   -3.546120E-02  4.335528E-02  2.294894E+01
     6.9000   -4.128885E-02  4.395587E-02  2.321181E+01
     6.9500   -4.405344E-02  4.423002E-02  2.347256E+01
     7.0000   -4.359050E-02  4.424842E-02  2.373460E+01
     7.0500   -3.993582E-02  4.399991E-02  2.399513E+01
     7.1000   -3.352043E-02  4.348994E-02  2.425270E+01
     7.1500   -2.503630E-02  4.274720E-02  2.450702E+01
     7.2000   -1.531423E-02  4.180711E-02  2.475770E+01
     7.2500   -5.211950E-03  4.071200E-02  2.500437E+01
     7.3000    4.491374E-03  3.951064E-02  2.524666E+01
     7.3500    1.317647E-02  3.825687E-02  2.548436E+01
     7.4000    2.042761E-02  3.700713E-02  2.571749E+01
     7.4500    2.603265E-02  3.581671E-02  2.594644E+01
     7.5000    3.002926E-02  3.479690E-02  2.617389E+01
     7.5500    3.238805E-02  3.394045E-02  2.639992E+01
     7.6000    3.314027E-02  3.324140E-02  2.662551E+01
     7.6500    3.233842E-02  3.270214E-02  2.685282E+01
     7.7000    2.999340E-02  3.230424E-02  2.708407E+01
     7.7500    2.609435E-02  3.201061E-02  2.732130E+01
     7.8000    2.066574E-02  3.177051E-02  2.756613E+01
     7.8500    1.384405E-02  3.152590E-02  2.781970E+01
     7.9000    5.947999E-03  3.121810E-02  2.808263E+01
     7.9500   -2.485465E-03  3.079333E-02  2.835514E+01
     8.0000   -1.073674E-02  3.022638E-02  2.863747E+01
     8.0500   -1.794437E-02  2.947380E-02  2.892891E+01
     8.1000   -2.326071E-02  2.850346E-02  2.922891E+01
     8.1500   -2.602131E-02  2.730607E-02  2.953716E+01
     8.2000   -2.588375E-02  2.588464E-02  2.985343E+01
     8.2500   -2.292526E-02  2.425366E-02  3.017763E+01
     8.3000   -1.766119E-02  2.243781E-02  3.050981E+01
     8.3500   -1.097194E-02  2.047043E-02  3.085025E+01
     8.4000   -3.948483E-03  1.839176E-02  3.119955E+01
     8.4500    2.312731E-03  1.624721E-02  3.155876E+01
     8.5000    6.897274E-03  1.408040E-02  3.192784E+01
     8.5500    9.305626E-03  1.193745E-02  3.230984E+01
     8.6000    9.495976E-03  9.871350E-03  3.271006E+01
     8.6500    7.846887E-03  7.934777E-03  3.313570E+01
     8.7000    5.060308E-03  6.183578E-03  3.359899E+01
     8.7500    1.980993E-03  4.681786E-03  3.412062E+01
     8.8000   -6.069637E-04  3.510345E-03  3.473130E+01
     8.8500   -2.156445E-03  2.764058E-03  3.545246E+01
     8.9000   -2.464194E-03  2.478061E-03  3.623416E+01
     8.9500   -1.684665E-03  2.516082E-03  3.696550E+01
     9.0000   -2.459420E-04  2.658762E-03  3.760648E+01
     9.0500    1.282869E-03  2.764708E-03  3.818164E+01
     9.1000    2.367823E-03  2.770340E-03  3.872409E+01
     9.1500    2.665157E-03  2.665228E-03  3.926260E+01
     9.2000    2.105556E-03  2.473747E-03  3.982251E+01
     9.2500    9.000670E-04  2.249853E-03  4.042913E+01
     9.3000   -5.350437E-04  2.077343E-03  4.110120E+01
     9.3500   -1.710568E-03  2.053589E-03  4.182515E+01
     9.4000   -2.214574E-03  2.233140E-03  4.254054E+01
     9.4500   -1.837254E-03  2.585636E-03  4.319200E+01
     9.5000   -6.389688E-04  3.036571E-03  4.377029E+01
     9.5500    1.075506E-03  3.512839E-03  4.429346E+01
     9.6000    2.837472E-03  3.960834E-03  4.478090E+01
     9.6500    4.141386E-03  4.344789E-03  4.524590E+01
     9.7000    4.592222E-03  4.640519E-03  4.569749E+01
     9.7500    4.018649E-03  4.833057E-03  4.614210E+01
     9.8000    2.523887E-03  4.915480E-03  4.658468E+01
     9.8500    4.603931E-04  4.888386E-03  4.702957E+01
     9.9000   -1.664181E-03  4.759764E-03  4.748107E+01
     9.9500   -3.323280E-03  4.545149E-03  4.794393E+01
    10.0000   -4.118189E-03  4.276483E-03  4.842176E+01
    10.0500   -3.877206E-03  3.978316E-03  4.892062E+01
    10.1000   -2.683981E-03  3.680981E-03  4.944841E+01
    10.1500   -8.715644E-04  3.432471E-03  5.000875E+01
    10.2000    1.069846E-03  3.282040E-03  5.059752E+01
    10.2500    2.623495E-03  3.264776E-03  5.119876E+01
    10.3000    3.381135E-03  3.384876E-03  5.178926E+01
    10.3500    3.146235E-03  3.613579E-03  5.235051E+01
    10.4000    1.978632E-03  3.904223E-03  5.287561E+01
    10.4500    1.706080E-04  4.209151E-03  5.336653E+01
    10.5000   -1.836710E-03  4.488368E-03  5.382867E+01
    10.5500   -3.571868E-03  4.711462E-03  5.426751E+01
    10.6000   -4.653313E-03  4.856846E-03  5.468735E+01
    10.6500   -4.879108E-03  4.910558E-03  5.509111E+01
    10.7000   -4.263784E-03  4.865291E-03  5.548040E+01
    10.7500   -3.015577E-03  4.719771E-03  5.585557E+01
    10.8000   -1.464106E-03  4.478452E-03  5.621562E+01
    10.8500    3.829667E-05  4.151592E-03  5.655789E+01
    10.9000    1.212334E-03  3.755896E-03  5.687733E+01
    10.9500    1.917847E-03  3.316226E-03  5.716534E+01
    11.0000    2.180912E-03  2.879650E-03  5.740792E+01
    11.0500    2.158612E-03  2.504538E-03  5.758763E+01
    11.1000    2.055848E-03  2.255359E-03  5.769568E+01
    11.1500    2.062652E-03  2.205525E-03  5.775755E+01
    11.2000    2.279275E-03  2.373817E-03  5.783629E+01
    11.2500    2.679416E-03  2.706307E-03  5.797837E+01
    11.3000    3.117250E-03  3.124366E-03  5.818697E+01
    11.3500    3.375432E-03  3.563792E-03  5.844604E+01
    11.4000    3.238812E-03  3.980307E-03  5.873976E+01
    11.4500    2.570837E-03  4.343983E-03  5.905695E+01
    11.5000    1.368882E-03  4.634320E-03  5.939041E+01
    11.5500   -2.189558E-04  4.837377E-03  5.973554E+01
    11.6000   -1.921646E-03  4.944261E-03  6.008944E+01
    11.6500   -3.410508E-03  4.950289E-03  6.045030E+01
    11.7000   -4.383882E-03  4.854503E-03  6.081709E+01
    11.7500   -4.647358E-03  4.659322E-03  6.118938E+01
    11.8000   -4.166890E-03  4.370263E-03  6.156733E+01
    11.8500   -3.079725E-03  3.995699E-03  6.195182E+01
    11.9000   -1.659892E-03  3.546669E-03  6.234481E+01
    11.9500   -2.476305E-04  3.036854E-03  6.275022E+01
    12.0000    8.372726E-04  2.485043E-03  6.317550E+01
    12.0500    1.378401E-03  1.911256E-03  6.363739E+01
    12.1000    1.312732E-03  1.345252E-03  6.418232E+01
    12.1500    7.406890E-04  8.664645E-04  6.494820E+01
    12.2000   -1.048937E-04  7.098960E-04  6.612175E+01
    12.2500   -9.254641E-04  1.010464E-03  6.713114E+01
    12.3000   -1.438863E-03  1.478496E-03  6.777631E+01
    12.3500   -1.454606E-03  1.956874E-03  6.827700E+01
    12.4000   -9.225937E-04  2.397432E-03  6.872002E+01
    12.4500    5.671281E-05  2.779303E-03  6.913545E+01
    12.5000    1.261965E-03  3.090648E-03  6.953565E+01
    12.5500    2.411103E-03  3.324248E-03  6.992652E+01
    12.6000    3.235048E-03  3.476157E-03  7.031119E+01
    12.6500    3.545122E-03  3.545178E-03  7.069149E+01
    12.7000    3.277011E-03  3.532582E-03  7.106855E+01
    12.7500    2.501154E-03  3.441877E-03  7.144315E+01
    12.8000    1.398742E-03  3.278575E-03  7.181587E+01
    12.8500    2.115405E-04  3.049937E-03  7.218722E+01
    12.9000   -8.199761E-04  2.764679E-03  7.255775E+01
    12.9500   -1.513658E-03  2.432664E-03  7.292821E+01
    13.0000   -1.785969E-03  2.067177E-03  7.329972E+01
    13.0500   -1.660034E-03  1.679934E-03  7.367336E+01
    13.1000   -1.245746E-03  1.278057E-03  7.405276E+01
    13.1500   -7.097095E-04  8.729668E-04  7.444896E+01
    13.2000   -2.247569E-04  4.775203E-04  7.490817E+01
    13.2500    7.377419E-05  1.352573E-04  7.597513E+01
    13.3000    1.172635E-04  3.040952E-04  7.814394E+01
    13.3500   -8.725178E-05  6.249421E-04  7.867989E+01
    13.4000   -4.681918E-04  9.175250E-04  7.907532E+01
    13.4500   -9.151219E-04  1.172149E-03  7.943564E+01
    13.5000   -1.310407E-03  1.385794E-03  7.977925E+01
    13.5500   -1.557870E-03  1.557870E-03  8.011161E+01
    13.6000   -1.601645E-03  1.689598E-03  8.043469E+01
    13.6500   -1.432179E-03  1.783708E-03  8.074923E+01
    13.7000   -1.080315E-03  1.844143E-03  8.105553E+01
    13.7500   -6.035176E-04  1.875690E-03  8.135382E+01
    13.8000   -6.960344E-05  1.883543E-03  8.164445E+01
    13.8500    4.571599E-04  1.872809E-03  8.192800E+01
    13.9000    9.246729E-04  1.847999E-03  8.220543E+01
    13.9500    1.295901E-03  1.812566E-03  8.247797E+01
    14.0000    1.549479E-03  1.771080E-03  8.274659E+01
    14.0500    1.677448E-03  1.726700E-03  8.301279E+01
    14.1000    1.673682E-03  1.674274E-03  8.327879E+01
    14.1500    1.542530E-03  1.611215E-03  8.354524E+01
    14.2000    1.300574E-03  1.534588E-03  8.381173E+01
    14.2500    9.790759E-04  1.441826E-03  8.407653E+01
    14.3000    6.229393E-04  1.331469E-03  8.433614E+01
    14.3500    2.845103E-04  1.203964E-03  8.458443E+01
    14.4000    1.262257E-05  1.062756E-03  8.481112E+01
    14.4500   -1.604790E-04  9.161796E-04  8.499907E+01
    14.5000   -2.301326E-04  7.810245E-04  8.512210E+01
    14.5500   -2.237933E-04  6.873151E-04  8.515465E+01
    14.6000   -1.961752E-04  6.740522E-04  8.511831E+01
    14.6500   -2.148121E-04  7.593304E-04  8.510981E+01
    14.7000   -3.390702E-04  9.218921E-04  8.519964E+01
    14.7500   -5.982969E-04  1.128351E-03  8.538189E+01
    14.8000   -9.759047E-04  1.353894E-03  8.562798E+01
    14.8500   -1.405253E-03  1.582591E-03  8.591586E+01
    14.9000   -1.780286E-03  1.803856E-03  8.623197E+01
    14.9500   -1.979737E-03  2.010246E-03  8.656824E+01
    15.0000   -1.898810E-03  2.196796E-03  8.692073E+01
    15.0500   -1.479282E-03  2.361192E-03  8.728754E+01
    15.1000   -7.376172E-04  2.501042E-03  8.766522E+01
    15.1500    2.295216E-04  2.615457E-03  8.805246E+01
    15.2000    1.257968E-03  2.704784E-03  8.844833E+01
    15.2500    2.148377E-03  2.770436E-03  8.885205E+01
    15.3000    2.710781E-03  2.814653E-03  8.926287E+01
    15.3500    2.810544E-03  2.840192E-03  8.968001E+01
    15.4000    2.403788E-03  2.849969E-03  9.010253E+01
    15.4500    1.552594E-03  2.846665E-03  9.052931E+01
    15.5000    4.151693E-04  2.832361E-03  9.095908E+01
    15.5500   -7.874016E-04  2.808230E-03  9.139039E+01
    15.6000   -1.820082E-03  2.774362E-03  9.182174E+01
    15.6500   -2.486523E-03  2.729744E-03  9.225165E+01
    15.7000   -2.672395E-03  2.672399E-03  9.267871E+01
    15.7500   -2.368713E-03  2.599665E-03  9.310169E+01
    15.8000   -1.669664E-03  2.508559E-03  9.351950E+01
    15.8500   -7.459823E-04  2.396172E-03  9.393120E+01
    15.9000    1.987954E-04  2.260046E-03  9.433585E+01
    15.9500    9.776963E-04  2.098504E-03  9.473243E+01
    16.0000    1.464933E-03  1.913277E-03  9.511986E+01
    16.0500    1.618598E-03  1.706341E-03  9.549649E+01
    16.1000    1.473064E-03  1.474206E-03  9.585793E+01
    16.1500    1.134421E-03  1.220631E-03  9.619666E+01
    16.2000    7.420947E-04  9.523170E-04  9.649590E+01
    16.2500    4.278796E-04  6.825924E-04  9.671187E+01
    16.3000    2.799114E-04  4.478631E-04  9.671425E+01
    16.3500    3.209504E-04  3.636853E-04  9.630823E+01
    16.4000    5.060472E-04  5.171171E-04  9.602586E+01
    16.4500    7.392134E-04  7.720780E-04  9.611140E+01
    16.5000    9.036305E-04  1.045214E-03  9.634514E+01
    16.5500    8.965564E-04  1.310227E-03  9.663576E+01
    16.6000    6.592641E-04  1.555152E-03  9.695160E+01
    16.6500    1.941661E-04  1.772489E-03  9.727961E+01
    16.7000   -4.349009E-04  1.956888E-03  9.761348E+01
    16.7500   -1.118561E-03  2.104518E-03  9.794975E+01
    16.8000   -1.729049E-03  2.212877E-03  9.828621E+01
    16.8500   -2.151034E-03  2.280732E-03  9.862131E+01
    16.9000   -2.308046E-03  2.308094E-03  9.895374E+01
    16.9500   -2.178074E-03  2.296185E-03  9.928230E+01
    17.0000   -1.796050E-03  2.248412E-03  9.960565E+01
    17.0500   -1.239677E-03  2.169134E-03  9.992262E+01
    17.1000   -6.075957E-04  2.060126E-03  1.002316E+02
    17.1500   -1.721299E-06  1.926661E-03  1.005301E+02
    17.2000    4.972316E-04  1.775172E-03  1.008149E+02
    17.2500    8.443347E-04  1.613366E-03  1.010817E+02
    17.3000    1.034707E-03  1.450434E-03  1.013253E+02
    17.3500    1.097462E-03  1.297282E-03  1.015393E+02
    17.4000    1.081992E-03  1.166496E-03  1.017188E+02
    17.4500    1.040958E-03  1.071205E-03  1.018636E+02
    17.5000    1.014732E-03  1.021799E-03  1.019841E+02
    17.5500    1.021199E-03  1.021199E-03  1.021014E+02
    17.6000    1.052986E-03  1.062749E-03  1.022374E+02
    17.6500    1.082045E-03  1.133522E-03  1.024043E+02
    17.7000    1.069628E-03  1.219783E-03  1.026032E+02
    17.7500    9.785192E-04  1.310326E-03  1.028294E+02
    17.8000    7.841694E-04  1.397241E-03  1.030767E+02
    17.8500    4.820817E-04  1.475468E-03  1.033397E+02
    17.9000    9.002916E-05  1.542109E-03  1.036141E+02
    17.9500   -3.548546E-04  1.595834E-03  1.038968E+02
    18.0000   -8.042673E-04  1.636647E-03  1.041863E+02
    18.0500   -1.205708E-03  1.665086E-03  1.044823E+02
    18.1000   -1.505317E-03  1.681417E-03  1.047816E+02
    18.1500   -1.665383E-03  1.686946E-03  1.050833E+02
    18.2000   -1.665847E-03  1.683156E-03  1.053869E+02
    18.2500   -1.506112E-03  1.671569E-03  1.056920E+02
    18.3000   -1.204015E-03  1.653641E-03  1.059986E+02
    18.3500   -7.926667E-04  1.630673E-03  1.063065E+02
    18.4000   -3.159649E-04  1.603765E-03  1.066158E+02
    18.4500    1.765356E-04  1.573784E-03  1.069266E+02
    18.5000    6.348951E-04  1.541364E-03  1.072387E+02
    18.5500    1.013886E-03  1.506923E-03  1.075522E+02
    18.6000    1.277630E-03  1.470698E-03  1.078668E+02
    18.6500    1.403429E-03  1.432784E-03  1.081822E+02
    18.7000    1.384318E-03  1.393189E-03  1.084979E+02
    18.7500    1.229844E-03  1.351885E-03  1.088131E+02
    18.8000    9.646801E-04  1.308863E-03  1.091271E+02
    18.8500    6.250096E-04  1.264192E-03  1.094386E+02
    18.9000    2.530776E-04  1.218082E-03  1.097465E+02
    18.9500   -1.092223E-04  1.170951E-03  1.100492E+02
    19.0000   -4.270601E-04  1.124572E-03  1.103453E+02
    19.0500   -6.785160E-04  1.081726E-03  1.106338E+02
    19.1000   -8.510399E-04  1.040766E-03  1.109132E+02
    19.1500   -9.443072E-04  1.003103E-03  1.111825E+02
    19.2000   -9.668437E-04  9.703765E-04  1.114412E+02
    19.2500   -9.317995E-04  9.443271E-04  1.116896E+02
    19.3000   -8.525416E-04  9.265790E-04  1.119290E+02
    19.3500   -7.392479E-04  9.183599E-04  1.121617E+02
    19.4000   -5.973618E-04  9.202177E-04  1.123909E+02
    19.4500   -4.282129E-04  9.318305E-04  1.126199E+02
    19.5000   -2.314613E-04  9.519850E-04  1.128517E+02
    19.5500   -8.478431E-06  9.787287E-04  1.130887E+02
    19.6000    2.345132E-04  1.009637E-03  1.133318E+02
    19.6500    4.846597E-04  1.042104E-03  1.135811E+02
    19.7000    7.227799E-04  1.073606E-03  1.138359E+02
    19.7500    9.258550E-04  1.101898E-03  1.140951E+02
    19.8000    1.071135E-03  1.125159E-03  1.143570E+02
    19.8500    1.140777E-03  1.142099E-03  1.146200E+02
    19.9000    1.125714E-03  1.152039E-03  1.148823E+02
    19.9500    1.027648E-03  1.154974E-03  1.151421E+02