# # tequil.ion_motion                                            FEFF 9.05   
# # POT  SCF  30  5.5000   1, core-hole, AFOLP (folp(0)= 1.150)
# # Abs   Z=30 Rmt= 1.312 Rnm= 1.419 K  shell
# # Pot 1 Z=26 Rmt= 1.300 Rnm= 1.394
# # Pot 2 Z= 8 Rmt= 0.983 Rnm= 1.096
# # Gam_ch=1.897E+00 H-L exch
# # Mu=-1.167E+01 kf=2.166E+00 Vint=-1.808E+01 Rs_int= 1.675
# # PATH  Rmax= 8.500,  Keep_limit= 0.00, Heap_limit 0.00  Pwcrit= 2.50%
#  S02=1.000                                        Global_sig2= 0.00000
#  Energy zero shift, vr, vi   -2.00000E+00   0.00000E+00
#  Curved wave amplitude ratio filter   4.000%
#     file         sig2 tot  cw amp ratio   deg  nlegs   reff  inp sig2
#           1       0.00000    100.00      1.00     2   1.9136
#           2       0.00000     91.68      1.00     2   1.9774
#           3       0.00000     77.27      1.00     2   2.1091
#           4       0.00000     64.38      1.00     2   2.2592
#           5       0.00000     62.44      1.00     2   2.2853
#           6       0.00000     55.93      1.00     2   2.3818
#           7       0.00000     29.55      1.00     2   2.9753
#           8       0.00000     28.23      1.00     2   3.0339
#           9       0.00000     27.84      1.00     2   3.0518
#          10       0.00000     26.71      1.00     2   3.1061
#          11       0.00000     25.33      1.00     2   3.1765
#          12       0.00000     23.77      1.00     2   3.2624
#          13       0.00000     22.23      1.00     2   3.3458
#          14       0.00000     21.59      1.00     2   3.3959
#          15       0.00000     11.61      2.00     3   3.4682
#          16       0.00000     14.26      2.00     3   3.4734
#          17       0.00000     11.18      2.00     3   3.4924
#          18       0.00000     19.71      1.00     2   3.4934
#          19       0.00000     19.49      1.00     2   3.5076
#          20       0.00000     19.22      1.00     2   3.5248
#          21       0.00000     15.80      2.00     3   3.5293
#          22       0.00000      8.00      2.00     3   3.5301
#          23       0.00000     18.95      1.00     2   3.5429
#          24       0.00000      9.88      2.00     3   3.5613
#          25       0.00000     18.62      1.00     2   3.5648
#          26       0.00000     16.13      2.00     3   3.5841
#          27       0.00000      8.92      2.00     3   3.5851
#          28       0.00000      8.61      2.00     3   3.6104
#          29       0.00000      7.20      2.00     3   3.6632
#          30       0.00000      8.86      2.00     3   3.6647
#          31       0.00000      9.51      2.00     3   3.6648
#          32       0.00000     17.87      1.00     2   3.6697
#          33       0.00000     17.83      1.00     2   3.6730
#          34       0.00000      9.20      2.00     3   3.6737
#          35       0.00000     17.65      1.00     2   3.6883
#          36       0.00000     17.56      1.00     2   3.6957
#          37       0.00000      7.50      2.00     3   3.7020
#          38       0.00000      7.37      2.00     3   3.7028
#          39       0.00000      7.23      2.00     3   3.7077
#          40       0.00000      6.94      2.00     3   3.7092
#          41       0.00000      7.53      2.00     3   3.7089
#          42       0.00000      6.64      2.00     3   3.7165
#          43       0.00000      7.31      2.00     3   3.7209
#          44       0.00000     13.02      2.00     3   3.7492
#          45       0.00000     11.96      1.00     4   3.8272
#          46       0.00000     15.85      1.00     2   3.8507
#          47       0.00000     15.61      1.00     2   3.8735
#          48       0.00000     14.19      2.00     3   3.8793
#          49       0.00000      5.12      1.00     4   3.8820
#          50       0.00000     14.00      2.00     3   3.8910
#          52       0.00000      5.70      1.00     4   3.8951
#          53       0.00000      4.68      1.00     4   3.9057
#          54       0.00000     14.17      2.00     3   3.9118
#          55       0.00000     13.99      1.00     2   3.9420
#          56       0.00000     13.97      1.00     2   3.9438
#          57       0.00000      9.94      1.00     4   3.9547
#          58       0.00000     13.83      1.00     2   3.9587
#          59       0.00000      9.35      2.00     3   3.9730
#          60       0.00000      5.32      1.00     4   4.0096
#          62       0.00000     13.36      2.00     3   4.0495
#          64       0.00000      8.80      2.00     3   4.0890
#          65       0.00000      5.44      1.00     4   4.0889
#          67       0.00000      4.86      1.00     4   4.1090
#          68       0.00000      4.48      1.00     4   4.1279
#          69       0.00000      7.79      2.00     3   4.1333
#          70       0.00000     10.46      2.00     3   4.1357
#          71       0.00000     20.33      2.00     3   4.1369
#          72       0.00000     19.16      2.00     4   4.1989
#          73       0.00000      6.97      1.00     4   4.2181
#          75       0.00000      4.55      1.00     4   4.2235
#          76       0.00000      7.10      2.00     3   4.2252
#          77       0.00000      5.43      1.00     4   4.2254
#          78       0.00000      7.02      2.00     3   4.2453
#          79       0.00000      7.07      2.00     3   4.2468
#          80       0.00000      6.64      2.00     3   4.2875
#          81       0.00000     17.09      2.00     3   4.2897
#          82       0.00000     17.09      2.00     3   4.3046
#          83       0.00000      6.16      2.00     3   4.3097
#          84       0.00000     10.72      1.00     2   4.3210
#          85       0.00000     10.50      1.00     2   4.3509
#          86       0.00000     10.46      1.00     2   4.3571
#          87       0.00000     15.29      2.00     4   4.3592
#          88       0.00000     10.42      1.00     2   4.3627
#          89       0.00000     15.39      2.00     4   4.3683
#          90       0.00000     10.19      1.00     2   4.3957
#          91       0.00000     10.11      1.00     2   4.4076
#          92       0.00000      7.75      2.00     3   4.4114
#          94       0.00000      7.31      2.00     3   4.4239
#          95       0.00000     22.29      2.00     3   4.4246
#          96       0.00000      6.44      2.00     3   4.4797
#          97       0.00000     17.56      2.00     3   4.4851
#          98       0.00000      9.52      1.00     2   4.4985
#          99       0.00000     14.03      1.00     4   4.4983
#         100       0.00000      9.49      1.00     2   4.5037
#         101       0.00000     19.08      2.00     3   4.5036
#         102       0.00000      9.44      1.00     2   4.5119
#         103       0.00000      9.42      1.00     2   4.5137
#         104       0.00000      4.79      1.00     4   4.5184
#         105       0.00000      9.31      1.00     2   4.5322
#         106       0.00000      5.30      2.00     3   4.5680
#         107       0.00000      4.51      1.00     4   4.5706
#         108       0.00000     17.75      2.00     3   4.5978
#         109       0.00000     11.34      1.00     4   4.5997
#         110       0.00000     10.03      1.00     4   4.6075
#         111       0.00000      8.84      1.00     2   4.6122
#         112       0.00000      8.83      1.00     2   4.6127
#         113       0.00000      4.78      2.00     3   4.6343
#         114       0.00000     15.18      2.00     3   4.6423
#         115       0.00000      4.69      2.00     3   4.6480
#         116       0.00000      4.66      2.00     3   4.6489
#         118       0.00000     13.79      2.00     3   4.6517
#         119       0.00000      4.68      2.00     3   4.6578
#         120       0.00000      7.92      2.00     3   4.6645
#         122       0.00000     10.38      1.00     4   4.6919
#         124       0.00000     12.59      2.00     3   4.7027
#         125       0.00000      6.61      2.00     3   4.7272
#         126       0.00000     10.14      2.00     3   4.7421
#         128       0.00000      8.40      1.00     4   4.7709
#         129       0.00000      6.59      2.00     3   4.7848
#         130       0.00000     11.74      2.00     3   4.7858
#         131       0.00000      6.06      2.00     3   4.7864
#         132       0.00000      7.49      2.00     3   4.7883
#         133       0.00000      6.50      2.00     3   4.7898
#         134       0.00000      7.88      1.00     2   4.7918
#         135       0.00000      7.87      1.00     2   4.7939
#         136       0.00000      5.89      2.00     3   4.7980
#         138       0.00000      7.25      1.00     4   4.8050
#         139       0.00000      7.60      1.00     2   4.8499
#         141       0.00000      6.49      1.00     4   4.8732
#         142       0.00000      5.47      2.00     4   4.8889
#         145       0.00000      7.32      1.00     2   4.9095
#         146       0.00000      7.49      2.00     3   4.9108
#         147       0.00000      4.12      2.00     3   4.9284
#         149       0.00000      8.24      1.00     2   4.9357
#         150       0.00000      7.17      1.00     2   4.9430
#         151       0.00000      5.96      1.00     4   4.9589
#         152       0.00000      8.10      1.00     2   4.9657
#         154       0.00000      7.06      1.00     2   4.9681
#         155       0.00000      4.61      1.00     4   4.9723
#         156       0.00000     18.21      2.00     3   4.9735
#         157       0.00000     11.92      1.00     4   4.9789
#         158       0.00000      6.45      2.00     3   4.9807
#         160       0.00000      4.39      2.00     3   5.0315
#         161       0.00000      5.61      2.00     3   5.0383
#         162       0.00000      7.59      2.00     3   5.0503
#         163       0.00000      7.53      2.00     3   5.0543
#         164       0.00000      7.70      1.00     2   5.0558
#         166       0.00000      8.73      2.00     3   5.0654
#         167       0.00000      4.58      2.00     4   5.0835
#         168       0.00000      6.57      1.00     2   5.0860
#         170       0.00000      6.47      2.00     3   5.1302
#         172       0.00000      7.37      1.00     2   5.1358
#         174       0.00000      7.30      2.00     3   5.1564
#         176       0.00000      6.28      1.00     2   5.1630
#         177       0.00000      7.83      2.00     3   5.1626
#         178       0.00000     15.83      2.00     3   5.1654
#         179       0.00000     10.10      1.00     4   5.1677
#         180       0.00000      8.87      2.00     3   5.1733
#         183       0.00000      6.18      1.00     2   5.1885
#         184       0.00000      5.61      2.00     3   5.1926
#         185       0.00000      7.04      2.00     3   5.1945
#         186       0.00000      4.19      1.00     4   5.1951
#         189       0.00000      7.03      1.00     2   5.2212
#         191       0.00000      6.01      1.00     2   5.2367
#         192       0.00000     14.11      2.00     3   5.2511
#         193       0.00000      6.92      1.00     2   5.2522
#         194       0.00000      6.05      2.00     4   5.2594
#         195       0.00000      7.07      2.00     3   5.2599
#         196       0.00000      8.58      1.00     4   5.2655
#         198       0.00000      5.86      1.00     2   5.2789
#         199       0.00000      4.37      1.00     4   5.2908
#         203       0.00000      8.78      2.00     3   5.3263
#         204       0.00000      5.68      1.00     2   5.3324
#         205       0.00000      6.62      1.00     2   5.3335
#         207       0.00000      4.51      2.00     3   5.3393
#         208       0.00000      6.31      2.00     3   5.3415
#         209       0.00000      4.07      2.00     3   5.3547
#         210       0.00000      6.76      2.00     3   5.3792
#         211       0.00000      6.41      2.00     3   5.3815
#         217       0.00000      4.38      1.00     4   5.4314
#         218       0.00000      6.28      1.00     2   5.4337
#         219       0.00000      5.35      1.00     2   5.4346
#         220       0.00000      6.28      1.00     2   5.4346
#         221       0.00000      6.97      2.00     3   5.4416
#         222       0.00000      5.33      1.00     2   5.4429
#         224       0.00000      5.29      1.00     2   5.4542
#         226       0.00000      5.15      2.00     4   5.4708
#         227       0.00000      5.24      1.00     2   5.4737
#         231       0.00000      5.95      2.00     3   5.5225
#         232       0.00000      4.73      2.00     3   5.5307
#         233       0.00000      5.06      1.00     2   5.5346
#         235       0.00000      6.68      2.00     3   5.5395
#         237       0.00000      5.89      1.00     2   5.5565
#         238       0.00000      4.29      2.00     3   5.5562
#         239       0.00000      5.88      1.00     2   5.5567
#         242       0.00000      4.57      2.00     3   5.5763
#         244       0.00000      5.36      2.00     3   5.5779
#         247       0.00000      4.32      2.00     4   5.6166
#         250       0.00000      4.32      2.00     3   5.6466
#         251       0.00000      4.45      2.00     3   5.6478
#         252       0.00000      7.12      2.00     3   5.6541
#         255       0.00000      5.55      1.00     2   5.6695
#         259       0.00000      4.52      2.00     3   5.6885
#         261       0.00000      4.66      2.00     3   5.6948
#         262       0.00000      5.11      2.00     3   5.6961
#         263       0.00000      4.44      2.00     3   5.6983
#         264       0.00000      5.66      2.00     3   5.6986
#         266       0.00000      5.19      2.00     3   5.7163
#         270       0.00000      4.35      2.00     3   5.7475
#         281       0.00000      5.99      2.00     3   5.7878
#         286       0.00000      4.75      2.00     3   5.8164
#         287       0.00000      5.14      1.00     2   5.8204
#         293       0.00000      4.26      1.00     2   5.8427
#         295       0.00000      5.06      1.00     2   5.8508
#         297       0.00000      5.47      2.00     3   5.8617
#         299       0.00000      8.29      2.00     3   5.8717
#         302       0.00000      4.03      2.00     3   5.8745
#         305       0.00000      4.14      1.00     2   5.8968
#         316       0.00000      4.80      1.00     2   5.9540
#         317       0.00000      4.80      1.00     2   5.9552
#         320       0.00000      4.79      1.00     2   5.9597
#   221/ 295 paths used
#  -----------------------------------------------------------------------
#       k          chi          mag           phase @#
    -0.7000   -4.657339E-01  4.720933E-01 -1.406474E+00
    -0.6500   -4.271644E-01  4.341502E-01 -1.391163E+00
    -0.6000   -4.010595E-01  4.079952E-01 -1.386146E+00
    -0.5500   -3.831177E-01  3.897239E-01 -1.386410E+00
    -0.5000   -3.721574E-01  3.783055E-01 -1.390265E+00
    -0.4500   -3.659262E-01  3.716581E-01 -1.394942E+00
    -0.4000   -3.631547E-01  3.685928E-01 -1.398808E+00
    -0.3500   -3.626293E-01  3.679159E-01 -1.401070E+00
    -0.3000   -3.635184E-01  3.687770E-01 -1.401720E+00
    -0.2500   -3.650624E-01  3.703842E-01 -1.401074E+00
    -0.2000   -3.667717E-01  3.722101E-01 -1.399642E+00
    -0.1500   -3.686448E-01  3.742174E-01 -1.398004E+00
    -0.1000   -3.702108E-01  3.759083E-01 -1.396470E+00
    -0.0500   -3.712024E-01  3.769871E-01 -1.395389E+00
     0.0000   -3.715410E-01  3.773568E-01 -1.395001E+00
     0.0500   -3.718834E-01  3.777316E-01 -1.394601E+00
     0.1000   -3.729332E-01  3.788847E-01 -1.393318E+00
     0.1500   -3.747519E-01  3.808981E-01 -1.390910E+00
     0.2000   -3.774250E-01  3.838927E-01 -1.386975E+00
     0.2500   -3.810375E-01  3.880081E-01 -1.380958E+00
     0.3000   -3.856441E-01  3.933775E-01 -1.372182E+00
     0.3500   -3.915097E-01  4.003969E-01 -1.359710E+00
     0.4000   -3.993904E-01  4.100900E-01 -1.341864E+00
     0.4500   -4.081222E-01  4.215067E-01 -1.318117E+00
     0.5000   -4.172477E-01  4.345469E-01 -1.287683E+00
     0.5500   -4.267773E-01  4.498334E-01 -1.249241E+00
     0.6000   -4.365126E-01  4.681855E-01 -1.200858E+00
     0.6500   -4.437926E-01  4.876168E-01 -1.143587E+00
     0.7000   -4.474989E-01  5.083102E-01 -1.076633E+00
     0.7500   -4.464417E-01  5.314862E-01 -9.972600E-01
     0.8000   -4.373862E-01  5.544130E-01 -9.090458E-01
     0.8500   -4.188469E-01  5.780033E-01 -8.105183E-01
     0.9000   -3.884650E-01  6.020539E-01 -7.013282E-01
     0.9500   -3.445684E-01  6.242509E-01 -5.847261E-01
     1.0000   -2.852197E-01  6.465046E-01 -4.569041E-01
     1.0500   -2.108918E-01  6.661724E-01 -3.221138E-01
     1.1000   -1.222029E-01  6.834950E-01 -1.797578E-01
     1.1500   -2.059183E-02  6.983889E-01 -2.948904E-02
     1.2000    8.869021E-02  7.091496E-01  1.253939E-01
     1.2500    2.041088E-01  7.173408E-01  2.885216E-01
     1.3000    3.167094E-01  7.207164E-01  4.549718E-01
     1.3500    4.228252E-01  7.204111E-01  6.272520E-01
     1.4000    5.147198E-01  7.155081E-01  8.029044E-01
     1.4500    5.874355E-01  7.063066E-01  9.821634E-01
     1.5000    6.365894E-01  6.929323E-01  1.164749E+00
     1.5500    6.586952E-01  6.752493E-01  1.348912E+00
     1.6000    6.536187E-01  6.540125E-01  1.536093E+00
     1.6500    6.217362E-01  6.290065E-01  1.722986E+00
     1.7000    5.664988E-01  6.012746E-01  1.912565E+00
     1.7500    4.925586E-01  5.707849E-01  2.100514E+00
     1.8000    4.052690E-01  5.384171E-01  2.289432E+00
     1.8500    3.116069E-01  5.045845E-01  2.475967E+00
     1.9000    2.160647E-01  4.698089E-01  2.663711E+00
     1.9500    1.253620E-01  4.347142E-01  2.849060E+00
     2.0000    4.463635E-02  4.000327E-01  3.029778E+00
     2.0500   -2.345530E-02  3.663479E-01  3.205661E+00
     2.1000   -7.726258E-02  3.329410E-01  3.375788E+00
     2.1500   -1.162195E-01  3.003661E-01  3.538889E+00
     2.2000   -1.424057E-01  2.703780E-01  3.696296E+00
     2.2500   -1.578956E-01  2.429346E-01  3.849112E+00
     2.3000   -1.641048E-01  2.173911E-01  3.997068E+00
     2.3500   -1.616483E-01  1.925828E-01  4.137716E+00
     2.4000   -1.535339E-01  1.694541E-01  4.275447E+00
     2.4500   -1.409750E-01  1.477556E-01  4.408265E+00
     2.5000   -1.255405E-01  1.276155E-01  4.531810E+00
     2.5500   -1.113223E-01  1.117357E-01  4.626346E+00
     2.6000   -9.759443E-02  9.760913E-02  4.695032E+00
     2.6500   -8.613435E-02  8.615496E-02  4.734264E+00
     2.7000   -7.808870E-02  7.814192E-02  4.749299E+00
     2.7500   -7.339878E-02  7.355674E-02  4.777937E+00
     2.8000   -7.088343E-02  7.118535E-02  4.804523E+00
     2.8500   -7.032296E-02  7.087028E-02  4.836750E+00
     2.9000   -7.120402E-02  7.227333E-02  4.884622E+00
     2.9500   -7.226825E-02  7.432133E-02  4.947984E+00
     3.0000   -7.334203E-02  7.717726E-02  5.028967E+00
     3.0500   -7.374409E-02  8.065643E-02  5.129412E+00
     3.1000   -7.259168E-02  8.442795E-02  5.248295E+00
     3.1500   -6.903376E-02  8.807412E-02  5.382401E+00
     3.2000   -6.265388E-02  9.167509E-02  5.530729E+00
     3.2500   -5.298921E-02  9.509525E-02  5.692148E+00
     3.3000   -3.988562E-02  9.807987E-02  5.864385E+00
     3.3500   -2.364139E-02  1.004499E-01  6.045601E+00
     3.4000   -4.881880E-03  1.022141E-01  6.235406E+00
     3.4500    1.541014E-02  1.033060E-01  6.432914E+00
     3.5000    3.594452E-02  1.036682E-01  6.637264E+00
     3.5500    5.528528E-02  1.032678E-01  6.848117E+00
     3.6000    7.190763E-02  1.021007E-01  7.064596E+00
     3.6500    8.444068E-02  1.001886E-01  7.285682E+00
     3.7000    9.188265E-02  9.756508E-02  7.511004E+00
     3.7500    9.356036E-02  9.416718E-02  7.740395E+00
     3.8000    8.936313E-02  9.000002E-02  7.973019E+00
     3.8500    8.003283E-02  8.532614E-02  8.208067E+00
     3.9000    6.661723E-02  8.024229E-02  8.445310E+00
     3.9500    5.041861E-02  7.480122E-02  8.685121E+00
     4.0000    3.294341E-02  6.905154E-02  8.927444E+00
     4.0500    1.589053E-02  6.320639E-02  9.170644E+00
     4.1000    5.940144E-04  5.737588E-02  9.414425E+00
     4.1500   -1.195597E-02  5.160958E-02  9.658564E+00
     4.2000   -2.110656E-02  4.591975E-02  9.902368E+00
     4.2500   -2.676995E-02  4.058060E-02  1.014516E+01
     4.3000   -2.927711E-02  3.569155E-02  1.038668E+01
     4.3500   -2.917102E-02  3.127854E-02  1.062639E+01
     4.4000   -2.700577E-02  2.724891E-02  1.086189E+01
     4.4500   -2.379334E-02  2.391337E-02  1.109581E+01
     4.5000   -2.011608E-02  2.130524E-02  1.133126E+01
     4.5500   -1.627202E-02  1.940366E-02  1.157165E+01
     4.6000   -1.233656E-02  1.809148E-02  1.181602E+01
     4.6500   -8.233018E-03  1.748194E-02  1.207601E+01
     4.7000   -3.688283E-03  1.753768E-02  1.235448E+01
     4.7500    1.512325E-03  1.820273E-02  1.264955E+01
     4.8000    7.300009E-03  1.932347E-02  1.295377E+01
     4.8500    1.349461E-02  2.094110E-02  1.326662E+01
     4.9000    1.953900E-02  2.297467E-02  1.358323E+01
     4.9500    2.461535E-02  2.532405E-02  1.390003E+01
     5.0000    2.776021E-02  2.784620E-02  1.421578E+01
     5.0500    2.816649E-02  3.047265E-02  1.452871E+01
     5.1000    2.527962E-02  3.308213E-02  1.483824E+01
     5.1500    1.899977E-02  3.555532E-02  1.514420E+01
     5.2000    9.704667E-03  3.776845E-02  1.544810E+01
     5.2500   -1.593280E-03  3.963882E-02  1.574817E+01
     5.3000   -1.355262E-02  4.108374E-02  1.604414E+01
     5.3500   -2.468917E-02  4.204219E-02  1.633562E+01
     5.4000   -3.365408E-02  4.243901E-02  1.662368E+01
     5.4500   -3.939020E-02  4.229885E-02  1.690575E+01
     5.5000   -4.144111E-02  4.164121E-02  1.718069E+01
     5.5500   -3.994384E-02  4.051661E-02  1.744711E+01
     5.6000   -3.552255E-02  3.899171E-02  1.770378E+01
     5.6500   -2.917249E-02  3.719824E-02  1.794808E+01
     5.7000   -2.194903E-02  3.528301E-02  1.817815E+01
     5.7500   -1.473499E-02  3.341413E-02  1.839286E+01
     5.8000   -8.098715E-03  3.175291E-02  1.859165E+01
     5.8500   -2.188938E-03  3.048510E-02  1.877769E+01
     5.9000    3.190536E-03  2.971841E-02  1.895712E+01
     5.9500    8.390771E-03  2.947221E-02  1.913825E+01
     6.0000    1.366279E-02  2.970519E-02  1.932749E+01
     6.0500    1.910101E-02  3.025032E-02  1.953295E+01
     6.1000    2.437447E-02  3.091020E-02  1.975802E+01
     6.1500    2.879328E-02  3.149566E-02  2.000308E+01
     6.2000    3.147381E-02  3.184740E-02  2.026703E+01
     6.2500    3.158732E-02  3.184731E-02  2.054822E+01
     6.3000    2.862885E-02  3.142084E-02  2.084510E+01
     6.3500    2.262681E-02  3.053520E-02  2.115658E+01
     6.4000    1.422736E-02  2.919557E-02  2.148214E+01
     6.4500    4.620270E-03  2.744090E-02  2.182197E+01
     6.5000   -4.622612E-03  2.533233E-02  2.217466E+01
     6.5500   -1.202371E-02  2.292563E-02  2.254324E+01
     6.6000   -1.642392E-02  2.033169E-02  2.293156E+01
     6.6500   -1.726969E-02  1.768514E-02  2.334476E+01
     6.7000   -1.474816E-02  1.514005E-02  2.378997E+01
     6.7500   -9.729047E-03  1.286658E-02  2.427533E+01
     6.8000   -3.542455E-03  1.103657E-02  2.480598E+01
     6.8500    2.348520E-03  9.780138E-03  2.537524E+01
     6.9000    6.694451E-03  9.110844E-03  2.595808E+01
     6.9500    8.736530E-03  8.883402E-03  2.652144E+01
     7.0000    8.350791E-03  8.875215E-03  2.704902E+01
     7.0500    5.993647E-03  8.873750E-03  2.753278E+01
     7.1000    2.556129E-03  8.703020E-03  2.797623E+01
     7.1500   -9.241257E-04  8.261677E-03  2.838643E+01
     7.2000   -3.558229E-03  7.508620E-03  2.876803E+01
     7.2500   -4.830994E-03  6.448350E-03  2.912116E+01
     7.3000   -4.701817E-03  5.121852E-03  2.943732E+01
     7.3500   -3.562357E-03  3.609183E-03  2.968387E+01
     7.4000   -2.073542E-03  2.089540E-03  2.972131E+01
     7.4500   -9.376323E-04  1.366786E-03  2.903033E+01
     7.5000   -7.270995E-04  2.475428E-03  2.857246E+01
     7.5500   -1.609571E-03  4.055514E-03  2.868245E+01
     7.6000   -3.376372E-03  5.582549E-03  2.892386E+01
     7.6500   -5.544983E-03  6.918490E-03  2.920409E+01
     7.7000   -7.506063E-03  7.986022E-03  2.949667E+01
     7.7500   -8.721042E-03  8.734133E-03  2.979037E+01
     7.8000   -8.887335E-03  9.134236E-03  3.007817E+01
     7.8500   -8.020506E-03  9.182145E-03  3.035360E+01
     7.9000   -6.430492E-03  8.902935E-03  3.060882E+01
     7.9500   -4.602960E-03  8.359791E-03  3.083284E+01
     8.0000   -3.011578E-03  7.687163E-03  3.101338E+01
     8.0500   -1.979694E-03  7.067675E-03  3.113202E+01
     8.1000   -1.558079E-03  6.762571E-03  3.118344E+01
     8.1500   -1.490210E-03  7.035997E-03  3.120251E+01
     8.2000   -1.302945E-03  7.967763E-03  3.125166E+01
     8.2500   -4.682262E-04  9.414560E-03  3.136617E+01
     8.3000    1.408502E-03  1.115520E-02  3.154253E+01
     8.3500    4.432330E-03  1.299618E-02  3.176396E+01
     8.4000    8.345134E-03  1.478981E-02  3.201545E+01
     8.4500    1.255911E-02  1.642486E-02  3.228641E+01
     8.5000    1.629492E-02  1.781886E-02  3.257014E+01
     8.5500    1.876460E-02  1.891303E-02  3.286136E+01
     8.6000    1.938501E-02  1.966636E-02  3.315608E+01
     8.6500    1.793158E-02  2.005763E-02  3.345132E+01
     8.7000    1.459068E-02  2.008516E-02  3.374439E+01
     8.7500    9.905800E-03  1.976701E-02  3.403262E+01
     8.8000    4.631967E-03  1.914139E-02  3.431311E+01
     8.8500   -4.578530E-04  1.826709E-02  3.458259E+01
     8.9000   -4.757615E-03  1.722401E-02  3.483738E+01
     8.9500   -7.952065E-03  1.611299E-02  3.507365E+01
     9.0000   -1.006164E-02  1.507074E-02  3.528854E+01
     9.0500   -1.135027E-02  1.422322E-02  3.548150E+01
     9.1000   -1.218266E-02  1.367476E-02  3.565681E+01
     9.1500   -1.288102E-02  1.349830E-02  3.582473E+01
     9.2000   -1.358239E-02  1.369707E-02  3.599882E+01
     9.2500   -1.417604E-02  1.420375E-02  3.619080E+01
     9.3000   -1.433282E-02  1.490753E-02  3.640689E+01
     9.3500   -1.361705E-02  1.568825E-02  3.664800E+01
     9.4000   -1.164617E-02  1.643973E-02  3.691186E+01
     9.4500   -8.248298E-03  1.707923E-02  3.719510E+01
     9.5000   -3.564077E-03  1.757275E-02  3.749488E+01
     9.5500    1.942658E-03  1.787797E-02  3.780799E+01
     9.6000    7.526716E-03  1.795722E-02  3.813162E+01
     9.6500    1.233059E-02  1.780828E-02  3.846393E+01
     9.7000    1.557870E-02  1.744165E-02  3.880350E+01
     9.7500    1.675507E-02  1.687794E-02  3.914917E+01
     9.8000    1.571994E-02  1.614538E-02  3.949998E+01
     9.8500    1.273584E-02  1.527745E-02  3.985505E+01
     9.9000    8.399043E-03  1.431058E-02  4.021347E+01
     9.9500    3.497453E-03  1.328208E-02  4.057424E+01
    10.0000   -1.173634E-03  1.225207E-02  4.093664E+01
    10.0500   -4.974178E-03  1.124688E-02  4.129883E+01
    10.1000   -7.494920E-03  1.027383E-02  4.165832E+01
    10.1500   -8.624884E-03  9.359583E-03  4.201264E+01
    10.2000   -8.515309E-03  8.527096E-03  4.235892E+01
    10.2500   -7.486914E-03  7.796150E-03  4.269410E+01
    10.3000   -5.913246E-03  7.184112E-03  4.301545E+01
    10.3500   -4.116434E-03  6.706250E-03  4.332141E+01
    10.4000   -2.303706E-03  6.374778E-03  4.361255E+01
    10.4500   -5.573528E-04  6.196202E-03  4.389222E+01
    10.5000    1.127371E-03  6.167806E-03  4.416611E+01
    10.5500    2.776836E-03  6.275389E-03  4.444068E+01
    10.6000    4.373723E-03  6.494030E-03  4.472123E+01
    10.6500    5.817218E-03  6.791594E-03  4.501081E+01
    10.7000    6.923716E-03  7.133098E-03  4.531020E+01
    10.7500    7.468240E-03  7.484305E-03  4.561863E+01
    10.8000    7.252518E-03  7.814026E-03  4.593450E+01
    10.8500    6.176560E-03  8.095429E-03  4.625600E+01
    10.9000    4.289239E-03  8.306736E-03  4.658130E+01
    10.9500    1.800108E-03  8.431629E-03  4.690874E+01
    11.0000   -9.634023E-04  8.475797E-03  4.723780E+01
    11.0500   -3.617982E-03  8.435985E-03  4.756714E+01
    11.1000   -5.775876E-03  8.294173E-03  4.789423E+01
    11.1500   -7.156129E-03  8.055441E-03  4.821765E+01
    11.2000   -7.632876E-03  7.730097E-03  4.853592E+01
    11.2500   -7.247841E-03  7.333249E-03  4.884746E+01
    11.3000   -6.181059E-03  6.884179E-03  4.915059E+01
    11.3500   -4.691347E-03  6.405455E-03  4.944364E+01
    11.4000   -3.046086E-03  5.921685E-03  4.972518E+01
    11.4500   -1.461406E-03  5.457724E-03  4.999441E+01
    11.5000   -6.876819E-05  5.036145E-03  5.025183E+01
    11.5500    1.085838E-03  4.674023E-03  5.049994E+01
    11.6000    2.015005E-03  4.379589E-03  5.074358E+01
    11.6500    2.748971E-03  4.150124E-03  5.098948E+01
    11.7000    3.297937E-03  3.972505E-03  5.124493E+01
    11.7500    3.632511E-03  3.826736E-03  5.151631E+01
    11.8000    3.689625E-03  3.691079E-03  5.180821E+01
    11.8500    3.401422E-03  3.546797E-03  5.212358E+01
    11.9000    2.735773E-03  3.381364E-03  5.246450E+01
    11.9500    1.732288E-03  3.190103E-03  5.283305E+01
    12.0000    5.178194E-04  2.983714E-03  5.323264E+01
    12.0500   -7.128650E-04  2.776337E-03  5.366675E+01
    12.1000   -1.721496E-03  2.579414E-03  5.413778E+01
    12.1500   -2.288079E-03  2.419661E-03  5.464657E+01
    12.2000   -2.274184E-03  2.324936E-03  5.518720E+01
    12.2500   -1.667391E-03  2.314664E-03  5.574435E+01
    12.3000   -5.945145E-04  2.390341E-03  5.629731E+01
    12.3500    7.022829E-04  2.534428E-03  5.682944E+01
    12.4000    1.921471E-03  2.718630E-03  5.733360E+01
    12.4500    2.775619E-03  2.913634E-03  5.781044E+01
    12.5000    3.062348E-03  3.094646E-03  5.826407E+01
    12.5500    2.713282E-03  3.243004E-03  5.869911E+01
    12.6000    1.807788E-03  3.345971E-03  5.911948E+01
    12.6500    5.483889E-04  3.396028E-03  5.952807E+01
    12.7000   -7.943971E-04  3.390140E-03  5.992679E+01
    12.7500   -1.951634E-03  3.329126E-03  6.031666E+01
    12.8000   -2.720324E-03  3.217099E-03  6.069792E+01
    12.8500   -3.005291E-03  3.060997E-03  6.106999E+01
    12.9000   -2.828628E-03  2.870180E-03  6.143142E+01
    12.9500   -2.306733E-03  2.656165E-03  6.177980E+01
    13.0000   -1.606948E-03  2.437419E-03  6.211199E+01
    13.0500   -8.855006E-04  2.231171E-03  6.242374E+01
    13.1000   -2.482204E-04  2.047933E-03  6.271035E+01
    13.1500    2.630928E-04  1.907591E-03  6.297021E+01
    13.2000    6.718435E-04  1.829375E-03  6.320791E+01
    13.2500    1.038343E-03  1.827004E-03  6.343633E+01
    13.3000    1.419203E-03  1.903862E-03  6.367304E+01
    13.3500    1.829555E-03  2.052654E-03  6.393208E+01
    13.4000    2.222011E-03  2.260004E-03  6.421903E+01
    13.4500    2.490570E-03  2.511637E-03  6.453226E+01
    13.5000    2.499319E-03  2.794986E-03  6.486677E+01
    13.5500    2.127474E-03  3.099501E-03  6.521693E+01
    13.6000    1.316689E-03  3.416013E-03  6.557775E+01
    13.6500    1.052879E-04  3.736030E-03  6.594526E+01
    13.7000   -1.362346E-03  4.051297E-03  6.631640E+01
    13.7500   -2.855871E-03  4.353638E-03  6.668892E+01
    13.8000   -4.104572E-03  4.635034E-03  6.706113E+01
    13.8500   -4.856991E-03  4.887853E-03  6.743181E+01
    13.9000   -4.939059E-03  5.105158E-03  6.780003E+01
    13.9500   -4.295549E-03  5.281039E-03  6.816508E+01
    14.0000   -3.007130E-03  5.415813E-03  6.852637E+01
    14.0500   -1.264511E-03  5.510382E-03  6.888350E+01
    14.1000    6.704973E-04  5.555334E-03  6.923603E+01
    14.1500    2.506269E-03  5.550853E-03  6.958350E+01
    14.2000    3.984362E-03  5.498961E-03  6.992544E+01
    14.2500    4.924078E-03  5.403467E-03  7.026142E+01
    14.3000    5.246123E-03  5.269793E-03  7.059102E+01
    14.3500    4.972555E-03  5.104708E-03  7.091387E+01
    14.4000    4.206516E-03  4.915935E-03  7.122975E+01
    14.4500    3.099841E-03  4.711652E-03  7.153859E+01
    14.5000    1.818450E-03  4.499897E-03  7.184063E+01
    14.5500    5.141359E-04  4.287917E-03  7.213644E+01
    14.6000   -6.921453E-04  4.081524E-03  7.242703E+01
    14.6500   -1.714845E-03  3.884564E-03  7.271385E+01
    14.7000   -2.499443E-03  3.698601E-03  7.299865E+01
    14.7500   -3.014396E-03  3.522931E-03  7.328344E+01
    14.8000   -3.244530E-03  3.354941E-03  7.357016E+01
    14.8500   -3.189002E-03  3.190758E-03  7.386061E+01
    14.9000   -2.863955E-03  3.026051E-03  7.415622E+01
    14.9500   -2.307354E-03  2.856820E-03  7.445804E+01
    15.0000   -1.581882E-03  2.683202E-03  7.476772E+01
    15.0500   -7.672435E-04  2.505597E-03  7.508701E+01
    15.1000    3.830267E-05  2.317746E-03  7.541475E+01
    15.1500    7.334280E-04  2.121305E-03  7.575126E+01
    15.2000    1.234709E-03  1.919551E-03  7.609693E+01
    15.2500    1.492959E-03  1.717104E-03  7.645234E+01
    15.3000    1.502317E-03  1.519565E-03  7.681821E+01
    15.3500    1.299110E-03  1.333095E-03  7.719530E+01
    15.4000    9.506545E-04  1.163931E-03  7.758404E+01
    15.4500    5.373209E-04  1.017828E-03  7.798368E+01
    15.5000    1.332657E-04  8.994108E-04  7.839110E+01
    15.5500   -2.085000E-04  8.115370E-04  7.879965E+01
    15.6000   -4.626430E-04  7.549677E-04  7.919941E+01
    15.6500   -6.285296E-04  7.287315E-04  7.958000E+01
    15.7000   -7.198746E-04  7.311250E-04  7.993496E+01
    15.7500   -7.515808E-04  7.605862E-04  8.026465E+01
    15.8000   -7.291001E-04  8.156791E-04  8.057553E+01
    15.8500   -6.445038E-04  8.943153E-04  8.087664E+01
    15.9000   -4.807974E-04  9.929946E-04  8.117597E+01
    15.9500   -2.228099E-04  1.106601E-03  8.147868E+01
    16.0000    1.304381E-04  1.229019E-03  8.178774E+01
    16.0500    5.550945E-04  1.353724E-03  8.210392E+01
    16.1000    9.974551E-04  1.472777E-03  8.242544E+01
    16.1500    1.385029E-03  1.578793E-03  8.275156E+01
    16.2000    1.640654E-03  1.664910E-03  8.308130E+01
    16.2500    1.702699E-03  1.725144E-03  8.341369E+01
    16.3000    1.543607E-03  1.754679E-03  8.374775E+01
    16.3500    1.180695E-03  1.750106E-03  8.408252E+01
    16.4000    6.751916E-04  1.709592E-03  8.441700E+01
    16.4500    1.190314E-04  1.632982E-03  8.475004E+01
    16.5000   -3.872438E-04  1.521835E-03  8.508029E+01
    16.5500   -7.592470E-04  1.379396E-03  8.540587E+01
    16.6000   -9.489897E-04  1.210507E-03  8.572402E+01
    16.6500   -9.547249E-04  1.021505E-03  8.603021E+01
    16.7000   -8.176921E-04  8.201696E-04  8.631605E+01
    16.7500   -6.071142E-04  6.159974E-04  8.656383E+01
    16.8000   -3.983958E-04  4.218557E-04  8.672886E+01
    16.8500   -2.514623E-04  2.621448E-04  8.668026E+01
    16.9000   -1.959017E-04  1.989319E-04  8.621903E+01
    16.9500   -2.271394E-04  2.624075E-04  8.586935E+01
    17.0000   -3.135935E-04  3.608876E-04  8.587608E+01
    17.0500   -4.141522E-04  4.464851E-04  8.601089E+01
    17.1000   -4.966641E-04  5.082251E-04  8.618009E+01
    17.1500   -5.470388E-04  5.478047E-04  8.634091E+01
    17.2000   -5.741914E-04  5.758794E-04  8.647038E+01
    17.2500   -6.028927E-04  6.115012E-04  8.656179E+01
    17.3000   -6.587318E-04  6.780128E-04  8.663285E+01
    17.3500   -7.509509E-04  7.928660E-04  8.672041E+01
    17.4000   -8.600517E-04  9.596538E-04  8.685344E+01
    17.4500   -9.358001E-04  1.170483E-03  8.703813E+01
    17.5000   -9.078997E-04  1.412677E-03  8.726660E+01
    17.5500   -7.072337E-04  1.672823E-03  8.752809E+01
    17.6000   -2.916030E-04  1.938103E-03  8.781356E+01
    17.6500    3.323077E-04  2.196600E-03  8.811646E+01
    17.7000    1.098611E-03  2.437403E-03  8.843218E+01
    17.7500    1.888405E-03  2.650747E-03  8.875751E+01
    17.8000    2.552553E-03  2.828194E-03  8.909022E+01
    17.8500    2.945985E-03  2.962830E-03  8.942871E+01
    17.9000    2.964606E-03  3.049440E-03  8.977182E+01
    17.9500    2.574524E-03  3.084654E-03  9.011874E+01
    18.0000    1.823552E-03  3.067208E-03  9.046950E+01
    18.0500    8.328861E-04  2.998010E-03  9.082467E+01
    18.1000   -2.196857E-04  2.879234E-03  9.118256E+01
    18.1500   -1.149199E-03  2.715246E-03  9.154320E+01
    18.2000   -1.803183E-03  2.512050E-03  9.190684E+01
    18.2500   -2.094657E-03  2.277053E-03  9.227401E+01
    18.3000   -2.017807E-03  2.018798E-03  9.264566E+01
    18.3500   -1.642893E-03  1.746674E-03  9.302343E+01
    18.4000   -1.092796E-03  1.470636E-03  9.341012E+01
    18.4500   -5.085556E-04  1.200989E-03  9.381053E+01
    18.5000   -1.390918E-05  9.483235E-04  9.423311E+01
    18.5500    3.115378E-04  7.237814E-04  9.469275E+01
    18.6000    4.439961E-04  5.397952E-04  9.521362E+01
    18.6500    4.104170E-04  4.104182E-04  9.582099E+01
    18.7000    2.700784E-04  3.455922E-04  9.649231E+01
    18.7500    8.994281E-05  3.356968E-04  9.711813E+01
    18.8000   -7.784397E-05  3.539514E-04  9.761111E+01
    18.8500   -2.093805E-04  3.817462E-04  9.796992E+01
    18.9000   -3.099554E-04  4.176889E-04  9.822553E+01
    18.9500   -4.035079E-04  4.711905E-04  9.841755E+01
    19.0000   -5.163695E-04  5.538723E-04  9.859006E+01
    19.0500   -6.609765E-04  6.719717E-04  9.877902E+01
    19.1000   -8.181001E-04  8.187707E-04  9.900064E+01
    19.1500   -9.441005E-04  9.861050E-04  9.925309E+01
    19.2000   -9.808340E-04  1.164546E-03  9.952953E+01
    19.2500   -8.743394E-04  1.344803E-03  9.982317E+01
    19.3000   -5.945126E-04  1.518297E-03  1.001286E+02
    19.3500   -1.491530E-04  1.677447E-03  1.004419E+02
    19.4000    4.124555E-04  1.815872E-03  1.007601E+02
    19.4500    1.007928E-03  1.928559E-03  1.010809E+02
    19.5000    1.539854E-03  2.011993E-03  1.014025E+02
    19.5500    1.918314E-03  2.064248E-03  1.017235E+02
    19.6000    2.081344E-03  2.085010E-03  1.020425E+02
    19.6500    2.007674E-03  2.075550E-03  1.023582E+02
    19.7000    1.718660E-03  2.038611E-03  1.026696E+02
    19.7500    1.269699E-03  1.978217E-03  1.029757E+02
    19.8000    7.345426E-04  1.899395E-03  1.032755E+02
    19.8500    1.877099E-04  1.807789E-03  1.035685E+02
    19.9000   -3.097869E-04  1.709170E-03  1.038548E+02
    19.9500   -7.178901E-04  1.608855E-03  1.041351E+02