# # tequil.ion_motion                                            FEFF 9.05   
# # POT  SCF  30  5.5000   1, core-hole, AFOLP (folp(0)= 1.150)
# # Abs   Z=30 Rmt= 1.328 Rnm= 1.409 K  shell
# # Pot 1 Z=26 Rmt= 1.305 Rnm= 1.395
# # Pot 2 Z= 8 Rmt= 1.008 Rnm= 1.087
# # Gam_ch=1.897E+00 H-L exch
# # Mu=-1.188E+01 kf=2.193E+00 Vint=-1.895E+01 Rs_int= 1.653
# # PATH  Rmax= 8.500,  Keep_limit= 0.00, Heap_limit 0.00  Pwcrit= 2.50%
#  S02=1.000                                        Global_sig2= 0.00000
#  Energy zero shift, vr, vi   -2.00000E+00   0.00000E+00
#  Curved wave amplitude ratio filter   4.000%
#     file         sig2 tot  cw amp ratio   deg  nlegs   reff  inp sig2
#           1       0.00000    100.00      1.00     2   1.9818
#           2       0.00000     99.55      1.00     2   1.9852
#           3       0.00000     96.90      1.00     2   2.0061
#           4       0.00000     77.11      1.00     2   2.1916
#           5       0.00000     75.88      1.00     2   2.2052
#           6       0.00000     75.17      1.00     2   2.2132
#           7       0.00000     33.45      1.00     2   2.9632
#           8       0.00000     33.06      1.00     2   2.9784
#           9       0.00000     32.10      1.00     2   3.0166
#          10       0.00000     29.85      1.00     2   3.1125
#          11       0.00000     27.57      1.00     2   3.2198
#          12       0.00000     26.54      1.00     2   3.2724
#          13       0.00000     23.80      1.00     2   3.4130
#          14       0.00000     12.39      2.00     3   3.4594
#          15       0.00000     23.18      1.00     2   3.4630
#          16       0.00000     13.80      2.00     3   3.4812
#          17       0.00000     22.51      1.00     2   3.4829
#          18       0.00000     22.13      1.00     2   3.5044
#          19       0.00000     13.08      2.00     3   3.5055
#          20       0.00000     11.23      2.00     3   3.5134
#          21       0.00000      7.90      2.00     3   3.5203
#          22       0.00000     12.06      2.00     3   3.5430
#          23       0.00000     21.26      1.00     2   3.5550
#          24       0.00000      7.55      2.00     3   3.5560
#          25       0.00000     11.67      2.00     3   3.5563
#          26       0.00000      9.11      2.00     3   3.5738
#          27       0.00000      7.48      2.00     3   3.5765
#          28       0.00000     16.01      2.00     3   3.5844
#          29       0.00000      9.44      2.00     3   3.5856
#          30       0.00000      8.93      2.00     3   3.5877
#          31       0.00000     20.67      1.00     2   3.5912
#          32       0.00000     17.40      2.00     3   3.5942
#          33       0.00000     20.57      1.00     2   3.5977
#          34       0.00000      8.77      2.00     3   3.6053
#          35       0.00000     11.13      2.00     3   3.6136
#          36       0.00000      9.17      2.00     3   3.6174
#          37       0.00000      8.42      2.00     3   3.6194
#          38       0.00000      7.97      2.00     3   3.6277
#          39       0.00000      8.24      2.00     3   3.6315
#          40       0.00000      7.68      2.00     3   3.6350
#          41       0.00000      7.27      2.00     3   3.6402
#          42       0.00000      8.99      2.00     3   3.6905
#          43       0.00000     18.99      1.00     2   3.7586
#          44       0.00000     18.98      1.00     2   3.7596
#          45       0.00000     18.65      1.00     2   3.7857
#          46       0.00000     17.74      1.00     2   3.7920
#          47       0.00000     18.49      1.00     2   3.7992
#          48       0.00000     13.17      2.00     3   3.8115
#          49       0.00000     17.69      1.00     2   3.8675
#          50       0.00000     16.43      1.00     2   3.8957
#          51       0.00000     18.58      2.00     3   3.9041
#          52       0.00000      4.89      1.00     4   3.9161
#          53       0.00000     16.18      1.00     2   3.9173
#          54       0.00000     17.84      2.00     3   3.9458
#          55       0.00000      5.89      1.00     4   3.9457
#          56       0.00000      4.90      1.00     4   3.9490
#          57       0.00000     16.76      1.00     2   3.9510
#          58       0.00000     15.74      2.00     3   3.9607
#          59       0.00000      9.79      1.00     4   3.9636
#          60       0.00000      9.70      1.00     4   3.9705
#          61       0.00000     14.30      2.00     3   3.9764
#          62       0.00000     10.23      2.00     3   3.9901
#          63       0.00000      9.17      1.00     4   4.0121
#          64       0.00000     10.20      2.00     3   4.0377
#          65       0.00000      8.49      1.00     4   4.0487
#          66       0.00000     14.11      2.00     3   4.0535
#          67       0.00000      8.14      1.00     4   4.0923
#          68       0.00000      8.96      2.00     3   4.0983
#          69       0.00000      4.46      1.00     4   4.1146
#          70       0.00000      9.18      2.00     3   4.1197
#          71       0.00000      6.19      1.00     4   4.1357
#          72       0.00000     23.73      2.00     3   4.1462
#          73       0.00000     23.86      2.00     3   4.1581
#          75       0.00000     24.66      2.00     3   4.1663
#          76       0.00000      8.50      2.00     3   4.1875
#          77       0.00000     19.71      2.00     4   4.1905
#          78       0.00000      4.82      1.00     4   4.1942
#          79       0.00000      8.35      2.00     3   4.1951
#          80       0.00000     21.56      2.00     4   4.1950
#          81       0.00000     20.09      2.00     4   4.1976
#          82       0.00000      4.37      1.00     4   4.2183
#          83       0.00000      7.43      2.00     3   4.2263
#          84       0.00000      5.68      1.00     4   4.2395
#          85       0.00000     12.74      1.00     2   4.2560
#          86       0.00000      7.57      2.00     3   4.2562
#          88       0.00000      7.38      2.00     3   4.2730
#          89       0.00000     12.58      1.00     2   4.2748
#          90       0.00000     12.12      1.00     2   4.3296
#          91       0.00000      5.74      1.00     4   4.3831
#          92       0.00000      5.55      1.00     4   4.4104
#          93       0.00000      6.79      2.00     3   4.4196
#          94       0.00000      7.40      2.00     3   4.4266
#          95       0.00000      5.45      1.00     4   4.4265
#          96       0.00000     11.34      1.00     2   4.4287
#          97       0.00000      7.38      2.00     3   4.4426
#          98       0.00000     11.22      1.00     2   4.4458
#          99       0.00000     11.20      1.00     2   4.4477
#         100       0.00000     10.79      1.00     2   4.5041
#         101       0.00000     10.77      1.00     2   4.5076
#         102       0.00000      5.67      2.00     3   4.5083
#         103       0.00000      5.62      2.00     3   4.5162
#         104       0.00000     10.65      1.00     2   4.5250
#         105       0.00000     21.89      2.00     3   4.5286
#         106       0.00000     10.52      1.00     2   4.5433
#         108       0.00000      5.68      2.00     3   4.5581
#         109       0.00000     17.46      2.00     3   4.5640
#         111       0.00000      5.63      2.00     3   4.5763
#         112       0.00000      5.06      2.00     3   4.5788
#         113       0.00000     25.23      2.00     3   4.5806
#         114       0.00000     20.57      2.00     3   4.5901
#         116       0.00000     15.95      2.00     3   4.6006
#         117       0.00000      9.50      2.00     3   4.6004
#         119       0.00000     13.05      1.00     4   4.6114
#         120       0.00000     16.37      1.00     4   4.6179
#         121       0.00000     10.01      1.00     2   4.6205
#         122       0.00000      5.14      2.00     3   4.6206
#         123       0.00000      9.99      1.00     2   4.6227
#         124       0.00000     19.18      2.00     3   4.6227
#         125       0.00000      4.73      2.00     3   4.6297
#         126       0.00000      8.31      2.00     3   4.6294
#         127       0.00000      5.01      2.00     3   4.6491
#         128       0.00000     12.08      1.00     4   4.6762
#         129       0.00000      7.27      2.00     3   4.6772
#         130       0.00000      7.31      2.00     3   4.6893
#         131       0.00000      9.55      1.00     2   4.6936
#         132       0.00000      9.43      1.00     4   4.6994
#         133       0.00000      7.69      2.00     3   4.7124
#         134       0.00000      9.39      1.00     2   4.7203
#         135       0.00000     10.99      1.00     4   4.7204
#         136       0.00000      9.37      1.00     2   4.7229
#         137       0.00000     11.68      2.00     3   4.7275
#         138       0.00000      4.17      2.00     3   4.7393
#         139       0.00000      6.93      2.00     3   4.7504
#         140       0.00000      8.32      1.00     4   4.7536
#         141       0.00000      9.18      1.00     2   4.7566
#         142       0.00000      9.17      1.00     2   4.7575
#         144       0.00000      4.08      2.00     3   4.7809
#         145       0.00000      8.84      1.00     2   4.8163
#         146       0.00000      7.26      2.00     3   4.8425
#         147       0.00000      4.04      2.00     3   4.8432
#         150       0.00000      5.77      2.00     3   4.8550
#         151       0.00000      9.97      2.00     3   4.8647
#         152       0.00000      9.71      2.00     3   4.8691
#         153       0.00000      6.30      2.00     3   4.8699
#         155       0.00000      5.10      2.00     3   4.9231
#         157       0.00000     10.12      2.00     3   4.9419
#         159       0.00000      5.36      1.00     4   4.9473
#         160       0.00000      8.09      1.00     2   4.9608
#         161       0.00000      4.15      2.00     4   4.9637
#         162       0.00000      6.60      2.00     3   4.9683
#         163       0.00000     20.18      2.00     3   4.9715
#         164       0.00000      9.11      1.00     2   4.9789
#         165       0.00000      8.15      2.00     3   4.9804
#         166       0.00000     12.87      1.00     4   4.9821
#         167       0.00000      8.59      2.00     3   4.9852
#         170       0.00000      8.76      2.00     3   5.0099
#         172       0.00000      7.99      2.00     3   5.0378
#         173       0.00000      8.75      2.00     3   5.0587
#         174       0.00000      8.59      1.00     2   5.0860
#         175       0.00000      8.57      1.00     2   5.0908
#         176       0.00000      8.56      1.00     2   5.0932
#         179       0.00000      8.54      1.00     2   5.0978
#         182       0.00000      4.33      1.00     4   5.1067
#         183       0.00000      4.21      1.00     4   5.1178
#         184       0.00000      4.55      1.00     4   5.1609
#         185       0.00000      7.32      2.00     3   5.1618
#         186       0.00000      7.14      1.00     2   5.1679
#         188       0.00000     17.68      2.00     3   5.1729
#         190       0.00000     11.10      1.00     4   5.1780
#         191       0.00000      8.07      1.00     2   5.2015
#         192       0.00000      4.01      2.00     3   5.2023
#         193       0.00000      6.84      1.00     2   5.2389
#         194       0.00000      8.11      2.00     3   5.2399
#         195       0.00000     16.60      2.00     3   5.2467
#         198       0.00000     10.26      1.00     4   5.2546
#         200       0.00000      7.03      2.00     3   5.2593
#         202       0.00000      6.55      2.00     3   5.2662
#         204       0.00000      6.71      1.00     2   5.2724
#         206       0.00000      6.01      2.00     3   5.2809
#         207       0.00000      6.32      2.00     3   5.2904
#         210       0.00000      5.69      2.00     3   5.3345
#         211       0.00000      5.60      2.00     3   5.3414
#         213       0.00000      6.17      2.00     3   5.3528
#         215       0.00000      6.17      2.00     3   5.3658
#         216       0.00000      6.35      1.00     2   5.3664
#         217       0.00000      5.87      2.00     3   5.3669
#         218       0.00000      6.30      1.00     2   5.3825
#         219       0.00000      4.43      2.00     3   5.3833
#         220       0.00000      7.30      1.00     2   5.3874
#         222       0.00000      6.27      1.00     2   5.3889
#         227       0.00000      5.84      2.00     3   5.4193
#         229       0.00000      7.03      2.00     3   5.4248
#         232       0.00000      4.89      2.00     3   5.4432
#         233       0.00000      7.07      1.00     2   5.4510
#         234       0.00000      7.04      1.00     2   5.4574
#         236       0.00000      5.97      1.00     2   5.4751
#         238       0.00000      5.92      1.00     2   5.4894
#         240       0.00000      6.90      2.00     3   5.5090
#         242       0.00000      5.47      2.00     3   5.5180
#         245       0.00000      6.77      1.00     2   5.5326
#         247       0.00000      6.74      1.00     2   5.5409
#         248       0.00000      5.59      2.00     3   5.5446
#         250       0.00000      7.04      2.00     3   5.5629
#         251       0.00000      5.01      2.00     3   5.5671
#         252       0.00000      6.76      2.00     3   5.5750
#         253       0.00000      4.27      2.00     3   5.5792
#         257       0.00000      6.94      2.00     3   5.5940
#         258       0.00000      6.52      1.00     2   5.6038
#         259       0.00000      5.52      1.00     2   5.6151
#         260       0.00000      4.69      2.00     3   5.6297
#         262       0.00000      5.06      2.00     3   5.6409
#         263       0.00000      7.51      2.00     3   5.6456
#         264       0.00000      7.50      2.00     3   5.6537
#         266       0.00000      5.59      2.00     3   5.6725
#         267       0.00000      4.00      2.00     3   5.6740
#         270       0.00000      5.33      1.00     2   5.6775
#         271       0.00000      4.26      2.00     3   5.6775
#         273       0.00000      6.84      2.00     3   5.6816
#         274       0.00000      5.54      2.00     3   5.6900
#         275       0.00000      5.58      2.00     3   5.6918
#         277       0.00000      5.28      1.00     2   5.6932
#         278       0.00000      4.66      2.00     3   5.7087
#         279       0.00000      5.30      2.00     3   5.7110
#         282       0.00000      5.90      2.00     3   5.7368
#         284       0.00000      4.06      2.00     3   5.7430
#         285       0.00000      6.26      2.00     3   5.7439
#         289       0.00000      6.02      1.00     2   5.7599
#         297       0.00000      4.97      1.00     2   5.8031
#         298       0.00000      4.82      2.00     3   5.8026
#         302       0.00000      5.85      1.00     2   5.8173
#         303       0.00000      5.85      1.00     2   5.8186
#         304       0.00000      4.39      2.00     3   5.8202
#         309       0.00000     10.23      2.00     3   5.8460
#         312       0.00000      4.84      1.00     2   5.8529
#         313       0.00000      6.63      2.00     3   5.8597
#         314       0.00000      4.49      2.00     3   5.8620
#         315       0.00000      4.80      1.00     2   5.8661
#         318       0.00000      4.98      1.00     4   5.8733
#         320       0.00000      4.39      2.00     4   5.8833
#         328       0.00000      4.35      2.00     3   5.9052
#         329       0.00000      4.54      2.00     3   5.9080
#         331       0.00000      5.23      2.00     3   5.9090
#         334       0.00000      4.36      2.00     3   5.9260
#         336       0.00000      5.53      1.00     2   5.9281
#         337       0.00000      4.64      1.00     2   5.9285
#   245/ 323 paths used
#  -----------------------------------------------------------------------
#       k          chi          mag           phase @#
    -0.7000   -3.412137E-01  3.412704E-01 -1.552570E+00
    -0.6500   -3.271438E-01  3.294702E-01 -1.689703E+00
    -0.6000   -3.321197E-01  3.402386E-01 -1.789693E+00
    -0.5500   -3.484760E-01  3.621522E-01 -1.846491E+00
    -0.5000   -3.700801E-01  3.871348E-01 -1.868726E+00
    -0.4500   -3.939540E-01  4.121816E-01 -1.869299E+00
    -0.4000   -4.168577E-01  4.346690E-01 -1.858058E+00
    -0.3500   -4.393630E-01  4.556644E-01 -1.839088E+00
    -0.3000   -4.588767E-01  4.733048E-01 -1.818344E+00
    -0.2500   -4.751637E-01  4.877413E-01 -1.798389E+00
    -0.2000   -4.882267E-01  4.991885E-01 -1.780750E+00
    -0.1500   -4.988770E-01  5.084639E-01 -1.765292E+00
    -0.1000   -5.065552E-01  5.151363E-01 -1.753577E+00
    -0.0500   -5.111029E-01  5.190869E-01 -1.746412E+00
     0.0000   -5.126083E-01  5.203948E-01 -1.744003E+00
     0.0500   -5.141083E-01  5.216983E-01 -1.741583E+00
     0.1000   -5.185752E-01  5.255818E-01 -1.734265E+00
     0.1500   -5.259042E-01  5.319641E-01 -1.721881E+00
     0.2000   -5.359048E-01  5.407085E-01 -1.704192E+00
     0.2500   -5.482804E-01  5.516226E-01 -1.680933E+00
     0.3000   -5.626068E-01  5.644602E-01 -1.651857E+00
     0.3500   -5.787030E-01  5.792996E-01 -1.616185E+00
     0.4000   -5.969136E-01  5.969139E-01 -1.571882E+00
     0.4500   -6.148750E-01  6.156417E-01 -1.520884E+00
     0.5000   -6.314017E-01  6.350668E-01 -1.463308E+00
     0.5500   -6.457694E-01  6.555395E-01 -1.397932E+00
     0.6000   -6.568800E-01  6.775616E-01 -1.323086E+00
     0.6500   -6.616543E-01  6.990991E-01 -1.242021E+00
     0.7000   -6.586919E-01  7.203296E-01 -1.154101E+00
     0.7500   -6.464609E-01  7.424513E-01 -1.056647E+00
     0.8000   -6.223171E-01  7.629337E-01 -9.539203E-01
     0.8500   -5.849680E-01  7.827612E-01 -8.440098E-01
     0.9000   -5.327115E-01  8.019163E-01 -7.265544E-01
     0.9500   -4.654533E-01  8.184844E-01 -6.048966E-01
     1.0000   -3.815833E-01  8.346086E-01 -4.748446E-01
     1.0500   -2.831805E-01  8.479983E-01 -3.404804E-01
     1.1000   -1.713583E-01  8.591975E-01 -2.007864E-01
     1.1500   -4.780765E-02  8.684422E-01 -5.507773E-02
     1.2000    8.173761E-02  8.741998E-01  9.363670E-02
     1.2500    2.168850E-01  8.784822E-01  2.494655E-01
     1.3000    3.485394E-01  8.789409E-01  4.077500E-01
     1.3500    4.744850E-01  8.770823E-01  5.716032E-01
     1.4000    5.871009E-01  8.718095E-01  7.388361E-01
     1.4500    6.817473E-01  8.634367E-01  9.101148E-01
     1.5000    7.536581E-01  8.519746E-01  1.085639E+00
     1.5500    7.978104E-01  8.368859E-01  1.264008E+00
     1.6000    8.126912E-01  8.189182E-01  1.447398E+00
     1.6500    7.954739E-01  7.969929E-01  1.632545E+00
     1.7000    7.477588E-01  7.722470E-01  1.823301E+00
     1.7500    6.713222E-01  7.435854E-01  2.015315E+00
     1.8000    5.703064E-01  7.118689E-01  2.212396E+00
     1.8500    4.515592E-01  6.765911E-01  2.410876E+00
     1.9000    3.205008E-01  6.382898E-01  2.615539E+00
     1.9500    1.871920E-01  5.967551E-01  2.822523E+00
     2.0000    6.208227E-02  5.523426E-01  3.028957E+00
     2.0500   -4.670301E-02  5.056620E-01  3.234085E+00
     2.1000   -1.339472E-01  4.559339E-01  3.439778E+00
     2.1500   -1.944964E-01  4.033849E-01  3.644712E+00
     2.2000   -2.262380E-01  3.505863E-01  3.843026E+00
     2.2500   -2.319226E-01  2.985248E-01  4.031313E+00
     2.3000   -2.156489E-01  2.469824E-01  4.203189E+00
     2.3500   -1.817661E-01  1.950460E-01  4.341248E+00
     2.4000   -1.431198E-01  1.493090E-01  4.423455E+00
     2.4500   -1.081154E-01  1.131004E-01  4.414384E+00
     2.5000   -8.289495E-02  9.085610E-02  4.290645E+00
     2.5500   -7.182321E-02  8.523332E-02  4.143808E+00
     2.6000   -6.962273E-02  8.954815E-02  4.032256E+00
     2.6500   -7.560751E-02  9.970645E-02  4.002296E+00
     2.7000   -8.799406E-02  1.118322E-01  4.047264E+00
     2.7500   -1.016273E-01  1.221990E-01  4.123673E+00
     2.8000   -1.171625E-01  1.324546E-01  4.227118E+00
     2.8500   -1.330804E-01  1.422548E-01  4.351284E+00
     2.9000   -1.476011E-01  1.513102E-01  4.490516E+00
     2.9500   -1.591768E-01  1.596037E-01  4.639237E+00
     3.0000   -1.664273E-01  1.670143E-01  4.796256E+00
     3.0500   -1.681916E-01  1.734951E-01  4.960282E+00
     3.1000   -1.636443E-01  1.790464E-01  5.130206E+00
     3.1500   -1.525685E-01  1.838196E-01  5.304094E+00
     3.2000   -1.347494E-01  1.877622E-01  5.482749E+00
     3.2500   -1.103201E-01  1.906502E-01  5.666110E+00
     3.3000   -8.022882E-02  1.924169E-01  5.853095E+00
     3.3500   -4.594501E-02  1.934383E-01  6.043376E+00
     3.4000   -8.892509E-03  1.937158E-01  6.237264E+00
     3.4500    2.906299E-02  1.929551E-01  6.434381E+00
     3.5000    6.576133E-02  1.911063E-01  6.634475E+00
     3.5500    9.912904E-02  1.883483E-01  6.837437E+00
     3.6000    1.271915E-01  1.847033E-01  7.042778E+00
     3.6500    1.480645E-01  1.799315E-01  7.249671E+00
     3.7000    1.605577E-01  1.740617E-01  7.457482E+00
     3.7500    1.642622E-01  1.672149E-01  7.665777E+00
     3.8000    1.594974E-01  1.595292E-01  7.873949E+00
     3.8500    1.472048E-01  1.510720E-01  8.080734E+00
     3.9000    1.290218E-01  1.420200E-01  8.285155E+00
     3.9500    1.070127E-01  1.326843E-01  8.486534E+00
     4.0000    8.323519E-02  1.233694E-01  8.684243E+00
     4.0500    5.944047E-02  1.140518E-01  8.876556E+00
     4.1000    3.718980E-02  1.049466E-01  9.062539E+00
     4.1500    1.753422E-02  9.627846E-02  9.241636E+00
     4.2000    9.788038E-04  8.824868E-02  9.413686E+00
     4.2500   -1.241254E-02  8.095193E-02  9.578717E+00
     4.3000   -2.296584E-02  7.445511E-02  9.738343E+00
     4.3500   -3.111459E-02  6.873721E-02  9.894524E+00
     4.4000   -3.721779E-02  6.374747E-02  1.004822E+01
     4.4500   -4.164700E-02  5.932399E-02  1.020302E+01
     4.5000   -4.454424E-02  5.530354E-02  1.036121E+01
     4.5500   -4.589456E-02  5.152071E-02  1.052388E+01
     4.6000   -4.563709E-02  4.787364E-02  1.068870E+01
     4.6500   -4.379443E-02  4.421613E-02  1.085735E+01
     4.7000   -4.045567E-02  4.047736E-02  1.102832E+01
     4.7500   -3.589748E-02  3.665155E-02  1.119877E+01
     4.8000   -3.070032E-02  3.288689E-02  1.136228E+01
     4.8500   -2.525618E-02  2.911963E-02  1.151657E+01
     4.9000   -2.012288E-02  2.547155E-02  1.165554E+01
     4.9500   -1.576600E-02  2.210790E-02  1.177241E+01
     5.0000   -1.254170E-02  1.932253E-02  1.186001E+01
     5.0500   -1.033604E-02  1.714419E-02  1.191925E+01
     5.1000   -8.949990E-03  1.567473E-02  1.195867E+01
     5.1500   -8.023135E-03  1.488386E-02  1.199706E+01
     5.2000   -7.156624E-03  1.466590E-02  1.205660E+01
     5.2500   -5.962362E-03  1.465545E-02  1.214738E+01
     5.3000   -4.263452E-03  1.459499E-02  1.226993E+01
     5.3500   -2.105114E-03  1.428777E-02  1.241850E+01
     5.4000    2.636193E-04  1.367135E-02  1.258565E+01
     5.4500    2.440157E-03  1.263216E-02  1.276076E+01
     5.5000    3.994916E-03  1.116103E-02  1.293243E+01
     5.5500    4.589974E-03  9.303210E-03  1.308234E+01
     5.6000    4.115853E-03  7.246712E-03  1.317040E+01
     5.6500    2.702223E-03  5.274152E-03  1.310429E+01
     5.7000    7.516870E-04  4.283510E-03  1.274277E+01
     5.7500   -1.139659E-03  5.359630E-03  1.235210E+01
     5.8000   -2.249856E-03  7.860481E-03  1.227609E+01
     5.8500   -2.025247E-03  1.083216E-02  1.237830E+01
     5.9000   -1.205476E-04  1.389238E-02  1.255769E+01
     5.9500    3.482933E-03  1.685421E-02  1.277452E+01
     6.0000    8.557581E-03  1.961544E-02  1.301782E+01
     6.0500    1.432010E-02  2.206371E-02  1.327268E+01
     6.1000    1.986364E-02  2.412389E-02  1.353375E+01
     6.1500    2.427570E-02  2.574087E-02  1.379814E+01
     6.2000    2.680436E-02  2.687680E-02  1.406373E+01
     6.2500    2.700927E-02  2.751214E-02  1.432866E+01
     6.3000    2.484711E-02  2.764676E-02  1.459109E+01
     6.3500    2.067161E-02  2.730129E-02  1.484900E+01
     6.4000    1.514774E-02  2.651871E-02  1.509998E+01
     6.4500    9.099543E-03  2.536641E-02  1.534106E+01
     6.5000    3.260977E-03  2.401901E-02  1.557178E+01
     6.5500   -1.742358E-03  2.254099E-02  1.578534E+01
     6.6000   -5.598603E-03  2.107066E-02  1.597690E+01
     6.6500   -8.358759E-03  1.979401E-02  1.614393E+01
     6.7000   -1.036520E-02  1.890734E-02  1.628819E+01
     6.7500   -1.211376E-02  1.857489E-02  1.641839E+01
     6.8000   -1.407360E-02  1.887321E-02  1.654954E+01
     6.8500   -1.651249E-02  1.976066E-02  1.669723E+01
     6.9000   -1.937479E-02  2.110057E-02  1.687151E+01
     6.9500   -2.224776E-02  2.271664E-02  1.707523E+01
     7.0000   -2.444834E-02  2.446058E-02  1.731040E+01
     7.0500   -2.506238E-02  2.616427E-02  1.757001E+01
     7.1000   -2.333108E-02  2.771388E-02  1.784884E+01
     7.1500   -1.883568E-02  2.903488E-02  1.814365E+01
     7.2000   -1.164935E-02  3.007887E-02  1.845186E+01
     7.2500   -2.401992E-03  3.081965E-02  1.877154E+01
     7.3000    7.781051E-03  3.124967E-02  1.910120E+01
     7.3500    1.746028E-02  3.137671E-02  1.943969E+01
     7.4000    2.514811E-02  3.122058E-02  1.978607E+01
     7.4500    2.960277E-02  3.080987E-02  2.013951E+01
     7.5000    3.006039E-02  3.016015E-02  2.050171E+01
     7.5500    2.639523E-02  2.931811E-02  2.087068E+01
     7.6000    1.924128E-02  2.833013E-02  2.124450E+01
     7.6500    9.822620E-03  2.723122E-02  2.162212E+01
     7.7000   -2.887986E-04  2.604960E-02  2.200224E+01
     7.7500   -9.480527E-03  2.480482E-02  2.238333E+01
     7.8000   -1.640630E-02  2.350706E-02  2.276365E+01
     7.8500   -2.022585E-02  2.215786E-02  2.314125E+01
     7.9000   -2.072832E-02  2.075217E-02  2.351400E+01
     7.9500   -1.831754E-02  1.928168E-02  2.387952E+01
     8.0000   -1.383401E-02  1.773120E-02  2.423774E+01
     8.0500   -8.398629E-03  1.611289E-02  2.458444E+01
     8.1000   -3.134513E-03  1.444007E-02  2.491393E+01
     8.1500    1.110027E-03  1.273504E-02  2.522002E+01
     8.2000    3.898438E-03  1.104381E-02  2.549351E+01
     8.2500    5.242675E-03  9.449020E-03  2.572091E+01
     8.3000    5.526684E-03  8.088410E-03  2.588499E+01
     8.3500    5.344850E-03  7.164038E-03  2.597488E+01
     8.4000    5.302725E-03  6.884240E-03  2.601201E+01
     8.4500    5.833578E-03  7.304723E-03  2.605771E+01
     8.5000    7.064919E-03  8.240592E-03  2.616280E+01
     8.5500    8.806883E-03  9.451671E-03  2.633203E+01
     8.6000    1.062228E-02  1.074895E-02  2.654987E+01
     8.6500    1.193890E-02  1.199525E-02  2.680051E+01
     8.7000    1.221796E-02  1.309906E-02  2.707241E+01
     8.7500    1.110681E-02  1.399843E-02  2.735791E+01
     8.8000    8.541165E-03  1.465163E-02  2.765198E+01
     8.8500    4.772944E-03  1.503217E-02  2.795123E+01
     8.9000    3.192899E-04  1.512606E-02  2.825322E+01
     8.9500   -4.151678E-03  1.493027E-02  2.855612E+01
     9.0000   -7.959410E-03  1.445812E-02  2.885731E+01
     9.0500   -1.058835E-02  1.372886E-02  2.915513E+01
     9.1000   -1.177089E-02  1.276244E-02  2.944834E+01
     9.1500   -1.151802E-02  1.158884E-02  2.973452E+01
     9.2000   -1.010555E-02  1.024459E-02  3.001008E+01
     9.2500   -7.996506E-03  8.773319E-03  3.026911E+01
     9.3000   -5.729074E-03  7.228624E-03  3.050094E+01
     9.3500   -3.797409E-03  5.683681E-03  3.068424E+01
     9.4000   -2.551879E-03  4.260670E-03  3.077375E+01
     9.4500   -2.138336E-03  3.211145E-03  3.068721E+01
     9.5000   -2.497142E-03  2.985290E-03  3.042509E+01
     9.5500   -3.357358E-03  3.664823E-03  3.025767E+01
     9.6000   -4.337301E-03  4.796527E-03  3.028629E+01
     9.6500   -5.041098E-03  6.053837E-03  3.043194E+01
     9.7000   -5.128406E-03  7.294577E-03  3.063626E+01
     9.7500   -4.380245E-03  8.454959E-03  3.087134E+01
     9.8000   -2.737416E-03  9.502418E-03  3.112371E+01
     9.8500   -3.075751E-04  1.041902E-02  3.138640E+01
     9.9000    2.656885E-03  1.119503E-02  3.165554E+01
     9.9500    5.803442E-03  1.182597E-02  3.192886E+01
    10.0000    8.764238E-03  1.233327E-02  3.220630E+01
    10.0500    1.116336E-02  1.272168E-02  3.248657E+01
    10.1000    1.266599E-02  1.297524E-02  3.276796E+01
    10.1500    1.307109E-02  1.309751E-02  3.305025E+01
    10.2000    1.231475E-02  1.309320E-02  3.333329E+01
    10.2500    1.047675E-02  1.296820E-02  3.361697E+01
    10.3000    7.767403E-03  1.272964E-02  3.390123E+01
    10.3500    4.496941E-03  1.238604E-02  3.418596E+01
    10.4000    1.031440E-03  1.194744E-02  3.447108E+01
    10.4500   -2.258035E-03  1.142551E-02  3.475646E+01
    10.5000   -5.045417E-03  1.083354E-02  3.504197E+01
    10.5500   -7.090774E-03  1.018641E-02  3.532747E+01
    10.6000   -8.265951E-03  9.500407E-03  3.561285E+01
    10.6500   -8.560790E-03  8.792893E-03  3.589804E+01
    10.7000   -8.069777E-03  8.081903E-03  3.618310E+01
    10.7500   -6.962853E-03  7.385617E-03  3.646830E+01
    10.8000   -5.447422E-03  6.721759E-03  3.675425E+01
    10.8500   -3.730221E-03  6.106986E-03  3.704203E+01
    10.9000   -1.987281E-03  5.556347E-03  3.733335E+01
    10.9500   -3.478094E-04  5.082943E-03  3.763063E+01
    11.0000    1.094603E-03  4.694372E-03  3.793445E+01
    11.0500    2.290566E-03  4.397268E-03  3.824702E+01
    11.1000    3.224676E-03  4.203433E-03  3.857350E+01
    11.1500    3.864428E-03  4.121191E-03  3.891505E+01
    11.2000    4.158088E-03  4.158088E-03  3.927018E+01
    11.2500    4.035318E-03  4.319552E-03  3.963470E+01
    11.3000    3.423450E-03  4.606903E-03  4.000299E+01
    11.3500    2.275854E-03  5.015891E-03  4.036976E+01
    11.4000    6.045220E-04  5.536545E-03  4.073130E+01
    11.4500   -1.493220E-03  6.154118E-03  4.108579E+01
    11.5000   -3.823485E-03  6.850437E-03  4.143284E+01
    11.5500   -6.106434E-03  7.605150E-03  4.177291E+01
    11.6000   -8.009810E-03  8.396725E-03  4.210675E+01
    11.6500   -9.200655E-03  9.203235E-03  4.243518E+01
    11.7000   -9.405423E-03  1.000303E-02  4.275891E+01
    11.7500   -8.465913E-03  1.077534E-02  4.307851E+01
    11.8000   -6.378618E-03  1.150085E-02  4.339439E+01
    11.8500   -3.308170E-03  1.216216E-02  4.370682E+01
    11.9000    4.290378E-04  1.274429E-02  4.401597E+01
    11.9500    4.408720E-03  1.323500E-02  4.432190E+01
    12.0000    8.180059E-03  1.364867E-02  4.462496E+01
    12.0500    1.132197E-02  1.398923E-02  4.492532E+01
    12.1000    1.345355E-02  1.422412E-02  4.522243E+01
    12.1500    1.434286E-02  1.435265E-02  4.551615E+01
    12.2000    1.391866E-02  1.437711E-02  4.580631E+01
    12.2500    1.227035E-02  1.430250E-02  4.609269E+01
    12.3000    9.623478E-03  1.413628E-02  4.637508E+01
    12.3500    6.297249E-03  1.388798E-02  4.665328E+01
    12.4000    2.653385E-03  1.356880E-02  4.692707E+01
    12.4500   -9.542456E-04  1.319107E-02  4.719629E+01
    12.5000   -4.221009E-03  1.276778E-02  4.746083E+01
    12.5500   -6.918712E-03  1.231194E-02  4.772063E+01
    12.6000   -8.906876E-03  1.183606E-02  4.797577E+01
    12.6500   -1.012963E-02  1.135154E-02  4.822643E+01
    12.7000   -1.060208E-02  1.086817E-02  4.847295E+01
    12.7500   -1.039133E-02  1.039365E-02  4.871582E+01
    12.8000   -9.596867E-03  9.933325E-03  4.895570E+01
    12.8500   -8.334250E-03  9.489958E-03  4.919336E+01
    12.9000   -6.723992E-03  9.063825E-03  4.942966E+01
    12.9500   -4.885769E-03  8.652947E-03  4.966549E+01
    13.0000   -2.938929E-03  8.269227E-03  4.990213E+01
    13.0500   -9.852743E-04  7.913438E-03  5.014065E+01
    13.1000    8.713923E-04  7.555736E-03  5.038107E+01
    13.1500    2.521685E-03  7.190011E-03  5.062382E+01
    13.2000    3.866261E-03  6.810614E-03  5.086917E+01
    13.2500    4.824959E-03  6.412798E-03  5.111717E+01
    13.3000    5.347082E-03  5.993032E-03  5.136771E+01
    13.3500    5.420509E-03  5.549232E-03  5.162047E+01
    13.4000    5.077095E-03  5.080887E-03  5.187491E+01
    13.4500    4.392254E-03  4.589113E-03  5.213024E+01
    13.5000    3.477631E-03  4.076665E-03  5.238526E+01
    13.5500    2.467126E-03  3.547913E-03  5.263814E+01
    13.6000    1.498042E-03  3.008857E-03  5.288593E+01
    13.6500    6.904225E-04  2.467262E-03  5.312345E+01
    13.7000    1.283625E-04  1.933237E-03  5.334063E+01
    13.7500   -1.529148E-04  1.421306E-03  5.351487E+01
    13.8000   -1.713353E-04  9.583918E-04  5.358682E+01
    13.8500    7.680903E-06  6.177883E-04  5.339464E+01
    13.9000    2.860328E-04  5.724684E-04  5.288388E+01
    13.9500    5.541113E-04  8.063455E-04  5.264946E+01
    14.0000    7.144662E-04  1.109158E-03  5.270716E+01
    14.0500    7.028139E-04  1.398039E-03  5.288034E+01
    14.1000    4.948403E-04  1.644803E-03  5.310149E+01
    14.1500    1.124895E-04  1.837796E-03  5.334583E+01
    14.2000   -3.817137E-04  1.970869E-03  5.360198E+01
    14.2500   -8.997262E-04  2.040976E-03  5.386360E+01
    14.3000   -1.348780E-03  2.047503E-03  5.412622E+01
    14.3500   -1.653096E-03  1.992121E-03  5.438585E+01
    14.4000   -1.771354E-03  1.878890E-03  5.463791E+01
    14.4500   -1.705705E-03  1.714595E-03  5.487600E+01
    14.5000   -1.500098E-03  1.509573E-03  5.508997E+01
    14.5500   -1.228350E-03  1.279722E-03  5.526218E+01
    14.6000   -9.749554E-04  1.051374E-03  5.536149E+01
    14.6500   -8.134463E-04  8.711027E-04  5.534374E+01
    14.7000   -7.877798E-04  8.087931E-04  5.520632E+01
    14.7500   -9.013836E-04  9.058826E-04  5.507758E+01
    14.8000   -1.116518E-03  1.121531E-03  5.507246E+01
    14.8500   -1.363920E-03  1.391598E-03  5.517765E+01
    14.9000   -1.560054E-03  1.674239E-03  5.534933E+01
    14.9500   -1.627418E-03  1.945889E-03  5.555810E+01
    15.0000   -1.514774E-03  2.192409E-03  5.578591E+01
    15.0500   -1.208119E-03  2.407492E-03  5.602297E+01
    15.1000   -7.210284E-04  2.587307E-03  5.626625E+01
    15.1500   -1.014516E-04  2.729305E-03  5.651149E+01
    15.2000    5.820091E-04  2.833624E-03  5.675553E+01
    15.2500    1.255475E-03  2.902893E-03  5.699592E+01
    15.3000    1.854562E-03  2.942041E-03  5.723069E+01
    15.3500    2.334831E-03  2.957997E-03  5.745838E+01
    15.4000    2.675679E-03  2.959230E-03  5.767813E+01
    15.4500    2.877472E-03  2.955037E-03  5.788984E+01
    15.5000    2.953638E-03  2.954566E-03  5.809440E+01
    15.5500    2.920768E-03  2.965661E-03  5.829368E+01
    15.6000    2.790101E-03  2.993728E-03  5.849042E+01
    15.6500    2.563053E-03  3.040948E-03  5.868771E+01
    15.7000    2.232029E-03  3.106115E-03  5.888848E+01
    15.7500    1.785981E-03  3.185122E-03  5.909500E+01
    15.8000    1.218729E-03  3.271925E-03  5.930858E+01
    15.8500    5.372362E-04  3.359646E-03  5.952966E+01
    15.9000   -2.328448E-04  3.441540E-03  5.975797E+01
    15.9500   -1.046190E-03  3.511697E-03  5.999277E+01
    16.0000   -1.845894E-03  3.566724E-03  6.023422E+01
    16.0500   -2.567811E-03  3.605754E-03  6.048281E+01
    16.1000   -3.135116E-03  3.624149E-03  6.073554E+01
    16.1500   -3.489652E-03  3.620208E-03  6.099168E+01
    16.2000   -3.592927E-03  3.593123E-03  6.125060E+01
    16.2500   -3.432044E-03  3.542807E-03  6.151177E+01
    16.3000   -3.021796E-03  3.469689E-03  6.177480E+01
    16.3500   -2.402912E-03  3.374520E-03  6.203940E+01
    16.4000   -1.637102E-03  3.258177E-03  6.230541E+01
    16.4500   -7.998685E-04  3.121527E-03  6.257272E+01
    16.5000    2.788972E-05  2.965325E-03  6.284126E+01
    16.5500    7.686257E-04  2.790189E-03  6.311094E+01
    16.6000    1.356589E-03  2.596635E-03  6.338156E+01
    16.6500    1.745369E-03  2.385177E-03  6.365275E+01
    16.7000    1.913857E-03  2.156480E-03  6.392373E+01
    16.7500    1.869729E-03  1.911554E-03  6.419308E+01
    16.8000    1.649460E-03  1.652006E-03  6.445817E+01
    16.8500    1.314018E-03  1.380383E-03  6.471399E+01
    16.9000    9.399539E-04  1.100828E-03  6.495009E+01
    16.9500    6.065687E-04  8.208148E-04  6.514189E+01
    17.0000    3.827569E-04  5.594651E-04  6.522001E+01
    17.0500    3.132920E-04  3.773993E-04  6.499410E+01
    17.1000    3.983987E-04  4.007029E-04  6.450994E+01
    17.1500    6.000151E-04  6.002523E-04  6.437454E+01
    17.2000    8.458964E-04  8.498720E-04  6.449941E+01
    17.2500    1.045497E-03  1.102572E-03  6.472582E+01
    17.3000    1.111394E-03  1.341682E-03  6.499727E+01
    17.3500    9.813404E-04  1.558444E-03  6.529229E+01
    17.4000    6.354692E-04  1.746970E-03  6.560115E+01
    17.4500    1.039926E-04  1.902945E-03  6.591877E+01
    17.5000   -5.370542E-04  2.023266E-03  6.624211E+01
    17.5500   -1.181510E-03  2.105956E-03  6.656908E+01
    17.6000   -1.716667E-03  2.150151E-03  6.689807E+01
    17.6500   -2.048949E-03  2.156126E-03  6.722762E+01
    17.7000   -2.125153E-03  2.125306E-03  6.755623E+01
    17.7500   -1.943736E-03  2.060285E-03  6.788221E+01
    17.8000   -1.553171E-03  1.964853E-03  6.820345E+01
    17.8500   -1.037888E-03  1.844059E-03  6.851724E+01
    17.9000   -4.956860E-04  1.704331E-03  6.881993E+01
    17.9500   -1.291031E-05  1.553721E-03  6.910673E+01
    18.0000    3.545361E-04  1.406106E-03  6.936993E+01
    18.0500    5.970095E-04  1.279890E-03  6.960032E+01
    18.1000    7.456653E-04  1.181022E-03  6.979836E+01
    18.1500    8.482198E-04  1.124555E-03  6.996958E+01
    18.2000    9.527034E-04  1.120437E-03  7.013159E+01
    18.2500    1.086228E-03  1.168520E-03  7.030830E+01
    18.3000    1.241027E-03  1.258825E-03  7.051748E+01
    18.3500    1.372639E-03  1.376933E-03  7.076483E+01
    18.4000    1.411507E-03  1.509164E-03  7.104755E+01
    18.4500    1.285177E-03  1.644796E-03  7.135979E+01
    18.5000    9.448396E-04  1.776233E-03  7.169575E+01
    18.5500    3.882094E-04  1.898467E-03  7.205069E+01
    18.6000   -3.286679E-04  2.008484E-03  7.242101E+01
    18.6500   -1.095369E-03  2.104780E-03  7.280397E+01
    18.7000   -1.767210E-03  2.186975E-03  7.319748E+01
    18.7500   -2.197346E-03  2.255497E-03  7.359986E+01
    18.8000   -2.273031E-03  2.311305E-03  7.400967E+01
    18.8500   -1.946609E-03  2.355638E-03  7.442561E+01
    18.9000   -1.252695E-03  2.389784E-03  7.484646E+01
    18.9500   -3.063158E-04  2.414879E-03  7.527104E+01
    19.0000    7.206682E-04  2.430825E-03  7.569922E+01
    19.0500    1.632624E-03  2.438176E-03  7.613191E+01
    19.1000    2.244324E-03  2.440698E-03  7.656514E+01
    19.1500    2.437239E-03  2.438229E-03  7.699752E+01
    19.2000    2.178680E-03  2.429902E-03  7.742776E+01
    19.2500    1.527686E-03  2.414266E-03  7.785469E+01
    19.3000    6.200715E-04  2.389493E-03  7.827731E+01
    19.3500   -3.633390E-04  2.353597E-03  7.869481E+01
    19.4000   -1.237221E-03  2.304678E-03  7.910649E+01
    19.4500   -1.851113E-03  2.241127E-03  7.951174E+01
    19.5000   -2.118442E-03  2.161808E-03  7.990997E+01
    19.5500   -2.029050E-03  2.066197E-03  8.030052E+01
    19.6000   -1.643436E-03  1.954479E-03  8.068255E+01
    19.6500   -1.071557E-03  1.827626E-03  8.105491E+01
    19.7000   -4.426348E-04  1.687449E-03  8.141599E+01
    19.7500    1.259088E-04  1.536670E-03  8.176344E+01
    19.8000    5.527022E-04  1.379024E-03  8.209379E+01
    19.8500    8.046519E-04  1.219456E-03  8.240202E+01
    19.9000    8.954786E-04  1.064466E-03  8.268099E+01
    19.9500    8.726032E-04  9.226141E-04  8.292144E+01