# # tequil.ion_motion                                            FEFF 9.05   
# # POT  SCF  30  5.5000   1, core-hole, AFOLP (folp(0)= 1.150)
# # Abs   Z=30 Rmt= 1.320 Rnm= 1.407 K  shell
# # Pot 1 Z=26 Rmt= 1.271 Rnm= 1.381
# # Pot 2 Z= 8 Rmt= 1.011 Rnm= 1.089
# # Gam_ch=1.897E+00 H-L exch
# # Mu=-1.176E+01 kf=2.196E+00 Vint=-1.882E+01 Rs_int= 1.651
# # PATH  Rmax= 8.500,  Keep_limit= 0.00, Heap_limit 0.00  Pwcrit= 2.50%
#  S02=1.000                                        Global_sig2= 0.00000
#  Energy zero shift, vr, vi   -2.00000E+00   0.00000E+00
#  Curved wave amplitude ratio filter   4.000%
#     file         sig2 tot  cw amp ratio   deg  nlegs   reff  inp sig2
#           1       0.00000    100.00      1.00     2   1.9367
#           2       0.00000     96.59      1.00     2   1.9629
#           3       0.00000     79.59      1.00     2   2.1157
#           4       0.00000     76.44      1.00     2   2.1490
#           5       0.00000     73.68      1.00     2   2.1799
#           6       0.00000     64.77      1.00     2   2.2912
#           7       0.00000     31.67      1.00     2   2.9465
#           8       0.00000     31.62      1.00     2   2.9487
#           9       0.00000     30.84      1.00     2   2.9820
#          10       0.00000     29.62      1.00     2   3.0356
#          11       0.00000     25.05      1.00     2   3.2636
#          12       0.00000     23.80      1.00     2   3.3343
#          13       0.00000     23.28      1.00     2   3.3679
#          14       0.00000     22.69      1.00     2   3.4013
#          15       0.00000     13.43      2.00     3   3.4074
#          16       0.00000     12.62      2.00     3   3.4173
#          17       0.00000     21.58      1.00     2   3.4618
#          18       0.00000     10.16      2.00     3   3.4720
#          19       0.00000      7.87      2.00     3   3.4990
#          20       0.00000     20.77      1.00     2   3.5097
#          21       0.00000     10.40      2.00     3   3.5162
#          22       0.00000     19.15      2.00     3   3.5247
#          23       0.00000      9.20      2.00     3   3.5340
#          24       0.00000      8.47      2.00     3   3.5467
#          25       0.00000     10.26      2.00     3   3.5564
#          26       0.00000     10.37      2.00     3   3.5600
#          27       0.00000     11.11      2.00     3   3.5671
#          28       0.00000     19.80      1.00     2   3.5708
#          29       0.00000     10.74      2.00     3   3.5746
#          30       0.00000     10.10      2.00     3   3.5767
#          31       0.00000      7.03      2.00     3   3.5875
#          32       0.00000      8.02      2.00     3   3.5874
#          33       0.00000      7.37      2.00     3   3.6156
#          34       0.00000      8.08      2.00     3   3.6325
#          35       0.00000     19.17      1.00     2   3.6430
#          36       0.00000     18.42      1.00     2   3.6642
#          37       0.00000     16.04      2.00     3   3.6647
#          38       0.00000     18.39      1.00     2   3.6665
#          39       0.00000      6.93      2.00     3   3.6675
#          40       0.00000     18.79      1.00     2   3.6723
#          41       0.00000     18.19      1.00     2   3.6804
#          42       0.00000      6.28      2.00     3   3.6885
#          43       0.00000      6.46      2.00     3   3.6894
#          44       0.00000      6.60      2.00     3   3.6931
#          45       0.00000      8.44      2.00     3   3.6998
#          46       0.00000     18.04      1.00     2   3.7318
#          47       0.00000     10.88      2.00     3   3.7578
#          48       0.00000     17.53      1.00     2   3.7740
#          49       0.00000     17.49      1.00     2   3.7780
#          50       0.00000      5.01      1.00     4   3.7857
#          51       0.00000     16.50      1.00     2   3.8105
#          52       0.00000     15.43      2.00     3   3.8271
#          53       0.00000      6.21      1.00     4   3.8683
#          54       0.00000     15.78      1.00     2   3.8705
#          55       0.00000     10.66      1.00     4   3.8735
#          56       0.00000     14.27      2.00     3   3.8859
#          57       0.00000     16.00      2.00     3   3.8885
#          59       0.00000      9.91      1.00     4   3.9258
#          60       0.00000      4.52      1.00     4   3.9281
#          61       0.00000     13.79      2.00     3   3.9602
#          62       0.00000      9.62      2.00     3   3.9775
#          63       0.00000      6.19      1.00     4   4.0112
#          64       0.00000     14.95      1.00     2   4.0142
#          65       0.00000     12.04      2.00     3   4.0275
#          66       0.00000      6.56      1.00     4   4.0451
#          67       0.00000      5.13      1.00     4   4.0505
#          68       0.00000     24.40      2.00     3   4.0708
#          69       0.00000      4.65      1.00     4   4.0773
#          70       0.00000      8.48      2.00     3   4.0931
#          71       0.00000      4.49      1.00     4   4.0995
#          72       0.00000      8.46      2.00     3   4.1003
#          73       0.00000     21.52      2.00     4   4.1119
#          74       0.00000      4.99      1.00     4   4.1178
#          75       0.00000      4.75      1.00     4   4.1214
#          76       0.00000     13.00      1.00     2   4.1415
#          77       0.00000      5.27      1.00     4   4.1464
#          79       0.00000     23.01      2.00     3   4.2048
#          80       0.00000      6.58      2.00     3   4.2080
#          81       0.00000     21.15      2.00     4   4.2280
#          82       0.00000      6.64      1.00     4   4.2314
#          83       0.00000      7.01      2.00     3   4.2425
#          84       0.00000     12.10      1.00     2   4.2452
#          85       0.00000      6.97      2.00     3   4.2448
#          86       0.00000      7.18      2.00     3   4.2481
#          87       0.00000      6.45      2.00     3   4.2500
#          88       0.00000      7.64      2.00     3   4.2546
#          89       0.00000     20.58      2.00     3   4.2584
#          90       0.00000      7.54      2.00     3   4.2643
#          92       0.00000      7.33      2.00     3   4.2885
#          93       0.00000     17.70      2.00     4   4.2956
#          94       0.00000      6.11      1.00     4   4.2980
#          95       0.00000     11.55      1.00     2   4.3138
#          96       0.00000      8.52      2.00     3   4.3206
#          97       0.00000      6.70      2.00     3   4.3352
#          98       0.00000     11.35      1.00     2   4.3403
#          99       0.00000      6.35      2.00     3   4.3439
#         100       0.00000      5.67      1.00     4   4.3597
#         101       0.00000      6.71      2.00     3   4.3901
#         102       0.00000      5.62      2.00     3   4.4231
#         103       0.00000     19.71      2.00     3   4.4517
#         104       0.00000     10.45      1.00     2   4.4646
#         105       0.00000     10.39      1.00     2   4.4733
#         106       0.00000     10.38      1.00     2   4.4747
#         107       0.00000     10.32      1.00     2   4.4834
#         108       0.00000      5.58      2.00     3   4.4831
#         110       0.00000      5.53      2.00     3   4.5021
#         111       0.00000     20.84      2.00     3   4.5417
#         112       0.00000      5.34      2.00     3   4.5498
#         113       0.00000      9.86      1.00     2   4.5527
#         115       0.00000     11.33      1.00     4   4.5630
#         116       0.00000      7.42      2.00     3   4.5637
#         117       0.00000      9.78      1.00     2   4.5651
#         118       0.00000     19.40      2.00     3   4.5656
#         119       0.00000      4.36      1.00     4   4.5824
#         120       0.00000      4.72      2.00     3   4.5952
#         121       0.00000      9.51      1.00     2   4.6081
#         122       0.00000     12.48      1.00     4   4.6189
#         123       0.00000     14.86      2.00     3   4.6331
#         124       0.00000     18.98      2.00     3   4.6370
#         126       0.00000     11.38      1.00     4   4.6579
#         127       0.00000      7.01      2.00     3   4.6616
#         128       0.00000      4.30      2.00     3   4.6655
#         129       0.00000      5.69      2.00     3   4.6720
#         130       0.00000      7.56      2.00     3   4.6863
#         131       0.00000      9.02      1.00     2   4.6911
#         132       0.00000      6.41      2.00     3   4.6960
#         133       0.00000      8.93      1.00     2   4.7075
#         134       0.00000      8.92      1.00     2   4.7092
#         135       0.00000     11.23      1.00     4   4.7213
#         136       0.00000     15.56      2.00     3   4.7267
#         138       0.00000     12.80      2.00     3   4.7373
#         139       0.00000      6.55      2.00     3   4.7378
#         140       0.00000      9.34      2.00     3   4.7476
#         141       0.00000      8.65      1.00     2   4.7570
#         142       0.00000      8.64      1.00     2   4.7597
#         145       0.00000      7.74      1.00     4   4.7827
#         147       0.00000      8.44      1.00     2   4.7971
#         149       0.00000      8.21      1.00     2   4.8402
#         150       0.00000      8.58      1.00     4   4.8453
#         151       0.00000      6.33      2.00     3   4.8470
#         153       0.00000      7.62      2.00     3   4.8637
#         154       0.00000      6.97      2.00     3   4.8656
#         156       0.00000      4.92      2.00     3   4.8752
#         157       0.00000     13.65      2.00     3   4.8810
#         158       0.00000      5.78      2.00     3   4.8908
#         159       0.00000     10.79      2.00     3   4.8970
#         160       0.00000      6.46      1.00     4   4.9094
#         162       0.00000      8.64      1.00     2   4.9110
#         163       0.00000      8.55      1.00     2   4.9297
#         164       0.00000      5.05      2.00     4   4.9449
#         165       0.00000      8.35      2.00     3   4.9541
#         166       0.00000      8.57      2.00     3   4.9616
#         167       0.00000      4.25      2.00     4   4.9723
#         171       0.00000      7.36      1.00     4   5.0050
#         172       0.00000      8.46      2.00     3   5.0061
#         173       0.00000      9.41      2.00     3   5.0068
#         175       0.00000      7.26      1.00     2   5.0427
#         176       0.00000     18.49      2.00     3   5.0477
#         178       0.00000     11.93      1.00     4   5.0528
#         181       0.00000      7.91      1.00     2   5.0671
#         182       0.00000      7.75      2.00     3   5.0713
#         184       0.00000      5.13      1.00     4   5.0865
#         187       0.00000      6.99      1.00     2   5.1057
#         188       0.00000      7.71      1.00     2   5.1115
#         189       0.00000      6.53      2.00     3   5.1203
#         190       0.00000      6.91      1.00     2   5.1229
#         191       0.00000     16.16      2.00     3   5.1293
#         192       0.00000      6.95      2.00     3   5.1299
#         194       0.00000     15.49      2.00     3   5.1510
#         195       0.00000      9.83      1.00     4   5.1528
#         198       0.00000      9.21      1.00     4   5.1792
#         199       0.00000      7.97      2.00     3   5.1812
#         200       0.00000      7.35      2.00     3   5.2108
#         202       0.00000      4.28      1.00     4   5.2165
#         205       0.00000      8.88      2.00     3   5.2269
#         210       0.00000      7.13      1.00     2   5.2535
#         211       0.00000      7.07      1.00     2   5.2689
#         213       0.00000      6.03      2.00     3   5.2836
#         221       0.00000      4.54      2.00     4   5.3308
#         222       0.00000      6.09      1.00     2   5.3385
#         223       0.00000      5.57      2.00     3   5.3409
#         224       0.00000      4.29      1.00     4   5.3423
#         227       0.00000      5.99      1.00     2   5.3658
#         229       0.00000      6.01      2.00     3   5.3937
#         230       0.00000      6.15      2.00     3   5.4055
#         231       0.00000      6.54      1.00     2   5.4118
#         233       0.00000      5.49      2.00     3   5.4172
#         238       0.00000      6.44      1.00     2   5.4404
#         239       0.00000      4.94      2.00     3   5.4408
#         241       0.00000      4.35      2.00     3   5.4503
#         242       0.00000      5.39      2.00     3   5.4572
#         243       0.00000      5.68      1.00     2   5.4587
#         244       0.00000      6.32      1.00     2   5.4778
#         245       0.00000      5.59      1.00     2   5.4872
#         248       0.00000      5.46      2.00     3   5.5158
#         249       0.00000      6.19      1.00     2   5.5164
#         250       0.00000      5.47      1.00     2   5.5274
#         252       0.00000      5.88      2.00     3   5.5410
#         254       0.00000      6.07      1.00     2   5.5510
#         255       0.00000      4.44      2.00     3   5.5549
#         257       0.00000      4.79      2.00     3   5.5565
#         259       0.00000      6.74      2.00     3   5.5663
#         260       0.00000      6.59      2.00     3   5.5716
#         261       0.00000      4.28      2.00     3   5.5772
#         262       0.00000      5.98      1.00     2   5.5813
#         263       0.00000      5.32      2.00     3   5.5854
#         264       0.00000      5.96      2.00     3   5.5992
#         266       0.00000      5.19      1.00     2   5.6197
#         270       0.00000      6.62      2.00     3   5.6362
#         271       0.00000      4.89      2.00     3   5.6395
#         272       0.00000      4.82      2.00     3   5.6440
#         273       0.00000      4.59      2.00     3   5.6484
#         275       0.00000      4.76      2.00     3   5.6615
#         276       0.00000      5.23      2.00     3   5.6667
#         278       0.00000      5.04      1.00     2   5.6711
#         279       0.00000      5.01      1.00     2   5.6836
#         280       0.00000      6.23      2.00     3   5.6907
#         285       0.00000      4.79      2.00     3   5.7054
#         286       0.00000      6.52      2.00     3   5.7095
#         287       0.00000      5.58      2.00     3   5.7149
#         289       0.00000      4.73      2.00     3   5.7162
#         291       0.00000      5.78      2.00     3   5.7223
#         292       0.00000      5.04      2.00     4   5.7230
#         293       0.00000      4.88      1.00     2   5.7312
#         294       0.00000      4.72      2.00     3   5.7371
#         296       0.00000      4.86      1.00     2   5.7402
#         305       0.00000      4.46      2.00     3   5.7661
#         306       0.00000      4.78      1.00     2   5.7695
#         312       0.00000      4.68      1.00     2   5.8090
#         314       0.00000      4.65      1.00     2   5.8197
#         315       0.00000      4.48      2.00     3   5.8215
#         316       0.00000      4.78      2.00     3   5.8217
#         318       0.00000      5.26      1.00     2   5.8261
#         320       0.00000     10.51      2.00     2   5.8291
#         322       0.00000      4.02      2.00     3   5.8324
#         327       0.00000      5.20      1.00     2   5.8512
#         329       0.00000      5.18      1.00     2   5.8564
#         336       0.00000      9.62      2.00     3   5.8775
#         340       0.00000      5.09      1.00     2   5.8930
#         343       0.00000      7.83      2.00     3   5.8954
#         345       0.00000      4.66      1.00     4   5.8985
#         347       0.00000      5.06      1.00     2   5.9053
#         349       0.00000      4.49      2.00     5   5.9050
#         350       0.00000      7.41      2.00     3   5.9074
#         352       0.00000      5.04      1.00     2   5.9122
#         353       0.00000      4.79      2.00     3   5.9188
#         354       0.00000      9.67      2.00     3   5.9206
#   247/ 317 paths used
#  -----------------------------------------------------------------------
#       k          chi          mag           phase @#
    -0.7000   -4.617933E-01  4.619774E-01 -1.542568E+00
    -0.6500   -4.383721E-01  4.383761E-01 -1.575059E+00
    -0.6000   -4.298457E-01  4.300795E-01 -1.603769E+00
    -0.5500   -4.306971E-01  4.312814E-01 -1.622856E+00
    -0.5000   -4.372648E-01  4.380698E-01 -1.631428E+00
    -0.4500   -4.470264E-01  4.478386E-01 -1.631030E+00
    -0.4000   -4.576528E-01  4.583149E-01 -1.624556E+00
    -0.3500   -4.690249E-01  4.694368E-01 -1.612691E+00
    -0.3000   -4.793191E-01  4.795139E-01 -1.599304E+00
    -0.2500   -4.881451E-01  4.882016E-01 -1.586013E+00
    -0.2000   -4.953466E-01  4.953491E-01 -1.573960E+00
    -0.1500   -5.013951E-01  5.014102E-01 -1.563031E+00
    -0.1000   -5.058173E-01  5.058837E-01 -1.554589E+00
    -0.0500   -5.084474E-01  5.085640E-01 -1.549378E+00
     0.0000   -5.093197E-01  5.094565E-01 -1.547617E+00
     0.0500   -5.101896E-01  5.103485E-01 -1.545845E+00
     0.1000   -5.127845E-01  5.130205E-01 -1.540463E+00
     0.1500   -5.170544E-01  5.174584E-01 -1.531277E+00
     0.2000   -5.229007E-01  5.236305E-01 -1.517994E+00
     0.2500   -5.301558E-01  5.314776E-01 -1.500257E+00
     0.3000   -5.385603E-01  5.409032E-01 -1.477687E+00
     0.3500   -5.480421E-01  5.521050E-01 -1.449405E+00
     0.4000   -5.589207E-01  5.659215E-01 -1.413340E+00
     0.4500   -5.693957E-01  5.809618E-01 -1.370921E+00
     0.5000   -5.785483E-01  5.969235E-01 -1.322030E+00
     0.5500   -5.857668E-01  6.142002E-01 -1.265329E+00
     0.6000   -5.900401E-01  6.333100E-01 -1.199001E+00
     0.6500   -5.888404E-01  6.523359E-01 -1.125921E+00
     0.7000   -5.808077E-01  6.713890E-01 -1.045317E+00
     0.7500   -5.641523E-01  6.914441E-01 -9.542917E-01
     0.8000   -5.369157E-01  7.101555E-01 -8.572625E-01
     0.8500   -4.977729E-01  7.283645E-01 -7.524258E-01
     0.9000   -4.451440E-01  7.459398E-01 -6.394522E-01
     0.9500   -3.792437E-01  7.610141E-01 -5.216828E-01
     1.0000   -2.983294E-01  7.753399E-01 -3.949612E-01
     1.0500   -2.049919E-01  7.868180E-01 -2.635741E-01
     1.1000   -1.005402E-01  7.958453E-01 -1.266698E-01
     1.1500    1.304338E-02  8.025497E-01  1.625314E-02
     1.2000    1.299742E-01  8.056732E-01  1.620318E-01
     1.2500    2.496372E-01  8.068251E-01  3.145692E-01
     1.3000    3.635408E-01  8.042357E-01  4.690428E-01
     1.3500    4.697188E-01  7.991584E-01  6.282959E-01
     1.4000    5.618649E-01  7.909342E-01  7.900399E-01
     1.4500    6.366251E-01  7.799786E-01  9.548177E-01
     1.5000    6.908347E-01  7.665086E-01  1.122702E+00
     1.5500    7.214635E-01  7.503743E-01  1.292306E+00
     1.6000    7.282473E-01  7.322934E-01  1.465626E+00
     1.6500    7.100888E-01  7.117816E-01  1.639778E+00
     1.7000    6.687222E-01  6.897733E-01  1.818487E+00
     1.7500    6.058253E-01  6.656400E-01  1.997972E+00
     1.8000    5.241495E-01  6.399450E-01  2.181832E+00
     1.8500    4.282014E-01  6.123900E-01  2.367273E+00
     1.9000    3.209785E-01  5.831913E-01  2.558770E+00
     1.9500    2.089205E-01  5.520808E-01  2.753500E+00
     2.0000    9.904632E-02  5.190375E-01  2.949588E+00
     2.0500   -2.607481E-03  4.841477E-01  3.146978E+00
     2.1000   -9.117592E-02  4.464007E-01  3.347287E+00
     2.1500   -1.611450E-01  4.056874E-01  3.550073E+00
     2.2000   -2.084624E-01  3.636058E-01  3.752144E+00
     2.2500   -2.322527E-01  3.205218E-01  3.952058E+00
     2.3000   -2.330172E-01  2.758302E-01  4.147756E+00
     2.3500   -2.115300E-01  2.276895E-01  4.333370E+00
     2.4000   -1.764481E-01  1.806758E-01  4.495634E+00
     2.4500   -1.360029E-01  1.366964E-01  4.611615E+00
     2.5000   -9.893921E-02  9.923963E-02  4.634559E+00
     2.5500   -7.749828E-02  7.886238E-02  4.526124E+00
     2.6000   -6.620642E-02  7.162326E-02  4.320975E+00
     2.6500   -6.581234E-02  7.763716E-02  4.153211E+00
     2.7000   -7.524430E-02  9.113799E-02  4.112872E+00
     2.7500   -8.702814E-02  1.022768E-01  4.159304E+00
     2.8000   -1.014839E-01  1.134152E-01  4.249577E+00
     2.8500   -1.168800E-01  1.240802E-01  4.370047E+00
     2.9000   -1.310794E-01  1.337837E-01  4.510980E+00
     2.9500   -1.419215E-01  1.420780E-01  4.665448E+00
     3.0000   -1.478665E-01  1.488801E-01  4.829145E+00
     3.0500   -1.479748E-01  1.542611E-01  4.998853E+00
     3.1000   -1.418740E-01  1.583345E-01  5.172419E+00
     3.1500   -1.294025E-01  1.609583E-01  5.349277E+00
     3.2000   -1.113832E-01  1.624463E-01  5.527673E+00
     3.2500   -8.879421E-02  1.630469E-01  5.707281E+00
     3.3000   -6.269374E-02  1.627556E-01  5.887759E+00
     3.3500   -3.454276E-02  1.617412E-01  6.067959E+00
     3.4000   -5.757743E-03  1.602922E-01  6.247257E+00
     3.4500    2.256467E-02  1.585601E-01  6.425980E+00
     3.5000    4.954006E-02  1.566974E-01  6.604855E+00
     3.5500    7.456273E-02  1.548913E-01  6.785422E+00
     3.6000    9.690837E-02  1.531177E-01  6.968480E+00
     3.6500    1.156779E-01  1.512180E-01  7.154187E+00
     3.7000    1.300963E-01  1.491237E-01  7.343288E+00
     3.7500    1.394491E-01  1.467582E-01  7.537051E+00
     3.8000    1.429863E-01  1.439884E-01  7.735931E+00
     3.8500    1.401465E-01  1.406518E-01  7.938770E+00
     3.9000    1.308915E-01  1.366507E-01  8.145338E+00
     3.9500    1.157049E-01  1.320089E-01  8.356248E+00
     4.0000    9.546437E-02  1.267570E-01  8.571972E+00
     4.0500    7.164666E-02  1.207095E-01  8.789320E+00
     4.1000    4.622359E-02  1.139311E-01  9.007017E+00
     4.1500    2.123068E-02  1.065176E-01  9.224118E+00
     4.2000   -1.477508E-03  9.858194E-02  9.439766E+00
     4.2500   -2.018666E-02  9.033750E-02  9.650139E+00
     4.3000   -3.404291E-02  8.202248E-02  9.852769E+00
     4.3500   -4.293933E-02  7.388723E-02  1.004492E+01
     4.4000   -4.740233E-02  6.617809E-02  1.022324E+01
     4.4500   -4.859254E-02  5.928780E-02  1.038550E+01
     4.5000   -4.784074E-02  5.349439E-02  1.053167E+01
     4.5500   -4.633986E-02  4.899046E-02  1.066512E+01
     4.6000   -4.490634E-02  4.585122E-02  1.079221E+01
     4.6500   -4.380383E-02  4.391140E-02  1.092556E+01
     4.7000   -4.270507E-02  4.284281E-02  1.107578E+01
     4.7500   -4.089419E-02  4.224823E-02  1.124943E+01
     4.8000   -3.761086E-02  4.180492E-02  1.144735E+01
     4.8500   -3.210463E-02  4.112633E-02  1.167069E+01
     4.9000   -2.417596E-02  4.000747E-02  1.191750E+01
     4.9500   -1.424688E-02  3.834852E-02  1.218574E+01
     5.0000   -3.376586E-03  3.615160E-02  1.247283E+01
     5.0500    7.060086E-03  3.341711E-02  1.277925E+01
     5.1000    1.553638E-02  3.025012E-02  1.310574E+01
     5.1500    2.079422E-02  2.679880E-02  1.345457E+01
     5.2000    2.210523E-02  2.320361E-02  1.382825E+01
     5.2500    1.957943E-02  1.967230E-02  1.423437E+01
     5.3000    1.405562E-02  1.643014E-02  1.468149E+01
     5.3500    6.935159E-03  1.370603E-02  1.517743E+01
     5.4000   -1.913820E-04  1.159787E-02  1.572447E+01
     5.4500   -5.770504E-03  1.026403E-02  1.630501E+01
     5.5000   -8.821729E-03  9.567575E-03  1.688129E+01
     5.5500   -9.087093E-03  9.179000E-03  1.742039E+01
     5.6000   -6.992067E-03  8.738103E-03  1.792196E+01
     5.6500   -3.600127E-03  8.024540E-03  1.838431E+01
     5.7000   -2.152147E-04  6.884217E-03  1.881829E+01
     5.7500    1.992056E-03  5.254862E-03  1.923837E+01
     5.8000    2.375858E-03  3.192449E-03  1.968891E+01
     5.8500    8.182498E-04  8.262176E-04  2.055934E+01
     5.9000   -2.084502E-03  2.238914E-03  2.318838E+01
     5.9500   -5.248578E-03  5.283374E-03  2.367678E+01
     6.0000   -7.336011E-03  8.363809E-03  2.406292E+01
     6.0500   -7.413930E-03  1.142328E-02  2.442645E+01
     6.1000   -4.980115E-03  1.435482E-02  2.477845E+01
     6.1500   -1.779713E-04  1.704389E-02  2.512230E+01
     6.2000    6.217640E-03  1.938731E-02  2.545922E+01
     6.2500    1.300221E-02  2.129838E-02  2.578941E+01
     6.3000    1.885757E-02  2.271149E-02  2.611240E+01
     6.3500    2.269125E-02  2.358649E-02  2.642714E+01
     6.4000    2.390333E-02  2.391291E-02  2.673186E+01
     6.4500    2.250744E-02  2.371445E-02  2.702396E+01
     6.5000    1.902261E-02  2.300406E-02  2.730072E+01
     6.5500    1.444687E-02  2.195534E-02  2.755616E+01
     6.6000    9.763268E-03  2.075020E-02  2.778446E+01
     6.6500    5.675650E-03  1.961490E-02  2.798078E+01
     6.7000    2.434767E-03  1.882238E-02  2.814462E+01
     6.7500   -1.939314E-04  1.864134E-02  2.828474E+01
     6.8000   -2.797825E-03  1.924351E-02  2.842024E+01
     6.8500   -6.062460E-03  2.062901E-02  2.857262E+01
     6.9000   -1.047456E-02  2.264240E-02  2.875527E+01
     6.9500   -1.607619E-02  2.505666E-02  2.897091E+01
     7.0000   -2.239799E-02  2.764798E-02  2.921868E+01
     7.0500   -2.832630E-02  3.020608E-02  2.949048E+01
     7.1000   -3.251142E-02  3.258111E-02  2.977971E+01
     7.1500   -3.369769E-02  3.466417E-02  3.008182E+01
     7.2000   -3.104900E-02  3.637826E-02  3.039325E+01
     7.2500   -2.440634E-02  3.767350E-02  3.071118E+01
     7.3000   -1.438284E-02  3.852357E-02  3.103331E+01
     7.3500   -2.267717E-03  3.892294E-02  3.135763E+01
     7.4000    1.023669E-02  3.888469E-02  3.168232E+01
     7.4500    2.137516E-02  3.843883E-02  3.200559E+01
     7.5000    2.974815E-02  3.764874E-02  3.232698E+01
     7.5500    3.443588E-02  3.656533E-02  3.264376E+01
     7.6000    3.523798E-02  3.525764E-02  3.295333E+01
     7.6500    3.261951E-02  3.381665E-02  3.325360E+01
     7.7000    2.747682E-02  3.234723E-02  3.354261E+01
     7.7500    2.084969E-02  3.096614E-02  3.381885E+01
     7.8000    1.364519E-02  2.979671E-02  3.408184E+01
     7.8500    6.453018E-03  2.895802E-02  3.433279E+01
     7.9000   -5.004908E-04  2.854806E-02  3.457505E+01
     7.9500   -7.257801E-03  2.862453E-02  3.481387E+01
     8.0000   -1.398273E-02  2.921972E-02  3.505651E+01
     8.0500   -2.063946E-02  3.026915E-02  3.530783E+01
     8.1000   -2.686619E-02  3.166417E-02  3.557061E+01
     8.1500   -3.197102E-02  3.328754E-02  3.584613E+01
     8.2000   -3.501512E-02  3.501569E-02  3.613401E+01
     8.2500   -3.503986E-02  3.673022E-02  3.643288E+01
     8.3000   -3.135478E-02  3.832419E-02  3.674093E+01
     8.3500   -2.380082E-02  3.970484E-02  3.705631E+01
     8.4000   -1.290610E-02  4.079461E-02  3.737721E+01
     8.4500    1.212971E-04  4.153159E-02  3.770203E+01
     8.5000    1.359764E-02  4.187204E-02  3.802985E+01
     8.5500    2.561543E-02  4.178339E-02  3.835903E+01
     8.6000    3.445859E-02  4.125029E-02  3.868789E+01
     8.6500    3.897535E-02  4.027588E-02  3.901509E+01
     8.7000    3.878670E-02  3.888008E-02  3.933923E+01
     8.7500    3.433074E-02  3.709979E-02  3.965871E+01
     8.8000    2.672081E-02  3.498905E-02  3.997169E+01
     8.8500    1.745882E-02  3.261924E-02  4.027592E+01
     8.9000    8.082135E-03  3.007950E-02  4.056867E+01
     8.9500   -1.636086E-04  2.747721E-02  4.084666E+01
     9.0000   -6.550228E-03  2.494701E-02  4.110638E+01
     9.0500   -1.091731E-02  2.262936E-02  4.134414E+01
     9.1000   -1.358800E-02  2.066993E-02  4.155804E+01
     9.1500   -1.516127E-02  1.920714E-02  4.175046E+01
     9.2000   -1.624377E-02  1.832888E-02  4.192987E+01
     9.2500   -1.721970E-02  1.803464E-02  4.210973E+01
     9.3000   -1.812100E-02  1.822680E-02  4.230370E+01
     9.3500   -1.863197E-02  1.874337E-02  4.252058E+01
     9.4000   -1.822061E-02  1.940803E-02  4.276311E+01
     9.4500   -1.635107E-02  2.006667E-02  4.302985E+01
     9.5000   -1.272411E-02  2.062775E-02  4.331757E+01
     9.5500   -7.391376E-03  2.100685E-02  4.362274E+01
     9.6000   -8.460973E-04  2.113450E-02  4.394225E+01
     9.6500    6.028107E-03  2.098758E-02  4.427362E+01
     9.7000    1.215951E-02  2.056365E-02  4.461498E+01
     9.7500    1.653644E-02  1.987628E-02  4.496494E+01
     9.8000    1.844972E-02  1.895122E-02  4.532253E+01
     9.8500    1.766336E-02  1.782301E-02  4.568704E+01
     9.9000    1.446879E-02  1.653191E-02  4.605803E+01
     9.9500    9.609807E-03  1.512112E-02  4.643521E+01
    10.0000    4.108800E-03  1.366961E-02  4.681859E+01
    10.0500   -1.024565E-03  1.220718E-02  4.720792E+01
    10.1000   -4.947925E-03  1.073768E-02  4.760279E+01
    10.1500   -7.157722E-03  9.294599E-03  4.800288E+01
    10.2000   -7.581724E-03  7.905174E-03  4.840764E+01
    10.2500   -6.541019E-03  6.589504E-03  4.881607E+01
    10.3000   -4.620004E-03  5.360225E-03  4.922647E+01
    10.3500   -2.486422E-03  4.222896E-03  4.963591E+01
    10.4000   -7.131652E-04  3.177205E-03  5.003909E+01
    10.4500    3.516403E-04  2.219235E-03  5.042460E+01
    10.5000    6.373032E-04  1.346220E-03  5.075863E+01
    10.5500    3.210625E-04  5.816140E-04  5.085027E+01
    10.6000   -2.653328E-04  4.081384E-04  4.955776E+01
    10.6500   -7.588617E-04  1.008603E-03  4.941380E+01
    10.7000   -8.795886E-04  1.624185E-03  4.969319E+01
    10.7500   -5.044323E-04  2.186590E-03  5.003269E+01
    10.8000    3.158872E-04  2.682255E-03  5.038353E+01
    10.8500    1.394296E-03  3.102619E-03  5.073157E+01
    10.9000    2.480788E-03  3.441641E-03  5.107046E+01
    10.9500    3.344602E-03  3.696945E-03  5.139614E+01
    11.0000    3.841602E-03  3.874159E-03  5.170654E+01
    11.0500    3.935756E-03  3.987608E-03  5.199772E+01
    11.1000    3.688708E-03  4.056080E-03  5.226517E+01
    11.1500    3.218528E-03  4.109932E-03  5.250742E+01
    11.2000    2.637192E-03  4.187595E-03  5.272583E+01
    11.2500    2.003009E-03  4.329574E-03  5.292611E+01
    11.3000    1.300921E-03  4.568464E-03  5.311832E+01
    11.3500    4.570988E-04  4.919152E-03  5.331402E+01
    11.4000   -6.182466E-04  5.375166E-03  5.352235E+01
    11.4500   -1.975937E-03  5.912708E-03  5.374782E+01
    11.5000   -3.581196E-03  6.498348E-03  5.399075E+01
    11.5500   -5.293038E-03  7.095874E-03  5.424901E+01
    11.6000   -6.878811E-03  7.670683E-03  5.451948E+01
    11.6500   -8.061424E-03  8.192187E-03  5.479896E+01
    11.7000   -8.586061E-03  8.635092E-03  5.508449E+01
    11.7500   -8.286684E-03  8.980146E-03  5.537344E+01
    11.8000   -7.132495E-03  9.214633E-03  5.566347E+01
    11.8500   -5.240547E-03  9.332714E-03  5.595244E+01
    11.9000   -2.850968E-03  9.335627E-03  5.623832E+01
    11.9500   -2.724076E-04  9.231723E-03  5.651916E+01
    12.0000    2.195870E-03  9.046091E-03  5.679386E+01
    12.0500    4.312855E-03  8.801948E-03  5.706074E+01
    12.1000    5.917130E-03  8.513626E-03  5.731711E+01
    12.1500    6.969328E-03  8.212749E-03  5.756200E+01
    12.2000    7.519713E-03  7.932297E-03  5.779552E+01
    12.2500    7.663836E-03  7.702391E-03  5.801937E+01
    12.3000    7.493058E-03  7.545140E-03  5.823703E+01
    12.3500    7.057271E-03  7.469943E-03  5.845341E+01
    12.4000    6.352180E-03  7.471220E-03  5.867386E+01
    12.4500    5.334638E-03  7.529822E-03  5.890294E+01
    12.5000    3.959658E-03  7.617531E-03  5.914363E+01
    12.5500    2.225114E-03  7.702682E-03  5.939721E+01
    12.6000    2.072368E-04  7.755023E-03  5.966353E+01
    12.6500   -1.927308E-03  7.748962E-03  5.994162E+01
    12.7000   -3.939541E-03  7.665251E-03  6.023004E+01
    12.7500   -5.563527E-03  7.491548E-03  6.052727E+01
    12.8000   -6.566981E-03  7.222299E-03  6.083177E+01
    12.8500   -6.809784E-03  6.858217E-03  6.114214E+01
    12.9000   -6.282964E-03  6.405555E-03  6.145701E+01
    12.9500   -5.116054E-03  5.875251E-03  6.177507E+01
    13.0000   -3.548618E-03  5.287444E-03  6.209611E+01
    13.0500   -1.868937E-03  4.658258E-03  6.241902E+01
    13.1000   -3.676171E-04  3.997384E-03  6.273976E+01
    13.1500    7.358934E-04  3.325592E-03  6.305498E+01
    13.2000    1.340467E-03  2.664515E-03  6.335901E+01
    13.2500    1.474021E-03  2.036610E-03  6.364109E+01
    13.3000    1.269622E-03  1.466652E-03  6.387832E+01
    13.3500    9.155666E-04  9.880619E-04  6.401720E+01
    13.4000    5.951402E-04  6.624232E-04  6.394803E+01
    13.4500    4.339816E-04  5.785978E-04  6.368000E+01
    13.5000    4.698503E-04  6.862666E-04  6.358597E+01
    13.5500    6.521360E-04  8.298958E-04  6.373585E+01
    13.6000    8.691496E-04  9.374992E-04  6.401844E+01
    13.6500    9.929253E-04  9.932287E-04  6.437793E+01
    13.7000    9.264538E-04  1.002871E-03  6.479555E+01
    13.7500    6.382943E-04  9.836243E-04  6.526728E+01
    13.8000    1.741745E-04  9.603231E-04  6.579107E+01
    13.8500   -3.571170E-04  9.600900E-04  6.635457E+01
    13.9000   -8.180277E-04  1.002007E-03  6.692858E+01
    13.9500   -1.085045E-03  1.087370E-03  6.747883E+01
    14.0000   -1.088069E-03  1.203669E-03  6.798610E+01
    14.0500   -8.241381E-04  1.332000E-03  6.844792E+01
    14.1000   -3.544166E-04  1.448081E-03  6.886778E+01
    14.1500    2.082574E-04  1.536292E-03  6.925102E+01
    14.2000    7.402479E-04  1.586763E-03  6.960038E+01
    14.2500    1.145194E-03  1.596182E-03  6.991519E+01
    14.3000    1.380989E-03  1.569104E-03  7.019114E+01
    14.3500    1.467086E-03  1.520058E-03  7.042106E+01
    14.4000    1.470193E-03  1.475848E-03  7.059826E+01
    14.4500    1.473547E-03  1.474714E-03  7.072561E+01
    14.5000    1.540423E-03  1.555742E-03  7.082629E+01
    14.5500    1.684439E-03  1.739413E-03  7.093792E+01
    14.6000    1.857112E-03  2.018137E-03  7.108801E+01
    14.6500    1.957578E-03  2.366342E-03  7.128242E+01
    14.7000    1.862258E-03  2.754317E-03  7.151414E+01
    14.7500    1.465712E-03  3.154784E-03  7.177345E+01
    14.8000    7.200999E-04  3.544246E-03  7.205203E+01
    14.8500   -3.393276E-04  3.902767E-03  7.234369E+01
    14.9000   -1.591323E-03  4.213666E-03  7.264390E+01
    14.9500   -2.850334E-03  4.463402E-03  7.294931E+01
    15.0000   -3.910759E-03  4.645226E-03  7.325740E+01
    15.0500   -4.593660E-03  4.755122E-03  7.356609E+01
    15.1000   -4.777698E-03  4.782695E-03  7.387314E+01
    15.1500   -4.442868E-03  4.727931E-03  7.417645E+01
    15.2000   -3.668285E-03  4.594748E-03  7.447365E+01
    15.2500   -2.609463E-03  4.391223E-03  7.476190E+01
    15.3000   -1.457074E-03  4.129885E-03  7.503765E+01
    15.3500   -3.890270E-04  3.828170E-03  7.529643E+01
    15.4000    4.707529E-04  3.509009E-03  7.553278E+01
    15.4500    1.075743E-03  3.201313E-03  7.574092E+01
    15.5000    1.456839E-03  2.939299E-03  7.591680E+01
    15.5500    1.700239E-03  2.758343E-03  7.606238E+01
    15.6000    1.910777E-03  2.685143E-03  7.619001E+01
    15.6500    2.172196E-03  2.725559E-03  7.632049E+01
    15.7000    2.516284E-03  2.860828E-03  7.647317E+01
    15.7500    2.909778E-03  3.056864E-03  7.665755E+01
    15.8000    3.262486E-03  3.277392E-03  7.687361E+01
    15.8500    3.453786E-03  3.491759E-03  7.711663E+01
    15.9000    3.369467E-03  3.677009E-03  7.738092E+01
    15.9500    2.938112E-03  3.817265E-03  7.766146E+01
    16.0000    2.157160E-03  3.905433E-03  7.795464E+01
    16.0500    1.096184E-03  3.939403E-03  7.825783E+01
    16.1000   -1.102419E-04  3.911313E-03  7.856801E+01
    16.1500   -1.287562E-03  3.822280E-03  7.888339E+01
    16.2000   -2.262023E-03  3.675941E-03  7.920266E+01
    16.2500   -2.897970E-03  3.477922E-03  7.952477E+01
    16.3000   -3.125214E-03  3.235348E-03  7.984894E+01
    16.3500   -2.950334E-03  2.956376E-03  8.017455E+01
    16.4000   -2.450254E-03  2.649761E-03  8.050114E+01
    16.4500   -1.750960E-03  2.324449E-03  8.082837E+01
    16.5000   -9.976188E-04  1.989212E-03  8.115606E+01
    16.5500   -3.237671E-04  1.652324E-03  8.148419E+01
    16.6000    1.733898E-04  1.321301E-03  8.181302E+01
    16.6500    4.468899E-04  1.002700E-03  8.214335E+01
    16.7000    5.016020E-04  7.019929E-04  8.247738E+01
    16.7500    3.850139E-04  4.235442E-04  8.282236E+01
    16.8000    1.709113E-04  1.709796E-04  8.322394E+01
    16.8500   -5.947401E-05  6.074840E-05  8.618861E+01
    16.9000   -2.346440E-04  2.553780E-04  8.679954E+01
    16.9500   -3.053868E-04  4.243230E-04  8.716122E+01
    17.0000   -2.491179E-04  5.687272E-04  8.751119E+01
    17.0500   -6.719592E-05  6.956491E-04  8.786785E+01
    17.1000    2.024571E-04  7.998381E-04  8.822050E+01
    17.1500    5.051823E-04  8.823515E-04  8.857420E+01
    17.2000    7.777855E-04  9.445494E-04  8.893205E+01
    17.2500    9.600211E-04  9.880702E-04  8.929655E+01
    17.3000    1.005712E-03  1.014886E-03  8.966996E+01
    17.3500    8.920630E-04  1.027413E-03  9.005450E+01
    17.4000    6.256691E-04  1.028647E-03  9.045234E+01
    17.4500    2.437967E-04  1.022288E-03  9.086538E+01
    17.5000   -1.900074E-04  1.012776E-03  9.129492E+01
    17.5500   -5.960508E-04  1.005142E-03  9.174097E+01
    17.6000   -8.931771E-04  1.004550E-03  9.220163E+01
    17.6500   -1.015485E-03  1.015494E-03  9.267265E+01
    17.7000   -9.275889E-04  1.040838E-03  9.314781E+01
    17.7500   -6.347051E-04  1.081066E-03  9.362030E+01
    17.8000   -1.845660E-04  1.134135E-03  9.408432E+01
    17.8500    3.401273E-04  1.195956E-03  9.453616E+01
    17.9000    8.377598E-04  1.261212E-03  9.497427E+01
    17.9500    1.209122E-03  1.324152E-03  9.539868E+01
    18.0000    1.378419E-03  1.378451E-03  9.581171E+01
    18.0500    1.307822E-03  1.419376E-03  9.621769E+01
    18.1000    1.011510E-03  1.445468E-03  9.661428E+01
    18.1500    5.492872E-04  1.453457E-03  9.700183E+01
    18.2000    1.300306E-05  1.440805E-03  9.738035E+01
    18.2500   -4.952988E-04  1.405824E-03  9.774942E+01
    18.3000   -8.872927E-04  1.347796E-03  9.810797E+01
    18.3500   -1.108196E-03  1.267112E-03  9.845395E+01
    18.4000   -1.147400E-03  1.165477E-03  9.878381E+01
    18.4500   -1.037267E-03  1.046277E-03  9.909150E+01
    18.5000   -8.406877E-04  9.153059E-04  9.936675E+01
    18.5500   -6.310314E-04  7.822742E-04  9.959248E+01
    18.6000   -4.702234E-04  6.636564E-04  9.974355E+01
    18.6500   -3.911080E-04  5.857032E-04  9.979977E+01
    18.7000   -3.890040E-04  5.779797E-04  9.979265E+01
    18.7500   -4.247134E-04  6.485557E-04  9.981697E+01
    18.8000   -4.379780E-04  7.757526E-04  9.993104E+01
    18.8500   -3.674220E-04  9.318376E-04  1.001257E+02
    18.9000   -1.711990E-04  1.096938E-03  1.003743E+02
    18.9500    1.576179E-04  1.258313E-03  1.006566E+02
    19.0000    5.864939E-04  1.409364E-03  1.009602E+02
    19.0500    1.050998E-03  1.548305E-03  1.012771E+02
    19.1000    1.461940E-03  1.666053E-03  1.016016E+02
    19.1500    1.733198E-03  1.758966E-03  1.019304E+02
    19.2000    1.801190E-03  1.824349E-03  1.022613E+02
    19.2500    1.640936E-03  1.860407E-03  1.025924E+02
    19.3000    1.272610E-03  1.866240E-03  1.029222E+02
    19.3500    7.569623E-04  1.841849E-03  1.032490E+02
    19.4000    1.809740E-04  1.788159E-03  1.035712E+02
    19.4500   -3.624107E-04  1.707060E-03  1.038865E+02
    19.5000   -7.951723E-04  1.601491E-03  1.041921E+02
    19.5500   -1.070461E-03  1.475594E-03  1.044842E+02
    19.6000   -1.180325E-03  1.335032E-03  1.047572E+02
    19.6500   -1.153381E-03  1.187579E-03  1.050028E+02
    19.7000   -1.043554E-03  1.044138E-03  1.052099E+02
    19.7500   -9.132122E-04  9.200804E-04  1.053656E+02
    19.8000   -8.153081E-04  8.355064E-04  1.054637E+02
    19.8500   -7.791485E-04  8.102695E-04  1.055214E+02
    19.9000   -8.032723E-04  8.521138E-04  1.055836E+02
    19.9500   -8.569428E-04  9.504434E-04  1.056906E+02