# # tequil.ion_motion                                            FEFF 9.05   
# # POT  SCF  30  5.5000   1, core-hole, AFOLP (folp(0)= 1.150)
# # Abs   Z=30 Rmt= 1.273 Rnm= 1.399 K  shell
# # Pot 1 Z=26 Rmt= 1.255 Rnm= 1.384
# # Pot 2 Z= 8 Rmt= 0.961 Rnm= 1.082
# # Gam_ch=1.897E+00 H-L exch
# # Mu=-1.172E+01 kf=2.181E+00 Vint=-1.846E+01 Rs_int= 1.663
# # PATH  Rmax= 8.500,  Keep_limit= 0.00, Heap_limit 0.00  Pwcrit= 2.50%
#  S02=1.000                                        Global_sig2= 0.00000
#  Energy zero shift, vr, vi   -2.00000E+00   0.00000E+00
#  Curved wave amplitude ratio filter   4.000%
#     file         sig2 tot  cw amp ratio   deg  nlegs   reff  inp sig2
#           1       0.00000    100.00      1.00     2   1.8876
#           2       0.00000     95.82      1.00     2   1.9185
#           3       0.00000     82.71      1.00     2   2.0289
#           4       0.00000     59.32      1.00     2   2.3021
#           5       0.00000     57.86      1.00     2   2.3238
#           6       0.00000     55.98      1.00     2   2.3531
#           7       0.00000     28.19      1.00     2   2.9968
#           8       0.00000     28.02      1.00     2   3.0047
#           9       0.00000     27.52      1.00     2   3.0285
#          10       0.00000     26.90      1.00     2   3.0587
#          11       0.00000     24.89      1.00     2   3.1635
#          12       0.00000     21.97      1.00     2   3.3343
#          13       0.00000     21.35      1.00     2   3.3742
#          14       0.00000     15.15      2.00     3   3.4160
#          15       0.00000     20.40      1.00     2   3.4197
#          16       0.00000     20.36      1.00     2   3.4222
#          17       0.00000      8.16      2.00     3   3.4290
#          18       0.00000     11.87      2.00     3   3.4615
#          19       0.00000     16.06      2.00     3   3.4901
#          20       0.00000      9.38      2.00     3   3.5311
#          21       0.00000      7.46      2.00     3   3.5494
#          22       0.00000     18.30      1.00     2   3.5555
#          23       0.00000      8.98      2.00     3   3.5553
#          24       0.00000      6.96      2.00     3   3.5590
#          25       0.00000      8.70      2.00     3   3.5658
#          26       0.00000      8.82      2.00     3   3.5988
#          27       0.00000     15.05      2.00     3   3.6222
#          28       0.00000      7.88      2.00     3   3.6220
#          29       0.00000      7.57      2.00     3   3.6443
#          30       0.00000      8.00      2.00     3   3.6471
#          31       0.00000      7.19      2.00     3   3.6592
#          32       0.00000     16.69      1.00     2   3.6747
#          33       0.00000     17.14      1.00     2   3.6880
#          34       0.00000      6.87      2.00     3   3.6936
#          35       0.00000     16.42      1.00     2   3.6954
#          36       0.00000     13.38      2.00     3   3.6955
#          37       0.00000      7.02      2.00     3   3.6988
#          38       0.00000     16.34      1.00     2   3.7019
#          39       0.00000      6.51      2.00     3   3.7357
#          40       0.00000      6.32      2.00     3   3.7548
#          41       0.00000     15.64      1.00     2   3.7602
#          42       0.00000     11.78      1.00     4   3.7752
#          43       0.00000     15.95      1.00     2   3.7933
#          44       0.00000      5.76      1.00     4   3.8035
#          46       0.00000      4.98      1.00     4   3.8167
#          47       0.00000     15.53      1.00     2   3.8328
#          48       0.00000     15.51      1.00     2   3.8352
#          49       0.00000     10.76      1.00     4   3.8370
#          50       0.00000     14.73      1.00     2   3.8405
#          51       0.00000     15.14      1.00     2   3.8714
#          52       0.00000     13.66      2.00     3   3.8780
#          53       0.00000     14.22      1.00     2   3.8884
#          54       0.00000      4.26      1.00     4   3.9101
#          57       0.00000     13.86      2.00     3   3.9574
#          58       0.00000     13.97      1.00     2   3.9927
#          59       0.00000      9.05      2.00     3   4.0068
#          60       0.00000      8.73      2.00     3   4.0167
#          62       0.00000     11.35      2.00     3   4.0566
#          63       0.00000      7.92      1.00     4   4.0578
#          64       0.00000     11.25      2.00     3   4.0642
#          65       0.00000      4.31      1.00     4   4.0654
#          66       0.00000      5.68      1.00     4   4.0679
#          67       0.00000     11.45      2.00     3   4.0759
#          68       0.00000      6.11      1.00     4   4.1215
#          69       0.00000      4.03      1.00     4   4.1269
#          70       0.00000     11.64      1.00     2   4.1683
#          71       0.00000     20.12      2.00     3   4.1734
#          72       0.00000      8.66      2.00     3   4.1769
#          73       0.00000     18.97      2.00     3   4.1784
#          74       0.00000      8.26      2.00     3   4.1907
#          75       0.00000      6.94      2.00     3   4.2180
#          76       0.00000     17.74      2.00     4   4.2205
#          77       0.00000     15.98      2.00     4   4.2407
#          79       0.00000      9.18      2.00     3   4.2805
#          80       0.00000      4.06      1.00     4   4.2805
#          82       0.00000      6.40      2.00     3   4.2997
#          83       0.00000     10.60      1.00     2   4.3049
#          84       0.00000      6.88      2.00     3   4.3055
#          85       0.00000     18.00      2.00     3   4.3130
#          86       0.00000     10.43      1.00     2   4.3286
#          87       0.00000     15.77      2.00     4   4.3527
#          88       0.00000      6.65      2.00     3   4.3877
#          89       0.00000      6.30      2.00     3   4.3892
#          90       0.00000      6.06      2.00     3   4.4214
#          91       0.00000      5.53      2.00     3   4.4335
#          92       0.00000      4.89      2.00     3   4.4777
#          93       0.00000      9.35      1.00     2   4.4928
#          94       0.00000      9.33      1.00     2   4.4964
#          95       0.00000      9.28      1.00     2   4.5051
#          96       0.00000      9.24      1.00     2   4.5111
#          97       0.00000      9.08      1.00     2   4.5387
#          98       0.00000      7.74      2.00     3   4.5450
#          99       0.00000      9.03      1.00     2   4.5460
#         100       0.00000      9.02      1.00     2   4.5488
#         101       0.00000      8.90      1.00     2   4.5683
#         102       0.00000      4.71      2.00     3   4.5686
#         103       0.00000     18.03      2.00     3   4.5813
#         104       0.00000     18.42      2.00     3   4.5853
#         105       0.00000      8.79      1.00     2   4.5885
#         107       0.00000      4.02      1.00     4   4.6041
#         108       0.00000     19.88      2.00     3   4.6077
#         109       0.00000     15.90      2.00     3   4.6227
#         110       0.00000      4.40      2.00     3   4.6334
#         111       0.00000      6.05      2.00     3   4.6372
#         112       0.00000     16.71      2.00     3   4.6421
#         113       0.00000      4.06      2.00     3   4.6432
#         115       0.00000      4.30      2.00     3   4.6506
#         117       0.00000     12.81      2.00     3   4.6621
#         118       0.00000     11.05      1.00     4   4.6655
#         119       0.00000     12.57      1.00     4   4.6665
#         120       0.00000     10.77      1.00     4   4.6697
#         121       0.00000      8.33      1.00     2   4.6716
#         123       0.00000      8.30      1.00     2   4.6773
#         124       0.00000     13.42      2.00     3   4.6860
#         125       0.00000      8.18      1.00     2   4.7006
#         127       0.00000      8.99      1.00     4   4.7343
#         128       0.00000      8.00      1.00     2   4.7358
#         129       0.00000      6.05      2.00     3   4.7371
#         130       0.00000      6.33      2.00     3   4.7375
#         131       0.00000     12.79      2.00     3   4.7387
#         132       0.00000      9.79      1.00     4   4.7382
#         133       0.00000      6.25      2.00     3   4.7425
#         134       0.00000      7.95      1.00     2   4.7459
#         135       0.00000      5.75      2.00     3   4.7561
#         137       0.00000      6.87      2.00     3   4.7742
#         138       0.00000      4.19      2.00     3   4.8148
#         139       0.00000      6.65      1.00     4   4.8278
#         140       0.00000      6.99      2.00     3   4.8289
#         141       0.00000      7.21      1.00     4   4.8333
#         143       0.00000      4.56      2.00     3   4.8476
#         144       0.00000      7.41      2.00     3   4.8709
#         146       0.00000      4.36      2.00     4   4.8843
#         147       0.00000      9.40      2.00     3   4.8892
#         148       0.00000      6.82      1.00     4   4.8888
#         149       0.00000      7.21      1.00     2   4.9008
#         152       0.00000      7.88      1.00     2   4.9228
#         153       0.00000      4.60      2.00     4   4.9232
#         154       0.00000      5.81      2.00     3   4.9401
#         155       0.00000      8.10      2.00     3   4.9504
#         156       0.00000      6.64      2.00     3   4.9875
#         157       0.00000      7.76      2.00     3   4.9909
#         162       0.00000      7.32      1.00     2   5.0535
#         163       0.00000      6.43      2.00     3   5.0565
#         165       0.00000      7.24      1.00     2   5.0723
#         166       0.00000      4.33      2.00     4   5.0778
#         167       0.00000      7.16      2.00     3   5.0814
#         168       0.00000      4.40      1.00     4   5.1011
#         169       0.00000      7.10      1.00     2   5.1074
#         170       0.00000      7.02      1.00     2   5.1265
#         172       0.00000      7.05      2.00     3   5.1523
#         174       0.00000      6.16      1.00     2   5.1634
#         176       0.00000     15.06      2.00     3   5.1702
#         178       0.00000      6.11      1.00     2   5.1766
#         179       0.00000      9.41      1.00     4   5.1771
#         180       0.00000     15.14      2.00     3   5.1803
#         181       0.00000      9.53      1.00     4   5.1839
#         182       0.00000      7.80      2.00     3   5.1851
#         183       0.00000     10.35      2.00     3   5.1894
#         184       0.00000      6.02      1.00     2   5.1996
#         186       0.00000      6.46      2.00     3   5.2052
#         187       0.00000      7.37      2.00     3   5.2088
#         188       0.00000      5.88      1.00     2   5.2402
#         190       0.00000      5.88      1.00     2   5.2417
#         191       0.00000      5.52      2.00     3   5.2426
#         193       0.00000     13.90      2.00     3   5.2529
#         194       0.00000      6.51      1.00     2   5.2623
#         195       0.00000      8.47      1.00     4   5.2642
#         196       0.00000      6.07      2.00     3   5.2688
#         197       0.00000      5.27      1.00     4   5.2713
#         198       0.00000      4.58      2.00     3   5.2721
#         200       0.00000      5.09      2.00     4   5.3073
#         203       0.00000      4.08      2.00     4   5.3407
#         213       0.00000      4.54      2.00     3   5.4366
#         215       0.00000      5.90      1.00     2   5.4443
#         216       0.00000      5.19      1.00     2   5.4550
#         217       0.00000      5.19      1.00     2   5.4559
#         218       0.00000      5.85      1.00     2   5.4583
#         220       0.00000      5.83      1.00     2   5.4651
#         221       0.00000      4.39      2.00     3   5.4676
#         223       0.00000      6.53      2.00     3   5.4815
#         226       0.00000      5.64      1.00     2   5.5273
#         227       0.00000      5.62      1.00     2   5.5353
#         228       0.00000      4.16      2.00     3   5.5474
#         230       0.00000      5.57      1.00     2   5.5518
#         231       0.00000      4.90      2.00     3   5.5618
#         232       0.00000      6.51      2.00     3   5.5793
#         233       0.00000      5.12      2.00     3   5.5841
#         235       0.00000      4.81      1.00     2   5.5898
#         237       0.00000      4.75      1.00     2   5.6124
#         238       0.00000      4.75      1.00     2   5.6129
#         239       0.00000      4.09      2.00     3   5.6190
#         240       0.00000      5.11      2.00     3   5.6196
#         241       0.00000      4.31      2.00     3   5.6259
#         242       0.00000      4.70      1.00     2   5.6319
#         245       0.00000      4.67      1.00     2   5.6424
#         246       0.00000      4.88      2.00     3   5.6609
#         248       0.00000      4.39      2.00     3   5.6757
#         249       0.00000      5.57      2.00     3   5.6847
#         253       0.00000      4.23      2.00     3   5.6954
#         255       0.00000      5.10      2.00     3   5.7001
#         258       0.00000      4.07      2.00     3   5.7205
#         265       0.00000      4.40      1.00     2   5.7499
#         266       0.00000      4.31      2.00     3   5.7502
#         268       0.00000      4.10      2.00     3   5.7620
#         272       0.00000      5.34      2.00     3   5.7819
#         273       0.00000      4.92      1.00     2   5.7893
#         274       0.00000      5.70      2.00     3   5.7967
#         275       0.00000      4.29      1.00     2   5.7978
#         276       0.00000      4.86      1.00     2   5.8108
#         280       0.00000      5.09      2.00     3   5.8302
#         281       0.00000      4.20      1.00     2   5.8374
#         282       0.00000      4.62      2.00     3   5.8382
#         288       0.00000      6.48      2.00     3   5.8730
#         291       0.00000      4.18      2.00     3   5.8837
#         295       0.00000      4.62      1.00     2   5.9107
#         296       0.00000      4.62      1.00     2   5.9130
#         298       0.00000      4.57      1.00     2   5.9308
#         302       0.00000      7.81      2.00     3   5.9467
#   218/ 274 paths used
#  -----------------------------------------------------------------------
#       k          chi          mag           phase @#
    -0.7000   -4.450015E-01  4.450452E-01 -1.584809E+00
    -0.6500   -4.108798E-01  4.110317E-01 -1.597984E+00
    -0.6000   -3.900975E-01  3.905885E-01 -1.620942E+00
    -0.5500   -3.788934E-01  3.799991E-01 -1.647099E+00
    -0.5000   -3.754175E-01  3.772599E-01 -1.669668E+00
    -0.4500   -3.771490E-01  3.796817E-01 -1.686365E+00
    -0.4000   -3.819053E-01  3.849124E-01 -1.695878E+00
    -0.3500   -3.892953E-01  3.925800E-01 -1.700248E+00
    -0.3000   -3.970629E-01  4.003883E-01 -1.699770E+00
    -0.2500   -4.043813E-01  4.075957E-01 -1.696466E+00
    -0.2000   -4.107552E-01  4.137875E-01 -1.691932E+00
    -0.1500   -4.165644E-01  4.193957E-01 -1.687061E+00
    -0.1000   -4.210112E-01  4.236684E-01 -1.682854E+00
    -0.0500   -4.237152E-01  4.262578E-01 -1.680075E+00
     0.0000   -4.246218E-01  4.271247E-01 -1.679107E+00
     0.0500   -4.255309E-01  4.279934E-01 -1.678119E+00
     0.1000   -4.282713E-01  4.306087E-01 -1.675037E+00
     0.1500   -4.328762E-01  4.349940E-01 -1.669513E+00
     0.2000   -4.393786E-01  4.411727E-01 -1.661014E+00
     0.2500   -4.477809E-01  4.491491E-01 -1.648869E+00
     0.3000   -4.580192E-01  4.588883E-01 -1.632350E+00
     0.3500   -4.703597E-01  4.707267E-01 -1.610282E+00
     0.4000   -4.857917E-01  4.858137E-01 -1.580296E+00
     0.4500   -5.022798E-01  5.024714E-01 -1.543184E+00
     0.5000   -5.190184E-01  5.203743E-01 -1.498591E+00
     0.5500   -5.358349E-01  5.400966E-01 -1.445090E+00
     0.6000   -5.522393E-01  5.623709E-01 -1.380691E+00
     0.6500   -5.646662E-01  5.847290E-01 -1.308083E+00
     0.7000   -5.716747E-01  6.073137E-01 -1.226511E+00
     0.7500   -5.717815E-01  6.313428E-01 -1.132932E+00
     0.8000   -5.612573E-01  6.538762E-01 -1.032053E+00
     0.8500   -5.385158E-01  6.758262E-01 -9.220236E-01
     0.9000   -5.012215E-01  6.969748E-01 -8.025620E-01
     0.9500   -4.481878E-01  7.151213E-01 -6.773493E-01
     1.0000   -3.777391E-01  7.321746E-01 -5.420742E-01
     1.0500   -2.912944E-01  7.456944E-01 -4.013214E-01
     1.1000   -1.901779E-01  7.560279E-01 -2.542801E-01
     1.1500   -7.656891E-02  7.632274E-01 -1.004916E-01
     1.2000    4.340056E-02  7.658910E-01  5.669713E-02
     1.2500    1.679602E-01  7.656131E-01  2.211789E-01
     1.3000    2.877253E-01  7.605557E-01  3.879691E-01
     1.3500    3.992678E-01  7.519269E-01  5.597718E-01
     1.4000    4.952069E-01  7.391225E-01  7.341994E-01
     1.4500    5.712178E-01  7.226110E-01  9.116110E-01
     1.5000    6.236464E-01  7.026997E-01  1.091893E+00
     1.5500    6.496373E-01  6.794423E-01  1.273504E+00
     1.6000    6.495038E-01  6.536490E-01  1.458117E+00
     1.6500    6.236189E-01  6.252388E-01  1.642795E+00
     1.7000    5.752044E-01  5.952092E-01  1.830795E+00
     1.7500    5.079726E-01  5.635044E-01  2.018478E+00
     1.8000    4.263193E-01  5.308564E-01  2.209149E+00
     1.8500    3.359244E-01  4.974402E-01  2.400213E+00
     1.9000    2.405735E-01  4.635934E-01  2.595991E+00
     1.9500    1.461773E-01  4.294811E-01  2.794295E+00
     2.0000    5.811450E-02  3.953537E-01  2.994064E+00
     2.0500   -1.971642E-02  3.613825E-01  3.196178E+00
     2.1000   -8.490478E-02  3.266261E-01  3.404558E+00
     2.1500   -1.341379E-01  2.908961E-01  3.620849E+00
     2.2000   -1.648809E-01  2.554657E-01  3.843157E+00
     2.2500   -1.769348E-01  2.203889E-01  4.073619E+00
     2.3000   -1.700916E-01  1.845388E-01  4.314064E+00
     2.3500   -1.440109E-01  1.455911E-01  4.564922E+00
     2.4000   -1.071987E-01  1.080490E-01  4.837922E+00
     2.4500   -6.568500E-02  7.270252E-02  5.155374E+00
     2.5000   -2.614432E-02  4.112912E-02  5.594316E+00
     2.5500    2.252256E-03  1.801555E-02  6.408531E+00
     2.6000    2.069559E-02  2.121423E-02  8.075557E+00
     2.6500    2.702121E-02  4.125615E-02  8.710646E+00
     2.7000    2.109128E-02  6.036556E-02  9.067855E+00
     2.7500    8.079600E-03  7.642845E-02  9.318865E+00
     2.8000   -1.189460E-02  9.046482E-02  9.556643E+00
     2.8500   -3.665467E-02  1.024574E-01  9.790641E+00
     2.9000   -6.323207E-02  1.123652E-01  1.002247E+01
     2.9500   -8.905738E-02  1.210639E-01  1.025136E+01
     3.0000   -1.113730E-01  1.279991E-01  1.048020E+01
     3.0500   -1.275635E-01  1.329711E-01  1.070941E+01
     3.1000   -1.358400E-01  1.360585E-01  1.093889E+01
     3.1500   -1.355406E-01  1.375981E-01  1.116872E+01
     3.2000   -1.266571E-01  1.377514E-01  1.139966E+01
     3.2500   -1.097602E-01  1.364941E-01  1.163215E+01
     3.3000   -8.623205E-02  1.337902E-01  1.186596E+01
     3.3500   -5.840102E-02  1.299620E-01  1.210031E+01
     3.4000   -2.864677E-02  1.252568E-01  1.233562E+01
     3.4500    6.938439E-04  1.196574E-01  1.257217E+01
     3.5000    2.737601E-02  1.133445E-01  1.281031E+01
     3.5500    4.956910E-02  1.064035E-01  1.305098E+01
     3.6000    6.586065E-02  9.894471E-02  1.329471E+01
     3.6500    7.552575E-02  9.121193E-02  1.354195E+01
     3.7000    7.849345E-02  8.335631E-02  1.379390E+01
     3.7500    7.519485E-02  7.546757E-02  1.405213E+01
     3.8000    6.654045E-02  6.764906E-02  1.431846E+01
     3.8500    5.385778E-02  6.007932E-02  1.459628E+01
     3.9000    3.858716E-02  5.284950E-02  1.488945E+01
     3.9500    2.228018E-02  4.603660E-02  1.520278E+01
     4.0000    6.531413E-03  3.977465E-02  1.554301E+01
     4.0500   -7.094183E-03  3.443664E-02  1.591546E+01
     4.1000   -1.749318E-02  3.028914E-02  1.632368E+01
     4.1500   -2.396530E-02  2.751713E-02  1.676504E+01
     4.2000   -2.613900E-02  2.617261E-02  1.722808E+01
     4.2500   -2.418325E-02  2.625180E-02  1.767839E+01
     4.3000   -1.875062E-02  2.734137E-02  1.809386E+01
     4.3500   -1.073697E-02  2.897015E-02  1.846988E+01
     4.4000   -1.028808E-03  3.080730E-02  1.881615E+01
     4.4500    8.923513E-03  3.255190E-02  1.912724E+01
     4.5000    1.806626E-02  3.402659E-02  1.940927E+01
     4.5500    2.567081E-02  3.516806E-02  1.966780E+01
     4.6000    3.144485E-02  3.603938E-02  1.990988E+01
     4.6500    3.510673E-02  3.661783E-02  2.013207E+01
     4.7000    3.687831E-02  3.700874E-02  2.033637E+01
     4.7500    3.714770E-02  3.735468E-02  2.052567E+01
     4.8000    3.631720E-02  3.786134E-02  2.070693E+01
     4.8500    3.454474E-02  3.852907E-02  2.087914E+01
     4.9000    3.194355E-02  3.942990E-02  2.104677E+01
     4.9500    2.844131E-02  4.058353E-02  2.121462E+01
     5.0000    2.374957E-02  4.201560E-02  2.139040E+01
     5.0500    1.769188E-02  4.353090E-02  2.157261E+01
     5.1000    1.020567E-02  4.499258E-02  2.176233E+01
     5.1500    1.466724E-03  4.625479E-02  2.195943E+01
     5.2000   -8.178741E-03  4.728584E-02  2.216499E+01
     5.2500   -1.792202E-02  4.785642E-02  2.237500E+01
     5.3000   -2.688458E-02  4.787863E-02  2.258736E+01
     5.3500   -3.421134E-02  4.730407E-02  2.279960E+01
     5.4000   -3.935581E-02  4.619413E-02  2.301088E+01
     5.4500   -4.188402E-02  4.452660E-02  2.321569E+01
     5.5000   -4.191408E-02  4.240156E-02  2.341016E+01
     5.5500   -3.996638E-02  3.998203E-02  2.358993E+01
     5.6000   -3.683635E-02  3.751322E-02  2.375220E+01
     5.6500   -3.336520E-02  3.526382E-02  2.389158E+01
     5.7000   -3.027835E-02  3.356091E-02  2.400792E+01
     5.7500   -2.795875E-02  3.270321E-02  2.410734E+01
     5.8000   -2.634677E-02  3.287804E-02  2.420320E+01
     5.8500   -2.496719E-02  3.405080E-02  2.430968E+01
     5.9000   -2.305275E-02  3.601059E-02  2.443803E+01
     5.9500   -1.976746E-02  3.844367E-02  2.459267E+01
     6.0000   -1.444384E-02  4.107144E-02  2.477338E+01
     6.0500   -6.839588E-03  4.357284E-02  2.497512E+01
     6.1000    2.765611E-03  4.571800E-02  2.519327E+01
     6.1500    1.358084E-02  4.734530E-02  2.542367E+01
     6.2000    2.444326E-02  4.835068E-02  2.566275E+01
     6.2500    3.405388E-02  4.868234E-02  2.590746E+01
     6.3000    4.124832E-02  4.833571E-02  2.615516E+01
     6.3500    4.523366E-02  4.734885E-02  2.640351E+01
     6.4000    4.573292E-02  4.579778E-02  2.665031E+01
     6.4500    4.300364E-02  4.379140E-02  2.689350E+01
     6.5000    3.785164E-02  4.155917E-02  2.712914E+01
     6.5500    3.113963E-02  3.919225E-02  2.735609E+01
     6.6000    2.374630E-02  3.683472E-02  2.757374E+01
     6.6500    1.636563E-02  3.464498E-02  2.778234E+01
     6.7000    9.378095E-03  3.275428E-02  2.798395E+01
     6.7500    2.858907E-03  3.124490E-02  2.818271E+01
     6.8000   -3.311324E-03  3.013397E-02  2.838444E+01
     6.8500   -9.275052E-03  2.937178E-02  2.859561E+01
     6.9000   -1.502497E-02  2.885826E-02  2.882194E+01
     6.9500   -2.028976E-02  2.847169E-02  2.906757E+01
     7.0000   -2.453367E-02  2.814638E-02  2.933288E+01
     7.0500   -2.702609E-02  2.772742E-02  2.961974E+01
     7.1000   -2.704676E-02  2.714261E-02  2.992920E+01
     7.1500   -2.413146E-02  2.638737E-02  3.026164E+01
     7.2000   -1.826764E-02  2.550390E-02  3.061749E+01
     7.2500   -9.998493E-03  2.457649E-02  3.099694E+01
     7.3000   -3.949258E-04  2.372152E-02  3.139928E+01
     7.3500    9.107729E-03  2.306930E-02  3.182178E+01
     7.4000    1.697475E-02  2.273659E-02  3.225884E+01
     7.4500    2.187761E-02  2.279475E-02  3.270209E+01
     7.5000    2.289139E-02  2.317898E-02  3.314441E+01
     7.5500    1.982629E-02  2.388095E-02  3.357803E+01
     7.6000    1.322011E-02  2.483416E-02  3.399616E+01
     7.6500    4.176135E-03  2.591560E-02  3.439567E+01
     7.7000   -5.846337E-03  2.700242E-02  3.477576E+01
     7.7500   -1.532630E-02  2.799042E-02  3.513696E+01
     7.8000   -2.296444E-02  2.880371E-02  3.548028E+01
     7.8500   -2.789149E-02  2.939838E-02  3.580675E+01
     7.9000   -2.976081E-02  2.976266E-02  3.611719E+01
     7.9500   -2.871711E-02  2.991476E-02  3.641224E+01
     8.0000   -2.526769E-02  2.994007E-02  3.669452E+01
     8.0500   -2.005434E-02  2.989931E-02  3.696392E+01
     8.1000   -1.373940E-02  2.984600E-02  3.722073E+01
     8.1500   -6.867481E-03  2.985163E-02  3.746698E+01
     8.2000    1.893647E-04  2.997613E-02  3.770543E+01
     8.2500    7.200661E-03  3.025660E-02  3.793940E+01
     8.3000    1.399309E-02  3.069986E-02  3.817239E+01
     8.3500    2.035215E-02  3.128095E-02  3.840752E+01
     8.4000    2.595127E-02  3.194786E-02  3.864720E+01
     8.4500    3.033880E-02  3.263057E-02  3.889289E+01
     8.5000    3.301154E-02  3.326718E-02  3.914586E+01
     8.5500    3.345867E-02  3.376930E-02  3.940565E+01
     8.6000    3.135437E-02  3.405760E-02  3.967102E+01
     8.6500    2.669218E-02  3.407900E-02  3.994084E+01
     8.7000    1.982779E-02  3.379843E-02  4.021379E+01
     8.7500    1.145431E-02  3.319976E-02  4.048845E+01
     8.8000    2.496172E-03  3.228577E-02  4.076331E+01
     8.8500   -6.053898E-03  3.107727E-02  4.103676E+01
     8.9000   -1.331461E-02  2.961173E-02  4.130707E+01
     8.9500   -1.866785E-02  2.794161E-02  4.157236E+01
     9.0000   -2.186234E-02  2.614908E-02  4.183078E+01
     9.0500   -2.298427E-02  2.430886E-02  4.207986E+01
     9.1000   -2.239588E-02  2.249533E-02  4.231744E+01
     9.1500   -2.061995E-02  2.079696E-02  4.254206E+01
     9.2000   -1.817966E-02  1.929737E-02  4.275352E+01
     9.2500   -1.547505E-02  1.806466E-02  4.295356E+01
     9.3000   -1.271539E-02  1.713865E-02  4.314638E+01
     9.3500   -9.920548E-03  1.652066E-02  4.333818E+01
     9.4000   -6.983647E-03  1.617192E-02  4.353577E+01
     9.4500   -3.770175E-03  1.602311E-02  4.374477E+01
     9.5000   -2.076299E-04  1.601928E-02  4.396934E+01
     9.5500    3.636668E-03  1.607144E-02  4.421056E+01
     9.6000    7.497168E-03  1.608889E-02  4.446704E+01
     9.6500    1.097738E-02  1.602293E-02  4.473704E+01
     9.7000    1.363259E-02  1.584338E-02  4.501847E+01
     9.7500    1.507658E-02  1.553634E-02  4.530921E+01
     9.8000    1.507907E-02  1.510123E-02  4.560728E+01
     9.8500    1.362684E-02  1.454772E-02  4.591081E+01
     9.9000    1.093296E-02  1.389295E-02  4.621805E+01
     9.9500    7.393071E-03  1.315909E-02  4.652730E+01
    10.0000    3.491178E-03  1.239917E-02  4.683846E+01
    10.0500   -3.011696E-04  1.163097E-02  4.714979E+01
    10.1000   -3.560419E-03  1.085387E-02  4.745811E+01
    10.1500   -6.009833E-03  1.009358E-02  4.776167E+01
    10.2000   -7.541941E-03  9.374388E-03  4.805877E+01
    10.2500   -8.199718E-03  8.718503E-03  4.834798E+01
    10.3000   -8.127462E-03  8.145343E-03  4.862841E+01
    10.3500   -7.509276E-03  7.670514E-03  4.890009E+01
    10.4000   -6.514122E-03  7.304478E-03  4.916418E+01
    10.4500   -5.261851E-03  7.051133E-03  4.942308E+01
    10.5000   -3.816434E-03  6.906874E-03  4.968005E+01
    10.5500   -2.203564E-03  6.860756E-03  4.993850E+01
    10.6000   -4.425635E-04  6.895976E-03  5.020126E+01
    10.6500    1.420779E-03  6.992260E-03  5.047010E+01
    10.7000    3.292777E-03  7.128382E-03  5.074565E+01
    10.7500    5.029403E-03  7.284204E-03  5.102760E+01
    10.8000    6.453772E-03  7.441989E-03  5.131506E+01
    10.8500    7.388255E-03  7.587093E-03  5.160683E+01
    10.9000    7.691720E-03  7.708199E-03  5.190168E+01
    10.9500    7.291540E-03  7.797277E-03  5.219842E+01
    11.0000    6.202497E-03  7.854585E-03  5.249681E+01
    11.0500    4.521215E-03  7.878928E-03  5.279589E+01
    11.1000    2.421977E-03  7.864933E-03  5.309404E+01
    11.1500    1.277081E-04  7.814668E-03  5.339073E+01
    11.2000   -2.126063E-03  7.731603E-03  5.368565E+01
    11.2500   -4.122274E-03  7.620042E-03  5.397867E+01
    11.3000   -5.685852E-03  7.484552E-03  5.426989E+01
    11.3500   -6.697471E-03  7.329453E-03  5.455956E+01
    11.4000   -7.098176E-03  7.158410E-03  5.484805E+01
    11.4500   -6.887317E-03  6.974180E-03  5.513586E+01
    11.5000   -6.116587E-03  6.778563E-03  5.542349E+01
    11.5500   -4.882111E-03  6.572522E-03  5.571142E+01
    11.6000   -3.315176E-03  6.356488E-03  5.600001E+01
    11.6500   -1.571090E-03  6.130752E-03  5.628951E+01
    11.7000    1.845701E-04  5.895905E-03  5.657998E+01
    11.7500    1.792241E-03  5.653246E-03  5.687126E+01
    11.8000    3.115710E-03  5.405106E-03  5.716303E+01
    11.8500    4.057577E-03  5.155040E-03  5.745478E+01
    11.9000    4.569346E-03  4.907890E-03  5.774587E+01
    11.9500    4.653283E-03  4.669680E-03  5.803564E+01
    12.0000    4.365546E-03  4.458376E-03  5.832389E+01
    12.0500    3.777023E-03  4.283458E-03  5.861066E+01
    12.1000    2.952485E-03  4.137601E-03  5.889567E+01
    12.1500    1.968604E-03  4.027468E-03  5.917955E+01
    12.2000    8.898329E-04  3.958462E-03  5.946353E+01
    12.2500   -2.323096E-04  3.934010E-03  5.974935E+01
    12.3000   -1.351428E-03  3.955036E-03  6.003898E+01
    12.3500   -2.413542E-03  4.019736E-03  6.033429E+01
    12.4000   -3.345565E-03  4.123687E-03  6.063664E+01
    12.4500   -4.051476E-03  4.260197E-03  6.094674E+01
    12.5000   -4.420723E-03  4.420751E-03  6.126461E+01
    12.5500   -4.349459E-03  4.595438E-03  6.158972E+01
    12.6000   -3.770421E-03  4.773323E-03  6.192122E+01
    12.6500   -2.683159E-03  4.942769E-03  6.225803E+01
    12.7000   -1.174519E-03  5.091757E-03  6.259909E+01
    12.7500    5.794857E-04  5.208241E-03  6.294335E+01
    12.8000    2.334913E-03  5.280542E-03  6.328987E+01
    12.8500    3.822342E-03  5.297776E-03  6.363782E+01
    12.9000    4.802030E-03  5.250313E-03  6.398641E+01
    12.9500    5.118469E-03  5.130228E-03  6.433493E+01
    13.0000    4.747336E-03  4.940464E-03  6.468318E+01
    13.0500    3.787705E-03  4.680343E-03  6.503052E+01
    13.1000    2.442227E-03  4.335101E-03  6.537500E+01
    13.1500    9.986392E-04  3.906428E-03  6.571494E+01
    13.2000   -2.515359E-04  3.399369E-03  6.604751E+01
    13.2500   -1.083146E-03  2.822727E-03  6.636727E+01
    13.3000   -1.391625E-03  2.190159E-03  6.666197E+01
    13.3500   -1.216413E-03  1.524573E-03  6.689720E+01
    13.4000   -7.266787E-04  8.840435E-04  6.693835E+01
    13.4500   -1.725758E-04  5.665307E-04  6.628298E+01
    13.5000    1.851857E-04  9.977456E-04  6.578676E+01
    13.5500    1.484994E-04  1.657637E-03  6.588374E+01
    13.6000   -3.621824E-04  2.326298E-03  6.612977E+01
    13.6500   -1.284436E-03  2.954103E-03  6.642326E+01
    13.7000   -2.429379E-03  3.516235E-03  6.673618E+01
    13.7500   -3.531711E-03  3.995024E-03  6.705786E+01
    13.8000   -4.320289E-03  4.377004E-03  6.738309E+01
    13.8500   -4.589640E-03  4.652462E-03  6.770876E+01
    13.9000   -4.252740E-03  4.815566E-03  6.803256E+01
    13.9500   -3.360896E-03  4.864647E-03  6.835233E+01
    14.0000   -2.084365E-03  4.810443E-03  6.866689E+01
    14.0500   -6.553916E-04  4.666076E-03  6.897411E+01
    14.1000    6.763214E-04  4.430313E-03  6.926830E+01
    14.1500    1.714850E-03  4.121114E-03  6.954420E+01
    14.2000    2.365786E-03  3.764587E-03  6.979457E+01
    14.2500    2.650603E-03  3.397548E-03  7.000995E+01
    14.3000    2.686503E-03  3.070198E-03  7.018053E+01
    14.3500    2.638857E-03  2.844588E-03  7.030318E+01
    14.4000    2.661197E-03  2.779234E-03  7.039335E+01
    14.4500    2.841107E-03  2.898486E-03  7.048653E+01
    14.5000    3.168326E-03  3.176063E-03  7.061602E+01
    14.5500    3.534569E-03  3.555224E-03  7.079368E+01
    14.6000    3.765085E-03  3.978089E-03  7.101456E+01
    14.6500    3.672608E-03  4.398692E-03  7.126862E+01
    14.7000    3.117813E-03  4.783709E-03  7.154673E+01
    14.7500    2.058550E-03  5.109824E-03  7.184199E+01
    14.8000    5.734374E-04  5.361325E-03  7.214947E+01
    14.8500   -1.147235E-03  5.528478E-03  7.246566E+01
    14.9000   -2.841041E-03  5.606489E-03  7.278803E+01
    14.9500   -4.232714E-03  5.594774E-03  7.311465E+01
    15.0000   -5.101889E-03  5.500749E-03  7.344427E+01
    15.0500   -5.326370E-03  5.333425E-03  7.377599E+01
    15.1000   -4.893083E-03  5.092328E-03  7.410808E+01
    15.1500   -3.919108E-03  4.787689E-03  7.443929E+01
    15.2000   -2.611123E-03  4.431713E-03  7.476817E+01
    15.2500   -1.213543E-03  4.038136E-03  7.509299E+01
    15.3000    4.816780E-05  3.621811E-03  7.541152E+01
    15.3500    1.014053E-03  3.198353E-03  7.572085E+01
    15.4000    1.614881E-03  2.783905E-03  7.601705E+01
    15.4500    1.871410E-03  2.395017E-03  7.629509E+01
    15.5000    1.870621E-03  2.048553E-03  7.654915E+01
    15.5500    1.727926E-03  1.761199E-03  7.677433E+01
    15.6000    1.547540E-03  1.547543E-03  7.697092E+01
    15.6500    1.392573E-03  1.415699E-03  7.715002E+01
    15.7000    1.272533E-03  1.362184E-03  7.733385E+01
    15.7500    1.150145E-03  1.371767E-03  7.754540E+01
    15.8000    9.634912E-04  1.424498E-03  7.779699E+01
    15.8500    6.552989E-04  1.503614E-03  7.808887E+01
    15.9000    1.996957E-04  1.598735E-03  7.841458E+01
    15.9500   -3.817182E-04  1.705028E-03  7.876561E+01
    16.0000   -1.021273E-03  1.823072E-03  7.913444E+01
    16.0500   -1.619355E-03  1.956793E-03  7.951456E+01
    16.1000   -2.054773E-03  2.102007E-03  7.989822E+01
    16.1500   -2.224006E-03  2.256581E-03  8.028073E+01
    16.2000   -2.062931E-03  2.417143E-03  8.065882E+01
    16.2500   -1.563012E-03  2.579419E-03  8.103044E+01
    16.3000   -7.750276E-04  2.738725E-03  8.139450E+01
    16.3500    1.997709E-04  2.890437E-03  8.175058E+01
    16.4000    1.228169E-03  3.030345E-03  8.209871E+01
    16.4500    2.168367E-03  3.154872E-03  8.243918E+01
    16.5000    2.893039E-03  3.261143E-03  8.277248E+01
    16.5500    3.307827E-03  3.346944E-03  8.309917E+01
    16.6000    3.362781E-03  3.410589E-03  8.341984E+01
    16.6500    3.056150E-03  3.450747E-03  8.373511E+01
    16.7000    2.431407E-03  3.466261E-03  8.404557E+01
    16.7500    1.569092E-03  3.455994E-03  8.435173E+01
    16.8000    5.751611E-04  3.418745E-03  8.465396E+01
    16.8500   -4.328429E-04  3.353262E-03  8.495244E+01
    16.9000   -1.340705E-03  3.258347E-03  8.524707E+01
    16.9500   -2.052445E-03  3.133089E-03  8.553730E+01
    17.0000   -2.505226E-03  2.977605E-03  8.582279E+01
    17.0500   -2.674153E-03  2.791831E-03  8.610242E+01
    17.1000   -2.576284E-03  2.576942E-03  8.637121E+01
    17.1500   -2.276778E-03  2.338489E-03  8.662404E+01
    17.2000   -1.869955E-03  2.086066E-03  8.685301E+01
    17.2500   -1.458359E-03  1.835566E-03  8.704641E+01
    17.3000   -1.128684E-03  1.612540E-03  8.718928E+01
    17.3500   -9.301263E-04  1.454710E-03  8.727089E+01
    17.4000   -8.609502E-04  1.405051E-03  8.730505E+01
    17.4500   -8.675981E-04  1.486832E-03  8.734154E+01
    17.5000   -8.578918E-04  1.684188E-03  8.743013E+01
    17.5500   -7.261727E-04  1.958104E-03  8.758466E+01
    17.6000   -3.847410E-04  2.271129E-03  8.779437E+01
    17.6500    2.063591E-04  2.595566E-03  8.804418E+01
    17.7000    1.019476E-03  2.912028E-03  8.832226E+01
    17.7500    1.955725E-03  3.206747E-03  8.862050E+01
    17.8000    2.860034E-03  3.469783E-03  8.893350E+01
    17.8500    3.552463E-03  3.694036E-03  8.925764E+01
    17.9000    3.868860E-03  3.874721E-03  8.959040E+01
    17.9500    3.701031E-03  4.009061E-03  8.992995E+01
    18.0000    3.025303E-03  4.096636E-03  9.027537E+01
    18.0500    1.911078E-03  4.139149E-03  9.062627E+01
    18.1000    5.185471E-04  4.137405E-03  9.098053E+01
    18.1500   -9.372368E-04  4.094593E-03  9.133713E+01
    18.2000   -2.229831E-03  4.014861E-03  9.169502E+01
    18.2500   -3.167618E-03  3.903078E-03  9.205302E+01
    18.3000   -3.630979E-03  3.764616E-03  9.240974E+01
    18.3500   -3.591694E-03  3.605188E-03  9.276353E+01
    18.4000   -3.110596E-03  3.430758E-03  9.311244E+01
    18.4500   -2.315278E-03  3.247580E-03  9.345412E+01
    18.5000   -1.364719E-03  3.062365E-03  9.378589E+01
    18.5500   -4.108003E-04  2.882580E-03  9.410478E+01
    18.6000    4.330540E-04  2.716814E-03  9.440786E+01
    18.6500    1.108478E-03  2.575021E-03  9.469280E+01
    18.7000    1.610937E-03  2.468316E-03  9.495885E+01
    18.7500    1.972879E-03  2.407896E-03  9.520803E+01
    18.8000    2.237836E-03  2.402920E-03  9.544574E+01
    18.8500    2.434393E-03  2.457969E-03  9.567996E+01
    18.9000    2.558516E-03  2.571460E-03  9.591895E+01
    18.9500    2.569910E-03  2.736019E-03  9.616882E+01
    19.0000    2.405121E-03  2.942300E-03  9.643244E+01
    19.0500    1.998731E-03  3.180453E-03  9.670982E+01
    19.1000    1.304929E-03  3.432817E-03  9.699943E+01
    19.1500    3.324872E-04  3.687564E-03  9.729909E+01
    19.2000   -8.476879E-04  3.934071E-03  9.760655E+01
    19.2500   -2.106103E-03  4.163070E-03  9.791980E+01
    19.3000   -3.274087E-03  4.366716E-03  9.823711E+01
    19.3500   -4.174777E-03  4.538623E-03  9.855703E+01
    19.4000   -4.658283E-03  4.673911E-03  9.887837E+01
    19.4500   -4.632571E-03  4.769227E-03  9.920013E+01
    19.5000   -4.082741E-03  4.822753E-03  9.952148E+01
    19.5500   -3.074460E-03  4.834177E-03  9.984168E+01
    19.6000   -1.741253E-03  4.804629E-03  1.001601E+02
    19.6500   -2.592044E-04  4.736564E-03  1.004762E+02
    19.7000    1.184676E-03  4.633606E-03  1.007895E+02
    19.7500    2.423269E-03  4.500337E-03  1.010996E+02
    19.8000    3.333103E-03  4.342050E-03  1.014061E+02
    19.8500    3.847163E-03  4.164470E-03  1.017089E+02
    19.9000    3.955912E-03  3.973441E-03  1.020078E+02
    19.9500    3.698452E-03  3.774611E-03  1.023030E+02