# # tequil.ion_motion                                            FEFF 9.05   
# # POT  SCF  30  5.5000   1, core-hole, AFOLP (folp(0)= 1.150)
# # Abs   Z=30 Rmt= 1.286 Rnm= 1.401 K  shell
# # Pot 1 Z=26 Rmt= 1.281 Rnm= 1.392
# # Pot 2 Z= 8 Rmt= 1.007 Rnm= 1.092
# # Gam_ch=1.897E+00 H-L exch
# # Mu=-1.173E+01 kf=2.172E+00 Vint=-1.881E+01 Rs_int= 1.670
# # PATH  Rmax= 8.500,  Keep_limit= 0.00, Heap_limit 0.00  Pwcrit= 2.50%
#  S02=1.000                                        Global_sig2= 0.00000
#  Energy zero shift, vr, vi   -2.00000E+00   0.00000E+00
#  Curved wave amplitude ratio filter   4.000%
#     file         sig2 tot  cw amp ratio   deg  nlegs   reff  inp sig2
#           1       0.00000    100.00      1.00     2   1.9159
#           2       0.00000     99.40      1.00     2   1.9203
#           3       0.00000     83.81      1.00     2   2.0510
#           4       0.00000     74.42      1.00     2   2.1472
#           5       0.00000     65.84      1.00     2   2.2512
#           6       0.00000     43.56      1.00     2   2.6368
#           7       0.00000     33.98      1.00     2   2.8275
#           8       0.00000     31.60      1.00     2   2.9223
#           9       0.00000     27.67      1.00     2   3.0990
#          10       0.00000     26.11      1.00     2   3.1926
#          11       0.00000     25.93      1.00     2   3.2005
#          12       0.00000     24.78      1.00     2   3.2497
#          13       0.00000     24.49      1.00     2   3.2656
#          14       0.00000     24.29      1.00     2   3.2768
#          15       0.00000      9.62      2.00     3   3.4133
#          16       0.00000     21.37      1.00     2   3.4343
#          17       0.00000     10.93      2.00     3   3.4489
#          18       0.00000     21.01      1.00     2   3.4802
#          19       0.00000      9.08      2.00     3   3.4832
#          20       0.00000     10.81      2.00     3   3.4837
#          21       0.00000      7.86      2.00     3   3.4863
#          22       0.00000      9.22      2.00     3   3.4980
#          23       0.00000      9.20      2.00     3   3.5118
#          24       0.00000     19.96      1.00     2   3.5201
#          25       0.00000     11.39      2.00     3   3.5287
#          26       0.00000      7.80      2.00     3   3.5392
#          27       0.00000      8.97      2.00     3   3.5484
#          28       0.00000      8.89      2.00     3   3.5532
#          29       0.00000     15.84      2.00     3   3.5771
#          30       0.00000     18.75      1.00     2   3.5993
#          31       0.00000     14.61      2.00     3   3.6105
#          32       0.00000     18.84      1.00     2   3.6374
#          33       0.00000      8.26      2.00     3   3.6745
#          34       0.00000     17.58      1.00     2   3.6834
#          35       0.00000     11.09      2.00     3   3.6946
#          36       0.00000     10.36      2.00     3   3.6961
#          37       0.00000     17.86      1.00     2   3.7150
#          38       0.00000     15.32      2.00     3   3.7322
#          39       0.00000     16.85      1.00     2   3.7389
#          40       0.00000      6.71      2.00     3   3.7411
#          41       0.00000     17.01      1.00     2   3.7867
#          42       0.00000     11.28      2.00     3   3.7925
#          43       0.00000     15.44      2.00     3   3.8189
#          44       0.00000     10.83      1.00     4   3.8317
#          45       0.00000     16.46      1.00     2   3.8365
#          47       0.00000     10.70      1.00     4   3.8406
#          48       0.00000      4.48      1.00     4   3.8886
#          49       0.00000     14.56      2.00     3   3.8967
#          50       0.00000      4.20      1.00     4   3.9443
#          51       0.00000     15.17      1.00     2   3.9594
#          52       0.00000      5.31      2.00     4   3.9713
#          53       0.00000      5.52      1.00     4   3.9756
#          54       0.00000      4.24      1.00     4   3.9841
#          55       0.00000     22.50      2.00     3   3.9883
#          56       0.00000     15.11      2.00     3   3.9899
#          57       0.00000      5.31      1.00     4   3.9992
#          58       0.00000      6.38      1.00     4   4.0004
#          59       0.00000      7.89      2.00     3   4.0174
#          60       0.00000     13.58      1.00     2   4.0334
#          61       0.00000      7.51      2.00     3   4.0414
#          62       0.00000     17.30      2.00     4   4.0631
#          63       0.00000     13.23      1.00     2   4.0705
#          64       0.00000      5.53      1.00     4   4.0784
#          65       0.00000      4.77      1.00     4   4.1012
#          66       0.00000      7.51      1.00     4   4.1019
#          67       0.00000     13.80      1.00     2   4.1044
#          68       0.00000      7.86      2.00     3   4.1208
#          69       0.00000     12.44      2.00     3   4.1296
#          71       0.00000      7.07      1.00     4   4.1433
#          72       0.00000      9.29      2.00     3   4.1510
#          73       0.00000      7.51      2.00     3   4.1538
#          74       0.00000     16.80      2.00     3   4.2054
#          75       0.00000      7.58      2.00     3   4.2145
#          76       0.00000      6.82      2.00     3   4.2536
#          77       0.00000     11.61      1.00     2   4.2578
#          78       0.00000      7.78      2.00     3   4.2712
#          79       0.00000      5.89      1.00     4   4.2945
#          80       0.00000      5.26      1.00     4   4.2997
#          81       0.00000     11.53      2.00     4   4.3022
#          82       0.00000      6.31      2.00     3   4.3151
#          83       0.00000      9.99      2.00     3   4.3209
#          84       0.00000     11.11      1.00     2   4.3226
#          85       0.00000     23.39      2.00     3   4.3413
#          86       0.00000     10.76      1.00     2   4.3701
#          87       0.00000     10.45      1.00     2   4.4134
#          88       0.00000      5.54      2.00     3   4.4149
#          89       0.00000     10.40      1.00     2   4.4212
#          90       0.00000     14.46      1.00     4   4.4248
#          91       0.00000     10.36      1.00     2   4.4270
#          92       0.00000      5.57      2.00     3   4.4366
#          93       0.00000      5.50      2.00     3   4.4535
#          94       0.00000      7.49      2.00     3   4.4727
#          95       0.00000      9.99      1.00     2   4.4813
#          96       0.00000      9.94      1.00     2   4.4889
#          97       0.00000      4.59      1.00     4   4.5024
#          98       0.00000     15.77      2.00     3   4.5123
#          99       0.00000      9.71      1.00     2   4.5253
#         100       0.00000      7.07      2.00     3   4.5252
#         101       0.00000     17.50      2.00     3   4.5311
#         103       0.00000     16.99      2.00     3   4.5454
#         104       0.00000     12.39      2.00     4   4.5571
#         105       0.00000      9.16      1.00     2   4.6144
#         106       0.00000     15.36      2.00     3   4.6181
#         108       0.00000      5.40      2.00     3   4.6201
#         109       0.00000      9.09      1.00     2   4.6269
#         110       0.00000      9.84      1.00     4   4.6489
#         111       0.00000     10.89      2.00     3   4.6575
#         113       0.00000      5.90      2.00     3   4.6606
#         114       0.00000      9.53      1.00     4   4.6696
#         115       0.00000     20.66      2.00     3   4.6753
#         116       0.00000      8.48      2.00     3   4.6804
#         117       0.00000      7.57      2.00     3   4.6833
#         118       0.00000      8.75      1.00     2   4.6863
#         119       0.00000      4.83      2.00     3   4.6966
#         120       0.00000      8.66      1.00     2   4.7016
#         121       0.00000      8.61      1.00     2   4.7105
#         122       0.00000     13.13      1.00     4   4.7236
#         123       0.00000      6.57      2.00     3   4.7331
#         124       0.00000      7.12      2.00     3   4.7406
#         125       0.00000      8.37      1.00     4   4.7549
#         126       0.00000      9.24      1.00     2   4.7576
#         127       0.00000      8.32      1.00     2   4.7653
#         129       0.00000      8.18      2.00     3   4.7902
#         130       0.00000      5.97      2.00     3   4.8018
#         131       0.00000     14.62      2.00     3   4.8107
#         132       0.00000      8.22      2.00     3   4.8174
#         133       0.00000      8.60      2.00     3   4.8358
#         135       0.00000     11.54      2.00     3   4.8552
#         136       0.00000      7.77      1.00     2   4.8758
#         137       0.00000      6.43      2.00     4   4.8785
#         138       0.00000      4.97      1.00     4   4.8880
#         139       0.00000      9.18      2.00     3   4.9003
#         142       0.00000      9.95      2.00     3   4.9137
#         143       0.00000      8.10      1.00     4   4.9198
#         145       0.00000      6.78      2.00     3   4.9485
#         147       0.00000      7.21      1.00     2   4.9961
#         151       0.00000      7.12      1.00     2   5.0172
#         152       0.00000      4.33      2.00     3   5.0205
#         153       0.00000      8.95      2.00     3   5.0223
#         154       0.00000     18.15      2.00     3   5.0235
#         155       0.00000      7.88      2.00     3   5.0230
#         156       0.00000      5.78      1.00     4   5.0242
#         157       0.00000     11.76      1.00     4   5.0298
#         158       0.00000      7.88      1.00     2   5.0332
#         160       0.00000      4.50      1.00     4   5.0430
#         161       0.00000      7.01      1.00     2   5.0437
#         163       0.00000     18.08      2.00     3   5.0445
#         164       0.00000     11.73      1.00     4   5.0452
#         165       0.00000      6.25      2.00     3   5.0725
#         167       0.00000      6.80      1.00     2   5.0924
#         168       0.00000      7.61      1.00     2   5.0951
#         171       0.00000      5.80      2.00     4   5.1164
#         172       0.00000      4.76      1.00     4   5.1169
#         173       0.00000      7.50      1.00     2   5.1202
#         176       0.00000      7.03      2.00     3   5.1463
#         178       0.00000      7.37      1.00     2   5.1515
#         179       0.00000      6.61      2.00     3   5.1515
#         180       0.00000      8.18      2.00     3   5.1585
#         181       0.00000      6.52      1.00     2   5.1644
#         182       0.00000      7.16      2.00     3   5.1678
#         186       0.00000      8.75      2.00     3   5.2153
#         187       0.00000      6.29      1.00     2   5.2236
#         188       0.00000     11.13      2.00     3   5.2235
#         189       0.00000      7.81      2.00     3   5.2326
#         191       0.00000      5.18      2.00     3   5.2399
#         192       0.00000      5.22      2.00     4   5.2436
#         193       0.00000      6.95      1.00     2   5.2599
#         194       0.00000      6.47      2.00     3   5.2694
#         198       0.00000      5.53      1.00     4   5.2955
#         200       0.00000      6.78      1.00     2   5.3049
#         204       0.00000      5.55      2.00     3   5.3468
#         207       0.00000      5.76      1.00     2   5.3740
#         208       0.00000      5.73      1.00     2   5.3834
#         209       0.00000     13.50      2.00     3   5.3880
#         210       0.00000      8.09      1.00     4   5.3925
#         211       0.00000      6.44      1.00     2   5.3984
#         212       0.00000      5.67      2.00     3   5.4104
#         215       0.00000      5.18      2.00     3   5.4189
#         216       0.00000      6.33      1.00     2   5.4309
#         218       0.00000      5.54      1.00     2   5.4435
#         219       0.00000      5.53      1.00     2   5.4461
#         220       0.00000      4.78      2.00     3   5.4458
#         221       0.00000      5.76      2.00     3   5.4484
#         222       0.00000      5.48      1.00     2   5.4626
#         223       0.00000      4.66      2.00     3   5.4630
#         225       0.00000      7.09      2.00     3   5.4982
#         226       0.00000      6.20      2.00     3   5.4987
#         227       0.00000      6.40      2.00     3   5.4991
#         229       0.00000      4.11      2.00     3   5.5412
#         231       0.00000      4.91      2.00     3   5.5459
#         232       0.00000      5.80      2.00     3   5.5586
#         235       0.00000      5.16      1.00     2   5.5666
#         237       0.00000      4.54      2.00     3   5.5705
#         244       0.00000      5.93      2.00     3   5.6026
#         246       0.00000      5.75      1.00     2   5.6114
#         254       0.00000      5.37      2.00     3   5.6743
#         259       0.00000      4.81      1.00     2   5.6945
#         260       0.00000      5.50      1.00     2   5.6977
#         262       0.00000      4.56      2.00     3   5.7059
#         263       0.00000      4.12      2.00     3   5.7210
#         266       0.00000      5.39      1.00     2   5.7357
#         269       0.00000      5.95      2.00     3   5.7394
#         270       0.00000      4.68      1.00     2   5.7426
#         271       0.00000      4.67      1.00     2   5.7477
#         273       0.00000      6.14      2.00     3   5.7716
#         275       0.00000      4.58      1.00     2   5.7832
#         276       0.00000      5.26      1.00     2   5.7844
#         277       0.00000      4.13      2.00     3   5.7863
#         279       0.00000      6.80      2.00     3   5.7960
#         281       0.00000      9.97      2.00     3   5.8058
#         284       0.00000      4.91      1.00     4   5.8272
#         291       0.00000      5.04      1.00     2   5.8649
#         298       0.00000      4.02      2.00     3   5.8834
#         303       0.00000      4.43      2.00     5   5.9042
#         304       0.00000      4.38      2.00     3   5.9054
#         307       0.00000      5.78      2.00     3   5.9169
#         308       0.00000      4.91      1.00     2   5.9190
#         311       0.00000      4.33      2.00     4   5.9250
#         312       0.00000      4.22      1.00     2   5.9326
#         313       0.00000      4.85      1.00     2   5.9438
#   220/ 288 paths used
#  -----------------------------------------------------------------------
#       k          chi          mag           phase @#
    -0.7000   -5.938705E-01  5.989350E-01 -1.700933E+00
    -0.6500   -5.773534E-01  5.787562E-01 -1.640435E+00
    -0.6000   -5.624979E-01  5.625727E-01 -1.587108E+00
    -0.5500   -5.487994E-01  5.491068E-01 -1.537331E+00
    -0.5000   -5.368482E-01  5.384197E-01 -1.494374E+00
    -0.4500   -5.262768E-01  5.297624E-01 -1.456019E+00
    -0.4000   -5.172903E-01  5.229346E-01 -1.423738E+00
    -0.3500   -5.094348E-01  5.175654E-01 -1.393311E+00
    -0.3000   -5.028731E-01  5.133789E-01 -1.368143E+00
    -0.2500   -4.974892E-01  5.101441E-01 -1.347593E+00
    -0.2000   -4.931916E-01  5.076914E-01 -1.331226E+00
    -0.1500   -4.899229E-01  5.060465E-01 -1.317686E+00
    -0.1000   -4.876203E-01  5.049789E-01 -1.307838E+00
    -0.0500   -4.862497E-01  5.043635E-01 -1.301980E+00
     0.0000   -4.857946E-01  5.041625E-01 -1.300035E+00
     0.0500   -4.853404E-01  5.039635E-01 -1.298094E+00
     0.1000   -4.839827E-01  5.033787E-01 -1.292295E+00
     0.1500   -4.817364E-01  5.024433E-01 -1.282704E+00
     0.2000   -4.786238E-01  5.012138E-01 -1.269422E+00
     0.2500   -4.746724E-01  4.997637E-01 -1.252576E+00
     0.3000   -4.699094E-01  4.981792E-01 -1.232296E+00
     0.3500   -4.644229E-01  4.967075E-01 -1.208267E+00
     0.4000   -4.583990E-01  4.959368E-01 -1.179222E+00
     0.4500   -4.515625E-01  4.954584E-01 -1.146682E+00
     0.5000   -4.438304E-01  4.953553E-01 -1.110642E+00
     0.5500   -4.352034E-01  4.961153E-01 -1.070045E+00
     0.6000   -4.255160E-01  4.983443E-01 -1.023356E+00
     0.6500   -4.140881E-01  5.011829E-01 -9.723673E-01
     0.7000   -4.005084E-01  5.049376E-01 -9.160197E-01
     0.7500   -3.840317E-01  5.105153E-01 -8.514600E-01
     0.8000   -3.637788E-01  5.164567E-01 -7.815413E-01
     0.8500   -3.389559E-01  5.234445E-01 -7.043635E-01
     0.9000   -3.083885E-01  5.314601E-01 -6.190559E-01
     0.9500   -2.715120E-01  5.390926E-01 -5.278143E-01
     1.0000   -2.266701E-01  5.476145E-01 -4.267591E-01
     1.0500   -1.742547E-01  5.552668E-01 -3.192152E-01
     1.1000   -1.140640E-01  5.621676E-01 -2.043189E-01
     1.1500   -4.626070E-02  5.682127E-01 -8.150462E-02
     1.2000    2.652964E-02  5.721367E-01  4.638604E-02
     1.2500    1.045125E-01  5.749840E-01  1.827820E-01
     1.3000    1.826342E-01  5.750546E-01  3.231916E-01
     1.3500    2.595369E-01  5.731166E-01  4.699614E-01
     1.4000    3.306094E-01  5.683956E-01  6.207601E-01
     1.4500    3.928569E-01  5.610301E-01  7.757365E-01
     1.5000    4.432265E-01  5.510352E-01  9.345847E-01
     1.5500    4.785600E-01  5.381927E-01  1.095590E+00
     1.6000    4.979904E-01  5.230391E-01  1.260062E+00
     1.6500    4.998543E-01  5.052274E-01  1.424824E+00
     1.7000    4.854959E-01  4.856113E-01  1.592599E+00
     1.7500    4.556652E-01  4.638846E-01  1.759324E+00
     1.8000    4.129464E-01  4.406926E-01  1.927538E+00
     1.8500    3.605038E-01  4.161672E-01  2.093951E+00
     1.9000    3.011955E-01  3.907751E-01  2.261553E+00
     1.9500    2.390193E-01  3.647637E-01  2.427050E+00
     2.0000    1.779324E-01  3.385569E-01  2.588218E+00
     2.0500    1.208885E-01  3.125761E-01  2.744489E+00
     2.1000    6.936617E-02  2.865018E-01  2.897048E+00
     2.1500    2.528937E-02  2.605936E-01  3.044394E+00
     2.2000   -9.793589E-03  2.360373E-01  3.183096E+00
     2.2500   -3.617661E-02  2.131159E-01  3.312170E+00
     2.3000   -5.416937E-02  1.915869E-01  3.428243E+00
     2.3500   -6.352160E-02  1.709688E-01  3.522259E+00
     2.4000   -6.768864E-02  1.533583E-01  3.598724E+00
     2.4500   -6.879914E-02  1.391707E-01  3.658681E+00
     2.5000   -6.905436E-02  1.287145E-01  3.707868E+00
     2.5500   -7.243674E-02  1.232087E-01  3.770077E+00
     2.6000   -7.616980E-02  1.197427E-01  3.831042E+00
     2.6500   -8.109135E-02  1.183214E-01  3.896674E+00
     2.7000   -8.765107E-02  1.185400E-01  3.973804E+00
     2.7500   -9.464484E-02  1.182025E-01  4.070057E+00
     2.8000   -1.014184E-01  1.181860E-01  4.173200E+00
     2.8500   -1.077161E-01  1.184991E-01  4.282481E+00
     2.9000   -1.131857E-01  1.190238E-01  4.397885E+00
     2.9500   -1.174090E-01  1.196485E-01  4.518608E+00
     3.0000   -1.200184E-01  1.202989E-01  4.644092E+00
     3.0500   -1.207233E-01  1.209536E-01  4.774111E+00
     3.1000   -1.192699E-01  1.216022E-01  4.908559E+00
     3.1500   -1.152795E-01  1.220725E-01  5.047564E+00
     3.2000   -1.087872E-01  1.225753E-01  5.191265E+00
     3.2500   -9.945408E-02  1.230215E-01  5.341708E+00
     3.3000   -8.687953E-02  1.229903E-01  5.498796E+00
     3.3500   -7.161900E-02  1.226529E-01  5.659641E+00
     3.4000   -5.414167E-02  1.221765E-01  5.824083E+00
     3.4500   -3.478848E-02  1.212700E-01  5.992229E+00
     3.5000   -1.427799E-02  1.198999E-01  6.163819E+00
     3.5500    6.614051E-03  1.180803E-01  6.339228E+00
     3.6000    2.693409E-02  1.157532E-01  6.518023E+00
     3.6500    4.558031E-02  1.128357E-01  6.699019E+00
     3.7000    6.159749E-02  1.093214E-01  6.881745E+00
     3.7500    7.431186E-02  1.053251E-01  7.066380E+00
     3.8000    8.320624E-02  1.009140E-01  7.252549E+00
     3.8500    8.778079E-02  9.595135E-02  7.438314E+00
     3.9000    8.807508E-02  9.048584E-02  7.622631E+00
     3.9500    8.453242E-02  8.463598E-02  7.804509E+00
     4.0000    7.788616E-02  7.853418E-02  7.982533E+00
     4.0500    6.897720E-02  7.219736E-02  8.153774E+00
     4.1000    5.890101E-02  6.577974E-02  8.315387E+00
     4.1500    4.878009E-02  5.950660E-02  8.463817E+00
     4.2000    3.960400E-02  5.367336E-02  8.594868E+00
     4.2500    3.194757E-02  4.846879E-02  8.705107E+00
     4.3000    2.609792E-02  4.419223E-02  8.793032E+00
     4.3500    2.195562E-02  4.112990E-02  8.861676E+00
     4.4000    1.909970E-02  3.950040E-02  8.920093E+00
     4.4500    1.674650E-02  3.918427E-02  8.983187E+00
     4.5000    1.405637E-02  3.990317E-02  9.064791E+00
     4.5500    1.031435E-02  4.125997E-02  9.172114E+00
     4.6000    5.110147E-03  4.295136E-02  9.305520E+00
     4.6500   -1.664891E-03  4.450911E-02  9.462192E+00
     4.7000   -9.646585E-03  4.567674E-02  9.637573E+00
     4.7500   -1.813376E-02  4.629984E-02  9.827212E+00
     4.8000   -2.630717E-02  4.640304E-02  1.002755E+01
     4.8500   -3.314828E-02  4.580827E-02  1.023383E+01
     4.9000   -3.790042E-02  4.453661E-02  1.044265E+01
     4.9500   -4.015235E-02  4.266228E-02  1.065085E+01
     5.0000   -3.998494E-02  4.037864E-02  1.085582E+01
     5.0500   -3.768708E-02  3.774925E-02  1.105297E+01
     5.1000   -3.392754E-02  3.495673E-02  1.123883E+01
     5.1500   -2.947775E-02  3.220847E-02  1.141032E+01
     5.2000   -2.510595E-02  2.981140E-02  1.156510E+01
     5.2500   -2.114460E-02  2.786999E-02  1.170508E+01
     5.3000   -1.768831E-02  2.652226E-02  1.183630E+01
     5.3500   -1.451543E-02  2.580288E-02  1.196890E+01
     5.4000   -1.122963E-02  2.570459E-02  1.211425E+01
     5.4500   -7.313121E-03  2.597804E-02  1.228100E+01
     5.5000   -2.452439E-03  2.641277E-02  1.247339E+01
     5.5500    3.359405E-03  2.681667E-02  1.269197E+01
     5.6000    9.771244E-03  2.708022E-02  1.293552E+01
     5.6500    1.605521E-02  2.706663E-02  1.320137E+01
     5.7000    2.129125E-02  2.673344E-02  1.348774E+01
     5.7500    2.456197E-02  2.608735E-02  1.379351E+01
     5.8000    2.517897E-02  2.518408E-02  1.411701E+01
     5.8500    2.284125E-02  2.407280E-02  1.445842E+01
     5.9000    1.776057E-02  2.285211E-02  1.481777E+01
     5.9500    1.062763E-02  2.163661E-02  1.519451E+01
     6.0000    2.519969E-03  2.048614E-02  1.558464E+01
     6.0500   -5.360563E-03  1.951323E-02  1.598626E+01
     6.1000   -1.190592E-02  1.879496E-02  1.639398E+01
     6.1500   -1.629829E-02  1.836030E-02  1.680027E+01
     6.2000   -1.813235E-02  1.819300E-02  1.719708E+01
     6.2500   -1.743449E-02  1.824327E-02  1.757764E+01
     6.3000   -1.458810E-02  1.844853E-02  1.793753E+01
     6.3500   -1.019484E-02  1.875379E-02  1.827482E+01
     6.4000   -4.915767E-03  1.912486E-02  1.858960E+01
     6.4500    6.631453E-04  1.955226E-02  1.888348E+01
     6.5000    6.125773E-03  1.996623E-02  1.916139E+01
     6.5500    1.113844E-02  2.046262E-02  1.942515E+01
     6.6000    1.553867E-02  2.108188E-02  1.967827E+01
     6.6500    1.920871E-02  2.183177E-02  1.992511E+01
     6.7000    2.199120E-02  2.270033E-02  2.016974E+01
     6.7500    2.365374E-02  2.365402E-02  2.041551E+01
     6.8000    2.390921E-02  2.464104E-02  2.066468E+01
     6.8500    2.248753E-02  2.559807E-02  2.091847E+01
     6.9000    1.923572E-02  2.645814E-02  2.117717E+01
     6.9500    1.421194E-02  2.715787E-02  2.144042E+01
     7.0000    7.725932E-03  2.764472E-02  2.170790E+01
     7.0500    3.797744E-04  2.788036E-02  2.197753E+01
     7.1000   -7.063996E-03  2.784217E-02  2.224767E+01
     7.1500   -1.381297E-02  2.752614E-02  2.251684E+01
     7.2000   -1.918616E-02  2.694737E-02  2.278347E+01
     7.2500   -2.273615E-02  2.613981E-02  2.304593E+01
     7.3000   -2.431363E-02  2.515492E-02  2.330259E+01
     7.3500   -2.405807E-02  2.405925E-02  2.355200E+01
     7.4000   -2.232028E-02  2.293031E-02  2.379313E+01
     7.4500   -1.954225E-02  2.185027E-02  2.402572E+01
     7.5000   -1.617334E-02  2.094155E-02  2.425027E+01
     7.5500   -1.245993E-02  2.024616E-02  2.446982E+01
     7.6000   -8.489706E-03  1.977921E-02  2.468911E+01
     7.6500   -4.248112E-03  1.953840E-02  2.491357E+01
     7.7000    3.051316E-04  1.948786E-02  2.514840E+01
     7.7500    5.122702E-03  1.956827E-02  2.539761E+01
     7.8000    9.979451E-03  1.971112E-02  2.566361E+01
     7.8500    1.444139E-02  1.985196E-02  2.594735E+01
     7.9000    1.791262E-02  1.993953E-02  2.624873E+01
     7.9500    1.975504E-02  1.994031E-02  2.656711E+01
     8.0000    1.946873E-02  1.986068E-02  2.690254E+01
     8.0500    1.678083E-02  1.968504E-02  2.725365E+01
     8.1000    1.183623E-02  1.941623E-02  2.761877E+01
     8.1500    5.233138E-03  1.907946E-02  2.799649E+01
     8.2000   -2.066683E-03  1.870424E-02  2.838505E+01
     8.2500   -8.909315E-03  1.831837E-02  2.878225E+01
     8.3000   -1.417743E-02  1.794225E-02  2.918542E+01
     8.3500   -1.702199E-02  1.758442E-02  2.959153E+01
     8.4000   -1.704000E-02  1.723954E-02  2.999742E+01
     8.4500   -1.435450E-02  1.688918E-02  3.040009E+01
     8.5000   -9.547360E-03  1.648915E-02  3.079841E+01
     8.5500   -3.586298E-03  1.601695E-02  3.119011E+01
     8.6000    2.409377E-03  1.545267E-02  3.157249E+01
     8.6500    7.441777E-03  1.477022E-02  3.194396E+01
     8.7000    1.081543E-02  1.395175E-02  3.230296E+01
     8.7500    1.225074E-02  1.299058E-02  3.264760E+01
     8.8000    1.189241E-02  1.189320E-02  3.297525E+01
     8.8500    1.021928E-02  1.068112E-02  3.328186E+01
     8.9000    7.886179E-03  9.393340E-03  3.356106E+01
     8.9500    5.543342E-03  8.091015E-03  3.380275E+01
     9.0000    3.669100E-03  6.858271E-03  3.399302E+01
     9.0500    2.510583E-03  5.834290E-03  3.411268E+01
     9.1000    2.040172E-03  5.202146E-03  3.415452E+01
     9.1500    1.998416E-03  5.104480E-03  3.415526E+01
     9.2000    2.011709E-03  5.518088E-03  3.418435E+01
     9.2500    1.716067E-03  6.264653E-03  3.428004E+01
     9.3000    8.617786E-04  7.152993E-03  3.443675E+01
     9.3500   -6.265699E-04  8.050934E-03  3.463542E+01
     9.4000   -2.644584E-03  8.881289E-03  3.485988E+01
     9.4500   -4.950352E-03  9.603885E-03  3.509906E+01
     9.5000   -7.248660E-03  1.021770E-02  3.534620E+01
     9.5500   -9.241425E-03  1.072098E-02  3.559671E+01
     9.6000   -1.067838E-02  1.111427E-02  3.584732E+01
     9.6500   -1.141226E-02  1.141809E-02  3.609638E+01
     9.7000   -1.138878E-02  1.165713E-02  3.634330E+01
     9.7500   -1.062289E-02  1.185617E-02  3.658848E+01
     9.8000   -9.168490E-03  1.203604E-02  3.683310E+01
     9.8500   -7.096752E-03  1.221011E-02  3.707889E+01
     9.9000   -4.492385E-03  1.238228E-02  3.732783E+01
     9.9500   -1.467830E-03  1.254655E-02  3.758185E+01
    10.0000    1.827587E-03  1.272483E-02  3.784323E+01
    10.0500    5.184969E-03  1.289468E-02  3.811292E+01
    10.1000    8.292015E-03  1.300046E-02  3.839078E+01
    10.1500    1.079662E-02  1.301935E-02  3.867692E+01
    10.2000    1.235882E-02  1.293161E-02  3.897116E+01
    10.2500    1.272235E-02  1.272242E-02  3.927317E+01
    10.3000    1.178287E-02  1.238309E-02  3.958254E+01
    10.3500    9.632048E-03  1.191164E-02  3.989889E+01
    10.4000    6.561761E-03  1.131282E-02  4.022194E+01
    10.4500    3.022303E-03  1.059779E-02  4.055151E+01
    10.5000   -4.586197E-04  9.783427E-03  4.088760E+01
    10.5500   -3.378224E-03  8.891426E-03  4.123044E+01
    10.6000   -5.357674E-03  7.947202E-03  4.158053E+01
    10.6500   -6.213226E-03  6.978699E-03  4.193874E+01
    10.7000   -5.981932E-03  6.015138E-03  4.230638E+01
    10.7500   -4.896256E-03  5.085738E-03  4.268533E+01
    10.8000   -3.315467E-03  4.218423E-03  4.307807E+01
    10.8500   -1.632888E-03  3.438407E-03  4.348745E+01
    10.9000   -1.838396E-04  2.766414E-03  4.391579E+01
    10.9500    8.221430E-04  2.216097E-03  4.436237E+01
    11.0000    1.338873E-03  1.804128E-03  4.481852E+01
    11.0500    1.456447E-03  1.519767E-03  4.526342E+01
    11.1000    1.320287E-03  1.328696E-03  4.566566E+01
    11.1500    1.098709E-03  1.214817E-03  4.599386E+01
    11.2000    9.165577E-04  1.179886E-03  4.623429E+01
    11.2500    8.162190E-04  1.244821E-03  4.640879E+01
    11.3000    7.511717E-04  1.427830E-03  4.656989E+01
    11.3500    6.121710E-04  1.723136E-03  4.676069E+01
    11.4000    2.760379E-04  2.105282E-03  4.699239E+01
    11.4500   -3.396698E-04  2.543211E-03  4.725785E+01
    11.5000   -1.234208E-03  3.007302E-03  4.754679E+01
    11.5500   -2.307345E-03  3.470900E-03  4.785107E+01
    11.6000   -3.374829E-03  3.910434E-03  4.816513E+01
    11.6500   -4.211420E-03  4.305513E-03  4.848524E+01
    11.7000   -4.608953E-03  4.639165E-03  4.880887E+01
    11.7500   -4.432534E-03  4.898154E-03  4.913424E+01
    11.8000   -3.658675E-03  5.073248E-03  4.945999E+01
    11.8500   -2.384708E-03  5.159398E-03  4.978500E+01
    11.9000   -8.072762E-04  5.155777E-03  5.010826E+01
    11.9500    8.235128E-04  5.065684E-03  5.042877E+01
    12.0000    2.264373E-03  4.904128E-03  5.074542E+01
    12.0500    3.333719E-03  4.685712E-03  5.105706E+01
    12.1000    3.928195E-03  4.414153E-03  5.136263E+01
    12.1500    4.041685E-03  4.104642E-03  5.166091E+01
    12.2000    3.749070E-03  3.773760E-03  5.195073E+01
    12.2500    3.173826E-03  3.438510E-03  5.223121E+01
    12.3000    2.449652E-03  3.115102E-03  5.250215E+01
    12.3500    1.687926E-03  2.817491E-03  5.276471E+01
    12.4000    9.597209E-04  2.555765E-03  5.302213E+01
    12.4500    2.955519E-04  2.334803E-03  5.328015E+01
    12.5000   -3.000649E-04  2.153902E-03  5.354684E+01
    12.5500   -8.268609E-04  2.008088E-03  5.383147E+01
    12.6000   -1.269377E-03  1.891086E-03  5.414296E+01
    12.6500   -1.587917E-03  1.799026E-03  5.448855E+01
    12.7000   -1.723849E-03  1.733465E-03  5.487249E+01
    12.7500   -1.617853E-03  1.702339E-03  5.529424E+01
    12.8000   -1.234873E-03  1.717698E-03  5.574643E+01
    12.8500   -5.868711E-04  1.790200E-03  5.621467E+01
    12.9000    2.552531E-04  1.923051E-03  5.668179E+01
    12.9500    1.166007E-03  2.109588E-03  5.713429E+01
    13.0000    1.990088E-03  2.338235E-03  5.756676E+01
    13.0500    2.568834E-03  2.594428E-03  5.797888E+01
    13.1000    2.768057E-03  2.857713E-03  5.837062E+01
    13.1500    2.523955E-03  3.112369E-03  5.874450E+01
    13.2000    1.853930E-03  3.345116E-03  5.910283E+01
    13.2500    8.529205E-04  3.545599E-03  5.944732E+01
    13.3000   -3.284464E-04  3.706704E-03  5.977899E+01
    13.3500   -1.517637E-03  3.824800E-03  6.009828E+01
    13.4000   -2.556583E-03  3.899908E-03  6.040517E+01
    13.4500   -3.331004E-03  3.935782E-03  6.069933E+01
    13.5000   -3.785567E-03  3.939809E-03  6.098031E+01
    13.5500   -3.922300E-03  3.922643E-03  6.124783E+01
    13.6000   -3.784700E-03  3.897408E-03  6.150213E+01
    13.6500   -3.434029E-03  3.878339E-03  6.174442E+01
    13.7000   -2.926120E-03  3.878829E-03  6.197714E+01
    13.7500   -2.296199E-03  3.909136E-03  6.220402E+01
    13.8000   -1.556067E-03  3.974371E-03  6.242956E+01
    13.8500   -7.036136E-04  4.073509E-03  6.265825E+01
    13.9000    2.595649E-04  4.199801E-03  6.289370E+01
    13.9500    1.309389E-03  4.342367E-03  6.313816E+01
    14.0000    2.392456E-03  4.494038E-03  6.339324E+01
    14.0500    3.419127E-03  4.645081E-03  6.365911E+01
    14.1000    4.258256E-03  4.773975E-03  6.393354E+01
    14.1500    4.785939E-03  4.871241E-03  6.421523E+01
    14.2000    4.905339E-03  4.930017E-03  6.450275E+01
    14.2500    4.570957E-03  4.946203E-03  6.479468E+01
    14.3000    3.802563E-03  4.918427E-03  6.508969E+01
    14.3500    2.684815E-03  4.847884E-03  6.538651E+01
    14.4000    1.352549E-03  4.738100E-03  6.568396E+01
    14.4500   -3.437527E-05  4.594621E-03  6.598093E+01
    14.5000   -1.320111E-03  4.424657E-03  6.627641E+01
    14.5500   -2.378492E-03  4.236660E-03  6.656953E+01
    14.6000   -3.129457E-03  4.039868E-03  6.685960E+01
    14.6500   -3.543316E-03  3.843784E-03  6.714622E+01
    14.7000   -3.633534E-03  3.657604E-03  6.742945E+01
    14.7500   -3.441835E-03  3.489615E-03  6.770991E+01
    14.8000   -3.021195E-03  3.346604E-03  6.798888E+01
    14.8500   -2.422219E-03  3.233375E-03  6.826829E+01
    14.9000   -1.686691E-03  3.152496E-03  6.855049E+01
    14.9500   -8.492850E-04  3.104358E-03  6.883793E+01
    15.0000    5.781694E-05  3.090729E-03  6.913375E+01
    15.0500    9.943029E-04  3.112430E-03  6.944020E+01
    15.1000    1.889493E-03  3.160835E-03  6.975577E+01
    15.1500    2.657360E-03  3.232635E-03  7.008002E+01
    15.2000    3.200422E-03  3.324430E-03  7.041184E+01
    15.2500    3.425732E-03  3.432720E-03  7.074965E+01
    15.3000    3.265124E-03  3.553809E-03  7.109168E+01
    15.3500    2.694495E-03  3.683705E-03  7.143617E+01
    15.4000    1.746735E-03  3.818077E-03  7.178146E+01
    15.4500    5.142435E-04  3.952314E-03  7.212615E+01
    15.5000   -8.605632E-04  4.081653E-03  7.246906E+01
    15.5500   -2.205422E-03  4.201371E-03  7.280926E+01
    15.6000   -3.345187E-03  4.307002E-03  7.314602E+01
    15.6500   -4.130114E-03  4.394547E-03  7.347875E+01
    15.7000   -4.459733E-03  4.460663E-03  7.380701E+01
    15.7500   -4.297714E-03  4.502813E-03  7.413041E+01
    15.8000   -3.675152E-03  4.519385E-03  7.444860E+01
    15.8500   -2.682267E-03  4.509757E-03  7.476124E+01
    15.9000   -1.450825E-03  4.474340E-03  7.506800E+01
    15.9500   -1.312288E-04  4.414583E-03  7.536849E+01
    16.0000    1.133616E-03  4.335074E-03  7.566280E+01
    16.0500    2.226421E-03  4.240280E-03  7.595101E+01
    16.1000    3.056906E-03  4.129568E-03  7.623166E+01
    16.1500    3.582991E-03  4.008198E-03  7.650423E+01
    16.2000    3.804382E-03  3.882324E-03  7.676830E+01
    16.2500    3.753184E-03  3.758802E-03  7.702370E+01
    16.3000    3.480307E-03  3.644861E-03  7.727065E+01
    16.3500    3.041046E-03  3.547600E-03  7.750999E+01
    16.4000    2.483167E-03  3.473306E-03  7.774329E+01
    16.4500    1.840051E-03  3.426666E-03  7.797296E+01
    16.5000    1.130176E-03  3.410045E-03  7.820200E+01
    16.5500    3.626390E-04  3.423047E-03  7.843368E+01
    16.6000   -4.530968E-04  3.462532E-03  7.867105E+01
    16.6500   -1.296231E-03  3.523092E-03  7.891659E+01
    16.7000   -2.125936E-03  3.597825E-03  7.917198E+01
    16.7500   -2.878130E-03  3.679189E-03  7.943812E+01
    16.8000   -3.469746E-03  3.759759E-03  7.971527E+01
    16.8500   -3.810710E-03  3.832781E-03  8.000325E+01
    16.9000   -3.821761E-03  3.892551E-03  8.030162E+01
    16.9500   -3.454424E-03  3.934621E-03  8.060983E+01
    17.0000   -2.709929E-03  3.958674E-03  8.092742E+01
    17.0500   -1.644903E-03  3.966403E-03  8.125379E+01
    17.1000   -3.680585E-04  3.950603E-03  8.158811E+01
    17.1500    9.619620E-04  3.911299E-03  8.192990E+01
    17.2000    2.165028E-03  3.849563E-03  8.227871E+01
    17.2500    3.070194E-03  3.767371E-03  8.263404E+01
    17.3000    3.547137E-03  3.667417E-03  8.299539E+01
    17.3500    3.531453E-03  3.552894E-03  8.336212E+01
    17.4000    3.037912E-03  3.427245E-03  8.373349E+01
    17.4500    2.158254E-03  3.293902E-03  8.410852E+01
    17.5000    1.043595E-03  3.156042E-03  8.448599E+01
    17.5500   -1.248711E-04  3.016377E-03  8.486441E+01
    17.6000   -1.170417E-03  2.877028E-03  8.524197E+01
    17.6500   -1.952847E-03  2.739514E-03  8.561655E+01
    17.7000   -2.391017E-03  2.604866E-03  8.598577E+01
    17.7500   -2.471202E-03  2.473910E-03  8.634700E+01
    17.8000   -2.240247E-03  2.347657E-03  8.669746E+01
    17.8500   -1.786277E-03  2.227794E-03  8.703427E+01
    17.9000   -1.212705E-03  2.117185E-03  8.735469E+01
    17.9500   -6.126962E-04  2.020260E-03  8.765647E+01
    18.0000   -4.745656E-05  1.941571E-03  8.794015E+01
    18.0500    4.563979E-04  1.885428E-03  8.820909E+01
    18.1000    8.895570E-04  1.862496E-03  8.846253E+01
    18.1500    1.269247E-03  1.878611E-03  8.870641E+01
    18.2000    1.612241E-03  1.936313E-03  8.894844E+01
    18.2500    1.917916E-03  2.033915E-03  8.919603E+01
    18.3000    2.158797E-03  2.165889E-03  8.945444E+01
    18.3500    2.282046E-03  2.324199E-03  8.972614E+01
    18.4000    2.222011E-03  2.499770E-03  9.001128E+01
    18.4500    1.920485E-03  2.683577E-03  9.030864E+01
    18.5000    1.348865E-03  2.867256E-03  9.061640E+01
    18.5500    5.255467E-04  3.043386E-03  9.093263E+01
    18.6000   -4.770307E-04  3.205591E-03  9.125555E+01
    18.6500   -1.538637E-03  3.348566E-03  9.158361E+01
    18.7000   -2.510177E-03  3.468078E-03  9.191547E+01
    18.7500   -3.241277E-03  3.560950E-03  9.225002E+01
    18.8000   -3.610151E-03  3.625048E-03  9.258629E+01
    18.8500   -3.548669E-03  3.659251E-03  9.292345E+01
    18.9000   -3.056737E-03  3.663414E-03  9.326074E+01
    18.9500   -2.202727E-03  3.638312E-03  9.359748E+01
    19.0000   -1.111260E-03  3.589740E-03  9.393304E+01
    19.0500    6.682134E-05  3.527213E-03  9.426673E+01
    19.1000    1.180266E-03  3.442617E-03  9.459772E+01
    19.1500    2.093367E-03  3.338952E-03  9.492542E+01
    19.2000    2.711769E-03  3.219667E-03  9.524923E+01
    19.2500    2.992531E-03  3.088548E-03  9.556857E+01
    19.3000    2.943478E-03  2.949583E-03  9.588293E+01
    19.3500    2.613532E-03  2.806814E-03  9.619185E+01
    19.4000    2.077538E-03  2.664176E-03  9.649502E+01
    19.4500    1.419773E-03  2.525319E-03  9.679231E+01
    19.5000    7.198901E-04  2.393429E-03  9.708386E+01
    19.5500    4.370323E-05  2.271044E-03  9.737013E+01
    19.6000   -5.605019E-04  2.159912E-03  9.765188E+01
    19.6500   -1.061036E-03  2.060891E-03  9.793020E+01
    19.7000   -1.439185E-03  1.973940E-03  9.820637E+01
    19.7500   -1.685068E-03  1.898206E-03  9.848173E+01
    19.8000   -1.794716E-03  1.832203E-03  9.875754E+01
    19.8500   -1.769122E-03  1.774056E-03  9.903476E+01
    19.9000   -1.615069E-03  1.721762E-03  9.931406E+01
    19.9500   -1.346731E-03  1.673432E-03  9.959567E+01