# # tequil.ion_motion                                            FEFF 9.05   
# # POT  SCF  30  5.5000   1, core-hole, AFOLP (folp(0)= 1.150)
# # Abs   Z=30 Rmt= 1.268 Rnm= 1.376 K  shell
# # Pot 1 Z=26 Rmt= 1.241 Rnm= 1.352
# # Pot 2 Z= 8 Rmt= 0.952 Rnm= 1.074
# # Gam_ch=1.897E+00 H-L exch
# # Mu=-1.185E+01 kf=2.247E+00 Vint=-1.916E+01 Rs_int= 1.614
# # PATH  Rmax= 8.500,  Keep_limit= 0.00, Heap_limit 0.00  Pwcrit= 2.50%
#  S02=1.000                                        Global_sig2= 0.00000
#  Energy zero shift, vr, vi   -2.00000E+00   0.00000E+00
#  Curved wave amplitude ratio filter   4.000%
#     file         sig2 tot  cw amp ratio   deg  nlegs   reff  inp sig2
#           1       0.00000    100.00      1.00     2   1.8248
#           2       0.00000     83.35      1.00     2   1.9579
#           3       0.00000     71.48      1.00     2   2.0776
#           4       0.00000     70.26      1.00     2   2.0916
#           5       0.00000     61.62      1.00     2   2.2001
#           6       0.00000     53.10      1.00     2   2.3297
#           7       0.00000     31.02      1.00     2   2.8052
#           8       0.00000     29.66      1.00     2   2.8636
#           9       0.00000     27.31      1.00     2   2.9720
#          10       0.00000     25.46      1.00     2   3.0655
#          11       0.00000     23.91      1.00     2   3.1497
#          12       0.00000     23.11      1.00     2   3.1868
#          13       0.00000     20.44      1.00     2   3.3655
#          14       0.00000      9.88      2.00     3   3.3723
#          15       0.00000     12.94      2.00     3   3.3957
#          16       0.00000      8.62      2.00     3   3.4034
#          17       0.00000      7.70      2.00     3   3.4079
#          18       0.00000     17.67      2.00     3   3.4247
#          19       0.00000      9.29      2.00     3   3.4262
#          20       0.00000     19.48      1.00     2   3.4332
#          21       0.00000      7.36      2.00     3   3.4356
#          22       0.00000      7.10      2.00     3   3.4560
#          23       0.00000     18.44      1.00     2   3.4610
#          24       0.00000     10.28      2.00     3   3.4810
#          25       0.00000      9.60      2.00     3   3.4862
#          26       0.00000     17.58      1.00     2   3.5217
#          27       0.00000      9.20      2.00     3   3.5236
#          28       0.00000      6.78      2.00     3   3.5467
#          29       0.00000      6.82      2.00     3   3.5594
#          30       0.00000      9.71      2.00     3   3.5683
#          31       0.00000      5.83      2.00     3   3.5806
#          32       0.00000      6.69      2.00     3   3.5876
#          33       0.00000     17.05      1.00     2   3.6241
#          34       0.00000      7.76      2.00     3   3.6272
#          35       0.00000     15.98      1.00     2   3.6451
#          36       0.00000     12.31      1.00     4   3.6495
#          37       0.00000      7.57      2.00     3   3.6571
#          38       0.00000     15.82      1.00     2   3.6583
#          39       0.00000      6.10      2.00     3   3.6819
#          40       0.00000     12.96      2.00     3   3.6837
#          41       0.00000     16.28      1.00     2   3.6908
#          42       0.00000      5.21      1.00     4   3.6998
#          43       0.00000      6.85      2.00     3   3.7007
#          44       0.00000     12.78      2.00     3   3.7206
#          45       0.00000     14.64      1.00     2   3.7609
#          46       0.00000     14.56      1.00     2   3.7681
#          48       0.00000     14.99      1.00     2   3.8132
#          49       0.00000      5.30      1.00     4   3.8194
#          50       0.00000      9.09      2.00     3   3.8403
#          51       0.00000     14.89      2.00     3   3.8454
#          52       0.00000     14.36      1.00     2   3.8766
#          53       0.00000     13.37      1.00     2   3.8850
#          54       0.00000     11.42      2.00     3   3.8889
#          55       0.00000     13.31      1.00     2   3.8908
#          56       0.00000     14.10      1.00     2   3.9045
#          57       0.00000      8.40      1.00     4   3.9158
#          58       0.00000      5.60      1.00     4   3.9394
#          59       0.00000     12.18      2.00     3   3.9900
#          60       0.00000     12.38      1.00     2   3.9911
#          61       0.00000     23.64      2.00     3   3.9951
#          62       0.00000      6.68      1.00     4   4.0000
#          65       0.00000     21.21      2.00     4   4.0248
#          66       0.00000     11.87      2.00     3   4.0482
#          67       0.00000     12.20      2.00     3   4.0640
#          68       0.00000      4.15      1.00     4   4.0710
#          69       0.00000      7.24      2.00     3   4.0809
#          70       0.00000     11.46      1.00     2   4.1014
#          71       0.00000     12.30      1.00     2   4.1130
#          72       0.00000      8.64      2.00     3   4.1164
#          73       0.00000     19.41      2.00     3   4.1244
#          74       0.00000      7.04      2.00     3   4.1397
#          75       0.00000      7.24      2.00     3   4.1447
#          77       0.00000      6.13      1.00     4   4.1553
#          78       0.00000      4.94      1.00     4   4.1668
#          79       0.00000     15.92      2.00     4   4.1692
#          80       0.00000      5.92      1.00     4   4.1832
#          82       0.00000      5.26      1.00     4   4.2198
#          83       0.00000      5.06      1.00     4   4.2235
#          84       0.00000      7.74      2.00     3   4.2354
#          85       0.00000      6.57      2.00     3   4.2405
#          86       0.00000      6.15      2.00     3   4.2655
#          87       0.00000     19.04      2.00     3   4.2747
#          88       0.00000     17.16      2.00     4   4.2875
#          89       0.00000      9.70      1.00     2   4.3451
#          90       0.00000      5.88      2.00     3   4.3656
#          91       0.00000      9.57      1.00     2   4.3665
#          93       0.00000      4.55      1.00     4   4.4001
#          94       0.00000      4.85      2.00     3   4.4089
#          95       0.00000      5.30      2.00     3   4.4148
#          96       0.00000      5.98      2.00     3   4.4170
#          97       0.00000      4.81      2.00     3   4.4187
#          98       0.00000      6.75      2.00     3   4.4344
#          99       0.00000      6.03      2.00     3   4.4381
#         100       0.00000     16.94      2.00     3   4.4543
#         101       0.00000      8.89      1.00     2   4.4775
#         102       0.00000      8.88      1.00     2   4.4807
#         103       0.00000      6.95      2.00     3   4.5032
#         105       0.00000      8.70      1.00     2   4.5115
#         106       0.00000      6.63      2.00     3   4.5198
#         107       0.00000      8.64      1.00     2   4.5228
#         108       0.00000      4.81      2.00     3   4.5261
#         109       0.00000      8.60      1.00     2   4.5295
#         110       0.00000      4.89      2.00     3   4.5303
#         111       0.00000      4.54      2.00     3   4.5517
#         112       0.00000      5.03      2.00     3   4.5595
#         113       0.00000      9.70      1.00     4   4.5636
#         115       0.00000      8.33      1.00     2   4.5783
#         116       0.00000      5.05      2.00     3   4.5885
#         117       0.00000     16.45      2.00     3   4.5992
#         118       0.00000      8.22      1.00     2   4.5997
#         119       0.00000     17.17      2.00     3   4.6019
#         120       0.00000      8.20      1.00     2   4.6028
#         123       0.00000     16.91      2.00     3   4.6724
#         124       0.00000     15.03      2.00     3   4.6730
#         125       0.00000     10.39      1.00     4   4.6810
#         126       0.00000      9.63      1.00     4   4.6868
#         127       0.00000      7.73      1.00     2   4.6964
#         128       0.00000      9.68      2.00     3   4.7005
#         130       0.00000      9.09      2.00     3   4.7151
#         131       0.00000      7.58      1.00     2   4.7269
#         132       0.00000     10.18      2.00     3   4.7275
#         133       0.00000      5.79      2.00     3   4.7412
#         134       0.00000     10.34      1.00     4   4.7419
#         135       0.00000      8.53      1.00     4   4.7678
#         136       0.00000      6.30      2.00     3   4.7753
#         137       0.00000      5.55      2.00     3   4.7837
#         138       0.00000      7.30      1.00     2   4.7884
#         139       0.00000      5.32      2.00     3   4.7999
#         141       0.00000      6.41      2.00     3   4.8281
#         142       0.00000      7.09      1.00     2   4.8345
#         143       0.00000      7.05      1.00     2   4.8431
#         144       0.00000      7.02      1.00     2   4.8515
#         145       0.00000      7.01      1.00     2   4.8539
#         147       0.00000      7.82      1.00     2   4.8560
#         148       0.00000     17.27      2.00     3   4.8687
#         151       0.00000     12.72      2.00     3   4.8855
#         152       0.00000     11.06      1.00     4   4.8858
#         154       0.00000      9.02      2.00     3   4.8954
#         157       0.00000      6.47      2.00     3   4.9124
#         158       0.00000      4.45      1.00     4   4.9203
#         159       0.00000      4.94      1.00     4   4.9256
#         162       0.00000      7.44      1.00     2   4.9426
#         163       0.00000      4.60      2.00     3   4.9473
#         164       0.00000      4.01      1.00     4   4.9527
#         165       0.00000      7.99      2.00     3   4.9534
#         168       0.00000      4.45      2.00     4   4.9788
#         170       0.00000      7.01      1.00     4   4.9827
#         171       0.00000      8.20      2.00     3   5.0334
#         172       0.00000      6.98      1.00     2   5.0552
#         173       0.00000      5.84      2.00     3   5.0596
#         174       0.00000      7.53      2.00     3   5.0603
#         175       0.00000      7.80      2.00     3   5.0636
#         177       0.00000      6.06      1.00     2   5.0937
#         178       0.00000      4.24      1.00     4   5.0943
#         179       0.00000      6.70      2.00     3   5.0986
#         180       0.00000      6.01      1.00     2   5.1083
#         181       0.00000     14.00      2.00     3   5.1124
#         182       0.00000      6.10      2.00     3   5.1203
#         183       0.00000     14.27      2.00     3   5.1222
#         184       0.00000      5.82      2.00     3   5.1234
#         185       0.00000      8.45      1.00     4   5.1311
#         186       0.00000      6.67      1.00     2   5.1362
#         187       0.00000      8.77      1.00     4   5.1361
#         190       0.00000      7.58      2.00     3   5.1858
#         194       0.00000      6.30      1.00     2   5.2386
#         195       0.00000      6.28      1.00     2   5.2438
#         197       0.00000      6.45      2.00     3   5.2582
#         204       0.00000      5.01      2.00     3   5.2991
#         206       0.00000      5.60      2.00     3   5.3149
#         208       0.00000      5.98      1.00     2   5.3343
#         209       0.00000      8.13      2.00     3   5.3382
#         210       0.00000      5.25      1.00     2   5.3409
#         211       0.00000      4.11      2.00     4   5.3498
#         213       0.00000      6.68      2.00     3   5.3677
#         214       0.00000      5.14      1.00     2   5.3773
#         217       0.00000      5.13      2.00     3   5.4047
#         218       0.00000      4.25      2.00     3   5.4104
#         219       0.00000      6.28      2.00     3   5.4127
#         220       0.00000      5.72      1.00     2   5.4164
#         221       0.00000      5.00      1.00     2   5.4272
#         222       0.00000      4.33      2.00     3   5.4314
#         228       0.00000      5.81      2.00     3   5.4650
#         229       0.00000      5.51      1.00     2   5.4858
#         231       0.00000      4.80      1.00     2   5.4989
#         232       0.00000      5.43      1.00     2   5.5144
#         233       0.00000      4.74      1.00     2   5.5225
#         235       0.00000      5.35      2.00     3   5.5434
#         237       0.00000      5.30      1.00     2   5.5587
#         238       0.00000      5.26      1.00     2   5.5752
#         241       0.00000      4.36      2.00     3   5.5822
#         242       0.00000      4.49      2.00     3   5.5828
#         243       0.00000      5.23      1.00     2   5.5842
#         248       0.00000      4.54      1.00     2   5.5992
#         249       0.00000      4.53      1.00     2   5.6000
#         250       0.00000      5.34      2.00     3   5.6098
#         251       0.00000      4.06      2.00     3   5.6159
#         252       0.00000      8.15      2.00     3   5.6235
#         254       0.00000      4.34      2.00     4   5.6379
#         255       0.00000      4.43      1.00     2   5.6404
#         256       0.00000      4.38      2.00     3   5.6659
#         259       0.00000      4.14      2.00     3   5.6777
#         269       0.00000      4.29      1.00     2   5.7005
#         271       0.00000      5.47      2.00     3   5.7122
#         274       0.00000      4.24      1.00     2   5.7197
#         275       0.00000      4.85      1.00     2   5.7285
#         276       0.00000      4.86      2.00     3   5.7289
#         279       0.00000      6.08      2.00     3   5.7466
#         280       0.00000      4.80      1.00     2   5.7505
#         282       0.00000      4.79      1.00     2   5.7543
#         285       0.00000      7.85      2.00     3   5.7698
#         288       0.00000      4.09      1.00     2   5.7865
#         290       0.00000      4.70      1.00     2   5.7893
#         291       0.00000      7.08      2.00     3   5.8063
#         294       0.00000      5.53      2.00     3   5.8129
#         301       0.00000      4.63      1.00     2   5.8197
#         302       0.00000      5.22      2.00     5   5.8198
#         305       0.00000      4.59      1.00     2   5.8365
#         309       0.00000      4.17      2.00     3   5.8583
#         315       0.00000      4.65      2.00     3   5.8679
#         318       0.00000      7.59      2.00     3   5.8843
#   220/ 291 paths used
#  -----------------------------------------------------------------------
#       k          chi          mag           phase @#
    -0.7000   -3.189693E-01  3.702857E-01 -2.103545E+00
    -0.6500   -3.447508E-01  4.053991E-01 -2.124850E+00
    -0.6000   -3.760040E-01  4.389412E-01 -2.112918E+00
    -0.5500   -4.102719E-01  4.705308E-01 -2.082454E+00
    -0.5000   -4.429084E-01  4.976774E-01 -2.044356E+00
    -0.4500   -4.735093E-01  5.214298E-01 -2.002873E+00
    -0.4000   -4.998450E-01  5.409778E-01 -1.963270E+00
    -0.3500   -5.246130E-01  5.590107E-01 -1.923429E+00
    -0.3000   -5.448484E-01  5.735144E-01 -1.888303E+00
    -0.2500   -5.610065E-01  5.850258E-01 -1.858340E+00
    -0.2000   -5.735395E-01  5.939550E-01 -1.833744E+00
    -0.1500   -5.837843E-01  6.013687E-01 -1.813219E+00
    -0.1000   -5.911093E-01  6.067203E-01 -1.798134E+00
    -0.0500   -5.953944E-01  6.098657E-01 -1.789077E+00
     0.0000   -5.968043E-01  6.109035E-01 -1.786057E+00
     0.0500   -5.982049E-01  6.119359E-01 -1.783037E+00
     0.1000   -6.023507E-01  6.150012E-01 -1.773975E+00
     0.1500   -6.090724E-01  6.200057E-01 -1.758873E+00
     0.2000   -6.180837E-01  6.267977E-01 -1.737738E+00
     0.2500   -6.289773E-01  6.351748E-01 -1.710604E+00
     0.3000   -6.412226E-01  6.448928E-01 -1.677536E+00
     0.3500   -6.545932E-01  6.560679E-01 -1.637858E+00
     0.4000   -6.694119E-01  6.695265E-01 -1.589301E+00
     0.4500   -6.831204E-01  6.835666E-01 -1.534661E+00
     0.5000   -6.945840E-01  6.978381E-01 -1.474186E+00
     0.5500   -7.032045E-01  7.127942E-01 -1.406577E+00
     0.6000   -7.079676E-01  7.289899E-01 -1.330059E+00
     0.6500   -7.060037E-01  7.444116E-01 -1.248167E+00
     0.7000   -6.961429E-01  7.592885E-01 -1.160082E+00
     0.7500   -6.768839E-01  7.747177E-01 -1.062792E+00
     0.8000   -6.462330E-01  7.883803E-01 -9.608820E-01
     0.8500   -6.031188E-01  8.011892E-01 -8.522743E-01
     0.9000   -5.461757E-01  8.130833E-01 -7.365470E-01
     0.9500   -4.758496E-01  8.223862E-01 -6.170364E-01
     1.0000   -3.905955E-01  8.308313E-01 -4.894337E-01
     1.0500   -2.929973E-01  8.365049E-01 -3.578526E-01
     1.1000   -1.843178E-01  8.398305E-01 -2.212714E-01
     1.1500   -6.640750E-02  8.409498E-01 -7.904955E-02
     1.2000    5.521616E-02  8.387207E-01  6.588144E-02
     1.2500    1.800233E-01  8.346216E-01  2.174030E-01
     1.3000    2.998484E-01  8.269976E-01  3.710290E-01
     1.3500    4.127113E-01  8.169597E-01  5.295900E-01
     1.4000    5.122951E-01  8.038399E-01  6.910023E-01
     1.4500    5.950137E-01  7.879739E-01  8.558348E-01
     1.5000    6.573788E-01  7.694938E-01  1.024203E+00
     1.5500    6.959352E-01  7.481959E-01  1.194824E+00
     1.6000    7.100789E-01  7.247014E-01  1.369573E+00
     1.6500    6.982942E-01  6.985145E-01  1.545682E+00
     1.7000    6.623794E-01  6.705079E-01  1.726664E+00
     1.7500    6.038967E-01  6.401143E-01  1.908795E+00
     1.8000    5.262019E-01  6.079741E-01  2.095444E+00
     1.8500    4.340726E-01  5.738564E-01  2.283780E+00
     1.9000    3.314149E-01  5.380836E-01  2.478043E+00
     1.9500    2.249466E-01  5.005528E-01  2.675503E+00
     2.0000    1.218768E-01  4.614379E-01  2.874297E+00
     2.0500    2.828017E-02  4.210138E-01  3.074370E+00
     2.1000   -5.249220E-02  3.788213E-01  3.280607E+00
     2.1500   -1.154854E-01  3.347235E-01  3.493850E+00
     2.2000   -1.554393E-01  2.898856E-01  3.707532E+00
     2.2500   -1.719423E-01  2.447400E-01  3.920568E+00
     2.3000   -1.659144E-01  1.983884E-01  4.132112E+00
     2.3500   -1.383155E-01  1.485177E-01  4.339576E+00
     2.4000   -9.876585E-02  1.005565E-01  4.523391E+00
     2.4500   -5.575934E-02  5.598258E-02  4.623056E+00
     2.5000   -1.783435E-02  2.094167E-02  4.160661E+00
     2.5500    5.069531E-03  3.406093E-02  2.992200E+00
     2.6000    1.241931E-02  6.370029E-02  2.945371E+00
     2.6500    3.920860E-03  9.042186E-02  3.098217E+00
     2.7000   -1.799172E-02  1.124488E-01  3.302282E+00
     2.7500   -4.256679E-02  1.284634E-01  3.479330E+00
     2.8000   -7.109147E-02  1.417934E-01  3.666778E+00
     2.8500   -1.007716E-01  1.525067E-01  3.863435E+00
     2.9000   -1.281305E-01  1.605623E-01  4.065580E+00
     2.9500   -1.509755E-01  1.672443E-01  4.267654E+00
     3.0000   -1.670111E-01  1.719743E-01  4.471558E+00
     3.0500   -1.744101E-01  1.745186E-01  4.677134E+00
     3.1000   -1.724786E-01  1.750340E-01  4.883474E+00
     3.1500   -1.616829E-01  1.741139E-01  5.092551E+00
     3.2000   -1.426461E-01  1.716673E-01  5.302381E+00
     3.2500   -1.169958E-01  1.676652E-01  5.510872E+00
     3.3000   -8.704157E-02  1.623171E-01  5.717204E+00
     3.3500   -5.502738E-02  1.561040E-01  5.922939E+00
     3.4000   -2.317120E-02  1.491611E-01  6.127210E+00
     3.4500    6.270718E-03  1.415614E-01  6.327497E+00
     3.5000    3.175297E-02  1.335807E-01  6.523189E+00
     3.5500    5.256336E-02  1.254686E-01  6.715459E+00
     3.6000    6.828672E-02  1.173598E-01  6.904197E+00
     3.6500    7.883462E-02  1.094454E-01  7.087435E+00
     3.7000    8.475230E-02  1.019047E-01  7.265316E+00
     3.7500    8.694026E-02  9.496289E-02  7.439980E+00
     3.8000    8.612034E-02  8.867678E-02  7.613281E+00
     3.8500    8.269833E-02  8.290119E-02  7.784010E+00
     3.9000    7.723369E-02  7.761819E-02  7.953558E+00
     3.9500    7.011294E-02  7.276664E-02  8.124878E+00
     4.0000    6.149568E-02  6.820360E-02  8.301211E+00
     4.0500    5.168168E-02  6.378977E-02  8.480306E+00
     4.1000    4.106625E-02  5.943335E-02  8.661957E+00
     4.1500    3.010812E-02  5.506394E-02  8.846259E+00
     4.2000    1.929482E-02  5.058871E-02  9.033462E+00
     4.2500    9.415843E-03  4.607252E-02  9.218958E+00
     4.3000    1.025628E-03  4.157102E-02  9.400104E+00
     4.3500   -5.511129E-03  3.713776E-02  9.573725E+00
     4.4000   -1.001251E-02  3.279712E-02  9.735017E+00
     4.4500   -1.263387E-02  2.885998E-02  9.877889E+00
     4.5000   -1.385436E-02  2.550191E-02  9.999102E+00
     4.5500   -1.426802E-02  2.287177E-02  1.009841E+01
     4.6000   -1.442662E-02  2.107747E-02  1.017864E+01
     4.6500   -1.493573E-02  2.016448E-02  1.025888E+01
     4.7000   -1.604691E-02  1.996893E-02  1.035809E+01
     4.7500   -1.768661E-02  2.022707E-02  1.048898E+01
     4.8000   -1.948390E-02  2.067973E-02  1.065384E+01
     4.8500   -2.087615E-02  2.109001E-02  1.085304E+01
     4.9000   -2.122871E-02  2.130858E-02  1.108219E+01
     4.9500   -2.003020E-02  2.125626E-02  1.133687E+01
     5.0000   -1.703361E-02  2.088238E-02  1.161244E+01
     5.0500   -1.237898E-02  2.021566E-02  1.190735E+01
     5.1000   -6.554958E-03  1.930391E-02  1.221991E+01
     5.1500   -3.170323E-04  1.821472E-02  1.254896E+01
     5.2000    5.415629E-03  1.698475E-02  1.289089E+01
     5.2500    9.884043E-03  1.571531E-02  1.324656E+01
     5.3000    1.254125E-02  1.447961E-02  1.361378E+01
     5.3500    1.318843E-02  1.333489E-02  1.398882E+01
     5.4000    1.192713E-02  1.224537E-02  1.436565E+01
     5.4500    9.305152E-03  1.128288E-02  1.473827E+01
     5.5000    5.979897E-03  1.044207E-02  1.509820E+01
     5.5500    2.603814E-03  9.705838E-03  1.543636E+01
     5.6000   -3.326461E-04  9.004975E-03  1.574491E+01
     5.6500   -2.545067E-03  8.409412E-03  1.601543E+01
     5.7000   -4.062732E-03  7.971183E-03  1.624277E+01
     5.7500   -5.130196E-03  7.770281E-03  1.642909E+01
     5.8000   -6.052402E-03  7.853057E-03  1.658791E+01
     5.8500   -7.132912E-03  8.302739E-03  1.674148E+01
     5.9000   -8.489927E-03  9.096833E-03  1.691141E+01
     5.9500   -1.000280E-02  1.014917E-02  1.710872E+01
     6.0000   -1.129071E-02  1.130815E-02  1.733429E+01
     6.0500   -1.191928E-02  1.249709E-02  1.758403E+01
     6.1000   -1.144387E-02  1.362404E-02  1.785232E+01
     6.1500   -9.581637E-03  1.460843E-02  1.813418E+01
     6.2000   -6.327803E-03  1.538626E-02  1.842572E+01
     6.2500   -1.993843E-03  1.590948E-02  1.872390E+01
     6.3000    2.839960E-03  1.614558E-02  1.902637E+01
     6.3500    7.446923E-03  1.607728E-02  1.933115E+01
     6.4000    1.111939E-02  1.570221E-02  1.963642E+01
     6.4500    1.333304E-02  1.503233E-02  1.994027E+01
     6.5000    1.380968E-02  1.403792E-02  2.023978E+01
     6.5500    1.272600E-02  1.280528E-02  2.053169E+01
     6.6000    1.054043E-02  1.140131E-02  2.081145E+01
     6.6500    7.866768E-03  9.893799E-03  2.107194E+01
     6.7000    5.321850E-03  8.368878E-03  2.130196E+01
     6.7500    3.368854E-03  6.940119E-03  2.148431E+01
     6.8000    2.211059E-03  5.762320E-03  2.159734E+01
     6.8500    1.763503E-03  5.027407E-03  2.163275E+01
     6.9000    1.707629E-03  4.873934E-03  2.163319E+01
     6.9500    1.610728E-03  5.238553E-03  2.167861E+01
     7.0000    1.102484E-03  5.911946E-03  2.180357E+01
     7.0500   -7.763455E-05  6.673679E-03  2.200278E+01
     7.1000   -1.925883E-03  7.377879E-03  2.225524E+01
     7.1500   -4.170640E-03  7.947983E-03  2.254356E+01
     7.2000   -6.356164E-03  8.347044E-03  2.285675E+01
     7.2500   -7.970781E-03  8.562129E-03  2.318811E+01
     7.3000   -8.592218E-03  8.595698E-03  2.353349E+01
     7.3500   -8.008585E-03  8.460415E-03  2.389024E+01
     7.4000   -6.281228E-03  8.175552E-03  2.425657E+01
     7.4500   -3.732868E-03  7.764167E-03  2.463120E+01
     7.5000   -8.823847E-04  7.247322E-03  2.501069E+01
     7.5500    1.723791E-03  6.648980E-03  2.539499E+01
     7.6000    3.632740E-03  5.993897E-03  2.578386E+01
     7.6500    4.581502E-03  5.303039E-03  2.617578E+01
     7.7000    4.552232E-03  4.593858E-03  2.656882E+01
     7.7500    3.753042E-03  3.880230E-03  2.696028E+01
     7.8000    2.539974E-03  3.173065E-03  2.734624E+01
     7.8500    1.305885E-03  2.481543E-03  2.772016E+01
     7.9000    3.700906E-04  1.815169E-03  2.806901E+01
     7.9500   -9.954967E-05  1.188020E-03  2.835823E+01
     8.0000   -9.941989E-05  6.427122E-04  2.842965E+01
     8.0500    1.989260E-04  4.092211E-04  2.776670E+01
     8.1000    5.521998E-04  6.963175E-04  2.735857E+01
     8.1500    7.471662E-04  1.066911E-03  2.749851E+01
     8.2000    6.684024E-04  1.370830E-03  2.776501E+01
     8.2500    3.322983E-04  1.571031E-03  2.806121E+01
     8.3000   -1.303075E-04  1.649028E-03  2.835344E+01
     8.3500   -5.355438E-04  1.597543E-03  2.861618E+01
     8.4000   -7.296314E-04  1.429071E-03  2.881017E+01
     8.4500   -6.635948E-04  1.208041E-03  2.885588E+01
     8.5000   -4.348136E-04  1.127370E-03  2.867029E+01
     8.5500   -2.595933E-04  1.462324E-03  2.845280E+01
     8.6000   -4.215964E-04  2.208626E-03  2.846640E+01
     8.6500   -1.165599E-03  3.218302E-03  2.864494E+01
     8.7000   -2.586388E-03  4.402725E-03  2.890224E+01
     8.7500   -4.554797E-03  5.707443E-03  2.919838E+01
     8.8000   -6.705634E-03  7.087369E-03  2.951543E+01
     8.8500   -8.498870E-03  8.498871E-03  2.984462E+01
     8.9000   -9.343942E-03  9.897887E-03  3.018127E+01
     8.9500   -8.757128E-03  1.124010E-02  3.052270E+01
     9.0000   -6.500992E-03  1.248728E-02  3.086836E+01
     9.0500   -2.689949E-03  1.359859E-02  3.121680E+01
     9.1000    2.180341E-03  1.453239E-02  3.156653E+01
     9.1500    7.328507E-03  1.525476E-02  3.191705E+01
     9.2000    1.184465E-02  1.573755E-02  3.226798E+01
     9.2500    1.489272E-02  1.595946E-02  3.261903E+01
     9.3000    1.590457E-02  1.590682E-02  3.296991E+01
     9.3500    1.471562E-02  1.557417E-02  3.332031E+01
     9.4000    1.160616E-02  1.496453E-02  3.366989E+01
     9.4500    7.236035E-03  1.408938E-02  3.401817E+01
     9.5000    2.484545E-03  1.297871E-02  3.436490E+01
     9.5500   -1.758232E-03  1.165836E-02  3.470891E+01
     9.6000   -4.782397E-03  1.015352E-02  3.504795E+01
     9.6500   -6.223494E-03  8.503851E-03  3.537854E+01
     9.7000   -6.127019E-03  6.755703E-03  3.569348E+01
     9.7500   -4.907520E-03  4.965496E-03  3.597535E+01
     9.8000   -3.215377E-03  3.218268E-03  3.617071E+01
     9.8500   -1.748521E-03  1.753115E-03  3.605591E+01
     9.9000   -1.060072E-03  1.575768E-03  3.529542E+01
     9.9500   -1.412783E-03  2.772920E-03  3.509211E+01
    10.0000   -2.719835E-03  4.166402E-03  3.526880E+01
    10.0500   -4.580418E-03  5.472017E-03  3.554941E+01
    10.1000   -6.395374E-03  6.616085E-03  3.586929E+01
    10.1500   -7.540583E-03  7.564872E-03  3.620847E+01
    10.2000   -7.542492E-03  8.300456E-03  3.655899E+01
    10.2500   -6.211698E-03  8.815081E-03  3.691716E+01
    10.3000   -3.697890E-03  9.109243E-03  3.728109E+01
    10.3500   -4.530178E-04  9.190623E-03  3.764980E+01
    10.4000    2.885318E-03  9.073159E-03  3.802274E+01
    10.4500    5.657064E-03  8.776032E-03  3.839962E+01
    10.5000    7.344672E-03  8.322527E-03  3.878027E+01
    10.5500    7.695863E-03  7.738761E-03  3.916457E+01
    10.6000    6.773042E-03  7.052321E-03  3.955227E+01
    10.6500    4.919021E-03  6.290858E-03  3.994295E+01
    10.7000    2.651740E-03  5.480707E-03  4.033568E+01
    10.7500    5.193721E-04  4.645648E-03  4.072867E+01
    10.8000   -1.043245E-03  3.805989E-03  4.111836E+01
    10.8500   -1.817967E-03  2.978349E-03  4.149726E+01
    10.9000   -1.840258E-03  2.177300E-03  4.184765E+01
    10.9500   -1.362823E-03  1.423934E-03  4.211747E+01
    11.0000   -7.584587E-04  7.972339E-04  4.209833E+01
    11.0500   -4.001518E-04  6.990475E-04  4.145016E+01
    11.1000   -5.394346E-04  1.238249E-03  4.129146E+01
    11.1500   -1.223114E-03  1.934562E-03  4.152515E+01
    11.2000   -2.278479E-03  2.667136E-03  4.186487E+01
    11.2500   -3.362831E-03  3.412803E-03  4.224016E+01
    11.3000   -4.064090E-03  4.161606E-03  4.262841E+01
    11.3500   -4.023156E-03  4.903980E-03  4.302021E+01
    11.4000   -3.043239E-03  5.628236E-03  4.341102E+01
    11.4500   -1.155742E-03  6.320461E-03  4.379841E+01
    11.5000    1.375037E-03  6.965241E-03  4.418102E+01
    11.5500    4.108884E-03  7.546721E-03  4.455804E+01
    11.6000    6.532062E-03  8.049754E-03  4.492895E+01
    11.6500    8.177110E-03  8.461036E-03  4.529330E+01
    11.7000    8.728418E-03  8.770148E-03  4.565068E+01
    11.7500    8.087105E-03  8.970467E-03  4.600061E+01
    11.8000    6.380876E-03  9.059920E-03  4.634246E+01
    11.8500    3.919930E-03  9.041571E-03  4.667547E+01
    11.9000    1.114278E-03  8.924016E-03  4.699870E+01
    11.9500   -1.623029E-03  8.721557E-03  4.731107E+01
    12.0000   -3.966941E-03  8.468038E-03  4.761144E+01
    12.0500   -5.732020E-03  8.192769E-03  4.789879E+01
    12.1000   -6.853387E-03  7.906675E-03  4.817261E+01
    12.1500   -7.380560E-03  7.640076E-03  4.843330E+01
    12.2000   -7.420877E-03  7.421411E-03  4.868269E+01
    12.2500   -7.081684E-03  7.272651E-03  4.892436E+01
    12.3000   -6.428030E-03  7.204778E-03  4.916331E+01
    12.3500   -5.469285E-03  7.215125E-03  4.940519E+01
    12.4000   -4.177501E-03  7.287955E-03  4.965507E+01
    12.4500   -2.529255E-03  7.398082E-03  4.991657E+01
    12.5000   -5.544848E-04  7.515920E-03  5.019164E+01
    12.5500    1.626934E-03  7.612148E-03  5.048087E+01
    12.6000    3.796663E-03  7.661036E-03  5.078399E+01
    12.6500    5.664515E-03  7.642342E-03  5.110034E+01
    12.7000    6.926129E-03  7.542166E-03  5.142930E+01
    12.7500    7.337229E-03  7.353145E-03  5.177047E+01
    12.8000    6.783761E-03  7.074317E-03  5.212388E+01
    12.8500    5.326875E-03  6.710840E-03  5.249009E+01
    12.9000    3.207683E-03  6.273697E-03  5.287039E+01
    12.9500    8.072982E-04  5.779479E-03  5.326693E+01
    13.0000   -1.435979E-03  5.258566E-03  5.368366E+01
    13.0500   -3.117913E-03  4.739999E-03  5.412495E+01
    13.1000   -3.935858E-03  4.243727E-03  5.459462E+01
    13.1500   -3.780898E-03  3.807838E-03  5.509689E+01
    13.2000   -2.755268E-03  3.471458E-03  5.563181E+01
    13.2500   -1.144477E-03  3.265133E-03  5.619055E+01
    13.3000    6.532480E-04  3.197222E-03  5.675443E+01
    13.3500    2.221909E-03  3.246889E-03  5.730234E+01
    13.4000    3.222937E-03  3.372488E-03  5.782055E+01
    13.4500    3.467124E-03  3.527974E-03  5.830546E+01
    13.5000    2.946625E-03  3.674514E-03  5.875978E+01
    13.5500    1.821377E-03  3.784261E-03  5.918812E+01
    13.6000    3.663322E-04  3.839793E-03  5.959471E+01
    13.6500   -1.104268E-03  3.832375E-03  5.998255E+01
    13.7000   -2.314413E-03  3.760347E-03  6.035325E+01
    13.7500   -3.085456E-03  3.627950E-03  6.070714E+01
    13.8000   -3.363156E-03  3.444559E-03  6.104322E+01
    13.8500   -3.208709E-03  3.224263E-03  6.135932E+01
    13.9000   -2.760165E-03  2.985673E-03  6.165221E+01
    13.9500   -2.178401E-03  2.751687E-03  6.191833E+01
    14.0000   -1.598130E-03  2.551751E-03  6.215507E+01
    14.0500   -1.088007E-03  2.415301E-03  6.236457E+01
    14.1000   -6.373743E-04  2.358003E-03  6.255815E+01
    14.1500   -1.880482E-04  2.386866E-03  6.275299E+01
    14.2000    3.331883E-04  2.492194E-03  6.296595E+01
    14.2500    9.716882E-04  2.652612E-03  6.320690E+01
    14.3000    1.711825E-03  2.843554E-03  6.347786E+01
    14.3500    2.465296E-03  3.043296E-03  6.377613E+01
    14.4000    3.085657E-03  3.235196E-03  6.409742E+01
    14.4500    3.405609E-03  3.407676E-03  6.443749E+01
    14.5000    3.286394E-03  3.553386E-03  6.479277E+01
    14.5500    2.664594E-03  3.668251E-03  6.516039E+01
    14.6000    1.581984E-03  3.750614E-03  6.553802E+01
    14.6500    1.886461E-04  3.800500E-03  6.592379E+01
    14.7000   -1.282996E-03  3.818988E-03  6.631606E+01
    14.7500   -2.567363E-03  3.807697E-03  6.671340E+01
    14.8000   -3.425707E-03  3.768375E-03  6.711449E+01
    14.8500   -3.701342E-03  3.702611E-03  6.751806E+01
    14.9000   -3.355761E-03  3.611661E-03  6.792294E+01
    14.9500   -2.476394E-03  3.496412E-03  6.832800E+01
    15.0000   -1.255224E-03  3.360217E-03  6.873220E+01
    15.0500    6.162113E-05  3.206167E-03  6.913426E+01
    15.1000    1.229276E-03  3.029628E-03  6.953284E+01
    15.1500    2.053954E-03  2.831191E-03  6.992676E+01
    15.2000    2.434136E-03  2.611954E-03  7.031471E+01
    15.2500    2.373657E-03  2.373759E-03  7.069511E+01
    15.3000    1.968235E-03  2.119399E-03  7.106580E+01
    15.3500    1.370961E-03  1.852814E-03  7.142366E+01
    15.4000    7.474331E-04  1.579333E-03  7.176364E+01
    15.4500    2.331588E-04  1.306121E-03  7.207716E+01
    15.5000   -9.577402E-05  1.043203E-03  7.234857E+01
    15.5500   -2.322724E-04  8.060039E-04  7.254895E+01
    15.6000   -2.275695E-04  6.206848E-04  7.263203E+01
    15.6500   -1.655023E-04  5.266740E-04  7.257629E+01
    15.7000   -1.307161E-04  5.451928E-04  7.249875E+01
    15.7500   -1.807172E-04  6.387509E-04  7.254347E+01
    15.8000   -3.297015E-04  7.543086E-04  7.270899E+01
    15.8500   -5.479270E-04  8.602647E-04  7.294714E+01
    15.9000   -7.754262E-04  9.413033E-04  7.322468E+01
    15.9500   -9.445856E-04  9.901469E-04  7.352289E+01
    16.0000   -1.005344E-03  1.005353E-03  7.383175E+01
    16.0500   -9.383479E-04  9.876252E-04  7.414465E+01
    16.1000   -7.584328E-04  9.351555E-04  7.445232E+01
    16.1500   -5.167085E-04  8.517363E-04  7.474638E+01
    16.2000   -2.787856E-04  7.436456E-04  7.501395E+01
    16.2500   -1.026774E-04  6.210255E-04  7.523213E+01
    16.3000   -1.959626E-05  5.016584E-04  7.535915E+01
    16.3500   -2.382947E-05  4.185309E-04  7.534126E+01
    16.4000   -7.491240E-05  4.163344E-04  7.521731E+01
    16.4500   -1.114080E-04  5.042574E-04  7.517545E+01
    16.5000   -7.196599E-05  6.452564E-04  7.528646E+01
    16.5500    8.292936E-05  8.054299E-04  7.550137E+01
    16.6000    3.553443E-04  9.658713E-04  7.577497E+01
    16.6500    7.053921E-04  1.115936E-03  7.608249E+01
    16.7000    1.059486E-03  1.249010E-03  7.641092E+01
    16.7500    1.329177E-03  1.360788E-03  7.675305E+01
    16.8000    1.435259E-03  1.448565E-03  7.710467E+01
    16.8500    1.330243E-03  1.510899E-03  7.746305E+01
    16.9000    1.012765E-03  1.547404E-03  7.782630E+01
    16.9500    5.298078E-04  1.558588E-03  7.819298E+01
    17.0000   -3.441998E-05  1.546571E-03  7.856207E+01
    17.0500   -5.800832E-04  1.514087E-03  7.893299E+01
    17.1000   -1.010864E-03  1.461283E-03  7.930375E+01
    17.1500   -1.259350E-03  1.390650E-03  7.967257E+01
    17.2000   -1.301372E-03  1.304891E-03  8.003716E+01
    17.2500   -1.158619E-03  1.206893E-03  8.039440E+01
    17.3000   -8.891214E-04  1.099808E-03  8.073992E+01
    17.3500   -5.687731E-04  9.873276E-04  8.106749E+01
    17.4000   -2.694137E-04  8.742469E-04  8.136814E+01
    17.4500   -3.981749E-05  7.674805E-04  8.162950E+01
    17.5000    1.051398E-04  6.775005E-04  8.183723E+01
    17.5500    1.843813E-04  6.191268E-04  8.198381E+01
    17.6000    2.400979E-04  6.081159E-04  8.208728E+01
    17.6500    3.203051E-04  6.515907E-04  8.219531E+01
    17.7000    4.599441E-04  7.424435E-04  8.234952E+01
    17.7500    6.663008E-04  8.660241E-04  8.255928E+01
    17.8000    9.131691E-04  1.008423E-03  8.281406E+01
    17.8500    1.145583E-03  1.158947E-03  8.310020E+01
    17.9000    1.293871E-03  1.309508E-03  8.340690E+01
    17.9500    1.293089E-03  1.453679E-03  8.372669E+01
    18.0000    1.101668E-03  1.586415E-03  8.405536E+01
    18.0500    7.139811E-04  1.703870E-03  8.439062E+01
    18.1000    1.707195E-04  1.801328E-03  8.472808E+01
    18.1500   -4.513538E-04  1.875326E-03  8.506607E+01
    18.2000   -1.054286E-03  1.923101E-03  8.540324E+01
    18.2500   -1.540219E-03  1.942669E-03  8.573845E+01
    18.3000   -1.832838E-03  1.932905E-03  8.607062E+01
    18.3500   -1.893590E-03  1.893611E-03  8.639857E+01
    18.4000   -1.728756E-03  1.825570E-03  8.672093E+01
    18.4500   -1.385883E-03  1.730595E-03  8.703594E+01
    18.5000   -9.408277E-04  1.611592E-03  8.734121E+01
    18.5500   -4.790135E-04  1.472659E-03  8.763330E+01
    18.6000   -7.575640E-05  1.319288E-03  8.790714E+01
    18.6500    2.194688E-04  1.158777E-03  8.815514E+01
    18.7000    3.912252E-04  1.001005E-03  8.836613E+01
    18.7500    4.572773E-04  8.596433E-04  8.852548E+01
    18.8000    4.595834E-04  7.529928E-04  8.862109E+01
    18.8500    4.499723E-04  7.008024E-04  8.866180E+01
    18.9000    4.744902E-04  7.129102E-04  8.869285E+01
    18.9500    5.604559E-04  7.796348E-04  8.876677E+01
    19.0000    7.087827E-04  8.791361E-04  8.890234E+01
    19.0500    8.950479E-04  9.916554E-04  8.909032E+01
    19.1000    1.078254E-03  1.104345E-03  8.931759E+01
    19.1500    1.207241E-03  1.208057E-03  8.957214E+01
    19.2000    1.235157E-03  1.297060E-03  8.984559E+01
    19.2500    1.131305E-03  1.367894E-03  9.013236E+01
    19.3000    8.891259E-04  1.418678E-03  9.042884E+01
    19.3500    5.286524E-04  1.448701E-03  9.073265E+01
    19.4000    9.316220E-05  1.458161E-03  9.104225E+01
    19.4500   -3.589704E-04  1.447978E-03  9.135671E+01
    19.5000   -7.652514E-04  1.419652E-03  9.167549E+01
    19.5500   -1.070468E-03  1.375143E-03  9.199836E+01
    19.6000   -1.236215E-03  1.316767E-03  9.232539E+01
    19.6500   -1.246842E-03  1.247095E-03  9.265684E+01
    19.7000   -1.110939E-03  1.168877E-03  9.299315E+01
    19.7500   -8.584485E-04  1.084952E-03  9.333496E+01
    19.8000   -5.342827E-04  9.981792E-04  9.368297E+01
    19.8500   -1.898684E-04  9.113569E-04  9.403791E+01
    19.9000    1.256953E-04  8.271303E-04  9.440034E+01
    19.9500    3.732885E-04  7.478810E-04  9.477037E+01