# # tequil.ion_motion                                            FEFF 9.05   
# # POT  SCF  30  5.5000   1, core-hole, AFOLP (folp(0)= 1.150)
# # Abs   Z=30 Rmt= 1.287 Rnm= 1.400 K  shell
# # Pot 1 Z=26 Rmt= 1.329 Rnm= 1.416
# # Pot 2 Z= 8 Rmt= 0.955 Rnm= 1.083
# # Gam_ch=1.897E+00 H-L exch
# # Mu=-1.169E+01 kf=2.167E+00 Vint=-1.818E+01 Rs_int= 1.674
# # PATH  Rmax= 8.500,  Keep_limit= 0.00, Heap_limit 0.00  Pwcrit= 2.50%
#  S02=1.000                                        Global_sig2= 0.00000
#  Energy zero shift, vr, vi   -2.00000E+00   0.00000E+00
#  Curved wave amplitude ratio filter   4.000%
#     file         sig2 tot  cw amp ratio   deg  nlegs   reff  inp sig2
#           1       0.00000    100.00      1.00     2   1.8868
#           2       0.00000     92.92      1.00     2   1.9398
#           3       0.00000     80.17      1.00     2   2.0512
#           4       0.00000     64.90      1.00     2   2.2217
#           5       0.00000     58.21      1.00     2   2.3146
#           6       0.00000     57.34      1.00     2   2.3277
#           7       0.00000     29.22      1.00     2   2.9493
#           8       0.00000     28.63      1.00     2   2.9755
#           9       0.00000     25.99      1.00     2   3.1006
#          10       0.00000     25.38      1.00     2   3.1324
#          11       0.00000     24.76      1.00     2   3.1653
#          12       0.00000     22.60      1.00     2   3.2892
#          13       0.00000     21.46      1.00     2   3.3461
#          14       0.00000     21.55      1.00     2   3.3554
#          15       0.00000     15.33      2.00     3   3.3913
#          16       0.00000     20.14      1.00     2   3.4231
#          17       0.00000     19.99      1.00     2   3.4327
#          18       0.00000     12.05      2.00     3   3.4431
#          19       0.00000     11.41      2.00     3   3.4757
#          20       0.00000     16.90      2.00     3   3.4921
#          21       0.00000     18.91      1.00     2   3.5016
#          22       0.00000     18.83      1.00     2   3.5070
#          23       0.00000      9.58      2.00     3   3.5119
#          24       0.00000     18.63      1.00     2   3.5202
#          25       0.00000      8.81      2.00     3   3.5401
#          26       0.00000      9.74      2.00     3   3.5416
#          27       0.00000      9.66      2.00     3   3.5500
#          28       0.00000      9.59      2.00     3   3.5643
#          29       0.00000     10.98      2.00     3   3.5702
#          30       0.00000      7.36      2.00     3   3.5767
#          31       0.00000     18.13      1.00     2   3.6032
#          32       0.00000      8.10      2.00     3   3.6177
#          33       0.00000      7.01      2.00     3   3.6276
#          34       0.00000     17.73      1.00     2   3.6364
#          35       0.00000      9.07      2.00     3   3.6432
#          36       0.00000      7.79      2.00     3   3.6440
#          37       0.00000     13.42      2.00     3   3.6495
#          38       0.00000      8.23      2.00     3   3.6525
#          39       0.00000      9.01      2.00     3   3.6544
#          40       0.00000     14.36      2.00     3   3.6791
#          41       0.00000      7.66      2.00     3   3.7303
#          42       0.00000     12.29      1.00     4   3.7736
#          43       0.00000      6.97      2.00     3   3.7743
#          44       0.00000     16.03      1.00     2   3.7874
#          45       0.00000      6.57      1.00     4   3.8071
#          46       0.00000     14.72      2.00     3   3.8118
#          47       0.00000      5.39      1.00     4   3.8188
#          48       0.00000      4.70      2.00     4   3.8267
#          49       0.00000     15.56      1.00     2   3.8335
#          50       0.00000     14.65      2.00     3   3.8381
#          51       0.00000      5.74      2.00     3   3.8561
#          52       0.00000     10.51      1.00     4   3.8797
#          53       0.00000     14.92      1.00     2   3.8977
#          54       0.00000     13.95      1.00     2   3.8992
#          55       0.00000     13.80      1.00     2   3.9132
#          56       0.00000      5.75      1.00     4   3.9369
#          58       0.00000      9.43      2.00     3   3.9487
#          59       0.00000     14.42      1.00     2   3.9514
#          60       0.00000     13.67      2.00     3   3.9758
#          62       0.00000     12.99      1.00     2   3.9971
#          64       0.00000      4.09      1.00     4   4.0098
#          65       0.00000     13.26      2.00     3   4.0129
#          66       0.00000      5.56      1.00     4   4.0204
#          67       0.00000     20.09      2.00     3   4.0272
#          68       0.00000      5.42      1.00     4   4.0397
#          69       0.00000      8.41      2.00     3   4.0419
#          70       0.00000      8.85      2.00     3   4.0721
#          71       0.00000      7.72      1.00     4   4.1024
#          72       0.00000     17.63      2.00     4   4.1085
#          73       0.00000     12.90      2.00     3   4.1139
#          74       0.00000      7.17      2.00     3   4.1418
#          75       0.00000      4.97      1.00     4   4.1642
#          77       0.00000      6.88      2.00     3   4.1900
#          78       0.00000      5.39      1.00     4   4.1923
#          79       0.00000     18.76      2.00     3   4.1972
#          80       0.00000      7.00      2.00     3   4.2076
#          81       0.00000      4.00      1.00     4   4.2082
#          82       0.00000      6.92      2.00     3   4.2243
#          83       0.00000      6.59      2.00     3   4.2291
#          84       0.00000     17.15      2.00     4   4.2545
#          85       0.00000     10.76      1.00     2   4.2650
#          86       0.00000      5.51      1.00     4   4.2763
#          87       0.00000     16.40      2.00     3   4.3174
#          88       0.00000      8.35      2.00     3   4.3336
#          89       0.00000      8.07      2.00     3   4.3366
#          90       0.00000     14.39      2.00     4   4.3789
#          91       0.00000      9.86      1.00     2   4.3930
#          92       0.00000      9.72      1.00     2   4.4142
#          93       0.00000      9.71      1.00     2   4.4169
#          94       0.00000      9.66      1.00     2   4.4237
#          95       0.00000      5.00      1.00     4   4.4433
#          96       0.00000      9.46      1.00     2   4.4557
#          97       0.00000     21.47      2.00     3   4.4580
#          98       0.00000      9.32      1.00     2   4.4772
#          99       0.00000      6.57      2.00     3   4.4879
#         100       0.00000      9.16      1.00     2   4.5039
#         101       0.00000     13.53      1.00     4   4.5229
#         102       0.00000      8.95      1.00     2   4.5390
#         103       0.00000      8.84      1.00     2   4.5589
#         104       0.00000     18.25      2.00     3   4.5609
#         105       0.00000     18.94      2.00     3   4.5775
#         106       0.00000     13.40      2.00     3   4.5805
#         107       0.00000     13.19      2.00     3   4.5920
#         108       0.00000      4.75      2.00     3   4.5983
#         109       0.00000      4.71      2.00     3   4.6017
#         110       0.00000      8.52      1.00     2   4.6145
#         111       0.00000     12.79      2.00     3   4.6254
#         112       0.00000      4.01      1.00     4   4.6293
#         113       0.00000      4.86      2.00     3   4.6345
#         114       0.00000     10.85      1.00     4   4.6447
#         115       0.00000      7.02      2.00     3   4.6492
#         116       0.00000     11.63      1.00     4   4.6510
#         118       0.00000      8.27      1.00     2   4.6624
#         119       0.00000      4.45      2.00     3   4.6808
#         120       0.00000     12.67      2.00     3   4.7127
#         121       0.00000     14.42      2.00     3   4.7270
#         122       0.00000      7.64      2.00     3   4.7380
#         123       0.00000      7.86      1.00     2   4.7406
#         124       0.00000      5.51      2.00     3   4.7424
#         125       0.00000      6.95      1.00     4   4.7467
#         127       0.00000      6.82      1.00     4   4.7602
#         128       0.00000      7.72      1.00     2   4.7699
#         131       0.00000      7.62      1.00     2   4.7905
#         132       0.00000      6.55      1.00     4   4.7952
#         133       0.00000      8.63      1.00     2   4.8056
#         134       0.00000      7.30      2.00     3   4.8228
#         135       0.00000      8.00      1.00     4   4.8395
#         136       0.00000     10.47      2.00     3   4.8449
#         138       0.00000      6.64      1.00     4   4.8665
#         139       0.00000      6.72      2.00     3   4.8793
#         140       0.00000      6.57      2.00     3   4.8819
#         141       0.00000      7.16      1.00     2   4.8901
#         142       0.00000      7.16      1.00     2   4.8908
#         143       0.00000      7.15      1.00     2   4.8922
#         144       0.00000      4.93      2.00     3   4.8969
#         145       0.00000      6.55      2.00     3   4.9002
#         146       0.00000     11.19      2.00     3   4.9068
#         148       0.00000      5.28      2.00     4   4.9153
#         149       0.00000      5.88      2.00     3   4.9206
#         151       0.00000      5.51      2.00     3   4.9608
#         152       0.00000      4.28      2.00     3   4.9698
#         153       0.00000      4.98      2.00     3   4.9715
#         154       0.00000      6.79      1.00     2   4.9760
#         155       0.00000      8.14      2.00     3   4.9770
#         156       0.00000     17.37      2.00     3   4.9803
#         157       0.00000     11.26      1.00     4   4.9846
#         158       0.00000      4.74      2.00     4   4.9875
#         159       0.00000      4.48      2.00     4   5.0006
#         160       0.00000      5.65      1.00     4   5.0081
#         161       0.00000      7.84      2.00     3   5.0111
#         162       0.00000      4.82      2.00     4   5.0164
#         163       0.00000      5.12      1.00     4   5.0273
#         164       0.00000      7.60      1.00     2   5.0306
#         167       0.00000      7.37      2.00     3   5.0462
#         168       0.00000      7.52      1.00     2   5.0519
#         171       0.00000      6.37      1.00     2   5.0802
#         172       0.00000     15.19      2.00     3   5.0963
#         173       0.00000      9.38      1.00     4   5.1124
#         174       0.00000      6.91      2.00     3   5.1469
#         175       0.00000      7.11      1.00     2   5.1518
#         176       0.00000      7.11      1.00     2   5.1534
#         177       0.00000      7.40      2.00     3   5.1544
#         178       0.00000      6.09      1.00     2   5.1571
#         179       0.00000      9.46      2.00     3   5.1573
#         180       0.00000     15.21      2.00     3   5.1610
#         181       0.00000      9.63      1.00     4   5.1650
#         182       0.00000      6.02      1.00     2   5.1758
#         184       0.00000      6.08      2.00     3   5.1848
#         186       0.00000      5.95      1.00     2   5.1954
#         188       0.00000      6.84      1.00     2   5.2241
#         190       0.00000      5.35      2.00     3   5.2266
#         191       0.00000      6.79      1.00     2   5.2390
#         192       0.00000      7.78      2.00     3   5.2486
#         194       0.00000      4.92      2.00     3   5.2594
#         196       0.00000      4.76      1.00     4   5.2628
#         197       0.00000      7.84      2.00     3   5.2745
#         199       0.00000      6.66      2.00     3   5.2821
#         200       0.00000      6.60      2.00     3   5.2961
#         203       0.00000      5.27      2.00     3   5.3104
#         204       0.00000      5.55      1.00     2   5.3115
#         205       0.00000      6.52      1.00     2   5.3125
#         207       0.00000      6.21      2.00     4   5.3195
#         209       0.00000      5.51      1.00     2   5.3249
#         211       0.00000      5.57      2.00     3   5.3800
#         212       0.00000      6.84      2.00     3   5.3818
#         213       0.00000      6.28      1.00     2   5.3845
#         215       0.00000      4.09      2.00     3   5.3959
#         216       0.00000      4.67      2.00     4   5.3973
#         219       0.00000      5.29      2.00     3   5.4045
#         224       0.00000      5.10      1.00     2   5.4583
#         225       0.00000      5.24      2.00     4   5.4600
#         226       0.00000      5.46      2.00     3   5.4616
#         229       0.00000      5.00      1.00     2   5.4931
#         230       0.00000      4.98      1.00     2   5.5006
#         232       0.00000      5.71      2.00     3   5.5167
#         234       0.00000      4.31      2.00     3   5.5495
#         235       0.00000      4.01      2.00     3   5.5581
#         238       0.00000      4.24      2.00     3   5.5641
#         243       0.00000      4.91      2.00     3   5.5881
#         245       0.00000      4.72      1.00     2   5.5938
#         247       0.00000      4.84      2.00     3   5.6024
#         250       0.00000      4.68      2.00     3   5.6217
#         253       0.00000      4.68      2.00     3   5.6427
#         256       0.00000      4.56      1.00     2   5.6557
#         261       0.00000      5.35      1.00     2   5.6896
#         262       0.00000      4.47      2.00     3   5.6929
#         265       0.00000      4.48      2.00     3   5.7038
#         268       0.00000      5.30      2.00     3   5.7143
#         274       0.00000      5.21      1.00     2   5.7417
#         275       0.00000      5.17      1.00     2   5.7559
#         277       0.00000      5.14      1.00     2   5.7700
#         285       0.00000      7.17      2.00     3   5.8325
#         287       0.00000      4.46      2.00     3   5.8488
#         289       0.00000      4.35      2.00     3   5.8672
#         291       0.00000      4.86      1.00     2   5.8778
#         293       0.00000      4.11      2.00     3   5.8815
#         301       0.00000      4.87      2.00     5   5.9141
#   217/ 275 paths used
#  -----------------------------------------------------------------------
#       k          chi          mag           phase @#
    -0.7000   -4.350587E-01  4.636872E-01 -1.924030E+00
    -0.6500   -4.487829E-01  4.719846E-01 -1.885648E+00
    -0.6000   -4.610267E-01  4.784217E-01 -1.841284E+00
    -0.5500   -4.713863E-01  4.833941E-01 -1.794153E+00
    -0.5000   -4.791669E-01  4.869689E-01 -1.750042E+00
    -0.4500   -4.850661E-01  4.897116E-01 -1.708646E+00
    -0.4000   -4.891886E-01  4.917357E-01 -1.672623E+00
    -0.3500   -4.927304E-01  4.938823E-01 -1.639109E+00
    -0.3000   -4.951724E-01  4.955688E-01 -1.610795E+00
    -0.2500   -4.968244E-01  4.968923E-01 -1.587325E+00
    -0.2000   -4.979139E-01  4.979153E-01 -1.568431E+00
    -0.1500   -4.989483E-01  4.990259E-01 -1.553161E+00
    -0.1000   -4.997059E-01  4.999115E-01 -1.542120E+00
    -0.0500   -5.001290E-01  5.004402E-01 -1.535528E+00
     0.0000   -5.002649E-01  5.006161E-01 -1.533336E+00
     0.0500   -5.003981E-01  5.007917E-01 -1.531147E+00
     0.1000   -5.007827E-01  5.013177E-01 -1.524594E+00
     0.1500   -5.013732E-01  5.021909E-01 -1.513722E+00
     0.2000   -5.020961E-01  5.034074E-01 -1.498603E+00
     0.2500   -5.028520E-01  5.049630E-01 -1.479327E+00
     0.3000   -5.035182E-01  5.068546E-01 -1.455994E+00
     0.3500   -5.042026E-01  5.093609E-01 -1.428359E+00
     0.4000   -5.054848E-01  5.133653E-01 -1.395353E+00
     0.4500   -5.062834E-01  5.179507E-01 -1.358141E+00
     0.5000   -5.063273E-01  5.231213E-01 -1.316723E+00
     0.5500   -5.058254E-01  5.295880E-01 -1.270099E+00
     0.6000   -5.048875E-01  5.382803E-01 -1.216711E+00
     0.6500   -5.017560E-01  5.477037E-01 -1.158264E+00
     0.7000   -4.960940E-01  5.583887E-01 -1.093932E+00
     0.7500   -4.877689E-01  5.719834E-01 -1.021261E+00
     0.8000   -4.740912E-01  5.860342E-01 -9.424184E-01
     0.8500   -4.542181E-01  6.016959E-01 -8.554963E-01
     0.9000   -4.262658E-01  6.190318E-01 -7.595578E-01
     0.9500   -3.883154E-01  6.358783E-01 -6.569136E-01
     1.0000   -3.385824E-01  6.544205E-01 -5.437834E-01
     1.0500   -2.760642E-01  6.719217E-01 -4.233946E-01
     1.1000   -2.001526E-01  6.886473E-01 -2.949019E-01
     1.1500   -1.106369E-01  7.045142E-01 -1.576927E-01
     1.2000   -1.049643E-02  7.174786E-01 -1.463013E-02
     1.2500    1.001499E-01  7.293183E-01  1.377551E-01
     1.3000    2.143346E-01  7.371612E-01  2.950177E-01
     1.3500    3.292663E-01  7.422445E-01  4.596216E-01
     1.4000    4.373871E-01  7.431531E-01  6.292714E-01
     1.4500    5.330125E-01  7.400078E-01  8.042052E-01
     1.5000    6.102078E-01  7.326776E-01  9.842302E-01
     1.5500    6.628235E-01  7.205828E-01  1.167682E+00
     1.6000    6.883146E-01  7.044782E-01  1.356169E+00
     1.6500    6.832647E-01  6.834702E-01  1.546273E+00
     1.7000    6.492400E-01  6.587750E-01  1.741142E+00
     1.7500    5.881334E-01  6.297397E-01  1.936336E+00
     1.8000    5.048639E-01  5.974374E-01  2.134936E+00
     1.8500    4.063720E-01  5.618795E-01  2.333115E+00
     1.9000    2.987812E-01  5.237769E-01  2.534556E+00
     1.9500    1.910963E-01  4.835506E-01  2.735314E+00
     2.0000    9.177486E-02  4.420576E-01  2.932463E+00
     2.0500    6.638316E-03  4.002152E-01  3.125005E+00
     2.1000   -6.118858E-02  3.574609E-01  3.313615E+00
     2.1500   -1.089390E-01  3.144634E-01  3.495354E+00
     2.2000   -1.370385E-01  2.739029E-01  3.665558E+00
     2.2500   -1.488974E-01  2.365630E-01  3.822399E+00
     2.3000   -1.480816E-01  2.025260E-01  3.961633E+00
     2.3500   -1.378305E-01  1.716043E-01  4.074220E+00
     2.4000   -1.246775E-01  1.457299E-01  4.168182E+00
     2.4500   -1.112349E-01  1.245084E-01  4.246434E+00
     2.5000   -9.872663E-02  1.072029E-01  4.312059E+00
     2.5500   -8.876578E-02  9.488963E-02  4.351161E+00
     2.6000   -8.042043E-02  8.541692E-02  4.368660E+00
     2.6500   -7.440455E-02  7.900493E-02  4.369452E+00
     2.7000   -7.124284E-02  7.574842E-02  4.365748E+00
     2.7500   -7.127014E-02  7.500164E-02  4.395623E+00
     2.8000   -7.292489E-02  7.567198E-02  4.442114E+00
     2.8500   -7.568676E-02  7.733593E-02  4.505503E+00
     2.9000   -7.900109E-02  7.963183E-02  4.586444E+00
     2.9500   -8.193012E-02  8.196710E-02  4.682347E+00
     3.0000   -8.414105E-02  8.440012E-02  4.790762E+00
     3.0500   -8.518506E-02  8.689817E-02  4.911281E+00
     3.1000   -8.448569E-02  8.934148E-02  5.043600E+00
     3.1500   -8.148628E-02  9.154123E-02  5.185491E+00
     3.2000   -7.598641E-02  9.366341E-02  5.336863E+00
     3.2500   -6.748835E-02  9.557704E-02  5.499189E+00
     3.3000   -5.566588E-02  9.698277E-02  5.671831E+00
     3.3500   -4.083470E-02  9.783271E-02  5.852611E+00
     3.4000   -2.351642E-02  9.817671E-02  6.041302E+00
     3.4500   -4.434986E-03  9.782641E-02  6.237835E+00
     3.5000    1.525878E-02  9.670210E-02  6.441639E+00
     3.5500    3.412674E-02  9.471193E-02  6.651798E+00
     3.6000    5.066512E-02  9.185654E-02  6.867428E+00
     3.6500    6.358654E-02  8.820501E-02  7.088278E+00
     3.7000    7.187369E-02  8.380228E-02  7.313883E+00
     3.7500    7.499228E-02  7.875476E-02  7.543627E+00
     3.8000    7.293896E-02  7.315491E-02  7.777126E+00
     3.8500    6.617861E-02  6.703886E-02  8.014354E+00
     3.9000    5.573377E-02  6.053351E-02  8.254884E+00
     3.9500    4.298192E-02  5.376730E-02  8.498472E+00
     4.0000    2.943866E-02  4.683493E-02  8.745075E+00
     4.0500    1.660879E-02  3.991114E-02  8.995577E+00
     4.1000    5.708198E-03  3.312244E-02  9.251577E+00
     4.1500   -2.403768E-03  2.656362E-02  9.515393E+00
     4.2000   -7.245547E-03  2.028329E-02  9.790065E+00
     4.2500   -8.927859E-03  1.446819E-02  1.008979E+01
     4.3000   -7.909619E-03  9.251551E-03  1.045023E+01
     4.3500   -4.897603E-03  4.898353E-03  1.101308E+01
     4.4000   -6.722357E-04  2.902705E-03  1.233266E+01
     4.4500    3.681480E-03  4.978027E-03  1.339877E+01
     4.5000    7.351366E-03  7.623252E-03  1.386929E+01
     4.5500    9.805461E-03  9.825558E-03  1.420114E+01
     4.6000    1.078218E-02  1.151886E-02  1.449674E+01
     4.6500    1.013407E-02  1.254084E-02  1.476707E+01
     4.7000    8.162972E-03  1.288489E-02  1.502186E+01
     4.7500    5.399018E-03  1.257613E-02  1.526424E+01
     4.8000    2.448556E-03  1.171068E-02  1.549732E+01
     4.8500    7.290501E-06  1.025541E-02  1.570725E+01
     4.9000   -1.366558E-03  8.302878E-03  1.587330E+01
     4.9500   -1.370719E-03  6.045725E-03  1.593668E+01
     5.0000   -5.884450E-05  4.048204E-03  1.572250E+01
     5.0500    2.306379E-03  4.056147E-03  1.510314E+01
     5.1000    5.089204E-03  6.620121E-03  1.483108E+01
     5.1500    7.467188E-03  1.016093E-02  1.488246E+01
     5.2000    8.595946E-03  1.402651E-02  1.504832E+01
     5.2500    7.772169E-03  1.798253E-02  1.526102E+01
     5.3000    4.585506E-03  2.186841E-02  1.549671E+01
     5.3500   -9.487121E-04  2.555357E-02  1.574510E+01
     5.4000   -8.383283E-03  2.895696E-02  1.600168E+01
     5.4500   -1.684224E-02  3.196765E-02  1.626286E+01
     5.5000   -2.519406E-02  3.449835E-02  1.652672E+01
     5.5500   -3.223968E-02  3.647908E-02  1.679185E+01
     5.6000   -3.695765E-02  3.787980E-02  1.705766E+01
     5.6500   -3.863035E-02  3.866669E-02  1.732212E+01
     5.7000   -3.703976E-02  3.883644E-02  1.758412E+01
     5.7500   -3.246581E-02  3.840958E-02  1.784252E+01
     5.8000   -2.563921E-02  3.746248E-02  1.809578E+01
     5.8500   -1.751844E-02  3.603873E-02  1.834193E+01
     5.9000   -9.146889E-03  3.422890E-02  1.857904E+01
     5.9500   -1.434966E-03  3.214814E-02  1.880491E+01
     6.0000    4.991529E-03  3.000479E-02  1.901669E+01
     6.0500    9.898222E-03  2.789458E-02  1.921230E+01
     6.1000    1.337964E-02  2.596054E-02  1.939101E+01
     6.1500    1.576789E-02  2.433899E-02  1.955431E+01
     6.2000    1.748355E-02  2.312428E-02  1.970684E+01
     6.2500    1.888156E-02  2.234351E-02  1.985623E+01
     6.3000    2.013475E-02  2.194568E-02  2.001126E+01
     6.3500    2.118456E-02  2.181501E-02  2.017935E+01
     6.4000    2.176914E-02  2.180257E-02  2.036496E+01
     6.4500    2.151805E-02  2.175969E-02  2.056952E+01
     6.5000    2.015199E-02  2.163840E-02  2.079316E+01
     6.5500    1.740410E-02  2.127123E-02  2.103288E+01
     6.6000    1.333196E-02  2.057963E-02  2.128643E+01
     6.6500    8.302678E-03  1.953688E-02  2.155221E+01
     6.7000    2.923745E-03  1.814412E-02  2.182930E+01
     6.7500   -2.072530E-03  1.642615E-02  2.211766E+01
     6.8000   -5.981185E-03  1.442764E-02  2.241861E+01
     6.8500   -8.275889E-03  1.221054E-02  2.273587E+01
     6.9000   -8.722512E-03  9.854143E-03  2.307799E+01
     6.9500   -7.428112E-03  7.462950E-03  2.346528E+01
     7.0000   -4.797727E-03  5.163205E-03  2.394046E+01
     7.0500   -1.509635E-03  3.304479E-03  2.465830E+01
     7.1000    1.690605E-03  2.876670E-03  2.576095E+01
     7.1500    4.131329E-03  4.143869E-03  2.662572E+01
     7.2000    5.332897E-03  5.924658E-03  2.715429E+01
     7.2500    5.084292E-03  7.680889E-03  2.755093E+01
     7.3000    3.457560E-03  9.254308E-03  2.789143E+01
     7.3500    7.629907E-04  1.058627E-02  2.820220E+01
     7.4000   -2.538530E-03  1.165565E-02  2.849389E+01
     7.4500   -5.941356E-03  1.246270E-02  2.877127E+01
     7.5000   -9.065935E-03  1.308123E-02  2.904004E+01
     7.5500   -1.154752E-02  1.351668E-02  2.929857E+01
     7.6000   -1.316812E-02  1.377909E-02  2.954623E+01
     7.6500   -1.387998E-02  1.390600E-02  2.978395E+01
     7.7000   -1.374043E-02  1.393597E-02  3.001285E+01
     7.7500   -1.286391E-02  1.390415E-02  3.023440E+01
     7.8000   -1.137898E-02  1.383809E-02  3.045050E+01
     7.8500   -9.402131E-03  1.375452E-02  3.066329E+01
     7.9000   -7.032834E-03  1.365779E-02  3.087500E+01
     7.9500   -4.366204E-03  1.354051E-02  3.108760E+01
     8.0000   -1.495631E-03  1.343251E-02  3.130435E+01
     8.0500    1.446144E-03  1.328594E-02  3.152499E+01
     8.1000    4.261469E-03  1.305232E-02  3.174852E+01
     8.1500    6.733394E-03  1.271139E-02  3.197419E+01
     8.2000    8.655667E-03  1.224916E-02  3.220066E+01
     8.2500    9.874215E-03  1.165999E-02  3.242595E+01
     8.3000    1.032382E-02  1.094788E-02  3.264745E+01
     8.3500    1.004836E-02  1.012743E-02  3.286168E+01
     8.4000    9.197121E-03  9.224682E-03  3.306404E+01
     8.4500    7.996389E-03  8.278310E-03  3.324845E+01
     8.5000    6.710611E-03  7.355917E-03  3.340872E+01
     8.5500    5.561408E-03  6.519605E-03  3.353576E+01
     8.6000    4.701818E-03  5.843264E-03  3.362242E+01
     8.6500    4.189212E-03  5.410738E-03  3.367201E+01
     8.7000    3.974883E-03  5.273907E-03  3.370386E+01
     8.7500    3.926073E-03  5.418713E-03  3.374715E+01
     8.8000    3.866690E-03  5.769605E-03  3.382306E+01
     8.8500    3.625245E-03  6.230320E-03  3.393649E+01
     8.9000    3.077299E-03  6.718502E-03  3.408174E+01
     8.9500    2.172016E-03  7.177152E-03  3.425007E+01
     9.0000    9.410530E-04  7.573818E-03  3.443295E+01
     9.0500   -5.257847E-04  7.899909E-03  3.462412E+01
     9.1000   -2.110584E-03  8.156859E-03  3.481925E+01
     9.1500   -3.691179E-03  8.356428E-03  3.501503E+01
     9.2000   -5.168787E-03  8.518421E-03  3.520952E+01
     9.2500   -6.480183E-03  8.667086E-03  3.540208E+01
     9.3000   -7.593877E-03  8.827021E-03  3.559337E+01
     9.3500   -8.493240E-03  9.018816E-03  3.578524E+01
     9.4000   -9.153986E-03  9.255223E-03  3.598027E+01
     9.4500   -9.525404E-03  9.538791E-03  3.618130E+01
     9.5000   -9.539680E-03  9.879339E-03  3.639130E+01
     9.5500   -9.081845E-03  1.025894E-02  3.661206E+01
     9.6000   -8.029970E-03  1.064149E-02  3.684408E+01
     9.6500   -6.317377E-03  1.100211E-02  3.708749E+01
     9.7000   -3.957139E-03  1.131622E-02  3.734187E+01
     9.7500   -1.068739E-03  1.156165E-02  3.760654E+01
     9.8000    2.116289E-03  1.172000E-02  3.788068E+01
     9.8500    5.274686E-03  1.177751E-02  3.816348E+01
     9.9000    8.036323E-03  1.172534E-02  3.845424E+01
     9.9500    1.004576E-02  1.155973E-02  3.875235E+01
    10.0000    1.105417E-02  1.130590E-02  3.905849E+01
    10.0500    1.090730E-02  1.096463E-02  3.937221E+01
    10.1000    9.597129E-03  1.052219E-02  3.969236E+01
    10.1500    7.316244E-03  9.990865E-03  4.001902E+01
    10.2000    4.402609E-03  9.385958E-03  4.035247E+01
    10.2500    1.281809E-03  8.725195E-03  4.069326E+01
    10.3000   -1.606624E-03  8.028077E-03  4.104219E+01
    10.3500   -3.883666E-03  7.315281E-03  4.140036E+01
    10.4000   -5.291124E-03  6.608057E-03  4.176918E+01
    10.4500   -5.726530E-03  5.927643E-03  4.215027E+01
    10.5000   -5.247281E-03  5.294583E-03  4.254527E+01
    10.5500   -4.045536E-03  4.727823E-03  4.295542E+01
    10.6000   -2.401407E-03  4.243338E-03  4.338074E+01
    10.6500   -6.258796E-04  3.852172E-03  4.381910E+01
    10.7000    9.941656E-04  3.558164E-03  4.426547E+01
    10.7500    2.238383E-03  3.356416E-03  4.471233E+01
    10.8000    2.976524E-03  3.233919E-03  4.515142E+01
    10.8500    3.171874E-03  3.172707E-03  4.557601E+01
    10.9000    2.867937E-03  3.154149E-03  4.598239E+01
    10.9500    2.164912E-03  3.162356E-03  4.636985E+01
    11.0000    1.192321E-03  3.190800E-03  4.674092E+01
    11.0500    8.116251E-05  3.235426E-03  4.709880E+01
    11.1000   -1.039514E-03  3.286890E-03  4.744567E+01
    11.1500   -2.051758E-03  3.342075E-03  4.778490E+01
    11.2000   -2.852376E-03  3.398745E-03  4.811978E+01
    11.2500   -3.354829E-03  3.454958E-03  4.845335E+01
    11.3000   -3.493451E-03  3.508804E-03  4.878827E+01
    11.3500   -3.231384E-03  3.558439E-03  4.912678E+01
    11.4000   -2.571113E-03  3.602307E-03  4.947066E+01
    11.4500   -1.564225E-03  3.639440E-03  4.982121E+01
    11.5000   -3.158300E-04  3.669728E-03  5.017931E+01
    11.5500    1.020488E-03  3.694065E-03  5.054537E+01
    11.6000    2.259289E-03  3.714319E-03  5.091935E+01
    11.6500    3.210433E-03  3.733096E-03  5.130074E+01
    11.7000    3.712394E-03  3.753299E-03  5.168851E+01
    11.7500    3.664829E-03  3.777548E-03  5.208118E+01
    11.8000    3.052634E-03  3.807553E-03  5.247689E+01
    11.8500    1.954903E-03  3.843580E-03  5.287350E+01
    11.9000    5.353260E-04  3.884143E-03  5.326881E+01
    11.9500   -9.851971E-04  3.925993E-03  5.366073E+01
    12.0000   -2.374057E-03  3.970632E-03  5.404796E+01
    12.0500   -3.425485E-03  4.015038E-03  5.442910E+01
    12.1000   -3.983297E-03  4.045622E-03  5.480211E+01
    12.1500   -3.985305E-03  4.056833E-03  5.516593E+01
    12.2000   -3.465215E-03  4.044219E-03  5.551957E+01
    12.2500   -2.538896E-03  4.005061E-03  5.586205E+01
    12.3000   -1.374256E-03  3.938926E-03  5.619228E+01
    12.3500   -1.526072E-04  3.848136E-03  5.650900E+01
    12.4000    9.687659E-04  3.738143E-03  5.681082E+01
    12.4500    1.883775E-03  3.617738E-03  5.709634E+01
    12.5000    2.548442E-03  3.498972E-03  5.736456E+01
    12.5500    2.974151E-03  3.396500E-03  5.761545E+01
    12.6000    3.206698E-03  3.326033E-03  5.785078E+01
    12.6500    3.298422E-03  3.301723E-03  5.807475E+01
    12.7000    3.282428E-03  3.332960E-03  5.829382E+01
    12.7500    3.157028E-03  3.421827E-03  5.851546E+01
    12.8000    2.885356E-03  3.562565E-03  5.874626E+01
    12.8500    2.410473E-03  3.743254E-03  5.899061E+01
    12.9000    1.681497E-03  3.948665E-03  5.925037E+01
    12.9500    6.827684E-04  4.162934E-03  5.952550E+01
    13.0000   -5.462162E-04  4.376966E-03  5.981538E+01
    13.0500   -1.903320E-03  4.581793E-03  6.011865E+01
    13.1000   -3.218425E-03  4.759587E-03  6.043285E+01
    13.1500   -4.291757E-03  4.902953E-03  6.075640E+01
    13.2000   -4.932155E-03  5.006989E-03  6.108795E+01
    13.2500   -5.000032E-03  5.069108E-03  6.142633E+01
    13.3000   -4.442470E-03  5.088806E-03  6.177056E+01
    13.3500   -3.311268E-03  5.067396E-03  6.211973E+01
    13.4000   -1.758739E-03  5.007703E-03  6.247299E+01
    13.4500   -1.155370E-05  4.913735E-03  6.282950E+01
    13.5000    1.671678E-03  4.790335E-03  6.318832E+01
    13.5500    3.049369E-03  4.642832E-03  6.354841E+01
    13.6000    3.941247E-03  4.476726E-03  6.390853E+01
    13.6500    4.258089E-03  4.297425E-03  6.426724E+01
    13.7000    4.010826E-03  4.110083E-03  6.462287E+01
    13.7500    3.298178E-03  3.919563E-03  6.497346E+01
    13.8000    2.277225E-03  3.730541E-03  6.531685E+01
    13.8500    1.125211E-03  3.547763E-03  6.565071E+01
    13.9000    2.463633E-06  3.376391E-03  6.597272E+01
    13.9500   -9.747608E-04  3.222368E-03  6.628076E+01
    14.0000   -1.747200E-03  3.094614E-03  6.657339E+01
    14.0500   -2.308596E-03  3.002950E-03  6.685037E+01
    14.1000   -2.682583E-03  2.952649E-03  6.711321E+01
    14.1500   -2.903626E-03  2.950686E-03  6.736540E+01
    14.2000   -2.994040E-03  3.000932E-03  6.761203E+01
    14.2500   -2.950824E-03  3.102886E-03  6.785860E+01
    14.3000   -2.745191E-03  3.251479E-03  6.810980E+01
    14.3500   -2.334520E-03  3.437970E-03  6.836858E+01
    14.4000   -1.682638E-03  3.651404E-03  6.863612E+01
    14.4500   -7.817579E-04  3.880032E-03  6.891217E+01
    14.5000    3.310921E-04  4.112373E-03  6.919564E+01
    14.5500    1.568689E-03  4.337890E-03  6.948505E+01
    14.6000    2.801677E-03  4.547391E-03  6.977883E+01
    14.6500    3.878600E-03  4.733263E-03  7.007546E+01
    14.7000    4.653143E-03  4.889609E-03  7.037357E+01
    14.7500    5.011852E-03  5.012339E-03  7.067190E+01
    14.8000    4.895622E-03  5.099192E-03  7.096935E+01
    14.8500    4.310023E-03  5.149722E-03  7.126496E+01
    14.9000    3.322599E-03  5.165216E-03  7.155788E+01
    14.9500    2.048622E-03  5.148527E-03  7.184740E+01
    15.0000    6.280691E-04  5.110853E-03  7.213343E+01
    15.0500   -8.049713E-04  5.063825E-03  7.241627E+01
    15.1000   -2.123010E-03  4.999507E-03  7.269520E+01
    15.1500   -3.222788E-03  4.922372E-03  7.297045E+01
    15.2000   -4.032140E-03  4.836277E-03  7.324246E+01
    15.2500   -4.509828E-03  4.744112E-03  7.351184E+01
    15.3000   -4.642192E-03  4.647563E-03  7.377935E+01
    15.3500   -4.439099E-03  4.547025E-03  7.404574E+01
    15.4000   -3.930866E-03  4.441695E-03  7.431175E+01
    15.4500   -3.166520E-03  4.329817E-03  7.457796E+01
    15.5000   -2.212505E-03  4.209056E-03  7.484474E+01
    15.5500   -1.150252E-03  4.076936E-03  7.511220E+01
    15.6000   -7.109720E-05  3.931295E-03  7.538014E+01
    15.6500    9.320980E-04  3.770704E-03  7.564801E+01
    15.7000    1.775919E-03  3.594822E-03  7.591493E+01
    15.7500    2.397957E-03  3.404687E-03  7.617967E+01
    15.8000    2.766113E-03  3.202927E-03  7.644063E+01
    15.8500    2.882888E-03  2.993905E-03  7.669584E+01
    15.9000    2.782851E-03  2.783788E-03  7.694308E+01
    15.9500    2.523251E-03  2.580498E-03  7.718005E+01
    16.0000    2.170455E-03  2.394555E-03  7.740510E+01
    16.0500    1.782550E-03  2.237010E-03  7.761776E+01
    16.1000    1.395744E-03  2.115671E-03  7.781937E+01
    16.1500    1.020691E-03  2.038158E-03  7.801530E+01
    16.2000    6.423674E-04  2.006878E-03  7.821400E+01
    16.2500    2.316051E-04  2.017915E-03  7.842479E+01
    16.3000   -2.372019E-04  2.062124E-03  7.865510E+01
    16.3500   -7.677008E-04  2.127804E-03  7.890894E+01
    16.4000   -1.328753E-03  2.203430E-03  7.918712E+01
    16.4500   -1.852281E-03  2.279422E-03  7.948843E+01
    16.5000   -2.244004E-03  2.348852E-03  7.981070E+01
    16.5500   -2.405418E-03  2.407427E-03  8.015147E+01
    16.6000   -2.261645E-03  2.453096E-03  8.050831E+01
    16.6500   -1.787373E-03  2.485486E-03  8.087887E+01
    16.7000   -1.022889E-03  2.505256E-03  8.126082E+01
    16.7500   -7.434245E-05  2.513446E-03  8.165183E+01
    16.8000    9.034609E-04  2.510874E-03  8.204948E+01
    16.8500    1.738592E-03  2.497648E-03  8.245135E+01
    16.9000    2.280342E-03  2.472870E-03  8.285500E+01
    16.9500    2.434518E-03  2.434560E-03  8.325809E+01
    17.0000    2.189409E-03  2.383658E-03  8.365871E+01
    17.0500    1.613814E-03  2.321951E-03  8.405455E+01
    17.1000    8.302973E-04  2.236989E-03  8.444274E+01
    17.1500    3.871816E-06  2.124944E-03  8.482118E+01
    17.2000   -7.064694E-04  1.983073E-03  8.518725E+01
    17.2500   -1.185682E-03  1.810367E-03  8.553711E+01
    17.3000   -1.388183E-03  1.608383E-03  8.586436E+01
    17.3500   -1.344246E-03  1.382654E-03  8.615754E+01
    17.4000   -1.145760E-03  1.145760E-03  8.639480E+01
    17.4500   -9.155009E-04  9.247727E-04  8.653552E+01
    17.5000   -7.686053E-04  7.756060E-04  8.652826E+01
    17.5500   -7.770731E-04  7.772313E-04  8.641398E+01
    17.6000   -9.472959E-04  9.474269E-04  8.637717E+01
    17.6500   -1.216949E-03  1.222252E-03  8.648698E+01
    17.7000   -1.472196E-03  1.542129E-03  8.669611E+01
    17.7500   -1.580473E-03  1.873096E-03  8.696031E+01
    17.8000   -1.429796E-03  2.195058E-03  8.725521E+01
    17.8500   -9.636751E-04  2.494297E-03  8.756792E+01
    17.9000   -2.019549E-04  2.760512E-03  8.789137E+01
    17.9500    7.582853E-04  2.985728E-03  8.822138E+01
    18.0000    1.763782E-03  3.165761E-03  8.855554E+01
    18.0500    2.640371E-03  3.299527E-03  8.889227E+01
    18.1000    3.223662E-03  3.380389E-03  8.922969E+01
    18.1500    3.406042E-03  3.407719E-03  8.956677E+01
    18.2000    3.157165E-03  3.382660E-03  8.990259E+01
    18.2500    2.528359E-03  3.308066E-03  9.023623E+01
    18.3000    1.637800E-03  3.188408E-03  9.056673E+01
    18.3500    6.411091E-04  3.029630E-03  9.089296E+01
    18.4000   -3.043867E-04  2.838985E-03  9.121361E+01
    18.4500   -1.072398E-03  2.624833E-03  9.152706E+01
    18.5000   -1.589474E-03  2.396426E-03  9.183136E+01
    18.5500   -1.841463E-03  2.163668E-03  9.212423E+01
    18.6000   -1.864666E-03  1.936809E-03  9.240319E+01
    18.6500   -1.725916E-03  1.726020E-03  9.266602E+01
    18.7000   -1.498418E-03  1.540678E-03  9.291174E+01
    18.7500   -1.240729E-03  1.388222E-03  9.314213E+01
    18.8000   -9.845893E-04  1.272611E-03  9.336316E+01
    18.8500   -7.340987E-04  1.192994E-03  9.358496E+01
    18.9000   -4.750625E-04  1.143684E-03  9.381942E+01
    18.9500   -1.902104E-04  1.115979E-03  9.407650E+01
    19.0000    1.262986E-04  1.101629E-03  9.436268E+01
    19.0500    4.598579E-04  1.095317E-03  9.468105E+01
    19.1000    7.688559E-04  1.091729E-03  9.502915E+01
    19.1500    9.978330E-04  1.090056E-03  9.540427E+01
    19.2000    1.091534E-03  1.091677E-03  9.580238E+01
    19.2500    1.012414E-03  1.099001E-03  9.621819E+01
    19.3000    7.546361E-04  1.114197E-03  9.664530E+01
    19.3500    3.500199E-04  1.138122E-03  9.707676E+01
    19.4000   -1.361526E-04  1.169739E-03  9.750603E+01
    19.4500   -6.185448E-04  1.206183E-03  9.792783E+01
    19.5000   -1.010744E-03  1.243316E-03  9.833856E+01
    19.5500   -1.244614E-03  1.276506E-03  9.873617E+01
    19.6000   -1.284831E-03  1.301352E-03  9.911968E+01
    19.6500   -1.134912E-03  1.314234E-03  9.948869E+01
    19.7000   -8.335874E-04  1.312670E-03  9.984292E+01
    19.7500   -4.430544E-04  1.295522E-03  1.001819E+02
    19.8000   -3.281962E-05  1.263083E-03  1.005050E+02
    19.8500    3.362561E-04  1.217090E-03  1.008109E+02
    19.9000    6.235411E-04  1.160658E-03  1.010981E+02
    19.9500    8.133071E-04  1.098122E-03  1.013650E+02