# # tequil.ion_motion                                            FEFF 9.05   
# # POT  SCF  30  5.5000   1, core-hole, AFOLP (folp(0)= 1.150)
# # Abs   Z=30 Rmt= 1.252 Rnm= 1.387 K  shell
# # Pot 1 Z=26 Rmt= 1.285 Rnm= 1.378
# # Pot 2 Z= 8 Rmt= 0.948 Rnm= 1.074
# # Gam_ch=1.897E+00 H-L exch
# # Mu=-1.165E+01 kf=2.230E+00 Vint=-1.883E+01 Rs_int= 1.626
# # PATH  Rmax= 8.500,  Keep_limit= 0.00, Heap_limit 0.00  Pwcrit= 2.50%
#  S02=1.000                                        Global_sig2= 0.00000
#  Energy zero shift, vr, vi   -2.00000E+00   0.00000E+00
#  Curved wave amplitude ratio filter   4.000%
#     file         sig2 tot  cw amp ratio   deg  nlegs   reff  inp sig2
#           1       0.00000    100.00      1.00     2   1.8665
#           2       0.00000     92.88      1.00     2   1.9205
#           3       0.00000     87.82      1.00     2   1.9625
#           4       0.00000     63.90      1.00     2   2.2183
#           5       0.00000     47.99      1.00     2   2.4751
#           6       0.00000     43.21      1.00     2   2.5756
#           7       0.00000     30.54      1.00     2   2.8962
#           8       0.00000     29.24      1.00     2   2.9534
#           9       0.00000     27.01      1.00     2   3.0587
#          10       0.00000     25.90      1.00     2   3.1151
#          11       0.00000     24.06      1.00     2   3.2050
#          12       0.00000     24.23      1.00     2   3.2060
#          13       0.00000     23.78      1.00     2   3.2189
#          14       0.00000     22.80      1.00     2   3.2896
#          15       0.00000     22.11      1.00     2   3.3318
#          16       0.00000     15.55      2.00     3   3.3519
#          17       0.00000      7.95      2.00     3   3.3946
#          18       0.00000      8.20      2.00     3   3.4197
#          19       0.00000     19.84      1.00     2   3.4393
#          20       0.00000      9.03      2.00     3   3.4669
#          21       0.00000      8.97      2.00     3   3.5059
#          22       0.00000     18.59      1.00     2   3.5209
#          23       0.00000     10.95      2.00     3   3.5291
#          24       0.00000     17.58      2.00     3   3.5322
#          25       0.00000     12.46      2.00     3   3.5336
#          26       0.00000      8.06      2.00     3   3.5362
#          27       0.00000     18.29      1.00     2   3.5417
#          28       0.00000     10.41      2.00     3   3.5581
#          29       0.00000     17.88      1.00     2   3.5712
#          30       0.00000     16.51      2.00     3   3.5849
#          31       0.00000      6.51      2.00     3   3.6273
#          32       0.00000     17.88      1.00     2   3.6340
#          33       0.00000     17.49      1.00     2   3.6662
#          34       0.00000     14.65      2.00     3   3.6676
#          35       0.00000     16.97      1.00     2   3.7103
#          36       0.00000      8.08      2.00     3   3.7144
#          37       0.00000     16.84      1.00     2   3.7208
#          38       0.00000     11.67      1.00     4   3.7329
#          39       0.00000     15.70      1.00     2   3.7411
#          40       0.00000      6.66      2.00     3   3.7465
#          41       0.00000      6.35      1.00     4   3.7503
#          42       0.00000      5.19      1.00     4   3.7748
#          44       0.00000      6.89      2.00     3   3.7924
#          45       0.00000      4.72      1.00     4   3.8381
#          46       0.00000      9.99      1.00     4   3.8409
#          47       0.00000      6.16      2.00     3   3.8521
#          48       0.00000     15.38      1.00     2   3.8557
#          49       0.00000     15.02      2.00     3   3.8707
#          50       0.00000      8.61      2.00     4   3.8829
#          51       0.00000      8.70      2.00     3   3.9206
#          52       0.00000      8.89      1.00     4   3.9249
#          53       0.00000     10.24      2.00     3   3.9513
#          54       0.00000      4.44      1.00     4   3.9521
#          55       0.00000     19.39      2.00     3   3.9913
#          56       0.00000      4.39      1.00     4   3.9995
#          57       0.00000      6.60      1.00     4   4.0311
#          58       0.00000      8.90      2.00     3   4.0381
#          59       0.00000      4.55      1.00     4   4.0377
#          60       0.00000     12.12      2.00     3   4.0395
#          61       0.00000     12.50      1.00     2   4.0553
#          62       0.00000     13.45      1.00     2   4.0596
#          63       0.00000      9.91      2.00     3   4.0593
#          64       0.00000     14.36      2.00     4   4.0848
#          65       0.00000      8.22      2.00     3   4.1180
#          66       0.00000      7.28      2.00     3   4.1383
#          67       0.00000      7.13      2.00     3   4.1422
#          68       0.00000     11.72      1.00     2   4.1478
#          69       0.00000      9.45      2.00     3   4.1514
#          70       0.00000      7.38      2.00     3   4.1704
#          71       0.00000      6.78      2.00     3   4.2200
#          72       0.00000      4.82      1.00     4   4.2233
#          73       0.00000      6.50      2.00     3   4.2381
#          75       0.00000      9.81      2.00     3   4.2721
#          76       0.00000     10.62      1.00     2   4.2919
#          77       0.00000      6.09      2.00     3   4.3041
#          78       0.00000     13.30      2.00     3   4.3241
#          79       0.00000     10.16      1.00     2   4.3573
#          80       0.00000     10.04      1.00     2   4.3752
#          82       0.00000      9.80      1.00     2   4.4122
#          83       0.00000     14.04      2.00     3   4.4165
#          84       0.00000      9.76      1.00     2   4.4185
#          85       0.00000     16.10      2.00     3   4.4329
#          86       0.00000      4.65      1.00     4   4.4366
#          87       0.00000      8.77      2.00     4   4.4376
#          89       0.00000      4.83      2.00     3   4.4896
#          90       0.00000     10.18      2.00     4   4.4961
#          91       0.00000      6.72      2.00     3   4.5053
#          92       0.00000      9.19      1.00     2   4.5100
#          93       0.00000      9.16      1.00     2   4.5160
#          94       0.00000      9.08      1.00     2   4.5286
#          95       0.00000      7.49      2.00     3   4.5303
#          96       0.00000      9.02      1.00     2   4.5393
#          99       0.00000     12.44      2.00     3   4.5626
#         100       0.00000      8.85      1.00     2   4.5679
#         101       0.00000     22.25      2.00     3   4.5692
#         102       0.00000     14.04      2.00     3   4.5692
#         103       0.00000      8.67      1.00     4   4.5739
#         104       0.00000     18.52      2.00     3   4.5903
#         105       0.00000     14.60      1.00     4   4.5990
#         106       0.00000      8.63      1.00     2   4.6074
#         107       0.00000      8.53      1.00     2   4.6262
#         109       0.00000      8.47      1.00     2   4.6376
#         110       0.00000      8.40      1.00     2   4.6497
#         111       0.00000     16.17      2.00     3   4.6627
#         112       0.00000     11.17      1.00     4   4.6645
#         113       0.00000      8.36      2.00     3   4.6855
#         114       0.00000      8.21      1.00     2   4.6861
#         115       0.00000      8.25      2.00     3   4.7048
#         116       0.00000      6.90      2.00     3   4.7181
#         117       0.00000      7.35      1.00     4   4.7200
#         118       0.00000      6.28      2.00     3   4.7213
#         119       0.00000      5.03      2.00     3   4.7224
#         120       0.00000     15.13      2.00     3   4.7251
#         122       0.00000      7.96      1.00     2   4.7348
#         123       0.00000      6.07      1.00     4   4.7500
#         124       0.00000      9.33      1.00     4   4.7575
#         126       0.00000      5.70      2.00     4   4.7627
#         127       0.00000      4.24      2.00     3   4.7686
#         128       0.00000     12.98      2.00     3   4.7802
#         129       0.00000      5.65      2.00     3   4.7891
#         130       0.00000      8.38      2.00     3   4.7921
#         133       0.00000      8.55      1.00     4   4.8240
#         134       0.00000      6.45      2.00     3   4.8605
#         135       0.00000      4.09      2.00     4   4.8800
#         136       0.00000      8.12      1.00     2   4.8842
#         137       0.00000      8.10      1.00     2   4.8890
#         138       0.00000      7.18      1.00     2   4.9008
#         139       0.00000      5.64      2.00     3   4.9062
#         140       0.00000      6.99      1.00     4   4.9107
#         144       0.00000      7.29      2.00     3   4.9222
#         145       0.00000      4.38      2.00     3   4.9314
#         147       0.00000      6.33      2.00     3   4.9422
#         148       0.00000      8.11      2.00     3   4.9443
#         150       0.00000      7.82      1.00     2   4.9508
#         152       0.00000      6.58      2.00     4   4.9792
#         153       0.00000      6.81      1.00     2   4.9883
#         154       0.00000      9.20      2.00     3   4.9975
#         156       0.00000      7.82      2.00     3   5.0090
#         157       0.00000      7.02      2.00     3   5.0126
#         158       0.00000      8.51      2.00     3   5.0213
#         159       0.00000      7.71      2.00     3   5.0338
#         160       0.00000     10.95      2.00     3   5.0378
#         163       0.00000      6.51      2.00     4   5.0715
#         165       0.00000      6.43      1.00     2   5.0844
#         167       0.00000      4.52      2.00     3   5.1236
#         168       0.00000      5.49      1.00     4   5.1247
#         170       0.00000      4.09      1.00     4   5.1536
#         172       0.00000      4.56      2.00     3   5.1689
#         175       0.00000      5.96      1.00     2   5.2135
#         176       0.00000     14.32      2.00     3   5.2167
#         177       0.00000      5.61      2.00     3   5.2162
#         178       0.00000      8.73      1.00     4   5.2199
#         180       0.00000      6.66      1.00     2   5.2367
#         182       0.00000      6.63      1.00     2   5.2450
#         183       0.00000      5.84      1.00     2   5.2490
#         184       0.00000     14.29      2.00     3   5.2506
#         185       0.00000      8.83      1.00     4   5.2522
#         188       0.00000      5.75      1.00     2   5.2743
#         192       0.00000      6.43      1.00     2   5.3000
#         193       0.00000      5.31      2.00     3   5.3041
#         194       0.00000      6.40      1.00     2   5.3090
#         195       0.00000      6.32      1.00     2   5.3318
#         198       0.00000      7.45      2.00     3   5.3372
#         199       0.00000      5.11      2.00     3   5.3383
#         200       0.00000     11.05      2.00     2   5.3447
#         201       0.00000      7.24      2.00     3   5.3467
#         202       0.00000      5.50      1.00     2   5.3523
#         203       0.00000      5.49      1.00     2   5.3547
#         204       0.00000     12.25      2.00     3   5.3615
#         205       0.00000      9.65      2.00     3   5.3763
#         206       0.00000      7.06      1.00     4   5.3780
#         208       0.00000      7.22      2.00     3   5.3790
#         209       0.00000      4.36      2.00     3   5.3980
#         210       0.00000      5.31      1.00     2   5.4146
#         212       0.00000      5.87      2.00     3   5.4181
#         213       0.00000      6.00      1.00     2   5.4285
#         217       0.00000      5.09      2.00     4   5.4414
#         218       0.00000      5.22      1.00     2   5.4444
#         221       0.00000      4.88      1.00     4   5.4526
#         223       0.00000      5.18      2.00     3   5.4610
#         224       0.00000      5.60      2.00     3   5.4681
#         226       0.00000      5.08      1.00     2   5.4909
#         229       0.00000      4.44      2.00     3   5.5240
#         230       0.00000      6.55      2.00     3   5.5295
#         233       0.00000      5.16      2.00     3   5.5377
#         234       0.00000      4.63      2.00     3   5.5428
#         237       0.00000      5.56      1.00     2   5.5705
#         238       0.00000      4.85      1.00     2   5.5741
#         239       0.00000      4.49      2.00     3   5.5830
#         245       0.00000      4.57      2.00     3   5.6056
#         246       0.00000      4.11      2.00     3   5.6065
#         248       0.00000      4.98      2.00     3   5.6148
#         249       0.00000      5.40      2.00     3   5.6167
#         250       0.00000      4.90      2.00     3   5.6266
#         253       0.00000      4.27      2.00     3   5.6431
#         256       0.00000      5.31      1.00     2   5.6604
#         257       0.00000      4.26      2.00     3   5.6644
#         258       0.00000      6.82      2.00     3   5.6690
#         260       0.00000      5.22      2.00     3   5.6744
#         261       0.00000      4.10      2.00     3   5.6753
#         264       0.00000      4.55      1.00     2   5.6900
#         269       0.00000      5.36      2.00     3   5.7265
#         273       0.00000      5.91      2.00     3   5.7497
#         274       0.00000      5.05      1.00     2   5.7541
#         289       0.00000      4.54      2.00     3   5.8202
#         290       0.00000      4.88      1.00     2   5.8210
#         291       0.00000      7.17      2.00     3   5.8209
#         304       0.00000      4.01      1.00     2   5.9233
#         305       0.00000      4.63      1.00     2   5.9245
#         311       0.00000      4.59      1.00     2   5.9425
#         312       0.00000      4.58      1.00     2   5.9469
#   211/ 274 paths used
#  -----------------------------------------------------------------------
#       k          chi          mag           phase @#
    -0.7000   -5.380710E-01  5.416199E-01 -1.685335E+00
    -0.6500   -5.285153E-01  5.296081E-01 -1.635049E+00
    -0.6000   -5.204666E-01  5.205391E-01 -1.587496E+00
    -0.5500   -5.130342E-01  5.132616E-01 -1.541030E+00
    -0.5000   -5.063240E-01  5.076332E-01 -1.498963E+00
    -0.4500   -5.000594E-01  5.031415E-01 -1.460054E+00
    -0.4000   -4.943113E-01  4.995284E-01 -1.426143E+00
    -0.3500   -4.891279E-01  4.968641E-01 -1.394101E+00
    -0.3000   -4.844632E-01  4.947074E-01 -1.366936E+00
    -0.2500   -4.803799E-01  4.929663E-01 -1.344339E+00
    -0.2000   -4.769420E-01  4.915867E-01 -1.326093E+00
    -0.1500   -4.743281E-01  4.907719E-01 -1.311201E+00
    -0.1000   -4.724579E-01  4.902737E-01 -1.300387E+00
    -0.0500   -4.713197E-01  4.899807E-01 -1.293924E+00
     0.0000   -4.709377E-01  4.898839E-01 -1.291773E+00
     0.0500   -4.705542E-01  4.897876E-01 -1.289625E+00
     0.1000   -4.693956E-01  4.895012E-01 -1.283193E+00
     0.1500   -4.674372E-01  4.890319E-01 -1.272511E+00
     0.2000   -4.646368E-01  4.883895E-01 -1.257638E+00
     0.2500   -4.609350E-01  4.875847E-01 -1.238646E+00
     0.3000   -4.562541E-01  4.866260E-01 -1.215625E+00
     0.3500   -4.505884E-01  4.857037E-01 -1.188210E+00
     0.4000   -4.440457E-01  4.853943E-01 -1.155048E+00
     0.4500   -4.361310E-01  4.850675E-01 -1.117741E+00
     0.5000   -4.266535E-01  4.847011E-01 -1.076369E+00
     0.5500   -4.155974E-01  4.847511E-01 -1.030084E+00
     0.6000   -4.028052E-01  4.858020E-01 -9.775947E-01
     0.6500   -3.875103E-01  4.867913E-01 -9.207407E-01
     0.7000   -3.694528E-01  4.880170E-01 -8.587845E-01
     0.7500   -3.481468E-01  4.904436E-01 -7.893008E-01
     0.8000   -3.229402E-01  4.925332E-01 -7.150723E-01
     0.8500   -2.933779E-01  4.950072E-01 -6.343747E-01
     0.9000   -2.587447E-01  4.978876E-01 -5.464823E-01
     0.9500   -2.191118E-01  4.998811E-01 -4.537374E-01
     1.0000   -1.733409E-01  5.022801E-01 -3.523539E-01
     1.0500   -1.224378E-01  5.035113E-01 -2.456306E-01
     1.1000   -6.664628E-02  5.037739E-01 -1.326830E-01
     1.1500   -6.491072E-03  5.030386E-01 -1.290408E-02
     1.2000    5.535326E-02  5.002909E-01  1.108691E-01
     1.2500    1.190116E-01  4.964428E-01  2.420864E-01
     1.3000    1.801211E-01  4.902012E-01  3.762583E-01
     1.3500    2.377993E-01  4.822158E-01  5.156941E-01
     1.4000    2.886550E-01  4.719977E-01  6.580309E-01
     1.4500    3.308621E-01  4.597471E-01  8.033139E-01
     1.5000    3.627342E-01  4.455841E-01  9.511166E-01
     1.5500    3.827469E-01  4.295406E-01  1.099678E+00
     1.6000    3.910535E-01  4.120729E-01  1.250020E+00
     1.6500    3.874645E-01  3.932420E-01  1.399168E+00
     1.7000    3.735484E-01  3.736340E-01  1.549397E+00
     1.7500    3.505862E-01  3.534060E-01  1.697206E+00
     1.8000    3.206387E-01  3.330379E-01  1.844525E+00
     1.8500    2.858312E-01  3.128185E-01  1.989225E+00
     1.9000    2.477458E-01  2.929638E-01  2.133804E+00
     1.9500    2.083223E-01  2.737303E-01  2.276663E+00
     2.0000    1.690974E-01  2.552710E-01  2.417544E+00
     2.0500    1.310032E-01  2.375605E-01  2.557489E+00
     2.1000    9.452690E-02  2.201944E-01  2.697888E+00
     2.1500    6.052819E-02  2.030611E-01  2.838913E+00
     2.2000    2.988959E-02  1.862172E-01  2.980386E+00
     2.2500    3.313202E-03  1.693511E-01  3.122027E+00
     2.3000   -1.813025E-02  1.519018E-01  3.261233E+00
     2.3500   -3.301221E-02  1.330268E-01  3.392375E+00
     2.4000   -4.128339E-02  1.138434E-01  3.512685E+00
     2.4500   -4.285836E-02  9.482003E-02  3.610595E+00
     2.5000   -3.849780E-02  7.704351E-02  3.664832E+00
     2.5500   -3.017249E-02  6.572942E-02  3.618508E+00
     2.6000   -2.167147E-02  6.017683E-02  3.510000E+00
     2.6500   -1.550531E-02  6.113718E-02  3.398008E+00
     2.7000   -1.356820E-02  6.699938E-02  3.345515E+00
     2.7500   -1.716224E-02  7.234305E-02  3.381110E+00
     2.8000   -2.390493E-02  7.811607E-02  3.452600E+00
     2.8500   -3.340000E-02  8.399788E-02  3.550524E+00
     2.9000   -4.505998E-02  8.958744E-02  3.668627E+00
     2.9500   -5.798426E-02  9.463670E-02  3.801070E+00
     3.0000   -7.124317E-02  9.903535E-02  3.944489E+00
     3.0500   -8.378701E-02  1.026541E-01  4.096408E+00
     3.1000   -9.456166E-02  1.054021E-01  4.254871E+00
     3.1500   -1.026746E-01  1.073434E-01  4.416370E+00
     3.2000   -1.076748E-01  1.085912E-01  4.582378E+00
     3.2500   -1.088134E-01  1.089043E-01  4.753246E+00
     3.3000   -1.056406E-01  1.080997E-01  4.926098E+00
     3.3500   -9.875500E-02  1.065714E-01  5.097769E+00
     3.4000   -8.873251E-02  1.045108E-01  5.269044E+00
     3.4500   -7.603624E-02  1.017723E-01  5.439465E+00
     3.5000   -6.150431E-02  9.843587E-02  5.608289E+00
     3.5500   -4.613421E-02  9.459729E-02  5.773743E+00
     3.6000   -3.090462E-02  9.039848E-02  5.934278E+00
     3.6500   -1.650128E-02  8.597028E-02  6.090045E+00
     3.7000   -3.484207E-03  8.143804E-02  6.240389E+00
     3.7500    7.728888E-03  7.702595E-02  6.383696E+00
     3.8000    1.702029E-02  7.294746E-02  6.518678E+00
     3.8500    2.461047E-02  6.917374E-02  6.646931E+00
     3.9000    3.072809E-02  6.580085E-02  6.769065E+00
     3.9500    3.567435E-02  6.297495E-02  6.885419E+00
     4.0000    3.984115E-02  6.083886E-02  6.997187E+00
     4.0500    4.352692E-02  5.921236E-02  7.108997E+00
     4.1000    4.687227E-02  5.802414E-02  7.223606E+00
     4.1500    4.994357E-02  5.725777E-02  7.342987E+00
     4.2000    5.279396E-02  5.696566E-02  7.468901E+00
     4.2500    5.493364E-02  5.669901E-02  7.603786E+00
     4.3000    5.596267E-02  5.628286E-02  7.747265E+00
     4.3500    5.559797E-02  5.565262E-02  7.898305E+00
     4.4000    5.378134E-02  5.490101E-02  8.056289E+00
     4.4500    5.008138E-02  5.361279E-02  8.218960E+00
     4.5000    4.464816E-02  5.173251E-02  8.383485E+00
     4.5500    3.794071E-02  4.929353E-02  8.546423E+00
     4.6000    3.071025E-02  4.651036E-02  8.703575E+00
     4.6500    2.352312E-02  4.326595E-02  8.849955E+00
     4.7000    1.715845E-02  3.974155E-02  8.978345E+00
     4.7500    1.226279E-02  3.626902E-02  9.079874E+00
     4.8000    9.149146E-03  3.350593E-02  9.148205E+00
     4.8500    7.594700E-03  3.173422E-02  9.183110E+00
     4.9000    7.057030E-03  3.143585E-02  9.198358E+00
     4.9500    6.646243E-03  3.282379E-02  9.220886E+00
     5.0000    5.208257E-03  3.584377E-02  9.278957E+00
     5.0500    1.800836E-03  3.985887E-02  9.379582E+00
     5.1000   -4.208448E-03  4.434717E-02  9.519819E+00
     5.1500   -1.291113E-02  4.886219E-02  9.692189E+00
     5.2000   -2.393918E-02  5.319633E-02  9.891561E+00
     5.2500   -3.599219E-02  5.692203E-02  1.010931E+01
     5.3000   -4.745424E-02  5.982468E-02  1.034086E+01
     5.3500   -5.656213E-02  6.174773E-02  1.058282E+01
     5.4000   -6.189372E-02  6.270790E-02  1.083426E+01
     5.4500   -6.224711E-02  6.253257E-02  1.109116E+01
     5.5000   -5.736723E-02  6.120929E-02  1.135177E+01
     5.5500   -4.787172E-02  5.877362E-02  1.161449E+01
     5.6000   -3.513090E-02  5.536142E-02  1.187891E+01
     5.6500   -2.102938E-02  5.102718E-02  1.214159E+01
     5.7000   -7.608509E-03  4.591978E-02  1.239991E+01
     5.7500    3.371531E-03  4.022523E-02  1.265029E+01
     5.8000    1.077155E-02  3.419390E-02  1.288684E+01
     5.8500    1.424216E-02  2.804646E-02  1.309901E+01
     5.9000    1.427203E-02  2.210023E-02  1.326842E+01
     5.9500    1.199057E-02  1.680136E-02  1.336109E+01
     6.0000    8.859094E-03  1.292788E-02  1.332135E+01
     6.0500    6.313960E-03  1.138326E-02  1.315434E+01
     6.1000    5.360130E-03  1.226440E-02  1.301868E+01
     6.1500    6.375368E-03  1.438542E-02  1.302552E+01
     6.2000    9.075225E-03  1.661606E-02  1.314416E+01
     6.2500    1.265450E-02  1.837326E-02  1.332613E+01
     6.3000    1.605977E-02  1.939858E-02  1.354170E+01
     6.3500    1.831373E-02  1.959383E-02  1.377369E+01
     6.4000    1.880106E-02  1.895275E-02  1.401056E+01
     6.4500    1.743905E-02  1.753517E-02  1.424192E+01
     6.5000    1.477751E-02  1.556072E-02  1.445579E+01
     6.5500    1.159467E-02  1.314967E-02  1.462841E+01
     6.6000    8.874810E-03  1.062520E-02  1.471936E+01
     6.6500    7.455688E-03  8.637609E-03  1.466646E+01
     6.7000    7.749323E-03  8.206075E-03  1.447238E+01
     6.7500    9.606948E-03  9.791975E-03  1.433187E+01
     6.8000    1.234160E-02  1.265044E-02  1.435859E+01
     6.8500    1.490109E-02  1.596361E-02  1.450407E+01
     6.9000    1.614372E-02  1.927388E-02  1.471510E+01
     6.9500    1.514241E-02  2.233102E-02  1.496280E+01
     7.0000    1.138885E-02  2.501906E-02  1.523536E+01
     7.0500    5.042015E-03  2.722606E-02  1.552170E+01
     7.1000   -3.126719E-03  2.888535E-02  1.581642E+01
     7.1500   -1.191985E-02  2.997204E-02  1.611697E+01
     7.2000   -1.996060E-02  3.048845E-02  1.642174E+01
     7.2500   -2.598392E-02  3.046087E-02  1.672972E+01
     7.3000   -2.908914E-02  2.993625E-02  1.704030E+01
     7.3500   -2.889827E-02  2.897849E-02  1.735318E+01
     7.4000   -2.559147E-02  2.766446E-02  1.766834E+01
     7.4500   -1.982417E-02  2.607990E-02  1.798604E+01
     7.5000   -1.257700E-02  2.432899E-02  1.830627E+01
     7.5500   -4.897463E-03  2.247417E-02  1.862988E+01
     7.6000    2.237683E-03  2.059212E-02  1.895844E+01
     7.6500    8.064587E-03  1.876468E-02  1.929380E+01
     7.7000    1.210780E-02  1.706796E-02  1.963819E+01
     7.7500    1.417649E-02  1.557131E-02  1.999386E+01
     7.8000    1.431220E-02  1.433621E-02  2.036246E+01
     7.8500    1.271758E-02  1.341375E-02  2.074394E+01
     7.9000    9.693057E-03  1.283950E-02  2.113559E+01
     7.9500    5.597534E-03  1.262639E-02  2.153185E+01
     8.0000    8.110413E-04  1.273262E-02  2.192741E+01
     8.0500   -4.195914E-03  1.313722E-02  2.231624E+01
     8.1000   -8.911129E-03  1.379929E-02  2.269318E+01
     8.1500   -1.281756E-02  1.465061E-02  2.305634E+01
     8.2000   -1.542926E-02  1.561904E-02  2.340590E+01
     8.2500   -1.636212E-02  1.663431E-02  2.374310E+01
     8.3000   -1.540930E-02  1.763156E-02  2.406945E+01
     8.3500   -1.259871E-02  1.855356E-02  2.438628E+01
     8.4000   -8.211347E-03  1.935252E-02  2.469455E+01
     8.4500   -2.749246E-03  1.999184E-02  2.499479E+01
     8.5000    3.145287E-03  2.044426E-02  2.528720E+01
     8.5500    8.801577E-03  2.071363E-02  2.557161E+01
     8.6000    1.364124E-02  2.080956E-02  2.584762E+01
     8.6500    1.725719E-02  2.075068E-02  2.611480E+01
     8.7000    1.945377E-02  2.056846E-02  2.637281E+01
     8.7500    2.023632E-02  2.030448E-02  2.662158E+01
     8.8000    1.975678E-02  2.000605E-02  2.686156E+01
     8.8500    1.823587E-02  1.971987E-02  2.709397E+01
     8.9000    1.588863E-02  1.948460E-02  2.732084E+01
     8.9500    1.287708E-02  1.932344E-02  2.754497E+01
     9.0000    9.303078E-03  1.926019E-02  2.777023E+01
     9.0500    5.224735E-03  1.926622E-02  2.799971E+01
     9.1000    7.507507E-04  1.928649E-02  2.823540E+01
     9.1500   -3.913966E-03  1.926999E-02  2.847887E+01
     9.2000   -8.446531E-03  1.916155E-02  2.873083E+01
     9.2500   -1.242447E-02  1.890868E-02  2.899127E+01
     9.3000   -1.539115E-02  1.846684E-02  2.925965E+01
     9.3500   -1.695428E-02  1.780298E-02  2.953511E+01
     9.4000   -1.689057E-02  1.689746E-02  2.981657E+01
     9.4500   -1.522485E-02  1.574468E-02  3.010281E+01
     9.5000   -1.227447E-02  1.437322E-02  3.039234E+01
     9.5500   -8.563957E-03  1.280052E-02  3.068302E+01
     9.6000   -4.739650E-03  1.104241E-02  3.097229E+01
     9.6500   -1.455029E-03  9.141221E-03  3.125607E+01
     9.7000    7.887657E-04  7.148949E-03  3.152648E+01
     9.7500    1.752865E-03  5.130007E-03  3.176464E+01
     9.8000    1.507341E-03  3.181709E-03  3.190947E+01
     9.8500    4.018432E-04  1.602844E-03  3.166934E+01
     9.9000   -1.032227E-03  1.686489E-03  3.075727E+01
     9.9500   -2.222101E-03  3.070429E-03  3.060676E+01
    10.0000   -2.688661E-03  4.509160E-03  3.077708E+01
    10.0500   -2.178409E-03  5.780103E-03  3.102950E+01
    10.1000   -7.191963E-04  6.821326E-03  3.131030E+01
    10.1500    1.417081E-03  7.604606E-03  3.160337E+01
    10.2000    3.788814E-03  8.117704E-03  3.190152E+01
    10.2500    5.907551E-03  8.360721E-03  3.220059E+01
    10.3000    7.365645E-03  8.344846E-03  3.249741E+01
    10.3500    7.933980E-03  8.091664E-03  3.278898E+01
    10.4000    7.605054E-03  7.632638E-03  3.307177E+01
    10.4500    6.573263E-03  7.008858E-03  3.334113E+01
    10.5000    5.162282E-03  6.271351E-03  3.359058E+01
    10.5500    3.723782E-03  5.482435E-03  3.381082E+01
    10.6000    2.538383E-03  4.718326E-03  3.398948E+01
    10.6500    1.747073E-03  4.070773E-03  3.411394E+01
    10.7000    1.330619E-03  3.637098E-03  3.418298E+01
    10.7500    1.139227E-03  3.480400E-03  3.422405E+01
    10.8000    9.596576E-04  3.577876E-03  3.428597E+01
    10.8500    5.965617E-04  3.829698E-03  3.440111E+01
    10.9000   -5.804756E-05  4.123192E-03  3.457160E+01
    10.9500   -9.881323E-04  4.373759E-03  3.478541E+01
    11.0000   -2.073519E-03  4.548329E-03  3.503089E+01
    11.0500   -3.116846E-03  4.619764E-03  3.529805E+01
    11.1000   -3.881243E-03  4.553851E-03  3.557788E+01
    11.1500   -4.199596E-03  4.350001E-03  3.586458E+01
    11.2000   -4.016264E-03  4.017491E-03  3.615303E+01
    11.2500   -3.403974E-03  3.573597E-03  3.643766E+01
    11.3000   -2.540938E-03  3.042513E-03  3.671072E+01
    11.3500   -1.656322E-03  2.455433E-03  3.695875E+01
    11.4000   -9.617779E-04  1.853789E-03  3.715364E+01
    11.4500   -5.905427E-04  1.303253E-03  3.722884E+01
    11.5000   -5.626533E-04  9.386247E-04  3.705631E+01
    11.5500   -7.862018E-04  9.486727E-04  3.672226E+01
    11.6000   -1.093144E-03  1.244309E-03  3.662637E+01
    11.6500   -1.297536E-03  1.594204E-03  3.674826E+01
    11.7000   -1.257452E-03  1.890076E-03  3.697123E+01
    11.7500   -9.211994E-04  2.089484E-03  3.724254E+01
    11.8000   -3.437424E-04  2.173709E-03  3.754031E+01
    11.8500    3.312560E-04  2.135543E-03  3.785486E+01
    11.9000    9.176858E-04  1.975415E-03  3.818224E+01
    11.9500    1.246914E-03  1.699809E-03  3.852266E+01
    12.0000    1.224665E-03  1.323130E-03  3.888168E+01
    12.0500    8.626482E-04  8.627615E-04  3.928612E+01
    12.1000    2.744015E-04  3.528041E-04  3.994959E+01
    12.1500   -3.468616E-04  3.483625E-04  4.231864E+01
    12.2000   -7.818692E-04  9.461068E-04  4.300960E+01
    12.2500   -8.460500E-04  1.585099E-03  4.341927E+01
    12.3000   -4.416188E-04  2.222225E-03  4.378224E+01
    12.3500    4.132455E-04  2.835626E-03  4.412855E+01
    12.4000    1.585534E-03  3.407486E-03  4.446628E+01
    12.4500    2.857664E-03  3.923059E-03  4.479832E+01
    12.5000    3.977885E-03  4.370802E-03  4.512583E+01
    12.5500    4.717032E-03  4.742575E-03  4.544926E+01
    12.6000    4.917167E-03  5.033728E-03  4.576871E+01
    12.6500    4.520934E-03  5.243029E-03  4.608414E+01
    12.7000    3.576518E-03  5.372425E-03  4.639543E+01
    12.7500    2.219850E-03  5.426641E-03  4.670246E+01
    12.8000    6.412012E-04  5.412619E-03  4.700515E+01
    12.8500   -9.538541E-04  5.338842E-03  4.730352E+01
    12.9000   -2.379495E-03  5.214561E-03  4.759774E+01
    12.9500   -3.494030E-03  5.048997E-03  4.788818E+01
    13.0000   -4.221030E-03  4.859589E-03  4.817626E+01
    13.0500   -4.532542E-03  4.656629E-03  4.846331E+01
    13.1000   -4.424620E-03  4.431192E-03  4.874916E+01
    13.1500   -3.946112E-03  4.186028E-03  4.903489E+01
    13.2000   -3.176187E-03  3.922115E-03  4.932165E+01
    13.2500   -2.216856E-03  3.639098E-03  4.961046E+01
    13.3000   -1.185451E-03  3.335913E-03  4.990218E+01
    13.3500   -2.048889E-04  3.011484E-03  5.019739E+01
    13.4000    6.098190E-04  2.665387E-03  5.049632E+01
    13.4500    1.168322E-03  2.298380E-03  5.079872E+01
    13.5000    1.421983E-03  1.912749E-03  5.110366E+01
    13.5500    1.376395E-03  1.512477E-03  5.140883E+01
    13.6000    1.094288E-03  1.103296E-03  5.170841E+01
    13.6500    6.855210E-04  6.929809E-04  5.198314E+01
    13.7000    2.843129E-04  2.955945E-04  5.211345E+01
    13.7500    1.792349E-05  1.552472E-04  5.038119E+01
    13.8000   -2.562399E-05  4.998353E-04  5.021420E+01
    13.8500    1.781493E-04  8.374208E-04  5.047986E+01
    13.9000    5.814364E-04  1.139634E-03  5.080089E+01
    13.9500    1.074691E-03  1.398193E-03  5.114218E+01
    14.0000    1.516637E-03  1.609342E-03  5.149520E+01
    14.0500    1.770598E-03  1.770954E-03  5.185632E+01
    14.1000    1.738874E-03  1.877866E-03  5.222344E+01
    14.1500    1.398712E-03  1.929371E-03  5.259610E+01
    14.2000    8.081327E-04  1.926520E-03  5.297420E+01
    14.2500    9.199362E-05  1.872022E-03  5.335791E+01
    14.3000   -5.912356E-04  1.770059E-03  5.374764E+01
    14.3500   -1.092832E-03  1.626024E-03  5.414410E+01
    14.4000   -1.314932E-03  1.446220E-03  5.454848E+01
    14.4500   -1.237379E-03  1.237519E-03  5.496284E+01
    14.5000   -9.222528E-04  1.007039E-03  5.539116E+01
    14.5500   -4.944467E-04  7.619653E-04  5.584252E+01
    14.6000   -1.037190E-04  5.100558E-04  5.634389E+01
    14.6500    1.208128E-04  2.651957E-04  5.702167E+01
    14.7000    1.103593E-04  1.361773E-04  5.874541E+01
    14.7500   -1.215185E-04  3.242387E-04  6.007442E+01
    14.8000   -4.813687E-04  5.715912E-04  6.069153E+01
    14.8500   -8.225189E-04  8.242073E-04  6.119704E+01
    14.9000   -9.886157E-04  1.077244E-03  6.166953E+01
    14.9500   -8.617003E-04  1.330374E-03  6.212727E+01
    15.0000   -3.999109E-04  1.583704E-03  6.257657E+01
    15.0500    3.446398E-04  1.837152E-03  6.302057E+01
    15.1000    1.226004E-03  2.090922E-03  6.345839E+01
    15.1500    2.042047E-03  2.343759E-03  6.388964E+01
    15.2000    2.583037E-03  2.593257E-03  6.431384E+01
    15.2500    2.684786E-03  2.835973E-03  6.473065E+01
    15.3000    2.271231E-03  3.067691E-03  6.513982E+01
    15.3500    1.375442E-03  3.283768E-03  6.554126E+01
    15.4000    1.340762E-04  3.479526E-03  6.593490E+01
    15.4500   -1.242601E-03  3.650643E-03  6.632077E+01
    15.5000   -2.516731E-03  3.793503E-03  6.669884E+01
    15.5500   -3.472905E-03  3.905504E-03  6.706911E+01
    15.6000   -3.959990E-03  3.985280E-03  6.743152E+01
    15.6500   -3.915583E-03  4.032857E-03  6.778599E+01
    15.7000   -3.369176E-03  4.049698E-03  6.813241E+01
    15.7500   -2.425929E-03  4.038666E-03  6.847069E+01
    15.8000   -1.237557E-03  4.003859E-03  6.880080E+01
    15.8500    3.079008E-05  3.950349E-03  6.912283E+01
    15.9000    1.229235E-03  3.883791E-03  6.943708E+01
    15.9500    2.241761E-03  3.809943E-03  6.974411E+01
    16.0000    2.994949E-03  3.736766E-03  7.004481E+01
    16.0500    3.453805E-03  3.670725E-03  7.034033E+01
    16.1000    3.603881E-03  3.609060E-03  7.063226E+01
    16.1500    3.454224E-03  3.553085E-03  7.092228E+01
    16.2000    3.028425E-03  3.502367E-03  7.121212E+01
    16.2500    2.363404E-03  3.454936E-03  7.150331E+01
    16.3000    1.511491E-03  3.407728E-03  7.179708E+01
    16.3500    5.427610E-04  3.357152E-03  7.209425E+01
    16.4000   -4.557815E-04  3.299666E-03  7.239520E+01
    16.4500   -1.386448E-03  3.232282E-03  7.269995E+01
    16.5000   -2.152626E-03  3.152930E-03  7.300813E+01
    16.5500   -2.673766E-03  3.060683E-03  7.331915E+01
    16.6000   -2.899680E-03  2.955847E-03  7.363217E+01
    16.6500   -2.819913E-03  2.839927E-03  7.394622E+01
    16.7000   -2.465186E-03  2.715528E-03  7.426019E+01
    16.7500   -1.900177E-03  2.586177E-03  7.457293E+01
    16.8000   -1.209526E-03  2.456114E-03  7.488332E+01
    16.8500   -4.809579E-04  2.330037E-03  7.519031E+01
    16.9000    2.098319E-04  2.212813E-03  7.549319E+01
    16.9500    8.086481E-04  2.109139E-03  7.579170E+01
    17.0000    1.283780E-03  2.022937E-03  7.608573E+01
    17.0500    1.623218E-03  1.958023E-03  7.637556E+01
    17.1000    1.829246E-03  1.917527E-03  7.666440E+01
    17.1500    1.901777E-03  1.901963E-03  7.695505E+01
    17.2000    1.834935E-03  1.910019E-03  7.725034E+01
    17.2500    1.617905E-03  1.938747E-03  7.755257E+01
    17.3000    1.242374E-03  1.983966E-03  7.786314E+01
    17.3500    7.138556E-04  2.040727E-03  7.818245E+01
    17.4000    6.246572E-05  2.103711E-03  7.851012E+01
    17.4500   -6.516571E-04  2.167526E-03  7.884519E+01
    17.5000   -1.341672E-03  2.226900E-03  7.918643E+01
    17.5500   -1.906860E-03  2.276815E-03  7.953253E+01
    17.6000   -2.252574E-03  2.312626E-03  7.988223E+01
    17.6500   -2.312349E-03  2.330166E-03  8.023435E+01
    17.7000   -2.065991E-03  2.325869E-03  8.058785E+01
    17.7500   -1.548137E-03  2.296884E-03  8.094178E+01
    17.8000   -8.441190E-04  2.241188E-03  8.129524E+01
    17.8500   -7.340251E-05  2.157675E-03  8.164738E+01
    17.9000    6.356335E-04  2.046232E-03  8.199727E+01
    17.9500    1.173322E-03  1.907770E-03  8.234382E+01
    18.0000    1.471933E-03  1.744368E-03  8.268577E+01
    18.0500    1.516981E-03  1.558300E-03  8.302141E+01
    18.1000    1.346567E-03  1.352661E-03  8.334717E+01
    18.1500    1.040864E-03  1.132475E-03  8.365720E+01
    18.2000    6.986973E-04  9.043110E-04  8.394003E+01
    18.2500    4.116621E-04  6.776188E-04  8.417008E+01
    18.3000    2.418538E-04  4.697778E-04  8.428220E+01
    18.3500    2.088302E-04  3.250034E-04  8.412518E+01
    18.4000    2.886958E-04  3.264258E-04  8.373776E+01
    18.4500    4.247586E-04  4.544949E-04  8.361595E+01
    18.5000    5.461001E-04  6.176416E-04  8.373829E+01
    18.5500    5.884798E-04  7.763693E-04  8.396278E+01
    18.6000    5.117443E-04  9.168865E-04  8.423087E+01
    18.6500    3.093095E-04  1.033248E-03  8.451898E+01
    18.7000    7.824717E-06  1.122746E-03  8.481603E+01
    18.7500   -3.419889E-04  1.184596E-03  8.511587E+01
    18.8000   -6.799694E-04  1.219482E-03  8.541448E+01
    18.8500   -9.520494E-04  1.229350E-03  8.570882E+01
    18.9000   -1.122343E-03  1.217276E-03  8.599625E+01
    18.9500   -1.178873E-03  1.187343E-03  8.627428E+01
    19.0000   -1.133646E-03  1.146015E-03  8.654085E+01
    19.0500   -1.013668E-03  1.101170E-03  8.679514E+01
    19.1000   -8.444636E-04  1.054356E-03  8.703575E+01
    19.1500   -6.526767E-04  1.010990E-03  8.726281E+01
    19.2000   -4.560484E-04  9.758008E-04  8.747829E+01
    19.2500   -2.615948E-04  9.521225E-04  8.768627E+01
    19.3000   -6.793227E-05  9.413260E-04  8.789236E+01
    19.3500    1.296281E-04  9.426598E-04  8.810254E+01
    19.4000    3.333075E-04  9.536428E-04  8.832164E+01
    19.4500    5.384817E-04  9.708358E-04  8.855255E+01
    19.5000    7.321042E-04  9.906551E-04  8.879619E+01
    19.5500    8.943032E-04  1.009971E-03  8.905211E+01
    19.6000    1.002493E-03  1.026424E-03  8.931903E+01
    19.6500    1.036636E-03  1.038508E-03  8.959545E+01
    19.7000    9.840917E-04  1.045520E-03  8.987989E+01
    19.7500    8.428105E-04  1.047422E-03  9.017110E+01
    19.8000    6.222517E-04  1.044686E-03  9.046813E+01
    19.8500    3.421302E-04  1.038125E-03  9.077034E+01
    19.9000    2.962455E-05  1.028736E-03  9.107739E+01
    19.9500   -2.841129E-04  1.017564E-03  9.138916E+01