# # tequil.ion_motion                                            FEFF 9.05   
# # POT  SCF  30  5.5000   1, core-hole, AFOLP (folp(0)= 1.150)
# # Abs   Z=30 Rmt= 1.324 Rnm= 1.417 K  shell
# # Pot 1 Z=26 Rmt= 1.292 Rnm= 1.393
# # Pot 2 Z= 8 Rmt= 0.963 Rnm= 1.084
# # Gam_ch=1.897E+00 H-L exch
# # Mu=-1.147E+01 kf=2.189E+00 Vint=-1.809E+01 Rs_int= 1.657
# # PATH  Rmax= 8.500,  Keep_limit= 0.00, Heap_limit 0.00  Pwcrit= 2.50%
#  S02=1.000                                        Global_sig2= 0.00000
#  Energy zero shift, vr, vi   -2.00000E+00   0.00000E+00
#  Curved wave amplitude ratio filter   4.000%
#     file         sig2 tot  cw amp ratio   deg  nlegs   reff  inp sig2
#           1       0.00000    100.00      1.00     2   1.9300
#           2       0.00000     92.32      1.00     2   1.9896
#           3       0.00000     76.75      1.00     2   2.1342
#           4       0.00000     75.68      1.00     2   2.1457
#           5       0.00000     62.59      1.00     2   2.3059
#           6       0.00000     56.31      1.00     2   2.3998
#           7       0.00000     33.29      1.00     2   2.8472
#           8       0.00000     32.53      1.00     2   2.8759
#           9       0.00000     31.09      1.00     2   2.9333
#          10       0.00000     30.93      1.00     2   2.9401
#          11       0.00000     22.91      1.00     2   3.3413
#          12       0.00000     22.87      1.00     2   3.3498
#          13       0.00000     12.96      2.00     3   3.3505
#          14       0.00000     22.26      1.00     2   3.3815
#          15       0.00000     21.68      1.00     2   3.4152
#          16       0.00000     21.40      1.00     2   3.4373
#          17       0.00000     20.42      1.00     2   3.4892
#          18       0.00000      8.87      2.00     3   3.4954
#          19       0.00000      9.02      2.00     3   3.5071
#          20       0.00000      9.79      2.00     3   3.5138
#          21       0.00000      7.51      2.00     3   3.5220
#          22       0.00000      8.54      2.00     3   3.5486
#          23       0.00000     19.36      1.00     2   3.5566
#          24       0.00000      7.47      2.00     3   3.5575
#          25       0.00000      9.45      2.00     3   3.5740
#          26       0.00000      7.78      2.00     3   3.5779
#          27       0.00000      8.11      2.00     3   3.5802
#          28       0.00000     10.87      2.00     3   3.5834
#          29       0.00000     18.07      2.00     3   3.6069
#          30       0.00000     18.55      1.00     2   3.6118
#          31       0.00000      8.13      2.00     3   3.6250
#          32       0.00000      7.51      2.00     3   3.6512
#          33       0.00000     15.13      2.00     3   3.6543
#          34       0.00000     17.84      1.00     2   3.6621
#          35       0.00000      8.22      2.00     3   3.6721
#          36       0.00000     18.18      1.00     2   3.6754
#          37       0.00000      6.76      2.00     3   3.6791
#          38       0.00000     17.86      1.00     2   3.7021
#          39       0.00000      6.43      2.00     3   3.7066
#          40       0.00000      6.06      2.00     3   3.7181
#          41       0.00000      6.44      2.00     3   3.7238
#          42       0.00000      7.92      2.00     3   3.7567
#          43       0.00000     13.19      2.00     3   3.7733
#          44       0.00000     16.84      1.00     2   3.7910
#          45       0.00000     16.72      1.00     2   3.8014
#          46       0.00000      5.46      1.00     4   3.8322
#          47       0.00000     15.56      1.00     2   3.8432
#          48       0.00000      6.98      1.00     4   3.8539
#          49       0.00000     11.70      1.00     4   3.8599
#          50       0.00000     15.98      1.00     2   3.8713
#          51       0.00000     14.31      2.00     3   3.8957
#          52       0.00000     14.86      1.00     2   3.9057
#          53       0.00000     15.55      1.00     2   3.9133
#          55       0.00000     12.49      2.00     3   3.9557
#          56       0.00000      4.21      1.00     4   3.9674
#          57       0.00000     13.84      2.00     3   3.9723
#          58       0.00000      9.88      1.00     4   3.9791
#          59       0.00000      9.68      2.00     3   3.9971
#          60       0.00000     13.89      1.00     2   3.9993
#          61       0.00000     24.49      2.00     3   4.0301
#          62       0.00000      8.63      2.00     3   4.0349
#          63       0.00000     25.14      2.00     4   4.0757
#          64       0.00000      5.06      1.00     4   4.0875
#          65       0.00000      5.67      1.00     4   4.0893
#          66       0.00000     11.80      2.00     3   4.0972
#          68       0.00000     11.75      2.00     3   4.1138
#          69       0.00000      8.32      2.00     3   4.1232
#          70       0.00000      7.37      2.00     3   4.1468
#          71       0.00000      5.50      1.00     4   4.1536
#          72       0.00000     12.33      1.00     2   4.1678
#          73       0.00000     12.20      1.00     2   4.1836
#          74       0.00000      7.50      2.00     3   4.2194
#          75       0.00000      7.33      2.00     3   4.2253
#          77       0.00000      7.48      2.00     3   4.2678
#          78       0.00000      6.74      1.00     4   4.2685
#          79       0.00000     11.48      1.00     2   4.2714
#          80       0.00000      6.55      1.00     4   4.2915
#          81       0.00000      6.39      2.00     3   4.2975
#          82       0.00000      6.85      2.00     3   4.3045
#          83       0.00000     11.21      1.00     2   4.3071
#          84       0.00000      4.74      1.00     4   4.3142
#          85       0.00000     19.30      2.00     3   4.3201
#          87       0.00000      6.75      2.00     3   4.3250
#          88       0.00000      7.89      2.00     3   4.3372
#          89       0.00000     19.19      2.00     3   4.3646
#          90       0.00000     19.92      2.00     4   4.3894
#          91       0.00000     17.19      2.00     3   4.3947
#          92       0.00000     10.45      1.00     2   4.4103
#          93       0.00000     16.44      2.00     4   4.4401
#          95       0.00000     10.64      1.00     4   4.4566
#          96       0.00000      9.97      1.00     2   4.4819
#          97       0.00000      6.26      2.00     3   4.4913
#          98       0.00000      8.99      2.00     3   4.5109
#          99       0.00000      9.70      1.00     2   4.5243
#         100       0.00000     16.85      2.00     3   4.5378
#         101       0.00000      9.57      1.00     2   4.5435
#         102       0.00000      4.44      2.00     3   4.5443
#         103       0.00000      9.50      1.00     2   4.5550
#         104       0.00000      4.51      2.00     3   4.5561
#         105       0.00000      5.91      2.00     3   4.5653
#         106       0.00000     18.86      2.00     2   4.5673
#         107       0.00000      9.43      1.00     2   4.5677
#         108       0.00000      5.31      2.00     3   4.5735
#         109       0.00000     18.19      2.00     3   4.5798
#         110       0.00000      4.81      2.00     3   4.5927
#         111       0.00000     20.57      2.00     3   4.6056
#         112       0.00000      8.57      2.00     3   4.6062
#         113       0.00000      4.45      1.00     4   4.6118
#         115       0.00000      9.08      1.00     2   4.6249
#         116       0.00000      4.49      2.00     3   4.6319
#         118       0.00000      6.38      2.00     3   4.6355
#         119       0.00000     18.37      2.00     3   4.6370
#         121       0.00000      9.29      1.00     4   4.6654
#         122       0.00000     12.69      1.00     4   4.6677
#         123       0.00000      4.86      2.00     3   4.6768
#         124       0.00000     10.47      1.00     4   4.6778
#         125       0.00000     14.54      2.00     3   4.7004
#         126       0.00000      6.94      2.00     3   4.7060
#         127       0.00000      8.58      1.00     2   4.7146
#         128       0.00000     10.70      1.00     4   4.7189
#         129       0.00000      8.54      1.00     2   4.7220
#         130       0.00000      8.51      2.00     3   4.7286
#         131       0.00000     11.03      2.00     3   4.7346
#         132       0.00000      4.53      2.00     3   4.7436
#         133       0.00000      5.82      2.00     3   4.7484
#         134       0.00000      8.31      1.00     2   4.7644
#         135       0.00000      8.27      1.00     2   4.7721
#         136       0.00000      4.05      2.00     3   4.7730
#         138       0.00000      5.55      2.00     3   4.7937
#         139       0.00000      9.12      1.00     2   4.7960
#         140       0.00000      8.14      1.00     2   4.7973
#         142       0.00000      5.30      2.00     3   4.8056
#         143       0.00000      6.74      2.00     4   4.8058
#         144       0.00000      7.05      2.00     3   4.8234
#         146       0.00000      7.71      1.00     4   4.8331
#         147       0.00000      8.86      1.00     2   4.8464
#         149       0.00000      7.96      2.00     3   4.8621
#         150       0.00000      7.91      2.00     3   4.8647
#         151       0.00000     12.41      2.00     3   4.8675
#         153       0.00000      5.27      2.00     3   4.8877
#         154       0.00000      8.05      2.00     3   4.9047
#         155       0.00000      4.98      2.00     4   4.9296
#         157       0.00000      5.14      1.00     4   4.9449
#         158       0.00000      8.28      2.00     3   4.9688
#         159       0.00000      9.34      2.00     3   4.9746
#         160       0.00000      7.27      1.00     2   4.9800
#         162       0.00000     17.53      2.00     3   4.9963
#         163       0.00000      6.37      2.00     3   5.0056
#         164       0.00000      6.48      1.00     4   5.0129
#         165       0.00000     10.93      1.00     4   5.0125
#         166       0.00000      6.92      2.00     3   5.0357
#         167       0.00000      7.96      1.00     2   5.0379
#         169       0.00000      7.05      2.00     3   5.0638
#         170       0.00000      7.31      2.00     3   5.0729
#         172       0.00000      6.76      2.00     3   5.1274
#         174       0.00000      7.50      1.00     2   5.1455
#         177       0.00000      6.49      1.00     2   5.1683
#         178       0.00000     16.36      2.00     3   5.1707
#         179       0.00000     10.40      1.00     4   5.1732
#         180       0.00000      4.27      1.00     4   5.1848
#         182       0.00000      6.97      2.00     3   5.1993
#         187       0.00000      6.16      1.00     2   5.2567
#         188       0.00000     14.64      2.00     3   5.2644
#         189       0.00000      8.87      1.00     4   5.2721
#         190       0.00000      6.11      1.00     2   5.2729
#         191       0.00000      4.70      2.00     4   5.2797
#         192       0.00000      6.36      2.00     3   5.2883
#         194       0.00000      7.63      2.00     3   5.3055
#         196       0.00000      6.78      1.00     2   5.3324
#         199       0.00000      5.83      1.00     2   5.3533
#         203       0.00000      6.60      1.00     2   5.3834
#         204       0.00000      6.58      1.00     2   5.3880
#         206       0.00000      4.60      2.00     3   5.4138
#         208       0.00000      5.60      1.00     2   5.4214
#         210       0.00000      6.41      1.00     2   5.4384
#         211       0.00000      5.29      2.00     3   5.4413
#         213       0.00000      6.13      2.00     3   5.4535
#         214       0.00000      5.69      2.00     3   5.4746
#         215       0.00000      6.28      1.00     2   5.4777
#         216       0.00000      5.39      2.00     3   5.4811
#         217       0.00000      7.45      2.00     3   5.4819
#         218       0.00000      5.37      1.00     2   5.4967
#         220       0.00000      6.15      1.00     2   5.5160
#         222       0.00000      6.58      2.00     3   5.5226
#         223       0.00000      4.37      2.00     3   5.5271
#         225       0.00000      5.26      1.00     2   5.5314
#         226       0.00000      5.20      1.00     2   5.5513
#         227       0.00000      6.03      1.00     2   5.5539
#         228       0.00000      4.37      2.00     4   5.5610
#         230       0.00000      6.28      2.00     3   5.5725
#         232       0.00000      4.62      2.00     3   5.5962
#         233       0.00000      4.35      2.00     3   5.5981
#         236       0.00000      5.87      1.00     2   5.6065
#         238       0.00000      5.90      2.00     3   5.6179
#         242       0.00000      4.52      2.00     3   5.6240
#         245       0.00000      5.10      2.00     3   5.6299
#         246       0.00000      7.38      2.00     3   5.6342
#         249       0.00000      4.19      2.00     3   5.6604
#         252       0.00000      4.83      1.00     2   5.6844
#         253       0.00000      4.58      2.00     3   5.6916
#         254       0.00000      5.09      2.00     3   5.6918
#         255       0.00000      7.61      2.00     3   5.6947
#         256       0.00000      4.79      1.00     2   5.7002
#         257       0.00000      4.21      2.00     3   5.7021
#         262       0.00000      4.16      2.00     3   5.7203
#         264       0.00000      4.62      2.00     3   5.7397
#         267       0.00000      5.62      2.00     3   5.7472
#         271       0.00000      4.90      2.00     3   5.7549
#         281       0.00000      4.57      1.00     2   5.7866
#         285       0.00000      4.56      2.00     3   5.8035
#         291       0.00000      4.49      1.00     2   5.8177
#         292       0.00000      4.68      2.00     3   5.8184
#         293       0.00000      5.27      1.00     2   5.8185
#         298       0.00000      5.35      2.00     3   5.8465
#         299       0.00000      5.18      1.00     2   5.8504
#         302       0.00000      5.16      1.00     2   5.8570
#         304       0.00000      4.39      1.00     2   5.8602
#         308       0.00000      4.37      1.00     2   5.8679
#         311       0.00000      5.21      2.00     3   5.8941
#         312       0.00000      8.39      2.00     3   5.8947
#         316       0.00000      4.26      1.00     2   5.9115
#         317       0.00000      5.02      1.00     2   5.9131
#         318       0.00000      4.25      1.00     2   5.9183
#         319       0.00000      4.99      1.00     2   5.9268
#         323       0.00000      6.85      2.00     3   5.9334
#         325       0.00000      4.97      1.00     2   5.9347
#         328       0.00000      4.94      1.00     2   5.9460
#   227/ 301 paths used
#  -----------------------------------------------------------------------
#       k          chi          mag           phase @#
    -0.7000   -4.121557E-01  4.470674E-01 -1.172981E+00
    -0.6500   -3.703955E-01  3.967392E-01 -1.204330E+00
    -0.6000   -3.494404E-01  3.679951E-01 -1.251890E+00
    -0.5500   -3.411935E-01  3.538844E-01 -1.302176E+00
    -0.5000   -3.416159E-01  3.505396E-01 -1.344674E+00
    -0.4500   -3.470409E-01  3.537216E-01 -1.376134E+00
    -0.4000   -3.549040E-01  3.604102E-01 -1.395773E+00
    -0.3500   -3.640354E-01  3.690330E-01 -1.406035E+00
    -0.3000   -3.729493E-01  3.778646E-01 -1.409326E+00
    -0.2500   -3.809380E-01  3.860204E-01 -1.408344E+00
    -0.2000   -3.876417E-01  3.930186E-01 -1.405192E+00
    -0.1500   -3.932886E-01  3.990204E-01 -1.401096E+00
    -0.1000   -3.974511E-01  4.035073E-01 -1.397323E+00
    -0.0500   -3.999486E-01  4.062263E-01 -1.394764E+00
     0.0000   -4.007804E-01  4.071365E-01 -1.393864E+00
     0.0500   -4.016115E-01  4.080484E-01 -1.392940E+00
     0.1000   -4.041005E-01  4.107938E-01 -1.390031E+00
     0.1500   -4.082264E-01  4.153956E-01 -1.384739E+00
     0.2000   -4.139334E-01  4.218753E-01 -1.376453E+00
     0.2500   -4.211017E-01  4.302317E-01 -1.364415E+00
     0.3000   -4.295159E-01  4.404201E-01 -1.347810E+00
     0.3500   -4.390807E-01  4.526360E-01 -1.325446E+00
     0.4000   -4.499885E-01  4.676443E-01 -1.295135E+00
     0.4500   -4.606237E-01  4.841893E-01 -1.257523E+00
     0.5000   -4.700216E-01  5.019366E-01 -1.212274E+00
     0.5500   -4.774836E-01  5.212201E-01 -1.158213E+00
     0.6000   -4.819277E-01  5.425044E-01 -1.093715E+00
     0.6500   -4.807554E-01  5.638173E-01 -1.021093E+00
     0.7000   -4.724929E-01  5.851756E-01 -9.397961E-01
     0.7500   -4.552833E-01  6.074522E-01 -8.473011E-01
     0.8000   -4.272179E-01  6.282470E-01 -7.477841E-01
     0.8500   -3.870304E-01  6.482837E-01 -6.397661E-01
     0.9000   -3.333788E-01  6.673388E-01 -5.230960E-01
     0.9500   -2.668687E-01  6.835267E-01 -4.010975E-01
     1.0000   -1.863724E-01  6.984788E-01 -2.700983E-01
     1.0500   -9.504341E-02  7.101005E-01 -1.342479E-01
     1.1000    5.093883E-03  7.187072E-01  7.087623E-03
     1.1500    1.112645E-01  7.243728E-01  1.542117E-01
     1.2000    2.172809E-01  7.259474E-01  3.039660E-01
     1.2500    3.217177E-01  7.248909E-01  4.598518E-01
     1.3000    4.164793E-01  7.196774E-01  6.171371E-01
     1.3500    4.995094E-01  7.114431E-01  7.783527E-01
     1.4000    5.655577E-01  6.997635E-01  9.411106E-01
     1.4500    6.123890E-01  6.851518E-01  1.105749E+00
     1.5000    6.384058E-01  6.679758E-01  1.272137E+00
     1.5500    6.427052E-01  6.483476E-01  1.438770E+00
     1.6000    6.266150E-01  6.270361E-01  1.607445E+00
     1.6500    5.914181E-01  6.039916E-01  1.775198E+00
     1.7000    5.397563E-01  5.800450E-01  1.945702E+00
     1.7500    4.748800E-01  5.551102E-01  2.115135E+00
     1.8000    3.994503E-01  5.296484E-01  2.287188E+00
     1.8500    3.177018E-01  5.037279E-01  2.459136E+00
     1.9000    2.311665E-01  4.772207E-01  2.635914E+00
     1.9500    1.445758E-01  4.502227E-01  2.814680E+00
     2.0000    6.231994E-02  4.228624E-01  2.993677E+00
     2.0500   -1.243585E-02  3.951339E-01  3.173070E+00
     2.1000   -7.700255E-02  3.657086E-01  3.353737E+00
     2.1500   -1.282795E-01  3.344536E-01  3.535229E+00
     2.2000   -1.645564E-01  3.030473E-01  3.715605E+00
     2.2500   -1.855462E-01  2.716332E-01  3.893559E+00
     2.3000   -1.911882E-01  2.392653E-01  4.067329E+00
     2.3500   -1.804979E-01  2.036892E-01  4.230549E+00
     2.4000   -1.599284E-01  1.696803E-01  4.371709E+00
     2.4500   -1.349272E-01  1.387407E-01  4.477387E+00
     2.5000   -1.112162E-01  1.130784E-01  4.530650E+00
     2.5500   -9.652266E-02  9.813743E-02  4.530733E+00
     2.6000   -8.743532E-02  8.948879E-02  4.497750E+00
     2.6500   -8.447864E-02  8.716012E-02  4.463696E+00
     2.7000   -8.686212E-02  8.958504E-02  4.465205E+00
     2.7500   -9.024193E-02  9.197643E-02  4.517876E+00
     2.8000   -9.435763E-02  9.500049E-02  4.595988E+00
     2.8500   -9.814362E-02  9.815854E-02  4.694952E+00
     2.9000   -1.004960E-01  1.009765E-01  4.809983E+00
     2.9500   -1.004068E-01  1.029899E-01  4.936831E+00
     3.0000   -9.765626E-02  1.043368E-01  5.072177E+00
     3.0500   -9.215203E-02  1.050333E-01  5.212852E+00
     3.1000   -8.408281E-02  1.051286E-01  5.356208E+00
     3.1500   -7.360634E-02  1.046069E-01  5.502668E+00
     3.2000   -6.141962E-02  1.037550E-01  5.649687E+00
     3.2500   -4.810171E-02  1.027883E-01  5.796195E+00
     3.3000   -3.401380E-02  1.017778E-01  5.942433E+00
     3.3500   -1.934513E-02  1.006531E-01  6.089786E+00
     3.4000   -4.528627E-03  9.957191E-02  6.237689E+00
     3.4500    1.014264E-02  9.873969E-02  6.386088E+00
     3.5000    2.461545E-02  9.819033E-02  6.536579E+00
     3.5500    3.893217E-02  9.778076E-02  6.692693E+00
     3.6000    5.267854E-02  9.736112E-02  6.854886E+00
     3.6500    6.527735E-02  9.694985E-02  7.021862E+00
     3.7000    7.617829E-02  9.639821E-02  7.194395E+00
     3.7500    8.461714E-02  9.544572E-02  7.373013E+00
     3.8000    8.981934E-02  9.394312E-02  7.556588E+00
     3.8500    9.140312E-02  9.197069E-02  7.742828E+00
     3.9000    8.924686E-02  8.950929E-02  7.930576E+00
     3.9500    8.352704E-02  8.656008E-02  8.119486E+00
     4.0000    7.469764E-02  8.314629E-02  8.308692E+00
     4.0500    6.367942E-02  7.940462E-02  8.494207E+00
     4.1000    5.147330E-02  7.548441E-02  8.674412E+00
     4.1500    3.900330E-02  7.154120E-02  8.848166E+00
     4.2000    2.701169E-02  6.774404E-02  9.014645E+00
     4.2500    1.603868E-02  6.438699E-02  9.173029E+00
     4.3000    6.140902E-03  6.165715E-02  9.325015E+00
     4.3500   -2.928582E-03  5.966290E-02  9.473883E+00
     4.4000   -1.154563E-02  5.841127E-02  9.623749E+00
     4.4500   -2.016589E-02  5.790195E-02  9.780510E+00
     4.5000   -2.900997E-02  5.796210E-02  9.948953E+00
     4.5500   -3.792822E-02  5.836339E-02  1.013218E+01
     4.6000   -4.636161E-02  5.887262E-02  1.033150E+01
     4.6500   -5.337707E-02  5.923672E-02  1.054703E+01
     4.7000   -5.786365E-02  5.926420E-02  1.077774E+01
     4.7500   -5.879853E-02  5.881924E-02  1.102211E+01
     4.8000   -5.552353E-02  5.781984E-02  1.127835E+01
     4.8500   -4.793037E-02  5.620502E-02  1.154509E+01
     4.9000   -3.662012E-02  5.398074E-02  1.182080E+01
     4.9500   -2.283605E-02  5.119073E-02  1.210397E+01
     5.0000   -8.247860E-03  4.786769E-02  1.239320E+01
     5.0500    5.295790E-03  4.413210E-02  1.268666E+01
     5.1000    1.620050E-02  4.010494E-02  1.298220E+01
     5.1500    2.342787E-02  3.591761E-02  1.327694E+01
     5.2000    2.662462E-02  3.161865E-02  1.356745E+01
     5.2500    2.626538E-02  2.741493E-02  1.384655E+01
     5.3000    2.346993E-02  2.348214E-02  1.410492E+01
     5.3500    1.965648E-02  2.002785E-02  1.433004E+01
     5.4000    1.600706E-02  1.718396E-02  1.450942E+01
     5.4500    1.353369E-02  1.539695E-02  1.463423E+01
     5.5000    1.246547E-02  1.498796E-02  1.472580E+01
     5.5500    1.229731E-02  1.603052E-02  1.483363E+01
     5.6000    1.191838E-02  1.819363E-02  1.499367E+01
     5.6500    1.010059E-02  2.121838E-02  1.521183E+01
     5.7000    5.725821E-03  2.482276E-02  1.547520E+01
     5.7500   -1.751010E-03  2.880464E-02  1.576879E+01
     5.8000   -1.199691E-02  3.290440E-02  1.608117E+01
     5.8500   -2.380323E-02  3.708119E-02  1.640497E+01
     5.9000   -3.527616E-02  4.122506E-02  1.673486E+01
     5.9500   -4.420831E-02  4.521569E-02  1.706728E+01
     6.0000   -4.837136E-02  4.873908E-02  1.740168E+01
     6.0500   -4.652590E-02  5.182881E-02  1.773507E+01
     6.1000   -3.841132E-02  5.441315E-02  1.806584E+01
     6.1500   -2.487848E-02  5.641095E-02  1.839282E+01
     6.2000   -7.750979E-03  5.776259E-02  1.871496E+01
     6.2500    1.055574E-02  5.843522E-02  1.903119E+01
     6.3000    2.753744E-02  5.842749E-02  1.934033E+01
     6.3500    4.109979E-02  5.777367E-02  1.964103E+01
     6.4000    4.993083E-02  5.654708E-02  1.993176E+01
     6.4500    5.366235E-02  5.486252E-02  2.021080E+01
     6.5000    5.265570E-02  5.274575E-02  2.047879E+01
     6.5500    4.808026E-02  5.051454E-02  2.073206E+01
     6.6000    4.131176E-02  4.842680E-02  2.096930E+01
     6.6500    3.350277E-02  4.671441E-02  2.119140E+01
     6.7000    2.534152E-02  4.558161E-02  2.140163E+01
     6.7500    1.697875E-02  4.516202E-02  2.160572E+01
     6.8000    8.155711E-03  4.548343E-02  2.181086E+01
     6.8500   -1.519335E-03  4.645945E-02  2.202386E+01
     6.9000   -1.224297E-02  4.791383E-02  2.224953E+01
     6.9500   -2.374781E-02  4.962332E-02  2.249016E+01
     7.0000   -3.525679E-02  5.135816E-02  2.274780E+01
     7.0500   -4.531688E-02  5.290579E-02  2.301971E+01
     7.1000   -5.229677E-02  5.409478E-02  2.330340E+01
     7.1500   -5.476295E-02  5.479635E-02  2.359687E+01
     7.2000   -5.184710E-02  5.492343E-02  2.389822E+01
     7.2500   -4.353277E-02  5.442784E-02  2.420574E+01
     7.3000   -3.074643E-02  5.329664E-02  2.451782E+01
     7.3500   -1.522047E-02  5.154793E-02  2.483300E+01
     7.4000    8.418184E-04  4.922677E-02  2.514984E+01
     7.4500    1.521551E-02  4.640098E-02  2.546684E+01
     7.5000    2.613522E-02  4.317357E-02  2.578295E+01
     7.5500    3.252929E-02  3.962648E-02  2.609572E+01
     7.6000    3.425126E-02  3.586491E-02  2.640243E+01
     7.6500    3.201365E-02  3.201386E-02  2.669993E+01
     7.7000    2.710483E-02  2.820847E-02  2.698419E+01
     7.7500    2.101194E-02  2.459435E-02  2.725005E+01
     7.8000    1.504057E-02  2.132812E-02  2.749163E+01
     7.8500    1.003198E-02  1.857387E-02  2.770376E+01
     7.9000    6.245271E-03  1.648535E-02  2.788579E+01
     7.9500    3.421500E-03  1.516216E-02  2.804671E+01
     8.0000    1.002177E-03  1.458780E-02  2.820558E+01
     8.0500   -1.609523E-03  1.461925E-02  2.838465E+01
     8.1000   -4.777354E-03  1.503476E-02  2.859769E+01
     8.1500   -8.461875E-03  1.561496E-02  2.884704E+01
     8.2000   -1.220866E-02  1.619189E-02  2.912846E+01
     8.2500   -1.527933E-02  1.665526E-02  2.943580E+01
     8.3000   -1.688398E-02  1.694073E-02  2.976325E+01
     8.3500   -1.644007E-02  1.701584E-02  3.010601E+01
     8.4000   -1.377675E-02  1.686866E-02  3.046025E+01
     8.4500   -9.221947E-03  1.649996E-02  3.082286E+01
     8.5000   -3.556253E-03  1.589740E-02  3.119032E+01
     8.5500    2.177425E-03  1.507323E-02  3.156089E+01
     8.6000    6.950363E-03  1.405566E-02  3.193317E+01
     8.6500    9.990388E-03  1.286475E-02  3.230513E+01
     8.7000    1.096554E-02  1.152266E-02  3.267449E+01
     8.7500    1.004064E-02  1.005403E-02  3.303835E+01
     8.8000    7.798226E-03  8.486969E-03  3.339237E+01
     8.8500    5.051877E-03  6.854868E-03  3.372893E+01
     8.9000    2.609571E-03  5.201088E-03  3.403192E+01
     8.9500    1.056347E-03  3.595030E-03  3.425928E+01
     9.0000    6.341017E-04  2.203560E-03  3.426563E+01
     9.0500    1.183090E-03  1.676957E-03  3.377439E+01
     9.1000    2.222500E-03  2.485926E-03  3.345125E+01
     9.1500    3.150565E-03  3.723372E-03  3.354878E+01
     9.2000    3.430261E-03  4.944929E-03  3.379092E+01
     9.2500    2.749912E-03  6.030480E-03  3.408402E+01
     9.3000    1.104478E-03  6.930267E-03  3.439747E+01
     9.3500   -1.220621E-03  7.618036E-03  3.471844E+01
     9.4000   -3.750787E-03  8.081332E-03  3.504017E+01
     9.4500   -5.971462E-03  8.319353E-03  3.535813E+01
     9.5000   -7.492542E-03  8.358234E-03  3.566916E+01
     9.5500   -8.114376E-03  8.218310E-03  3.596911E+01
     9.6000   -7.861084E-03  7.922787E-03  3.625320E+01
     9.6500   -6.960658E-03  7.520962E-03  3.651676E+01
     9.7000   -5.731189E-03  7.076242E-03  3.675510E+01
     9.7500   -4.463377E-03  6.663836E-03  3.696518E+01
     9.8000   -3.327730E-03  6.362064E-03  3.714868E+01
     9.8500   -2.336371E-03  6.233939E-03  3.731495E+01
     9.9000   -1.369119E-03  6.303983E-03  3.748018E+01
     9.9500   -2.508854E-04  6.547027E-03  3.766078E+01
    10.0000    1.167705E-03  6.914288E-03  3.786881E+01
    10.0500    2.899262E-03  7.328046E-03  3.810588E+01
    10.1000    4.770522E-03  7.703650E-03  3.836691E+01
    10.1500    6.483281E-03  7.981813E-03  3.864712E+01
    10.2000    7.684415E-03  8.117826E-03  3.894166E+01
    10.2500    8.078736E-03  8.081028E-03  3.924609E+01
    10.3000    7.533823E-03  7.853695E-03  3.955629E+01
    10.3500    6.139960E-03  7.430094E-03  3.986808E+01
    10.4000    4.201932E-03  6.815990E-03  4.017644E+01
    10.4500    2.161144E-03  6.029069E-03  4.047409E+01
    10.5000    4.694816E-04  5.101629E-03  4.074855E+01
    10.5500   -5.469354E-04  4.089898E-03  4.097483E+01
    10.6000   -7.909585E-04  3.104860E-03  4.109829E+01
    10.6500   -4.300773E-04  2.401834E-03  4.102074E+01
    10.7000    1.500739E-04  2.413029E-03  4.077847E+01
    10.7500    4.638480E-04  3.185284E-03  4.069456E+01
    10.8000    8.213169E-05  4.323242E-03  4.082171E+01
    10.8500   -1.219086E-03  5.570625E-03  4.106133E+01
    10.9000   -3.363920E-03  6.813678E-03  4.135705E+01
    10.9500   -5.966883E-03  7.993341E-03  4.168346E+01
    11.0000   -8.429289E-03  9.088730E-03  4.202822E+01
    11.0500   -1.007663E-02  1.008014E-02  4.238510E+01
    11.1000   -1.031046E-02  1.093297E-02  4.275058E+01
    11.1500   -8.817537E-03  1.163448E-02  4.312224E+01
    11.2000   -5.665241E-03  1.217724E-02  4.349840E+01
    11.2500   -1.309979E-03  1.255841E-02  4.387780E+01
    11.3000    3.495524E-03  1.277902E-02  4.425936E+01
    11.3500    7.872697E-03  1.284325E-02  4.464213E+01
    11.4000    1.102050E-02  1.275781E-02  4.502511E+01
    11.4500    1.239833E-02  1.253135E-02  4.540726E+01
    11.5000    1.184132E-02  1.217399E-02  4.578741E+01
    11.5500    9.580194E-03  1.169703E-02  4.616418E+01
    11.6000    6.164165E-03  1.111300E-02  4.653591E+01
    11.6500    2.311452E-03  1.043584E-02  4.690055E+01
    11.7000   -1.269870E-03  9.681637E-03  4.725543E+01
    11.7500   -4.042163E-03  8.869762E-03  4.759708E+01
    11.8000   -5.739176E-03  8.024663E-03  4.792079E+01
    11.8500   -6.385897E-03  7.178618E-03  4.822030E+01
    11.9000   -6.239307E-03  6.375520E-03  4.848760E+01
    11.9500   -5.673812E-03  5.674883E-03  4.871411E+01
    12.0000   -5.055789E-03  5.159012E-03  4.889506E+01
    12.0500   -4.620574E-03  4.907217E-03  4.903817E+01
    12.1000   -4.407998E-03  4.955064E-03  4.916903E+01
    12.1500   -4.285493E-03  5.282041E-03  4.931905E+01
    12.2000   -4.002331E-03  5.813891E-03  4.950619E+01
    12.2500   -3.289477E-03  6.462330E-03  4.973143E+01
    12.3000   -1.963039E-03  7.151664E-03  4.998743E+01
    12.3500    4.327937E-07  7.824956E-03  5.026554E+01
    12.4000    2.438377E-03  8.441418E-03  5.055852E+01
    12.4500    5.032017E-03  8.972701E-03  5.086085E+01
    12.5000    7.380634E-03  9.400210E-03  5.116843E+01
    12.5500    9.097154E-03  9.713461E-03  5.147814E+01
    12.6000    9.897322E-03  9.909089E-03  5.178754E+01
    12.6500    9.658592E-03  9.990176E-03  5.209464E+01
    12.7000    8.435457E-03  9.965655E-03  5.239779E+01
    12.7500    6.431514E-03  9.849624E-03  5.269558E+01
    12.8000    3.940802E-03  9.660445E-03  5.298689E+01
    12.8500    1.278262E-03  9.419500E-03  5.327095E+01
    12.9000   -1.280300E-03  9.149539E-03  5.354747E+01
    12.9500   -3.534073E-03  8.872575E-03  5.381675E+01
    13.0000   -5.376454E-03  8.618647E-03  5.408069E+01
    13.0500   -6.760198E-03  8.405881E-03  5.434144E+01
    13.1000   -7.644480E-03  8.224014E-03  5.460022E+01
    13.1500   -8.015005E-03  8.071260E-03  5.485974E+01
    13.2000   -7.855058E-03  7.938029E-03  5.512258E+01
    13.2500   -7.152475E-03  7.808845E-03  5.539081E+01
    13.3000   -5.922018E-03  7.665084E-03  5.566575E+01
    13.3500   -4.232369E-03  7.487827E-03  5.594795E+01
    13.4000   -2.224100E-03  7.260268E-03  5.623732E+01
    13.4500   -1.074675E-04  6.969422E-03  5.653325E+01
    13.5000    1.864346E-03  6.607116E-03  5.683473E+01
    13.5500    3.442093E-03  6.170377E-03  5.714045E+01
    13.6000    4.435161E-03  5.661406E-03  5.744879E+01
    13.6500    4.757893E-03  5.087256E-03  5.775765E+01
    13.7000    4.452569E-03  4.459386E-03  5.806416E+01
    13.7500    3.680419E-03  3.793236E-03  5.836396E+01
    13.8000    2.681436E-03  3.108146E-03  5.864965E+01
    13.8500    1.713292E-03  2.428338E-03  5.890707E+01
    13.9000    9.862632E-04  1.787323E-03  5.910573E+01
    13.9500    6.125709E-04  1.243713E-03  5.917526E+01
    14.0000    5.885059E-04  9.237479E-04  5.899955E+01
    14.0500    8.054362E-04  9.758989E-04  5.871948E+01
    14.1000    1.076776E-03  1.274844E-03  5.868438E+01
    14.1500    1.212877E-03  1.620269E-03  5.884436E+01
    14.2000    1.076308E-03  1.925884E-03  5.909724E+01
    14.2500    6.245504E-04  2.159862E-03  5.939691E+01
    14.3000   -7.735727E-05  2.309954E-03  5.972376E+01
    14.3500   -8.773469E-04  2.373085E-03  6.006895E+01
    14.4000   -1.583041E-03  2.351943E-03  6.042862E+01
    14.4500   -2.019948E-03  2.253584E-03  6.080168E+01
    14.5000   -2.083303E-03  2.088697E-03  6.118918E+01
    14.5500   -1.768114E-03  1.871201E-03  6.159454E+01
    14.6000   -1.169016E-03  1.618151E-03  6.202453E+01
    14.6500   -4.509136E-04  1.350222E-03  6.249136E+01
    14.7000    1.997902E-04  1.093287E-03  6.301563E+01
    14.7500    6.280664E-04  8.810706E-04  6.362540E+01
    14.8000    7.512873E-04  7.532595E-04  6.433027E+01
    14.8500    5.767364E-04  7.314763E-04  6.506515E+01
    14.9000    1.916370E-04  7.883268E-04  6.572789E+01
    14.9500   -2.696563E-04  8.707887E-04  6.628829E+01
    15.0000   -6.708769E-04  9.407626E-04  6.676738E+01
    15.0500   -9.174332E-04  9.791601E-04  6.718727E+01
    15.1000   -9.726235E-04  9.727719E-04  6.756171E+01
    15.1500   -8.654619E-04  9.207092E-04  6.789242E+01
    15.2000   -6.726107E-04  8.298213E-04  6.816995E+01
    15.2500   -4.859513E-04  7.167621E-04  6.837003E+01
    15.3000   -3.773861E-04  6.140726E-04  6.845321E+01
    15.3500   -3.729888E-04  5.744379E-04  6.840836E+01
    15.4000   -4.450230E-04  6.402278E-04  6.834648E+01
    15.4500   -5.240134E-04  7.947350E-04  6.839508E+01
    15.5000   -5.261451E-04  9.912704E-04  6.855552E+01
    15.5500   -3.860793E-04  1.193173E-03  6.878553E+01
    15.6000   -8.351867E-05  1.376352E-03  6.905432E+01
    15.6500    3.459252E-04  1.524164E-03  6.934399E+01
    15.7000    8.195912E-04  1.624711E-03  6.964379E+01
    15.7500    1.233589E-03  1.669916E-03  6.994620E+01
    15.8000    1.496928E-03  1.655430E-03  7.024467E+01
    15.8500    1.562304E-03  1.581042E-03  7.053173E+01
    15.9000    1.442780E-03  1.451696E-03  7.079672E+01
    15.9500    1.208169E-03  1.279833E-03  7.102206E+01
    16.0000    9.611793E-04  1.088657E-03  7.117462E+01
    16.0500    8.077991E-04  9.295767E-04  7.120346E+01
    16.1000    8.135346E-04  8.942657E-04  7.111401E+01
    16.1500    9.724956E-04  1.038539E-03  7.104438E+01
    16.2000    1.206777E-03  1.321610E-03  7.110578E+01
    16.2500    1.387182E-03  1.672989E-03  7.127902E+01
    16.3000    1.373118E-03  2.043450E-03  7.151978E+01
    16.3500    1.059692E-03  2.401516E-03  7.179963E+01
    16.4000    4.171597E-04  2.724983E-03  7.210294E+01
    16.4500   -4.902829E-04  2.996950E-03  7.242096E+01
    16.5000   -1.513398E-03  3.204332E-03  7.274853E+01
    16.5500   -2.453104E-03  3.337389E-03  7.308235E+01
    16.6000   -3.112423E-03  3.389619E-03  7.342020E+01
    16.6500   -3.350210E-03  3.357754E-03  7.376038E+01
    16.7000   -3.120804E-03  3.241752E-03  7.410145E+01
    16.7500   -2.487681E-03  3.044724E-03  7.444195E+01
    16.8000   -1.606773E-03  2.772802E-03  7.478014E+01
    16.8500   -6.840920E-04  2.434948E-03  7.511344E+01
    16.9000    8.011002E-05  2.042785E-03  7.543745E+01
    16.9500    5.444983E-04  1.610671E-03  7.574308E+01
    17.0000    6.634052E-04  1.156907E-03  7.600891E+01
    17.0500    4.894824E-04  7.081406E-04  7.616140E+01
    17.1000    1.510502E-04  3.644234E-04  7.582561E+01
    17.1500   -1.790005E-04  4.759650E-04  7.501266E+01
    17.2000   -3.408045E-04  8.487098E-04  7.498501E+01
    17.2500   -2.350197E-04  1.227148E-03  7.520552E+01
    17.3000    1.491719E-04  1.563815E-03  7.549376E+01
    17.3500    7.332316E-04  1.841566E-03  7.580773E+01
    17.4000    1.374949E-03  2.050736E-03  7.613306E+01
    17.4500    1.912096E-03  2.185778E-03  7.646322E+01
    17.5000    2.210401E-03  2.244529E-03  7.679441E+01
    17.5500    2.201378E-03  2.227987E-03  7.712372E+01
    17.6000    1.899119E-03  2.140206E-03  7.744824E+01
    17.6500    1.391943E-03  1.988228E-03  7.776429E+01
    17.7000    8.125545E-04  1.782122E-03  7.806638E+01
    17.7500    2.967266E-04  1.535346E-03  7.834533E+01
    17.8000   -5.640832E-05  1.266037E-03  7.858439E+01
    17.8500   -2.104680E-04  1.000769E-03  7.875170E+01
    17.9000   -1.970585E-04  7.836192E-04  7.879402E+01
    17.9500   -9.964175E-05  6.829895E-04  7.868623E+01
    18.0000   -2.307615E-05  7.407248E-04  7.857097E+01
    18.0500   -5.654595E-05  9.044391E-04  7.860238E+01
    18.1000   -2.417306E-04  1.101162E-03  7.876114E+01
    18.1500   -5.647043E-04  1.287576E-03  7.899383E+01
    18.2000   -9.586215E-04  1.441743E-03  7.926718E+01
    18.2500   -1.325685E-03  1.552263E-03  7.956351E+01
    18.3000   -1.568228E-03  1.613549E-03  7.987304E+01
    18.3500   -1.618806E-03  1.623905E-03  8.018988E+01
    18.4000   -1.459952E-03  1.584644E-03  8.050997E+01
    18.4500   -1.127961E-03  1.499562E-03  8.083002E+01
    18.5000   -7.003171E-04  1.374546E-03  8.114682E+01
    18.5500   -2.715587E-04  1.217233E-03  8.145642E+01
    18.6000    7.429286E-05  1.036727E-03  8.175313E+01
    18.6500    2.859949E-04  8.434605E-04  8.202734E+01
    18.7000    3.555321E-04  6.494762E-04  8.226068E+01
    18.7500    3.144356E-04  4.699857E-04  8.241432E+01
    18.8000    2.183598E-04  3.284782E-04  8.240858E+01
    18.8500    1.259408E-04  2.624770E-04  8.218185E+01
    18.9000    7.940686E-05  2.847894E-04  8.196398E+01
    18.9500    9.327490E-05  3.441953E-04  8.195583E+01
    19.0000    1.538403E-04  3.962490E-04  8.208013E+01
    19.0500    2.294085E-04  4.238683E-04  8.225330E+01
    19.1000    2.887525E-04  4.245674E-04  8.242932E+01
    19.1500    3.132774E-04  4.035550E-04  8.257017E+01
    19.2000    3.067160E-04  3.754219E-04  8.263758E+01
    19.2500    2.940711E-04  3.663239E-04  8.261332E+01
    19.3000    3.111677E-04  4.050725E-04  8.255740E+01
    19.3500    3.887161E-04  4.990967E-04  8.257422E+01
    19.4000    5.368876E-04  6.328122E-04  8.269439E+01
    19.4500    7.363662E-04  7.868150E-04  8.289216E+01
    19.5000    9.396784E-04  9.457285E-04  8.313903E+01
    19.5500    1.083051E-03  1.097784E-03  8.341622E+01
    19.6000    1.105336E-03  1.233660E-03  8.371237E+01
    19.6500    9.679527E-04  1.345916E-03  8.402038E+01
    19.7000    6.691875E-04  1.428819E-03  8.433558E+01
    19.7500    2.478970E-04  1.478339E-03  8.465452E+01
    19.8000   -2.250188E-04  1.492207E-03  8.497438E+01
    19.8500   -6.650153E-04  1.469974E-03  8.529246E+01
    19.9000   -9.965865E-04  1.413055E-03  8.560581E+01
    19.9500   -1.173209E-03  1.324787E-03  8.591075E+01