# # tequil.ion_motion                                            FEFF 9.05   
# # POT  SCF  30  5.5000   1, core-hole, AFOLP (folp(0)= 1.150)
# # Abs   Z=30 Rmt= 1.339 Rnm= 1.428 K  shell
# # Pot 1 Z=26 Rmt= 1.299 Rnm= 1.390
# # Pot 2 Z= 8 Rmt= 1.003 Rnm= 1.078
# # Gam_ch=1.897E+00 H-L exch
# # Mu=-1.182E+01 kf=2.210E+00 Vint=-1.945E+01 Rs_int= 1.641
# # PATH  Rmax= 8.500,  Keep_limit= 0.00, Heap_limit 0.00  Pwcrit= 2.50%
#  S02=1.000                                        Global_sig2= 0.00000
#  Energy zero shift, vr, vi   -2.00000E+00   0.00000E+00
#  Curved wave amplitude ratio filter   4.000%
#     file         sig2 tot  cw amp ratio   deg  nlegs   reff  inp sig2
#           1       0.00000    100.00      1.00     2   1.9605
#           2       0.00000     96.36      1.00     2   1.9892
#           3       0.00000     83.59      1.00     2   2.1029
#           4       0.00000     72.20      1.00     2   2.2262
#           5       0.00000     62.41      1.00     2   2.3554
#           6       0.00000     62.34      1.00     2   2.3563
#           7       0.00000     35.75      1.00     2   2.8524
#           8       0.00000     32.61      1.00     2   2.9708
#           9       0.00000     31.90      1.00     2   2.9996
#          10       0.00000     28.39      1.00     2   3.1553
#          11       0.00000     28.01      1.00     2   3.1733
#          12       0.00000     26.98      1.00     2   3.2330
#          13       0.00000     26.48      1.00     2   3.2507
#          14       0.00000     25.57      1.00     2   3.2974
#          15       0.00000     25.04      1.00     2   3.3230
#          16       0.00000     23.97      1.00     2   3.3902
#          17       0.00000     10.55      2.00     3   3.4107
#          18       0.00000     13.11      2.00     3   3.4408
#          19       0.00000     22.30      1.00     2   3.4671
#          20       0.00000     21.39      1.00     2   3.5203
#          21       0.00000      9.05      2.00     3   3.5589
#          22       0.00000     10.75      2.00     3   3.5648
#          23       0.00000      7.95      2.00     3   3.5695
#          24       0.00000      9.05      2.00     3   3.5741
#          25       0.00000     16.61      2.00     3   3.5759
#          26       0.00000     13.70      2.00     3   3.5756
#          27       0.00000     20.76      1.00     2   3.5994
#          28       0.00000      8.54      2.00     3   3.6054
#          29       0.00000      9.01      2.00     3   3.6087
#          30       0.00000      9.00      2.00     3   3.6168
#          31       0.00000      8.37      2.00     3   3.6165
#          32       0.00000     10.51      2.00     3   3.6328
#          33       0.00000      6.51      2.00     3   3.6460
#          34       0.00000      8.53      2.00     3   3.6463
#          35       0.00000     16.59      2.00     3   3.6762
#          36       0.00000      9.66      2.00     3   3.6774
#          37       0.00000      8.92      2.00     3   3.6781
#          38       0.00000      7.63      2.00     3   3.6965
#          39       0.00000      9.73      2.00     3   3.7044
#          40       0.00000     19.07      1.00     2   3.7259
#          41       0.00000     18.08      1.00     2   3.7405
#          42       0.00000     10.15      2.00     3   3.7661
#          43       0.00000     18.46      1.00     2   3.7760
#          44       0.00000      7.01      2.00     3   3.7789
#          45       0.00000      6.95      2.00     3   3.7937
#          46       0.00000     15.09      2.00     3   3.8203
#          47       0.00000     16.81      1.00     2   3.8396
#          48       0.00000      6.18      2.00     3   3.8403
#          49       0.00000     17.41      1.00     2   3.8654
#          50       0.00000     17.20      1.00     2   3.8845
#          51       0.00000     17.10      1.00     2   3.8938
#          52       0.00000      4.54      1.00     4   3.9011
#          53       0.00000      5.80      1.00     4   3.9107
#          54       0.00000     10.16      2.00     3   3.9128
#          55       0.00000     15.92      1.00     2   3.9142
#          56       0.00000      9.52      1.00     4   3.9210
#          58       0.00000      4.02      1.00     4   3.9622
#          59       0.00000      5.67      1.00     4   3.9689
#          60       0.00000      8.82      1.00     4   3.9784
#          61       0.00000      4.47      1.00     4   3.9779
#          62       0.00000      8.36      2.00     3   4.0011
#          63       0.00000     15.89      2.00     3   4.0095
#          64       0.00000     12.94      2.00     3   4.0189
#          65       0.00000     11.30      2.00     3   4.0231
#          66       0.00000     14.73      1.00     2   4.0238
#          67       0.00000      5.19      1.00     4   4.0411
#          69       0.00000     13.64      2.00     3   4.0690
#          70       0.00000      8.09      2.00     3   4.0754
#          71       0.00000      7.27      2.00     3   4.0900
#          72       0.00000      7.61      2.00     3   4.1137
#          73       0.00000      4.26      1.00     4   4.1485
#          74       0.00000     21.17      2.00     3   4.1494
#          75       0.00000      6.67      1.00     4   4.1537
#          76       0.00000      6.60      1.00     4   4.2058
#          77       0.00000     14.72      2.00     4   4.2154
#          78       0.00000      6.85      2.00     3   4.2425
#          79       0.00000      5.03      1.00     4   4.2443
#          80       0.00000      6.75      2.00     3   4.2571
#          82       0.00000     20.04      2.00     3   4.2632
#          83       0.00000      6.78      2.00     3   4.2674
#          84       0.00000     12.30      1.00     2   4.2857
#          85       0.00000      7.38      2.00     3   4.3138
#          86       0.00000     14.34      2.00     4   4.3168
#          88       0.00000     11.99      1.00     2   4.3240
#          89       0.00000      8.70      2.00     3   4.3466
#          90       0.00000      7.61      2.00     3   4.3579
#          91       0.00000     11.71      1.00     2   4.3591
#          92       0.00000     15.54      2.00     3   4.3606
#          93       0.00000     11.12      1.00     2   4.4376
#          94       0.00000     11.03      1.00     2   4.4499
#          95       0.00000      4.92      1.00     4   4.4525
#          96       0.00000      9.35      2.00     4   4.4583
#          97       0.00000     21.13      2.00     3   4.4589
#          98       0.00000     18.36      2.00     3   4.4595
#          99       0.00000     10.85      1.00     2   4.4756
#         100       0.00000      5.52      2.00     3   4.4832
#         101       0.00000     10.73      1.00     2   4.4927
#         102       0.00000      7.04      2.00     3   4.5083
#         103       0.00000     10.57      1.00     2   4.5156
#         104       0.00000      5.51      2.00     3   4.5169
#         105       0.00000     22.06      2.00     3   4.5255
#         106       0.00000     12.12      1.00     4   4.5586
#         107       0.00000     10.26      1.00     2   4.5624
#         108       0.00000     10.26      1.00     2   4.5625
#         109       0.00000     16.38      2.00     3   4.5796
#         110       0.00000      9.87      1.00     4   4.5951
#         111       0.00000     13.12      1.00     4   4.6011
#         112       0.00000      4.72      2.00     3   4.6058
#         113       0.00000     16.05      2.00     3   4.6293
#         114       0.00000      8.58      2.00     3   4.6295
#         115       0.00000      4.73      2.00     3   4.6394
#         116       0.00000     10.83      1.00     2   4.6440
#         117       0.00000      9.71      1.00     2   4.6481
#         118       0.00000      9.52      1.00     2   4.6790
#         119       0.00000      4.38      2.00     3   4.6909
#         120       0.00000      9.44      1.00     2   4.6936
#         121       0.00000      4.78      2.00     3   4.7008
#         122       0.00000      4.37      2.00     3   4.7020
#         123       0.00000     14.55      2.00     3   4.7101
#         126       0.00000      8.60      1.00     4   4.7215
#         127       0.00000      6.53      2.00     3   4.7246
#         128       0.00000      4.48      2.00     3   4.7313
#         129       0.00000      9.48      2.00     3   4.7452
#         130       0.00000      4.34      2.00     3   4.7534
#         131       0.00000      9.09      1.00     2   4.7544
#         132       0.00000     11.82      2.00     3   4.7617
#         133       0.00000     18.07      2.00     2   4.7630
#         134       0.00000      8.40      1.00     4   4.7659
#         136       0.00000     10.35      2.00     3   4.7871
#         137       0.00000     12.93      2.00     3   4.8101
#         139       0.00000      7.64      2.00     3   4.8173
#         140       0.00000      8.69      1.00     2   4.8274
#         141       0.00000      8.63      1.00     2   4.8375
#         143       0.00000      7.88      2.00     3   4.8412
#         144       0.00000      7.13      2.00     3   4.8423
#         145       0.00000      6.39      2.00     3   4.8462
#         146       0.00000      7.42      1.00     4   4.8577
#         147       0.00000      4.01      2.00     3   4.8698
#         149       0.00000      6.08      2.00     3   4.8954
#         150       0.00000      8.34      2.00     3   4.9006
#         151       0.00000      4.07      2.00     3   4.9092
#         152       0.00000      6.26      2.00     3   4.9152
#         153       0.00000      6.23      2.00     3   4.9174
#         154       0.00000      4.94      1.00     4   4.9301
#         155       0.00000      4.48      2.00     4   4.9314
#         156       0.00000      4.32      2.00     3   4.9334
#         157       0.00000     14.11      2.00     3   4.9375
#         158       0.00000      5.44      2.00     3   4.9506
#         159       0.00000      5.40      2.00     4   4.9553
#         160       0.00000      5.55      1.00     4   4.9611
#         161       0.00000      6.45      1.00     4   4.9721
#         163       0.00000      9.69      2.00     3   4.9787
#         165       0.00000      8.60      2.00     3   5.0055
#         166       0.00000      7.08      2.00     3   5.0150
#         167       0.00000      6.72      2.00     3   5.0203
#         168       0.00000      8.75      1.00     2   5.0223
#         169       0.00000      7.47      1.00     4   5.0475
#         170       0.00000      4.72      2.00     4   5.0603
#         171       0.00000      8.57      1.00     2   5.0610
#         172       0.00000      7.25      2.00     3   5.0634
#         177       0.00000      7.82      2.00     3   5.1000
#         178       0.00000      8.30      1.00     2   5.1182
#         179       0.00000      7.28      1.00     2   5.1197
#         180       0.00000      9.43      2.00     3   5.1231
#         181       0.00000      8.27      1.00     2   5.1254
#         182       0.00000      8.91      2.00     3   5.1331
#         184       0.00000     11.04      2.00     3   5.1523
#         186       0.00000      7.10      1.00     2   5.1634
#         189       0.00000      8.00      1.00     2   5.1858
#         190       0.00000      7.98      1.00     2   5.1913
#         191       0.00000      6.97      1.00     2   5.1933
#         192       0.00000     17.18      2.00     3   5.1935
#         193       0.00000     10.64      1.00     4   5.1937
#         194       0.00000      4.29      1.00     4   5.1946
#         195       0.00000      8.89      2.00     3   5.2042
#         196       0.00000      9.45      2.00     3   5.2103
#         197       0.00000      5.18      2.00     4   5.2222
#         198       0.00000      4.09      1.00     4   5.2239
#         199       0.00000      5.21      1.00     4   5.2436
#         200       0.00000      4.16      2.00     3   5.2448
#         203       0.00000      6.99      2.00     3   5.2638
#         205       0.00000      9.94      2.00     3   5.2845
#         207       0.00000      4.12      1.00     4   5.3023
#         209       0.00000      4.29      2.00     4   5.3122
#         211       0.00000      6.49      1.00     2   5.3176
#         212       0.00000      7.87      2.00     3   5.3185
#         214       0.00000     15.09      2.00     3   5.3262
#         215       0.00000      8.96      1.00     4   5.3348
#         217       0.00000      6.37      1.00     2   5.3499
#         223       0.00000      7.26      1.00     2   5.3686
#         224       0.00000      5.30      2.00     3   5.3822
#         225       0.00000      4.74      1.00     4   5.3831
#         226       0.00000      5.35      2.00     3   5.3908
#         227       0.00000      4.52      2.00     4   5.4003
#         228       0.00000      6.19      1.00     2   5.4018
#         231       0.00000      4.82      2.00     3   5.4257
#         233       0.00000      6.48      2.00     3   5.4350
#         234       0.00000      6.04      1.00     2   5.4432
#         235       0.00000      6.03      1.00     2   5.4462
#         236       0.00000      6.02      1.00     2   5.4494
#         237       0.00000      7.42      2.00     3   5.4731
#         239       0.00000      5.90      1.00     2   5.4849
#         240       0.00000     13.88      2.00     3   5.4884
#         241       0.00000      8.27      1.00     4   5.4919
#         242       0.00000      7.09      2.00     3   5.4932
#         244       0.00000      5.11      2.00     3   5.5067
#         245       0.00000      5.82      1.00     2   5.5105
#         247       0.00000      4.04      2.00     3   5.5393
#         248       0.00000      5.71      1.00     2   5.5451
#         250       0.00000      6.60      1.00     2   5.5500
#         253       0.00000      4.20      2.00     3   5.5592
#         254       0.00000      4.83      2.00     3   5.5658
#         260       0.00000      6.69      2.00     3   5.5901
#         261       0.00000      6.27      2.00     3   5.5991
#         265       0.00000      5.59      2.00     3   5.6170
#         266       0.00000      4.04      2.00     3   5.6223
#         270       0.00000      6.32      1.00     2   5.6338
#         272       0.00000      4.71      2.00     3   5.6555
#         274       0.00000      6.21      1.00     2   5.6685
#         277       0.00000      4.71      2.00     3   5.7179
#         278       0.00000      5.47      2.00     3   5.7198
#         280       0.00000      4.95      2.00     3   5.7343
#         282       0.00000      4.43      2.00     3   5.7564
#         283       0.00000      6.35      2.00     3   5.7574
#         284       0.00000      4.55      2.00     3   5.7634
#         285       0.00000      5.19      2.00     3   5.7648
#         286       0.00000      5.79      2.00     3   5.7688
#         287       0.00000      4.01      2.00     3   5.7731
#         288       0.00000      4.62      2.00     3   5.7751
#         290       0.00000      4.22      2.00     3   5.7913
#         291       0.00000      4.98      1.00     2   5.7947
#         293       0.00000      5.80      1.00     2   5.8015
#         299       0.00000      6.43      2.00     3   5.8273
#         306       0.00000      5.63      1.00     2   5.8634
#         308       0.00000      5.60      1.00     2   5.8721
#         313       0.00000      4.12      2.00     3   5.8884
#         316       0.00000      4.68      1.00     2   5.9118
#         319       0.00000      5.71      2.00     3   5.9282
#         323       0.00000      5.41      1.00     2   5.9428
#         325       0.00000      5.38      1.00     2   5.9531
#   240/ 305 paths used
#  -----------------------------------------------------------------------
#       k          chi          mag           phase @#
    -0.7000   -4.858168E-01  4.858305E-01 -1.563292E+00
    -0.6500   -4.905578E-01  4.908184E-01 -1.538208E+00
    -0.6000   -4.963119E-01  4.974478E-01 -1.503205E+00
    -0.5500   -5.009589E-01  5.039822E-01 -1.461208E+00
    -0.5000   -5.038218E-01  5.096800E-01 -1.419034E+00
    -0.4500   -5.049254E-01  5.145169E-01 -1.377406E+00
    -0.4000   -5.047449E-01  5.185055E-01 -1.339897E+00
    -0.3500   -5.032160E-01  5.218029E-01 -1.303087E+00
    -0.3000   -5.011571E-01  5.244637E-01 -1.271557E+00
    -0.2500   -4.988929E-01  5.265679E-01 -1.245146E+00
    -0.2000   -4.966924E-01  5.281883E-01 -1.223716E+00
    -0.1500   -4.946694E-01  5.294926E-01 -1.206102E+00
    -0.1000   -4.930768E-01  5.304278E-01 -1.193281E+00
    -0.0500   -4.920737E-01  5.309782E-01 -1.185616E+00
     0.0000   -4.917315E-01  5.311599E-01 -1.183065E+00
     0.0500   -4.913854E-01  5.313407E-01 -1.180517E+00
     0.1000   -4.903236E-01  5.318778E-01 -1.172886E+00
     0.1500   -4.884768E-01  5.327552E-01 -1.160212E+00
     0.2000   -4.857313E-01  5.339463E-01 -1.142563E+00
     0.2500   -4.819330E-01  5.354143E-01 -1.120027E+00
     0.3000   -4.768920E-01  5.371122E-01 -1.092720E+00
     0.3500   -4.703418E-01  5.390929E-01 -1.060232E+00
     0.4000   -4.618484E-01  5.416469E-01 -1.021083E+00
     0.4500   -4.512618E-01  5.443639E-01 -9.772652E-01
     0.5000   -4.382875E-01  5.471811E-01 -9.289500E-01
     0.5500   -4.224903E-01  5.503674E-01 -8.751683E-01
     0.6000   -4.032351E-01  5.543216E-01 -8.145822E-01
     0.6500   -3.804161E-01  5.583144E-01 -7.496265E-01
     0.7000   -3.535732E-01  5.625880E-01 -6.795928E-01
     0.7500   -3.216899E-01  5.679863E-01 -6.020936E-01
     0.8000   -2.849325E-01  5.732902E-01 -5.201528E-01
     0.8500   -2.424146E-01  5.791773E-01 -4.318481E-01
     0.9000   -1.933723E-01  5.857529E-01 -3.364371E-01
     0.9500   -1.386148E-01  5.918676E-01 -2.363945E-01
     1.0000   -7.617828E-02  5.988912E-01 -1.275444E-01
     1.0500   -8.025267E-03  6.052677E-01 -1.325943E-02
     1.1000    6.570409E-02  6.112248E-01  1.077039E-01
     1.1500    1.443694E-01  6.167560E-01  2.362707E-01
     1.2000    2.241567E-01  6.206251E-01  3.695319E-01
     1.2500    3.056069E-01  6.239313E-01  5.118702E-01
     1.3000    3.822988E-01  6.248874E-01  6.583194E-01
     1.3500    4.530172E-01  6.242146E-01  8.121087E-01
     1.4000    5.125110E-01  6.210127E-01  9.707025E-01
     1.4500    5.576835E-01  6.152894E-01  1.134625E+00
     1.5000    5.854002E-01  6.069008E-01  1.303820E+00
     1.5500    5.928136E-01  5.954664E-01  1.476369E+00
     1.6000    5.792897E-01  5.813147E-01  1.654289E+00
     1.6500    5.446400E-01  5.640087E-01  1.833625E+00
     1.7000    4.905634E-01  5.441243E-01  2.018220E+00
     1.7500    4.206736E-01  5.213999E-01  2.202850E+00
     1.8000    3.384514E-01  4.962319E-01  2.391040E+00
     1.8500    2.502921E-01  4.688789E-01  2.578493E+00
     1.9000    1.596394E-01  4.394952E-01  2.769856E+00
     1.9500    7.361987E-02  4.085610E-01  2.960410E+00
     2.0000   -1.905681E-03  3.768076E-01  3.146650E+00
     2.0500   -6.371069E-02  3.448870E-01  3.327389E+00
     2.1000   -1.098900E-01  3.120421E-01  3.501475E+00
     2.1500   -1.396760E-01  2.787696E-01  3.666398E+00
     2.2000   -1.552545E-01  2.474825E-01  3.819719E+00
     2.2500   -1.596698E-01  2.187961E-01  3.959571E+00
     2.3000   -1.557986E-01  1.925185E-01  4.084494E+00
     2.3500   -1.453563E-01  1.677253E-01  4.190006E+00
     2.4000   -1.333123E-01  1.472810E-01  4.273339E+00
     2.4500   -1.223818E-01  1.314946E-01  4.337910E+00
     2.5000   -1.140939E-01  1.201830E-01  4.392705E+00
     2.5500   -1.091681E-01  1.130348E-01  4.450070E+00
     2.6000   -1.059805E-01  1.083441E-01  4.503124E+00
     2.6500   -1.049017E-01  1.061111E-01  4.561265E+00
     2.7000   -1.054158E-01  1.057379E-01  4.634319E+00
     2.7500   -1.061144E-01  1.061238E-01  4.725731E+00
     2.8000   -1.064821E-01  1.072051E-01  4.828599E+00
     2.8500   -1.058528E-01  1.087270E-01  4.942831E+00
     2.9000   -1.035317E-01  1.104456E-01  5.068099E+00
     2.9500   -9.874430E-02  1.119928E-01  5.203727E+00
     3.0000   -9.120013E-02  1.133334E-01  5.348005E+00
     3.0500   -8.072904E-02  1.144184E-01  5.499973E+00
     3.1000   -6.731464E-02  1.151761E-01  5.658984E+00
     3.1500   -5.109219E-02  1.153285E-01  5.824227E+00
     3.2000   -3.255806E-02  1.149792E-01  5.996093E+00
     3.2500   -1.238762E-02  1.140430E-01  6.174348E+00
     3.3000    8.331908E-03  1.123935E-01  6.357385E+00
     3.3500    2.838280E-02  1.101570E-01  6.543783E+00
     3.4000    4.672179E-02  1.074048E-01  6.733231E+00
     3.4500    6.234886E-02  1.041069E-01  6.925303E+00
     3.5000    7.445616E-02  1.003002E-01  7.119731E+00
     3.5500    8.252716E-02  9.605504E-02  7.316822E+00
     3.6000    8.620240E-02  9.137210E-02  7.515987E+00
     3.6500    8.543860E-02  8.625755E-02  7.716074E+00
     3.7000    8.062112E-02  8.077943E-02  7.916598E+00
     3.7500    7.238728E-02  7.497876E-02  8.117663E+00
     3.8000    6.159532E-02  6.890081E-02  8.318649E+00
     3.8500    4.938398E-02  6.267950E-02  8.517418E+00
     3.9000    3.685609E-02  5.640550E-02  8.712693E+00
     3.9500    2.494584E-02  5.017266E-02  8.904409E+00
     4.0000    1.435845E-02  4.402002E-02  9.092518E+00
     4.0500    5.799987E-03  3.800036E-02  9.271549E+00
     4.1000   -4.099682E-04  3.221869E-02  9.437503E+00
     4.1500   -4.250988E-03  2.675343E-02  9.584349E+00
     4.2000   -5.887177E-03  2.165404E-02  9.700118E+00
     4.2500   -5.733431E-03  1.720455E-02  9.764527E+00
     4.3000   -4.398445E-03  1.369865E-02  9.751654E+00
     4.3500   -2.507661E-03  1.151906E-02  9.644232E+00
     4.4000   -5.521643E-04  1.101187E-02  9.474942E+00
     4.4500    7.188968E-04  1.206140E-02  9.365140E+00
     4.5000    8.759219E-04  1.390216E-02  9.361730E+00
     4.5500   -2.452942E-04  1.593398E-02  9.440173E+00
     4.6000   -2.600700E-03  1.797852E-02  9.569943E+00
     4.6500   -6.017427E-03  1.971626E-02  9.734928E+00
     4.7000   -1.003954E-02  2.105410E-02  9.921840E+00
     4.7500   -1.412106E-02  2.197103E-02  1.012281E+01
     4.8000   -1.782825E-02  2.258490E-02  1.033459E+01
     4.8500   -2.056400E-02  2.275123E-02  1.055349E+01
     4.9000   -2.196187E-02  2.249577E-02  1.077727E+01
     4.9500   -2.186193E-02  2.186279E-02  1.100442E+01
     5.0000   -2.039796E-02  2.099120E-02  1.123388E+01
     5.0500   -1.769165E-02  1.983344E-02  1.146460E+01
     5.1000   -1.409708E-02  1.844503E-02  1.169645E+01
     5.1500   -1.003559E-02  1.688050E-02  1.192972E+01
     5.2000   -5.976447E-03  1.527306E-02  1.216432E+01
     5.2500   -2.224583E-03  1.358856E-02  1.240192E+01
     5.3000    9.379435E-04  1.186915E-02  1.264548E+01
     5.3500    3.324626E-03  1.014945E-02  1.290010E+01
     5.4000    4.858380E-03  8.512210E-03  1.317379E+01
     5.4500    5.495566E-03  6.930216E-03  1.348207E+01
     5.5000    5.244613E-03  5.462156E-03  1.385399E+01
     5.5500    4.158404E-03  4.247344E-03  1.434217E+01
     5.6000    2.364482E-03  3.607490E-03  1.499320E+01
     5.6500   -1.430409E-05  3.845233E-03  1.571168E+01
     5.7000   -2.738321E-03  4.872260E-03  1.630479E+01
     5.7500   -5.481563E-03  6.325315E-03  1.675633E+01
     5.8000   -7.871764E-03  7.965413E-03  1.712527E+01
     5.8500   -9.514872E-03  9.657674E-03  1.745094E+01
     5.9000   -1.006579E-02  1.131180E-02  1.775254E+01
     5.9500   -9.311911E-03  1.285651E-02  1.803954E+01
     6.0000   -7.216813E-03  1.427821E-02  1.831966E+01
     6.0500   -3.941747E-03  1.549849E-02  1.859240E+01
     6.1000    1.342021E-04  1.647028E-02  1.885770E+01
     6.1500    4.502272E-03  1.716722E-02  1.911492E+01
     6.2000    8.630141E-03  1.758218E-02  1.936262E+01
     6.2500    1.207597E-02  1.773166E-02  1.959874E+01
     6.3000    1.457962E-02  1.765982E-02  1.982079E+01
     6.3500    1.610441E-02  1.744166E-02  2.002622E+01
     6.4000    1.681570E-02  1.718287E-02  2.021325E+01
     6.4500    1.700035E-02  1.701274E-02  2.038219E+01
     6.5000    1.700435E-02  1.713142E-02  2.054223E+01
     6.5500    1.691070E-02  1.757975E-02  2.069712E+01
     6.6000    1.667846E-02  1.839204E-02  2.085545E+01
     6.6500    1.607039E-02  1.954999E-02  2.102621E+01
     6.7000    1.469104E-02  2.097377E-02  2.121512E+01
     6.7500    1.211011E-02  2.254577E-02  2.142411E+01
     6.8000    8.021398E-03  2.413523E-02  2.165235E+01
     6.8500    2.391704E-03  2.561548E-02  2.189764E+01
     6.9000   -4.447087E-03  2.687349E-02  2.215740E+01
     6.9500   -1.179704E-02  2.781460E-02  2.242915E+01
     7.0000   -1.874847E-02  2.841037E-02  2.271186E+01
     7.0500   -2.421565E-02  2.857592E-02  2.300225E+01
     7.1000   -2.728475E-02  2.826104E-02  2.329833E+01
     7.1500   -2.743246E-02  2.745109E-02  2.359879E+01
     7.2000   -2.465015E-02  2.615145E-02  2.390243E+01
     7.2500   -1.947081E-02  2.438656E-02  2.420807E+01
     7.3000   -1.286821E-02  2.219849E-02  2.451440E+01
     7.3500   -6.048825E-03  1.964510E-02  2.481975E+01
     7.4000   -1.860447E-04  1.679798E-02  2.512167E+01
     7.4500    3.838087E-03  1.374067E-02  2.541583E+01
     7.5000    5.594722E-03  1.058734E-02  2.568950E+01
     7.5500    5.251886E-03  7.437223E-03  2.591680E+01
     7.6000    3.450864E-03  4.485186E-03  2.601063E+01
     7.6500    1.117771E-03  2.470298E-03  2.560229E+01
     7.7000   -7.765714E-04  3.278888E-03  2.489363E+01
     7.7500   -1.469221E-03  5.465391E-03  2.486057E+01
     7.8000   -5.929924E-04  7.629201E-03  2.505494E+01
     7.8500    1.747107E-03  9.493804E-03  2.531782E+01
     7.9000    5.024807E-03  1.097070E-02  2.560851E+01
     7.9500    8.452416E-03  1.202075E-02  2.591256E+01
     8.0000    1.123239E-02  1.265533E-02  2.622477E+01
     8.0500    1.269255E-02  1.286420E-02  2.653999E+01
     8.1000    1.251027E-02  1.265469E-02  2.685476E+01
     8.1500    1.079287E-02  1.206312E-02  2.716657E+01
     8.2000    8.006364E-03  1.113996E-02  2.747239E+01
     8.2500    4.826223E-03  9.948863E-03  2.776785E+01
     8.3000    1.939955E-03  8.566708E-03  2.804590E+01
     8.3500   -1.405128E-04  7.086401E-03  2.829416E+01
     8.4000   -1.203563E-03  5.626637E-03  2.848990E+01
     8.4500   -1.367109E-03  4.356797E-03  2.859351E+01
     8.5000   -1.009426E-03  3.548895E-03  2.856275E+01
     8.5500   -6.338225E-04  3.440311E-03  2.845963E+01
     8.6000   -6.817308E-04  3.918443E-03  2.844920E+01
     8.6500   -1.385980E-03  4.632281E-03  2.857819E+01
     8.7000   -2.693569E-03  5.323764E-03  2.880482E+01
     8.7500   -4.280178E-03  5.864645E-03  2.909240E+01
     8.8000   -5.652112E-03  6.199745E-03  2.942166E+01
     8.8500   -6.304002E-03  6.315631E-03  2.978444E+01
     8.9000   -5.884401E-03  6.229005E-03  3.017932E+01
     8.9500   -4.319470E-03  5.984169E-03  3.060950E+01
     9.0000   -1.857334E-03  5.661489E-03  3.108167E+01
     9.0500    9.834713E-04  5.361023E-03  3.160042E+01
     9.1000    3.531367E-03  5.201054E-03  3.216229E+01
     9.1500    5.139900E-03  5.291143E-03  3.274705E+01
     9.2000    5.359233E-03  5.674027E-03  3.332139E+01
     9.2500    4.055762E-03  6.306313E-03  3.385894E+01
     9.3000    1.449448E-03  7.094416E-03  3.435176E+01
     9.3500   -1.939564E-03  7.939465E-03  3.480431E+01
     9.4000   -5.418438E-03  8.758773E-03  3.522452E+01
     9.4500   -8.287221E-03  9.489838E-03  3.561940E+01
     9.5000   -1.000377E-02  1.009284E-02  3.599536E+01
     9.5500   -1.027410E-02  1.054447E-02  3.635526E+01
     9.6000   -9.107604E-03  1.082856E-02  3.669985E+01
     9.6500   -6.788285E-03  1.094398E-02  3.703002E+01
     9.7000   -3.771495E-03  1.090205E-02  3.734587E+01
     9.7500   -5.590278E-04  1.072570E-02  3.764697E+01
     9.8000    2.417589E-03  1.044820E-02  3.793262E+01
     9.8500    4.875031E-03  1.011115E-02  3.820221E+01
     9.9000    6.701210E-03  9.761217E-03  3.845580E+01
     9.9500    7.925118E-03  9.444992E-03  3.869470E+01
    10.0000    8.677555E-03  9.224893E-03  3.892370E+01
    10.0500    9.054308E-03  9.122164E-03  3.914786E+01
    10.1000    9.072743E-03  9.120127E-03  3.937189E+01
    10.1500    8.701053E-03  9.202454E-03  3.960153E+01
    10.2000    7.855051E-03  9.336659E-03  3.984100E+01
    10.2500    6.450872E-03  9.481703E-03  4.009246E+01
    10.3000    4.468244E-03  9.595578E-03  4.035633E+01
    10.3500    1.999861E-03  9.640886E-03  4.063175E+01
    10.4000   -7.330246E-04  9.588055E-03  4.091723E+01
    10.4500   -3.407557E-03  9.416693E-03  4.121097E+01
    10.5000   -5.663481E-03  9.115785E-03  4.151108E+01
    10.5500   -7.186815E-03  8.683229E-03  4.181564E+01
    10.6000   -7.788353E-03  8.125036E-03  4.212262E+01
    10.6500   -7.453143E-03  7.454381E-03  4.242973E+01
    10.7000   -6.345420E-03  6.690644E-03  4.273414E+01
    10.7500   -4.766538E-03  5.858592E-03  4.303198E+01
    10.8000   -3.077443E-03  4.987962E-03  4.331741E+01
    10.8500   -1.607633E-03  4.113987E-03  4.358083E+01
    10.9000   -5.763899E-04  3.280066E-03  4.380565E+01
    10.9500   -4.819751E-05  2.544918E-03  4.396336E+01
    11.0000    6.565720E-05  2.007201E-03  4.401501E+01
    11.0500   -2.784038E-05  1.771620E-03  4.396658E+01
    11.1000   -9.157051E-05  1.843802E-03  4.393261E+01
    11.1500    6.297800E-05  2.100633E-03  4.401228E+01
    11.2000    5.174494E-04  2.402863E-03  4.419934E+01
    11.2500    1.221241E-03  2.668950E-03  4.445756E+01
    11.3000    2.009543E-03  2.860620E-03  4.476118E+01
    11.3500    2.658269E-03  2.962707E-03  4.509578E+01
    11.4000    2.958172E-03  2.972810E-03  4.545382E+01
    11.4500    2.784734E-03  2.896421E-03  4.583170E+01
    11.5000    2.142029E-03  2.744351E-03  4.622839E+01
    11.5500    1.166872E-03  2.531101E-03  4.664475E+01
    11.6000    9.186921E-05  2.273660E-03  4.708347E+01
    11.6500   -8.214600E-04  1.990552E-03  4.754928E+01
    11.7000   -1.359202E-03  1.701115E-03  4.804953E+01
    11.7500   -1.418003E-03  1.425097E-03  4.859487E+01
    11.8000   -1.035321E-03  1.182674E-03  4.919921E+01
    11.8500   -3.776565E-04  9.945739E-04  4.987599E+01
    11.9000    3.099873E-04  8.804999E-04  5.062525E+01
    11.9500    7.786271E-04  8.528444E-04  5.141600E+01
    12.0000    8.541293E-04  9.125024E-04  5.219590E+01
    12.0500    4.852364E-04  1.049540E-03  5.292645E+01
    12.1000   -2.365915E-04  1.250549E-03  5.359741E+01
    12.1500   -1.089958E-03  1.509500E-03  5.421386E+01
    12.2000   -1.787616E-03  1.821798E-03  5.478385E+01
    12.2500   -2.058465E-03  2.181389E-03  5.531518E+01
    12.3000   -1.727836E-03  2.579618E-03  5.581472E+01
    12.3500   -7.735257E-04  3.005328E-03  5.628835E+01
    12.4000    6.582636E-04  3.445506E-03  5.674090E+01
    12.4500    2.281817E-03  3.886071E-03  5.717624E+01
    12.5000    3.738181E-03  4.312652E-03  5.759740E+01
    12.5500    4.681402E-03  4.711293E-03  5.800676E+01
    12.6000    4.862267E-03  5.069078E-03  5.840610E+01
    12.6500    4.188272E-03  5.374672E-03  5.879677E+01
    12.7000    2.745240E-03  5.618761E-03  5.917979E+01
    12.7500    7.764189E-04  5.794394E-03  5.955586E+01
    12.8000   -1.374161E-03  5.897216E-03  5.992544E+01
    12.8500   -3.338615E-03  5.925608E-03  6.028878E+01
    12.9000   -4.802800E-03  5.880703E-03  6.064594E+01
    12.9500   -5.566125E-03  5.766324E-03  6.099678E+01
    13.0000   -5.578039E-03  5.596239E-03  6.134173E+01
    13.0500   -4.916137E-03  5.382699E-03  6.168049E+01
    13.1000   -3.749407E-03  5.125032E-03  6.201121E+01
    13.1500   -2.312899E-03  4.835063E-03  6.233307E+01
    13.2000   -8.400161E-04  4.525891E-03  6.264517E+01
    13.2500    4.824558E-04  4.211346E-03  6.294667E+01
    13.3000    1.539328E-03  3.905303E-03  6.323701E+01
    13.3500    2.289231E-03  3.620797E-03  6.351630E+01
    13.4000    2.747875E-03  3.368896E-03  6.378572E+01
    13.4500    2.960882E-03  3.157454E-03  6.404793E+01
    13.5000    2.976378E-03  2.990017E-03  6.430710E+01
    13.5500    2.826071E-03  2.865374E-03  6.456847E+01
    13.6000    2.519667E-03  2.778144E-03  6.483743E+01
    13.6500    2.052527E-03  2.720353E-03  6.511854E+01
    13.7000    1.422150E-03  2.683453E-03  6.541488E+01
    13.7500    6.464508E-04  2.660098E-03  6.572797E+01
    13.8000   -2.233950E-04  2.645231E-03  6.605800E+01
    13.8500   -1.100683E-03  2.636407E-03  6.640413E+01
    13.9000   -1.873144E-03  2.633519E-03  6.676475E+01
    13.9500   -2.422956E-03  2.638093E-03  6.713759E+01
    14.0000   -2.652550E-03  2.653286E-03  6.752069E+01
    14.0500   -2.501902E-03  2.680689E-03  6.791153E+01
    14.1000   -1.969679E-03  2.720042E-03  6.830526E+01
    14.1500   -1.121477E-03  2.771777E-03  6.869849E+01
    14.2000   -7.612827E-05  2.834704E-03  6.908818E+01
    14.2500    1.015135E-03  2.906194E-03  6.947186E+01
    14.3000    1.995073E-03  2.982600E-03  6.984777E+01
    14.3500    2.726578E-03  3.059784E-03  7.021481E+01
    14.4000    3.113461E-03  3.133591E-03  7.057242E+01
    14.4500    3.112503E-03  3.200215E-03  7.092050E+01
    14.5000    2.735677E-03  3.256421E-03  7.125919E+01
    14.5500    2.043470E-03  3.299653E-03  7.158878E+01
    14.6000    1.131731E-03  3.328041E-03  7.190965E+01
    14.6500    1.151435E-04  3.340367E-03  7.222215E+01
    14.7000   -8.897065E-04  3.336012E-03  7.252660E+01
    14.7500   -1.779213E-03  3.314902E-03  7.282319E+01
    14.8000   -2.473952E-03  3.277500E-03  7.311202E+01
    14.8500   -2.925330E-03  3.224817E-03  7.339305E+01
    14.9000   -3.117429E-03  3.158469E-03  7.366605E+01
    14.9500   -3.064344E-03  3.080751E-03  7.393068E+01
    15.0000   -2.805910E-03  2.996602E-03  7.418610E+01
    15.0500   -2.396408E-03  2.911863E-03  7.443159E+01
    15.1000   -1.886705E-03  2.827504E-03  7.466769E+01
    15.1500   -1.326534E-03  2.748174E-03  7.489449E+01
    15.2000   -7.548952E-04  2.678693E-03  7.511254E+01
    15.2500   -1.971544E-04  2.623598E-03  7.532301E+01
    15.3000    3.342400E-04  2.586531E-03  7.552781E+01
    15.3500    8.357833E-04  2.569600E-03  7.572951E+01
    15.4000    1.306837E-03  2.572870E-03  7.593100E+01
    15.4500    1.743204E-03  2.594198E-03  7.613508E+01
    15.5000    2.132317E-03  2.629469E-03  7.634396E+01
    15.5500    2.451655E-03  2.673175E-03  7.655905E+01
    15.6000    2.671156E-03  2.719172E-03  7.678082E+01
    15.6500    2.759219E-03  2.761421E-03  7.700895E+01
    15.7000    2.690739E-03  2.794620E-03  7.724253E+01
    15.7500    2.454858E-03  2.814684E-03  7.748021E+01
    15.8000    2.060021E-03  2.819072E-03  7.772040E+01
    15.8500    1.534603E-03  2.807001E-03  7.796139E+01
    15.9000    9.226418E-04  2.779539E-03  7.820146E+01
    15.9500    2.757179E-04  2.739590E-03  7.843900E+01
    16.0000   -3.539495E-04  2.694101E-03  7.867158E+01
    16.0500   -9.290213E-04  2.653059E-03  7.889757E+01
    16.1000   -1.435187E-03  2.618707E-03  7.911985E+01
    16.1500   -1.862883E-03  2.596872E-03  7.933982E+01
    16.2000   -2.208757E-03  2.592020E-03  7.955987E+01
    16.2500   -2.467898E-03  2.606399E-03  7.978315E+01
    16.3000   -2.626997E-03  2.639561E-03  8.001301E+01
    16.3500   -2.661433E-03  2.688436E-03  8.025246E+01
    16.4000   -2.538238E-03  2.747923E-03  8.050380E+01
    16.4500   -2.225115E-03  2.811784E-03  8.076839E+01
    16.5000   -1.703558E-03  2.873562E-03  8.104683E+01
    16.5500   -9.824884E-04  2.927367E-03  8.133914E+01
    16.6000   -1.079826E-04  2.968431E-03  8.164502E+01
    16.6500    8.347785E-04  2.993457E-03  8.196402E+01
    16.7000    1.729531E-03  3.000789E-03  8.229567E+01
    16.7500    2.446532E-03  2.990445E-03  8.263954E+01
    16.8000    2.866670E-03  2.964029E-03  8.299519E+01
    16.8500    2.906873E-03  2.924538E-03  8.336217E+01
    16.9000    2.540784E-03  2.876051E-03  8.373987E+01
    16.9500    1.809300E-03  2.823298E-03  8.412740E+01
    17.0000    8.173477E-04  2.773932E-03  8.452391E+01
    17.0500   -2.859859E-04  2.735472E-03  8.492774E+01
    17.1000   -1.325757E-03  2.704604E-03  8.533530E+01
    17.1500   -2.135935E-03  2.682840E-03  8.574390E+01
    17.2000   -2.591384E-03  2.669863E-03  8.615074E+01
    17.2500   -2.629877E-03  2.663636E-03  8.655318E+01
    17.3000   -2.261131E-03  2.660788E-03  8.694899E+01
    17.3500   -1.561465E-03  2.657182E-03  8.733646E+01
    17.4000   -6.559124E-04  2.648523E-03  8.771434E+01
    17.4500    3.077000E-04  2.630901E-03  8.808182E+01
    17.5000    1.186746E-03  2.601199E-03  8.843835E+01
    17.5500    1.867928E-03  2.557369E-03  8.878352E+01
    17.6000    2.282995E-03  2.498581E-03  8.911693E+01
    17.6500    2.413811E-03  2.425269E-03  8.943815E+01
    17.7000    2.287122E-03  2.339105E-03  8.974661E+01
    17.7500    1.961575E-03  2.242919E-03  9.004165E+01
    17.8000    1.510914E-03  2.140562E-03  9.032257E+01
    17.8500    1.007523E-03  2.036715E-03  9.058872E+01
    17.9000    5.098076E-04  1.936611E-03  9.083980E+01
    17.9500    5.544458E-05  1.845632E-03  9.107614E+01
    18.0000   -3.404950E-04  1.772292E-03  9.129951E+01
    18.0500   -6.848048E-04  1.724960E-03  9.151443E+01
    18.1000   -9.832422E-04  1.696163E-03  9.172453E+01
    18.1500   -1.241070E-03  1.685004E-03  9.193413E+01
    18.2000   -1.457117E-03  1.688651E-03  9.214714E+01
    18.2500   -1.621467E-03  1.702854E-03  9.236657E+01
    18.3000   -1.716716E-03  1.722615E-03  9.259421E+01
    18.3500   -1.722210E-03  1.742795E-03  9.283083E+01
    18.4000   -1.620105E-03  1.758542E-03  9.307643E+01
    18.4500   -1.401740E-03  1.765527E-03  9.333050E+01
    18.5000   -1.072790E-03  1.760047E-03  9.359232E+01
    18.5500   -6.559037E-04  1.739043E-03  9.386105E+01
    18.6000   -1.899444E-04  1.700091E-03  9.413582E+01
    18.6500    2.744128E-04  1.641387E-03  9.441575E+01
    18.7000    6.822924E-04  1.561746E-03  9.469990E+01
    18.7500    9.842467E-04  1.460614E-03  9.498720E+01
    18.8000    1.146095E-03  1.338099E-03  9.527625E+01
    18.8500    1.156816E-03  1.195013E-03  9.556506E+01
    18.9000    1.032425E-03  1.032947E-03  9.585035E+01
    18.9500    8.143657E-04  8.544191E-04  9.612598E+01
    19.0000    5.627901E-04  6.642726E-04  9.637863E+01
    19.0500    3.431765E-04  4.706252E-04  9.657223E+01
    19.1000    2.091154E-04  2.890425E-04  9.658055E+01
    19.1500    1.936855E-04  1.985500E-04  9.604039E+01
    19.2000    2.973870E-04  3.071508E-04  9.556576E+01
    19.2500    4.858157E-04  4.959904E-04  9.561568E+01
    19.3000    6.959915E-04  6.961107E-04  9.583708E+01
    19.3500    8.505568E-04  8.907205E-04  9.612002E+01
    19.4000    8.769118E-04  1.072594E-03  9.643221E+01
    19.4500    7.267705E-04  1.237135E-03  9.676145E+01
    19.5000    3.911145E-04  1.381054E-03  9.710224E+01
    19.5500   -9.366363E-05  1.502057E-03  9.745177E+01
    19.6000   -6.506110E-04  1.598788E-03  9.780847E+01
    19.6500   -1.177491E-03  1.670814E-03  9.817143E+01
    19.7000   -1.569145E-03  1.718600E-03  9.854004E+01
    19.7500   -1.741594E-03  1.743463E-03  9.891386E+01
    19.8000   -1.651873E-03  1.747475E-03  9.929248E+01
    19.8500   -1.308548E-03  1.733327E-03  9.967541E+01
    19.9000   -7.702022E-04  1.704153E-03  1.000620E+02
    19.9500   -1.322760E-04  1.663317E-03  1.004514E+02