# # tequil.ion_motion                                            FEFF 9.05   
# # POT  SCF  30  5.5000   1, core-hole, AFOLP (folp(0)= 1.150)
# # Abs   Z=30 Rmt= 1.325 Rnm= 1.415 K  shell
# # Pot 1 Z=26 Rmt= 1.294 Rnm= 1.392
# # Pot 2 Z= 8 Rmt= 0.996 Rnm= 1.073
# # Gam_ch=1.897E+00 H-L exch
# # Mu=-1.181E+01 kf=2.204E+00 Vint=-1.958E+01 Rs_int= 1.646
# # PATH  Rmax= 8.500,  Keep_limit= 0.00, Heap_limit 0.00  Pwcrit= 2.50%
#  S02=1.000                                        Global_sig2= 0.00000
#  Energy zero shift, vr, vi   -2.00000E+00   0.00000E+00
#  Curved wave amplitude ratio filter   4.000%
#     file         sig2 tot  cw amp ratio   deg  nlegs   reff  inp sig2
#           1       0.00000    100.00      1.00     2   1.9956
#           2       0.00000     98.94      1.00     2   2.0040
#           3       0.00000     98.69      1.00     2   2.0060
#           4       0.00000     90.39      1.00     2   2.0764
#           5       0.00000     68.18      1.00     2   2.3174
#           6       0.00000     46.91      1.00     2   2.6749
#           7       0.00000     39.75      1.00     2   2.7810
#           8       0.00000     36.02      1.00     2   2.9063
#           9       0.00000     36.52      1.00     2   2.9399
#          10       0.00000     33.24      1.00     2   3.0113
#          11       0.00000     30.13      1.00     2   3.1427
#          12       0.00000     28.13      1.00     2   3.2366
#          13       0.00000     26.15      1.00     2   3.3287
#          14       0.00000     25.63      1.00     2   3.3670
#          15       0.00000     25.10      1.00     2   3.3791
#          16       0.00000      9.89      2.00     3   3.4051
#          17       0.00000     10.09      2.00     3   3.4089
#          18       0.00000      9.85      2.00     3   3.4533
#          19       0.00000     10.48      2.00     3   3.4661
#          20       0.00000      9.94      2.00     3   3.4839
#          21       0.00000     23.18      1.00     2   3.5117
#          22       0.00000     23.16      1.00     2   3.5126
#          23       0.00000      7.77      2.00     3   3.5380
#          24       0.00000     10.70      2.00     3   3.5428
#          25       0.00000     11.88      2.00     3   3.5431
#          26       0.00000     21.89      1.00     2   3.5518
#          27       0.00000     22.30      1.00     2   3.5679
#          28       0.00000     12.98      2.00     3   3.5829
#          29       0.00000     21.73      1.00     2   3.6063
#          30       0.00000      9.03      2.00     3   3.6362
#          31       0.00000     17.70      2.00     3   3.6447
#          32       0.00000      6.99      2.00     3   3.6576
#          33       0.00000      7.91      2.00     3   3.6686
#          34       0.00000      7.14      2.00     3   3.6695
#          35       0.00000     12.03      2.00     3   3.6738
#          36       0.00000      7.96      2.00     3   3.6777
#          37       0.00000     13.37      2.00     3   3.7427
#          38       0.00000     18.75      1.00     2   3.7559
#          39       0.00000     16.31      2.00     3   3.7587
#          40       0.00000     18.61      1.00     2   3.7665
#          41       0.00000     18.52      2.00     3   3.7721
#          42       0.00000     18.52      1.00     2   3.7727
#          43       0.00000     10.53      2.00     3   3.7923
#          44       0.00000     14.66      2.00     3   3.8011
#          45       0.00000      9.52      2.00     3   3.8011
#          46       0.00000     15.09      2.00     3   3.8286
#          47       0.00000     16.76      1.00     2   3.9094
#          48       0.00000      6.80      2.00     3   3.9103
#          49       0.00000      4.55      1.00     4   3.9224
#          50       0.00000     17.49      1.00     2   3.9382
#          51       0.00000      7.27      1.00     4   3.9379
#          52       0.00000      6.18      2.00     3   3.9681
#          53       0.00000     10.00      2.00     3   3.9773
#          54       0.00000     17.04      1.00     2   3.9792
#          55       0.00000      9.01      1.00     4   3.9913
#          56       0.00000     23.52      2.00     3   3.9957
#          57       0.00000      5.89      2.00     4   3.9996
#          58       0.00000      4.74      1.00     4   4.0056
#          59       0.00000      8.81      1.00     4   4.0080
#          60       0.00000      8.77      1.00     4   4.0120
#          61       0.00000      4.58      1.00     4   4.0232
#          62       0.00000      5.34      1.00     4   4.0259
#          63       0.00000     16.52      1.00     2   4.0279
#          64       0.00000     15.04      1.00     2   4.0623
#          65       0.00000      4.86      1.00     4   4.0743
#          66       0.00000     15.36      2.00     4   4.0824
#          67       0.00000      4.01      1.00     4   4.0896
#          68       0.00000      4.20      1.00     4   4.0892
#          70       0.00000     21.39      2.00     3   4.1188
#          71       0.00000      7.68      2.00     3   4.1349
#          72       0.00000      7.54      2.00     3   4.1495
#          73       0.00000      7.33      1.00     4   4.1527
#          74       0.00000     13.89      1.00     2   4.1778
#          75       0.00000      8.07      2.00     3   4.1863
#          76       0.00000      7.29      2.00     3   4.1891
#          77       0.00000      7.88      2.00     3   4.2026
#          78       0.00000     10.06      1.00     4   4.2096
#          79       0.00000     19.42      2.00     3   4.2431
#          80       0.00000      9.13      2.00     3   4.2463
#          81       0.00000      8.79      2.00     3   4.2523
#          82       0.00000     13.12      1.00     2   4.2618
#          83       0.00000     12.89      1.00     2   4.2873
#          84       0.00000      9.50      2.00     3   4.3153
#          85       0.00000     12.60      1.00     2   4.3216
#          86       0.00000     12.53      2.00     4   4.3214
#          87       0.00000      6.88      2.00     3   4.3275
#          88       0.00000      7.42      2.00     3   4.3457
#          89       0.00000     12.33      1.00     2   4.3537
#          90       0.00000     25.60      2.00     3   4.3968
#          91       0.00000     11.94      1.00     2   4.4034
#          92       0.00000      6.67      2.00     3   4.4033
#          94       0.00000     17.91      2.00     3   4.4232
#          95       0.00000      7.51      2.00     3   4.4242
#          96       0.00000      6.19      2.00     3   4.4602
#          97       0.00000     11.43      1.00     2   4.4690
#          98       0.00000     15.41      1.00     4   4.4720
#          99       0.00000     20.05      2.00     3   4.4743
#         100       0.00000     10.71      2.00     3   4.4876
#         101       0.00000      6.49      2.00     3   4.4944
#         102       0.00000     11.02      1.00     2   4.5255
#         103       0.00000     10.98      1.00     2   4.5324
#         104       0.00000      6.88      2.00     3   4.5649
#         105       0.00000      9.12      1.00     4   4.5846
#         107       0.00000     10.97      1.00     4   4.5949
#         108       0.00000     14.86      2.00     3   4.6012
#         109       0.00000      6.77      2.00     3   4.6011
#         110       0.00000      9.70      2.00     3   4.6036
#         111       0.00000      6.72      2.00     3   4.6098
#         112       0.00000      4.17      1.00     4   4.6349
#         113       0.00000      5.68      2.00     3   4.6458
#         115       0.00000     10.11      1.00     2   4.6606
#         116       0.00000     10.08      1.00     2   4.6665
#         118       0.00000      9.46      2.00     4   4.6705
#         120       0.00000      9.99      1.00     2   4.6793
#         121       0.00000      5.18      2.00     3   4.6919
#         122       0.00000      9.47      2.00     3   4.7041
#         123       0.00000      5.85      2.00     3   4.7086
#         125       0.00000      4.53      2.00     3   4.7212
#         126       0.00000     10.90      1.00     2   4.7218
#         127       0.00000      9.73      1.00     2   4.7217
#         128       0.00000     10.84      1.00     2   4.7325
#         129       0.00000      4.36      2.00     3   4.7343
#         132       0.00000      4.45      2.00     3   4.7639
#         133       0.00000      9.22      2.00     3   4.7647
#         134       0.00000      4.66      2.00     3   4.7807
#         135       0.00000     15.86      2.00     3   4.7825
#         136       0.00000      9.35      1.00     2   4.7870
#         138       0.00000     16.28      2.00     3   4.7924
#         140       0.00000      9.38      2.00     3   4.8068
#         142       0.00000     10.15      2.00     3   4.8145
#         143       0.00000     17.14      2.00     3   4.8164
#         144       0.00000     12.12      2.00     3   4.8317
#         145       0.00000      9.16      2.00     3   4.8562
#         146       0.00000     10.05      2.00     3   4.8845
#         147       0.00000      8.79      1.00     2   4.8874
#         149       0.00000      8.41      1.00     4   4.9044
#         150       0.00000      8.74      1.00     4   4.9055
#         151       0.00000      7.64      2.00     4   4.9103
#         152       0.00000      9.47      1.00     4   4.9111
#         153       0.00000      6.79      2.00     3   4.9124
#         154       0.00000      7.90      2.00     3   4.9193
#         157       0.00000      5.35      1.00     4   4.9308
#         158       0.00000      8.53      1.00     2   4.9360
#         159       0.00000      4.96      2.00     3   4.9366
#         160       0.00000      8.48      1.00     2   4.9462
#         161       0.00000      5.25      2.00     4   4.9459
#         162       0.00000      8.45      1.00     2   4.9510
#         163       0.00000     21.07      2.00     3   4.9621
#         164       0.00000     13.42      1.00     4   4.9732
#         166       0.00000      5.46      2.00     3   4.9885
#         167       0.00000      8.22      1.00     2   4.9979
#         169       0.00000      6.11      2.00     3   5.0279
#         170       0.00000     14.67      2.00     3   5.0314
#         171       0.00000      4.85      2.00     3   5.0347
#         172       0.00000      9.06      1.00     2   5.0526
#         173       0.00000      9.31      2.00     3   5.0528
#         176       0.00000      7.85      1.00     2   5.0748
#         177       0.00000      5.66      2.00     3   5.0840
#         179       0.00000     18.39      2.00     3   5.0907
#         181       0.00000      9.30      2.00     3   5.1036
#         182       0.00000      7.71      1.00     2   5.1044
#         183       0.00000     11.12      1.00     4   5.1065
#         187       0.00000      7.93      1.00     4   5.1268
#         189       0.00000      9.21      2.00     3   5.1550
#         191       0.00000      8.53      1.00     2   5.1638
#         192       0.00000      4.45      2.00     3   5.1705
#         193       0.00000      9.89      2.00     3   5.1707
#         195       0.00000      5.65      2.00     3   5.1776
#         197       0.00000      4.40      2.00     3   5.1937
#         198       0.00000      5.88      2.00     3   5.1969
#         201       0.00000      7.64      2.00     3   5.2611
#         203       0.00000      8.42      2.00     3   5.2747
#         204       0.00000      8.03      1.00     2   5.2755
#         205       0.00000      4.68      1.00     4   5.2889
#         208       0.00000      4.05      1.00     4   5.3198
#         211       0.00000      7.70      1.00     2   5.3552
#         212       0.00000      6.01      2.00     3   5.3620
#         213       0.00000      4.16      1.00     4   5.3638
#         215       0.00000      6.80      2.00     3   5.3725
#         218       0.00000      6.55      1.00     2   5.3867
#         219       0.00000      7.57      1.00     2   5.3871
#         220       0.00000      6.98      2.00     3   5.4077
#         221       0.00000      6.41      1.00     2   5.4251
#         222       0.00000      6.39      1.00     2   5.4304
#         225       0.00000     12.00      2.00     3   5.4463
#         227       0.00000      7.32      1.00     2   5.4515
#         228       0.00000     13.43      2.00     3   5.4550
#         229       0.00000      9.03      2.00     3   5.4557
#         230       0.00000      6.28      1.00     2   5.4606
#         234       0.00000      7.43      1.00     4   5.4797
#         235       0.00000      9.38      2.00     3   5.4865
#         237       0.00000      7.18      1.00     2   5.4875
#         238       0.00000      4.16      2.00     4   5.4931
#         239       0.00000      4.07      2.00     3   5.5040
#         240       0.00000      5.81      1.00     4   5.5056
#         241       0.00000      6.12      1.00     2   5.5086
#         242       0.00000      4.09      1.00     4   5.5124
#         243       0.00000      6.02      2.00     3   5.5151
#         246       0.00000      4.39      2.00     3   5.5456
#         248       0.00000      6.58      2.00     3   5.5513
#         250       0.00000      4.70      2.00     3   5.5655
#         251       0.00000      5.19      2.00     3   5.5660
#         253       0.00000      5.89      1.00     2   5.5761
#         254       0.00000      6.85      1.00     2   5.5788
#         255       0.00000      7.80      2.00     3   5.5874
#         256       0.00000      5.84      1.00     2   5.5921
#         257       0.00000      5.23      2.00     3   5.5995
#         258       0.00000      6.77      1.00     2   5.6007
#         259       0.00000      5.80      1.00     2   5.6053
#         260       0.00000      6.44      2.00     3   5.6081
#         261       0.00000      8.34      2.00     3   5.6096
#         263       0.00000      4.92      2.00     4   5.6281
#         265       0.00000      6.67      1.00     2   5.6293
#         268       0.00000      5.77      2.00     4   5.6355
#         269       0.00000      6.73      2.00     3   5.6398
#         272       0.00000      6.62      1.00     2   5.6454
#         274       0.00000      5.28      2.00     3   5.6476
#         275       0.00000      5.90      2.00     4   5.6523
#         276       0.00000      4.56      2.00     5   5.6782
#         278       0.00000      5.60      2.00     3   5.6914
#         279       0.00000      5.45      2.00     3   5.6971
#         280       0.00000      4.98      2.00     4   5.7027
#         281       0.00000      6.99      2.00     3   5.7051
#         282       0.00000      5.47      1.00     2   5.7090
#         284       0.00000      6.38      1.00     2   5.7167
#         288       0.00000      5.43      1.00     2   5.7233
#         289       0.00000      7.09      2.00     3   5.7256
#         290       0.00000      4.59      2.00     3   5.7303
#         293       0.00000      6.30      1.00     2   5.7412
#         294       0.00000      4.31      2.00     3   5.7430
#         295       0.00000      5.37      1.00     2   5.7457
#         297       0.00000      4.04      1.00     4   5.7585
#         299       0.00000      9.20      2.00     3   5.7696
#         300       0.00000      5.34      2.00     3   5.7753
#         302       0.00000      7.03      2.00     3   5.7766
#         304       0.00000      4.88      2.00     3   5.7897
#         306       0.00000      5.36      2.00     5   5.8013
#         310       0.00000      5.16      1.00     2   5.8189
#         312       0.00000      5.41      2.00     3   5.8228
#         313       0.00000      4.07      1.00     4   5.8225
#         314       0.00000      4.02      2.00     4   5.8301
#         317       0.00000      5.07      1.00     2   5.8499
#         318       0.00000      6.51      2.00     3   5.8524
#         319       0.00000      4.94      2.00     3   5.8561
#         320       0.00000      4.56      2.00     3   5.8594
#         322       0.00000      4.91      2.00     3   5.8696
#         327       0.00000      5.87      1.00     2   5.8826
#         328       0.00000      6.86      2.00     3   5.8887
#         331       0.00000      4.96      1.00     2   5.8936
#         340       0.00000      4.15      2.00     3   5.9187
#         343       0.00000      5.09      2.00     3   5.9410
#         345       0.00000      4.80      1.00     2   5.9524
#   252/ 320 paths used
#  -----------------------------------------------------------------------
#       k          chi          mag           phase @#
    -0.7000   -4.114259E-01  4.214995E-01 -1.351730E+00
    -0.6500   -4.119062E-01  4.193778E-01 -1.381752E+00
    -0.6000   -4.183306E-01  4.254110E-01 -1.388094E+00
    -0.5500   -4.259001E-01  4.341142E-01 -1.375956E+00
    -0.5000   -4.325233E-01  4.429002E-01 -1.353903E+00
    -0.4500   -4.374931E-01  4.509184E-01 -1.326166E+00
    -0.4000   -4.409295E-01  4.578383E-01 -1.298174E+00
    -0.3500   -4.426031E-01  4.635902E-01 -1.268749E+00
    -0.3000   -4.432916E-01  4.683248E-01 -1.242358E+00
    -0.2500   -4.432940E-01  4.721226E-01 -1.219532E+00
    -0.2000   -4.428926E-01  4.750782E-01 -1.200588E+00
    -0.1500   -4.421598E-01  4.773009E-01 -1.184671E+00
    -0.1000   -4.414455E-01  4.788460E-01 -1.172942E+00
    -0.0500   -4.409595E-01  4.797536E-01 -1.165885E+00
     0.0000   -4.407880E-01  4.800529E-01 -1.163530E+00
     0.0500   -4.406117E-01  4.803506E-01 -1.161174E+00
     0.1000   -4.400543E-01  4.812337E-01 -1.154096E+00
     0.1500   -4.390304E-01  4.826727E-01 -1.142277E+00
     0.2000   -4.373987E-01  4.846177E-01 -1.125689E+00
     0.2500   -4.349649E-01  4.869991E-01 -1.104309E+00
     0.3000   -4.314867E-01  4.897278E-01 -1.078129E+00
     0.3500   -4.265956E-01  4.927475E-01 -1.046645E+00
     0.4000   -4.196727E-01  4.961012E-01 -1.008328E+00
     0.4500   -4.106300E-01  4.995004E-01 -9.650571E-01
     0.5000   -3.991151E-01  5.028131E-01 -9.169732E-01
     0.5500   -3.845822E-01  5.060888E-01 -8.631754E-01
     0.6000   -3.663361E-01  5.094423E-01 -8.024954E-01
     0.6500   -3.445008E-01  5.123933E-01 -7.373610E-01
     0.7000   -3.187052E-01  5.150172E-01 -6.672453E-01
     0.7500   -2.881263E-01  5.177381E-01 -5.901789E-01
     0.8000   -2.533966E-01  5.198302E-01 -5.091787E-01
     0.8500   -2.140455E-01  5.217054E-01 -4.227616E-01
     0.9000   -1.698982E-01  5.234513E-01 -3.305604E-01
     0.9500   -1.220313E-01  5.244283E-01 -2.348468E-01
     1.0000   -6.934938E-02  5.255615E-01 -1.323389E-01
     1.0500   -1.361678E-02  5.259872E-01 -2.589094E-02
     1.1000    4.489848E-02  5.259662E-01  8.546784E-02
     1.1500    1.057045E-01  5.256239E-01  2.024836E-01
     1.2000    1.664187E-01  5.242399E-01  3.230366E-01
     1.2500    2.276673E-01  5.227222E-01  4.506400E-01
     1.3000    2.856251E-01  5.198480E-01  5.816934E-01
     1.3500    3.399395E-01  5.162205E-01  7.188454E-01
     1.4000    3.875089E-01  5.111546E-01  8.604025E-01
     1.4500    4.265192E-01  5.046283E-01  1.006967E+00
     1.5000    4.548931E-01  4.964617E-01  1.158667E+00
     1.5500    4.702672E-01  4.861956E-01  1.314119E+00
     1.6000    4.718296E-01  4.740052E-01  1.474949E+00
     1.6500    4.582235E-01  4.592597E-01  1.637984E+00
     1.7000    4.301737E-01  4.423652E-01  1.806114E+00
     1.7500    3.887458E-01  4.227942E-01  1.974867E+00
     1.8000    3.362211E-01  4.008335E-01  2.146509E+00
     1.8500    2.764740E-01  3.764960E-01  2.316907E+00
     1.9000    2.127328E-01  3.499943E-01  2.488283E+00
     1.9500    1.503449E-01  3.217474E-01  2.655385E+00
     2.0000    9.424719E-02  2.925218E-01  2.813552E+00
     2.0500    4.773468E-02  2.632049E-01  2.959224E+00
     2.1000    1.272325E-02  2.342101E-01  3.087242E+00
     2.1500   -1.021684E-02  2.069581E-01  3.190979E+00
     2.2000   -2.301891E-02  1.837814E-01  3.267174E+00
     2.2500   -2.889097E-02  1.660172E-01  3.316507E+00
     2.3000   -3.090565E-02  1.541688E-01  3.343426E+00
     2.3500   -3.151939E-02  1.483744E-01  3.355655E+00
     2.4000   -3.599725E-02  1.484879E-01  3.386458E+00
     2.4500   -4.586093E-02  1.520262E-01  3.448031E+00
     2.5000   -6.110293E-02  1.567076E-01  3.542134E+00
     2.5500   -8.227032E-02  1.609795E-01  3.678011E+00
     2.6000   -1.022543E-01  1.623677E-01  3.822850E+00
     2.6500   -1.186849E-01  1.611570E-01  3.969408E+00
     2.7000   -1.304578E-01  1.580805E-01  4.112258E+00
     2.7500   -1.387644E-01  1.547225E-01  4.254210E+00
     2.8000   -1.432596E-01  1.509382E-01  4.392046E+00
     2.8500   -1.444711E-01  1.470648E-01  4.524300E+00
     2.9000   -1.432507E-01  1.435216E-01  4.650940E+00
     2.9500   -1.400089E-01  1.402841E-01  4.775034E+00
     3.0000   -1.353854E-01  1.376864E-01  4.895467E+00
     3.0500   -1.299214E-01  1.360518E-01  5.013725E+00
     3.1000   -1.236832E-01  1.354807E-01  5.132799E+00
     3.1500   -1.164123E-01  1.359628E-01  5.255303E+00
     3.2000   -1.072506E-01  1.370929E-01  5.384803E+00
     3.2500   -9.557098E-02  1.384864E-01  5.521543E+00
     3.3000   -8.115299E-02  1.399917E-01  5.664826E+00
     3.3500   -6.384336E-02  1.417800E-01  5.816085E+00
     3.4000   -4.332007E-02  1.434338E-01  5.976373E+00
     3.4500   -2.005166E-02  1.444346E-01  6.143907E+00
     3.5000    4.917816E-03  1.445630E-01  6.317210E+00
     3.5500    3.032984E-02  1.439801E-01  6.495428E+00
     3.6000    5.481294E-02  1.426324E-01  6.677630E+00
     3.6500    7.660189E-02  1.401563E-01  6.861420E+00
     3.7000    9.428808E-02  1.366015E-01  7.045008E+00
     3.7500    1.070746E-01  1.321734E-01  7.227520E+00
     3.8000    1.146423E-01  1.270652E-01  7.408104E+00
     3.8500    1.169534E-01  1.213563E-01  7.583787E+00
     3.9000    1.147155E-01  1.153028E-01  7.753007E+00
     3.9500    1.090851E-01  1.092925E-01  7.915598E+00
     4.0000    1.011928E-01  1.036514E-01  8.072219E+00
     4.0500    9.184837E-02  9.838994E-02  8.220687E+00
     4.1000    8.191366E-02  9.373970E-02  8.361730E+00
     4.1500    7.190481E-02  8.988558E-02  8.497550E+00
     4.2000    6.195002E-02  8.691386E-02  8.631331E+00
     4.2500    5.193843E-02  8.473908E-02  8.765025E+00
     4.3000    4.158528E-02  8.325748E-02  8.901782E+00
     4.3500    3.058363E-02  8.232232E-02  9.044142E+00
     4.4000    1.873608E-02  8.181311E-02  9.193717E+00
     4.4500    5.981350E-03  8.145994E-02  9.351285E+00
     4.5000   -7.466234E-03  8.108091E-02  9.516992E+00
     4.5500   -2.115587E-02  8.055642E-02  9.690516E+00
     4.6000   -3.452790E-02  7.991464E-02  9.871553E+00
     4.6500   -4.677538E-02  7.892693E-02  1.005911E+01
     4.7000   -5.710218E-02  7.753682E-02  1.025259E+01
     4.7500   -6.479283E-02  7.572839E-02  1.045148E+01
     4.8000   -6.939140E-02  7.361407E-02  1.065522E+01
     4.8500   -7.040541E-02  7.102408E-02  1.086349E+01
     4.9000   -6.773910E-02  6.795890E-02  1.107602E+01
     4.9500   -6.161155E-02  6.443461E-02  1.129268E+01
     5.0000   -5.264941E-02  6.057244E-02  1.151279E+01
     5.0500   -4.151814E-02  5.625776E-02  1.173627E+01
     5.1000   -2.923641E-02  5.152057E-02  1.196294E+01
     5.1500   -1.694222E-02  4.640015E-02  1.219260E+01
     5.2000   -5.837141E-03  4.103877E-02  1.242365E+01
     5.2500    3.144109E-03  3.539030E-02  1.265533E+01
     5.3000    9.287727E-03  2.952533E-02  1.288637E+01
     5.3500    1.225237E-02  2.351921E-02  1.311434E+01
     5.4000    1.208647E-02  1.751279E-02  1.332807E+01
     5.4500    9.357004E-03  1.157391E-02  1.350790E+01
     5.5000    4.945772E-03  5.923087E-03  1.355450E+01
     5.5500   -5.460694E-05  2.379226E-03  1.254342E+01
     5.6000   -4.482142E-03  6.117520E-03  1.174413E+01
     5.6500   -7.367050E-03  1.087814E-02  1.182237E+01
     5.7000   -8.037086E-03  1.531264E-02  1.201381E+01
     5.7500   -6.230060E-03  1.925115E-02  1.223682E+01
     5.8000   -2.057993E-03  2.265226E-02  1.247539E+01
     5.8500    3.853324E-03  2.545319E-02  1.271834E+01
     5.9000    1.065314E-02  2.762814E-02  1.296222E+01
     5.9500    1.739169E-02  2.917466E-02  1.320503E+01
     6.0000    2.330205E-02  3.019067E-02  1.344808E+01
     6.0500    2.760472E-02  3.066508E-02  1.368660E+01
     6.1000    2.991828E-02  3.064539E-02  1.391890E+01
     6.1500    3.020619E-02  3.020684E-02  1.414370E+01
     6.2000    2.871397E-02  2.944033E-02  1.435976E+01
     6.2500    2.587288E-02  2.844883E-02  1.456600E+01
     6.3000    2.217977E-02  2.734171E-02  1.476175E+01
     6.3500    1.808327E-02  2.622661E-02  1.494716E+01
     6.4000    1.390251E-02  2.519838E-02  1.512354E+01
     6.4500    9.794813E-03  2.432647E-02  1.529356E+01
     6.5000    5.775019E-03  2.376729E-02  1.546252E+01
     6.5500    1.741015E-03  2.341435E-02  1.563354E+01
     6.6000   -2.369593E-03  2.319114E-02  1.581032E+01
     6.6500   -6.537831E-03  2.302345E-02  1.599589E+01
     6.7000   -1.062050E-02  2.282422E-02  1.619196E+01
     6.7500   -1.434501E-02  2.250682E-02  1.639903E+01
     6.8000   -1.734901E-02  2.199477E-02  1.661678E+01
     6.8500   -1.925601E-02  2.122740E-02  1.684438E+01
     6.9000   -1.976851E-02  2.016229E-02  1.708080E+01
     6.9500   -1.875543E-02  1.877554E-02  1.732504E+01
     7.0000   -1.642662E-02  1.716122E-02  1.757241E+01
     7.0500   -1.305742E-02  1.525847E-02  1.782256E+01
     7.1000   -9.129417E-03  1.305078E-02  1.807482E+01
     7.1500   -5.277267E-03  1.056630E-02  1.832660E+01
     7.2000   -2.144930E-03  7.843408E-03  1.857256E+01
     7.2500   -2.661860E-04  4.931523E-03  1.879555E+01
     7.3000    4.066875E-05  1.918429E-03  1.887076E+01
     7.3500   -1.257589E-03  1.468611E-03  1.673605E+01
     7.4000   -3.889962E-03  4.583414E-03  1.672149E+01
     7.4500   -7.317494E-03  7.751646E-03  1.694249E+01
     7.5000   -1.082416E-02  1.085585E-02  1.720233E+01
     7.5500   -1.359977E-02  1.385976E-02  1.747276E+01
     7.6000   -1.492171E-02  1.671726E-02  1.774649E+01
     7.6500   -1.426978E-02  1.938236E-02  1.802208E+01
     7.7000   -1.141656E-02  2.181386E-02  1.829876E+01
     7.7500   -6.475683E-03  2.397616E-02  1.857607E+01
     7.8000    1.064051E-04  2.583993E-02  1.885367E+01
     7.8500    7.613634E-03  2.738258E-02  1.913132E+01
     7.9000    1.516717E-02  2.858856E-02  1.940878E+01
     7.9500    2.185724E-02  2.944949E-02  1.968589E+01
     8.0000    2.693019E-02  3.000460E-02  1.996370E+01
     8.0500    2.975922E-02  3.024335E-02  2.024118E+01
     8.1000    3.001283E-02  3.015488E-02  2.051745E+01
     8.1500    2.771981E-02  2.975459E-02  2.079232E+01
     8.2000    2.322058E-02  2.906326E-02  2.106557E+01
     8.2500    1.710212E-02  2.810627E-02  2.133700E+01
     8.3000    1.010140E-02  2.691265E-02  2.160638E+01
     8.3500    2.995450E-03  2.551406E-02  2.187347E+01
     8.4000   -3.503674E-03  2.394377E-02  2.213801E+01
     8.4500   -8.833432E-03  2.223561E-02  2.239968E+01
     8.5000   -1.264778E-02  2.044612E-02  2.265810E+01
     8.5500   -1.481249E-02  1.859827E-02  2.291254E+01
     8.6000   -1.539070E-02  1.670702E-02  2.316233E+01
     8.6500   -1.462109E-02  1.479945E-02  2.340653E+01
     8.7000   -1.285750E-02  1.290063E-02  2.364374E+01
     8.7500   -1.050861E-02  1.103386E-02  2.387174E+01
     8.8000   -7.980147E-03  9.221545E-03  2.408683E+01
     8.8500   -5.626576E-03  7.487111E-03  2.428241E+01
     8.9000   -3.716176E-03  5.859548E-03  2.444576E+01
     8.9500   -2.411301E-03  4.384939E-03  2.455049E+01
     9.0000   -1.775403E-03  3.174785E-03  2.453930E+01
     9.0500   -1.751670E-03  2.443143E-03  2.433329E+01
     9.1000   -2.196040E-03  2.448475E-03  2.402003E+01
     9.1500   -2.913179E-03  3.052307E-03  2.386504E+01
     9.2000   -3.678954E-03  3.882078E-03  2.388686E+01
     9.2500   -4.275454E-03  4.732177E-03  2.400491E+01
     9.3000   -4.524564E-03  5.518309E-03  2.417147E+01
     9.3500   -4.314801E-03  6.203112E-03  2.436351E+01
     9.4000   -3.616502E-03  6.768785E-03  2.456907E+01
     9.4500   -2.482090E-03  7.208174E-03  2.478120E+01
     9.5000   -1.018498E-03  7.535516E-03  2.499717E+01
     9.5500    6.208576E-04  7.756689E-03  2.521287E+01
     9.6000    2.260929E-03  7.874907E-03  2.542394E+01
     9.6500    3.760450E-03  7.910931E-03  2.562810E+01
     9.7000    5.028723E-03  7.892169E-03  2.582357E+01
     9.7500    6.034935E-03  7.851491E-03  2.600945E+01
     9.8000    6.800343E-03  7.824578E-03  2.618612E+01
     9.8500    7.375720E-03  7.845494E-03  2.635573E+01
     9.9000    7.810676E-03  7.940930E-03  2.652217E+01
     9.9500    8.124051E-03  8.124742E-03  2.669049E+01
    10.0000    8.306231E-03  8.418954E-03  2.686736E+01
    10.0500    8.262923E-03  8.806116E-03  2.705661E+01
    10.1000    7.848658E-03  9.237437E-03  2.725900E+01
    10.1500    6.938576E-03  9.679386E-03  2.747507E+01
    10.2000    5.450031E-03  1.009721E-02  2.770419E+01
    10.2500    3.382057E-03  1.045829E-02  2.794503E+01
    10.3000    8.397576E-04  1.073421E-02  2.819602E+01
    10.3500   -1.964867E-03  1.090194E-02  2.845556E+01
    10.4000   -4.738448E-03  1.094438E-02  2.872210E+01
    10.4500   -7.154189E-03  1.085053E-02  2.899427E+01
    10.5000   -8.912218E-03  1.061547E-02  2.927079E+01
    10.5500   -9.798712E-03  1.024008E-02  2.955046E+01
    10.6000   -9.729842E-03  9.730661E-03  2.983215E+01
    10.6500   -8.769890E-03  9.098456E-03  3.011469E+01
    10.7000   -7.118900E-03  8.359004E-03  3.039681E+01
    10.7500   -5.072446E-03  7.531486E-03  3.067699E+01
    10.8000   -2.962729E-03  6.638012E-03  3.095327E+01
    10.8500   -1.094454E-03  5.702956E-03  3.122282E+01
    10.9000    3.101262E-04  4.752482E-03  3.148123E+01
    10.9500    1.145264E-03  3.814551E-03  3.172087E+01
    11.0000    1.427301E-03  2.931972E-03  3.192436E+01
    11.0500    1.285158E-03  2.146181E-03  3.205794E+01
    11.1000    9.070231E-04  1.514300E-03  3.205814E+01
    11.1500    4.890910E-04  1.165087E-03  3.184914E+01
    11.2000    1.931201E-04  1.196898E-03  3.157799E+01
    11.2500    1.143704E-04  1.461075E-03  3.149428E+01
    11.3000    2.702150E-04  1.762943E-03  3.156981E+01
    11.3500    6.097855E-04  2.014941E-03  3.172338E+01
    11.4000    1.039566E-03  2.187591E-03  3.191113E+01
    11.4500    1.456243E-03  2.275017E-03  3.211056E+01
    11.5000    1.777166E-03  2.283279E-03  3.230794E+01
    11.5500    1.960492E-03  2.226590E-03  3.249282E+01
    11.6000    2.010827E-03  2.126191E-03  3.265580E+01
    11.6500    1.970644E-03  2.009995E-03  3.278852E+01
    11.7000    1.901726E-03  1.911334E-03  3.288641E+01
    11.7500    1.863160E-03  1.864160E-03  3.295396E+01
    11.8000    1.892648E-03  1.893083E-03  3.300817E+01
    11.8500    1.996096E-03  2.003425E-03  3.307229E+01
    11.9000    2.147426E-03  2.181220E-03  3.316298E+01
    11.9500    2.297317E-03  2.403210E-03  3.328468E+01
    12.0000    2.388290E-03  2.649470E-03  3.343448E+01
    12.0500    2.364861E-03  2.904067E-03  3.360595E+01
    12.1000    2.186416E-03  3.153703E-03  3.379148E+01
    12.1500    1.835338E-03  3.394085E-03  3.398620E+01
    12.2000    1.313193E-03  3.625385E-03  3.418687E+01
    12.2500    6.354339E-04  3.850703E-03  3.439174E+01
    12.3000   -1.741300E-04  4.074448E-03  3.460027E+01
    12.3500   -1.086032E-03  4.300727E-03  3.481281E+01
    12.4000   -2.063593E-03  4.531920E-03  3.503028E+01
    12.4500   -3.057983E-03  4.767676E-03  3.525384E+01
    12.5000   -4.002778E-03  5.004471E-03  3.548455E+01
    12.5500   -4.811907E-03  5.235739E-03  3.572318E+01
    12.6000   -5.384418E-03  5.452481E-03  3.597014E+01
    12.6500   -5.617516E-03  5.644130E-03  3.622547E+01
    12.7000   -5.426576E-03  5.799514E-03  3.648889E+01
    12.7500   -4.767953E-03  5.907758E-03  3.675995E+01
    12.8000   -3.658555E-03  5.959065E-03  3.703806E+01
    12.8500   -2.185892E-03  5.945319E-03  3.732261E+01
    12.9000   -5.040127E-04  5.860540E-03  3.761300E+01
    12.9500    1.186065E-03  5.701164E-03  3.790868E+01
    13.0000    2.677017E-03  5.474869E-03  3.821001E+01
    13.0500    3.783255E-03  5.185523E-03  3.851682E+01
    13.1000    4.358609E-03  4.822895E-03  3.882752E+01
    13.1500    4.356661E-03  4.392519E-03  3.914204E+01
    13.2000    3.831380E-03  3.902102E-03  3.946059E+01
    13.2500    2.927031E-03  3.361252E-03  3.978384E+01
    13.3000    1.848868E-03  2.781191E-03  4.011351E+01
    13.3500    8.208515E-04  2.174525E-03  4.045363E+01
    13.4000    3.979347E-05  1.555391E-03  4.081512E+01
    13.4500   -3.638207E-04  9.417718E-04  4.123734E+01
    13.5000   -3.497040E-04  3.832107E-04  4.199021E+01
    13.5500    2.858112E-05  3.900495E-04  4.405564E+01
    13.6000    6.402891E-04  8.957279E-04  4.477867E+01
    13.6500    1.309877E-03  1.398714E-03  4.519477E+01
    13.7000    1.857090E-03  1.857092E-03  4.555159E+01
    13.7500    2.135404E-03  2.259746E-03  4.588637E+01
    13.8000    2.060413E-03  2.600970E-03  4.620953E+01
    13.8500    1.622718E-03  2.877971E-03  4.652486E+01
    13.9000    8.838085E-04  3.090331E-03  4.683385E+01
    13.9500   -4.246603E-05  3.239792E-03  4.713700E+01
    14.0000   -1.020448E-03  3.337851E-03  4.743458E+01
    14.0500   -1.924560E-03  3.395622E-03  4.772648E+01
    14.1000   -2.642702E-03  3.406506E-03  4.801184E+01
    14.1500   -3.105210E-03  3.377725E-03  4.829024E+01
    14.2000   -3.288022E-03  3.317514E-03  4.856125E+01
    14.2500   -3.207496E-03  3.234743E-03  4.882457E+01
    14.3000   -2.908120E-03  3.138459E-03  4.908019E+01
    14.3500   -2.447347E-03  3.037333E-03  4.932853E+01
    14.4000   -1.881846E-03  2.939042E-03  4.957060E+01
    14.4500   -1.258411E-03  2.849637E-03  4.980810E+01
    14.5000   -6.109508E-04  2.773024E-03  5.004334E+01
    14.5500    3.690299E-05  2.710694E-03  5.027910E+01
    14.6000    6.656483E-04  2.661816E-03  5.051824E+01
    14.6500    1.253080E-03  2.623698E-03  5.076340E+01
    14.7000    1.769561E-03  2.592516E-03  5.101675E+01
    14.7500    2.177303E-03  2.564116E-03  5.127984E+01
    14.8000    2.434227E-03  2.534736E-03  5.155373E+01
    14.8500    2.501532E-03  2.501542E-03  5.183903E+01
    14.9000    2.353058E-03  2.462957E-03  5.213613E+01
    14.9500    1.983959E-03  2.418815E-03  5.244528E+01
    15.0000    1.416998E-03  2.369493E-03  5.276605E+01
    15.0500    7.049257E-04  2.319176E-03  5.309823E+01
    15.1000   -8.204794E-05  2.274462E-03  5.344316E+01
    15.1500   -8.588133E-04  2.240007E-03  5.380055E+01
    15.2000   -1.533719E-03  2.220864E-03  5.416939E+01
    15.2500   -2.019520E-03  2.221935E-03  5.454772E+01
    15.3000   -2.244983E-03  2.247282E-03  5.493264E+01
    15.3500   -2.165713E-03  2.299455E-03  5.532061E+01
    15.4000   -1.772634E-03  2.379019E-03  5.570797E+01
    15.4500   -1.096628E-03  2.484439E-03  5.609151E+01
    15.5000   -2.081107E-04  2.612327E-03  5.646892E+01
    15.5500    7.891049E-04  2.757928E-03  5.683885E+01
    15.6000    1.769474E-03  2.915653E-03  5.720081E+01
    15.6500    2.601730E-03  3.079563E-03  5.755493E+01
    15.7000    3.167126E-03  3.243733E-03  5.790170E+01
    15.7500    3.377089E-03  3.402510E-03  5.824178E+01
    15.8000    3.187300E-03  3.550699E-03  5.857584E+01
    15.8500    2.605600E-03  3.683690E-03  5.890454E+01
    15.9000    1.692118E-03  3.797544E-03  5.922844E+01
    15.9500    5.513575E-04  3.889057E-03  5.954801E+01
    16.0000   -6.839013E-04  3.957706E-03  5.986393E+01
    16.0500   -1.872068E-03  4.003099E-03  6.017690E+01
    16.1000   -2.873394E-03  4.019719E-03  6.048663E+01
    16.1500   -3.576685E-03  4.007004E-03  6.079336E+01
    16.2000   -3.912025E-03  3.965104E-03  6.109725E+01
    16.2500   -3.858089E-03  3.894802E-03  6.139847E+01
    16.3000   -3.441951E-03  3.797401E-03  6.169718E+01
    16.3500   -2.732067E-03  3.674600E-03  6.199356E+01
    16.4000   -1.826220E-03  3.528348E-03  6.228783E+01
    16.4500   -8.367940E-04  3.360712E-03  6.258021E+01
    16.5000    1.242090E-04  3.173751E-03  6.287100E+01
    16.5500    9.584195E-04  2.969418E-03  6.316050E+01
    16.6000    1.591291E-03  2.749509E-03  6.344905E+01
    16.6500    1.978595E-03  2.515648E-03  6.373700E+01
    16.7000    2.109121E-03  2.269323E-03  6.402465E+01
    16.7500    2.003752E-03  2.011965E-03  6.431226E+01
    16.8000    1.711210E-03  1.745058E-03  6.459993E+01
    16.8500    1.300806E-03  1.470263E-03  6.488750E+01
    16.9000    8.526399E-04  1.189554E-03  6.517428E+01
    16.9500    4.460549E-04  9.053321E-04  6.545826E+01
    17.0000    1.483197E-04  6.205226E-04  6.573209E+01
    17.0500    3.837458E-06  3.393829E-04  6.596214E+01
    17.1000    2.216787E-05  7.897596E-05  6.568893E+01
    17.1500    1.802515E-04  2.138069E-04  6.383480E+01
    17.2000    4.254449E-04  4.610321E-04  6.400716E+01
    17.2500    6.858147E-04  6.911863E-04  6.427790E+01
    17.3000    8.849898E-04  8.976897E-04  6.457106E+01
    17.3500    9.587359E-04  1.075852E-03  6.487359E+01
    17.4000    8.696542E-04  1.221612E-03  6.518126E+01
    17.4500    6.164576E-04  1.331551E-03  6.549211E+01
    17.5000    2.352644E-04  1.403031E-03  6.580497E+01
    17.5500   -2.078826E-04  1.434337E-03  6.611889E+01
    17.6000   -6.319118E-04  1.424809E-03  6.643295E+01
    17.6500   -9.596875E-04  1.374933E-03  6.674603E+01
    17.7000   -1.136445E-03  1.286411E-03  6.705656E+01
    17.7500   -1.142991E-03  1.162218E-03  6.736210E+01
    17.8000   -1.000114E-03  1.006658E-03  6.765832E+01
    17.8500   -7.628191E-04  8.255645E-04  6.793663E+01
    17.9000   -5.056716E-04  6.270310E-04  6.817691E+01
    17.9500   -3.029570E-04  4.246787E-04  6.832073E+01
    18.0000   -2.069702E-04  2.540281E-04  6.816273E+01
    18.0500   -2.368354E-04  2.371719E-04  6.749096E+01
    18.1000   -3.797231E-04  3.948561E-04  6.726649E+01
    18.1500   -5.825531E-04  5.889401E-04  6.739683E+01
    18.2000   -7.721940E-04  7.754376E-04  6.763574E+01
    18.2500   -8.759916E-04  9.402674E-04  6.791614E+01
    18.3000   -8.421768E-04  1.075780E-03  6.821580E+01
    18.3500   -6.544969E-04  1.176909E-03  6.852533E+01
    18.4000   -3.370127E-04  1.240361E-03  6.883987E+01
    18.4500    5.223971E-05  1.264426E-03  6.915637E+01
    18.5000    4.368935E-04  1.248929E-03  6.947241E+01
    18.5500    7.427564E-04  1.195219E-03  6.978562E+01
    18.6000    9.173878E-04  1.106153E-03  7.009298E+01
    18.6500    9.432693E-04  9.861072E-04  7.039000E+01
    18.7000    8.409755E-04  8.410967E-04  7.066886E+01
    18.7500    6.616526E-04  6.792801E-04  7.091415E+01
    18.8000    4.711861E-04  5.127868E-04  7.109142E+01
    18.8500    3.307922E-04  3.643457E-04  7.111837E+01
    18.9000    2.797109E-04  2.847738E-04  7.087468E+01
    18.9500    3.249484E-04  3.268875E-04  7.057686E+01
    19.0000    4.409009E-04  4.451985E-04  7.054677E+01
    19.0500    5.787921E-04  5.788130E-04  7.069434E+01
    19.1000    6.816262E-04  7.010184E-04  7.092159E+01
    19.1500    7.023402E-04  8.001729E-04  7.118552E+01
    19.2000    6.180260E-04  8.702351E-04  7.146687E+01
    19.2500    4.362921E-04  9.081063E-04  7.175547E+01
    19.3000    1.921418E-04  9.128582E-04  7.204456E+01
    19.3500   -6.339594E-05  8.855198E-04  7.232828E+01
    19.4000   -2.791384E-04  8.290950E-04  7.260002E+01
    19.4500   -4.190645E-04  7.487858E-04  7.285060E+01
    19.5000   -4.723024E-04  6.525836E-04  7.306584E+01
    19.5500   -4.547930E-04  5.525936E-04  7.322333E+01
    19.6000   -4.023338E-04  4.672680E-04  7.329393E+01
    19.6500   -3.574725E-04  4.213938E-04  7.326942E+01
    19.7000   -3.546661E-04  4.328248E-04  7.321703E+01
    19.7500   -4.086330E-04  4.927320E-04  7.323452E+01
    19.8000   -5.097371E-04  5.752206E-04  7.334562E+01
    19.8500   -6.278869E-04  6.578614E-04  7.352440E+01
    19.9000   -7.235876E-04  7.261823E-04  7.374287E+01
    19.9500   -7.623471E-04  7.714481E-04  7.398118E+01