# # tequil.ion_motion                                            FEFF 9.05   
# # POT  SCF  30  5.5000   1, core-hole, AFOLP (folp(0)= 1.150)
# # Abs   Z=30 Rmt= 1.257 Rnm= 1.391 K  shell
# # Pot 1 Z=26 Rmt= 1.269 Rnm= 1.375
# # Pot 2 Z= 8 Rmt= 0.945 Rnm= 1.072
# # Gam_ch=1.897E+00 H-L exch
# # Mu=-1.164E+01 kf=2.218E+00 Vint=-1.897E+01 Rs_int= 1.635
# # PATH  Rmax= 8.500,  Keep_limit= 0.00, Heap_limit 0.00  Pwcrit= 2.50%
#  S02=1.000                                        Global_sig2= 0.00000
#  Energy zero shift, vr, vi   -2.00000E+00   0.00000E+00
#  Curved wave amplitude ratio filter   4.000%
#     file         sig2 tot  cw amp ratio   deg  nlegs   reff  inp sig2
#           1       0.00000    100.00      1.00     2   1.8460
#           2       0.00000     91.52      1.00     2   1.9106
#           3       0.00000     73.30      1.00     2   2.0822
#           4       0.00000     61.26      1.00     2   2.2316
#           5       0.00000     51.49      1.00     2   2.3855
#           6       0.00000     42.92      1.00     2   2.5571
#           7       0.00000     31.11      1.00     2   2.8505
#           8       0.00000     29.15      1.00     2   2.9357
#           9       0.00000     25.85      1.00     2   3.0959
#          10       0.00000     25.30      1.00     2   3.1250
#          11       0.00000     25.15      1.00     2   3.1329
#          12       0.00000     23.41      1.00     2   3.2304
#          13       0.00000     22.73      1.00     2   3.2429
#          14       0.00000     23.13      1.00     2   3.2470
#          15       0.00000     15.76      2.00     3   3.3285
#          16       0.00000     41.75      2.00     2   3.3459
#          17       0.00000     20.87      1.00     2   3.3463
#          18       0.00000     10.55      2.00     3   3.3781
#          19       0.00000     15.83      2.00     3   3.4373
#          20       0.00000      9.47      2.00     3   3.4771
#          21       0.00000      8.66      2.00     3   3.4784
#          22       0.00000     18.61      1.00     2   3.4887
#          23       0.00000      8.47      2.00     3   3.4911
#          24       0.00000     12.81      2.00     3   3.4985
#          25       0.00000     19.31      1.00     2   3.4998
#          26       0.00000      6.64      2.00     3   3.5153
#          27       0.00000     14.37      2.00     3   3.5605
#          28       0.00000     18.32      1.00     2   3.5752
#          29       0.00000      7.99      2.00     3   3.6169
#          30       0.00000     12.83      2.00     3   3.6210
#          31       0.00000      9.09      2.00     3   3.6364
#          32       0.00000     16.27      1.00     2   3.6623
#          33       0.00000      8.11      2.00     3   3.6668
#          34       0.00000      8.03      2.00     3   3.6682
#          35       0.00000      8.78      2.00     3   3.6909
#          36       0.00000     11.92      1.00     4   3.6921
#          37       0.00000      7.68      2.00     3   3.7047
#          38       0.00000      7.41      2.00     3   3.7090
#          39       0.00000      6.45      1.00     4   3.7214
#          40       0.00000     16.56      1.00     2   3.7226
#          41       0.00000      6.95      2.00     3   3.7434
#          42       0.00000      6.50      2.00     4   3.7566
#          43       0.00000      5.18      1.00     4   3.7788
#          44       0.00000     11.96      2.00     3   3.8085
#          45       0.00000      9.88      1.00     4   3.8212
#          46       0.00000     11.84      2.00     3   3.8495
#          47       0.00000     15.00      1.00     2   3.8702
#          48       0.00000     14.91      1.00     2   3.8792
#          49       0.00000      4.22      1.00     4   3.8906
#          50       0.00000     13.62      1.00     2   3.9013
#          51       0.00000      5.46      1.00     4   3.9058
#          52       0.00000      8.34      2.00     3   3.9405
#          55       0.00000     12.67      1.00     2   4.0018
#          56       0.00000     14.40      2.00     3   4.0095
#          57       0.00000      7.31      2.00     3   4.0413
#          58       0.00000     10.84      2.00     3   4.0984
#          59       0.00000      6.89      2.00     3   4.1098
#          60       0.00000     12.81      1.00     2   4.1109
#          61       0.00000      7.57      2.00     3   4.1116
#          63       0.00000      8.81      2.00     3   4.1181
#          65       0.00000     11.45      1.00     2   4.1467
#          66       0.00000      6.27      1.00     4   4.1488
#          67       0.00000     17.12      2.00     3   4.1494
#          68       0.00000      6.26      1.00     4   4.1644
#          69       0.00000     14.00      2.00     3   4.1937
#          71       0.00000     12.68      2.00     4   4.2316
#          72       0.00000     10.38      1.00     2   4.2903
#          73       0.00000     10.38      1.00     2   4.2910
#          74       0.00000      9.94      2.00     3   4.2925
#          75       0.00000      9.01      2.00     4   4.3138
#          77       0.00000      7.87      2.00     3   4.3217
#          78       0.00000      9.93      1.00     2   4.3561
#          79       0.00000     18.93      2.00     3   4.3894
#          80       0.00000     14.20      2.00     3   4.3934
#          81       0.00000      9.45      1.00     2   4.4314
#          82       0.00000      9.36      1.00     2   4.4458
#          83       0.00000     18.65      2.00     3   4.4480
#          84       0.00000      6.87      2.00     3   4.4493
#          85       0.00000      9.32      1.00     2   4.4524
#          86       0.00000      4.36      1.00     4   4.4632
#          87       0.00000      9.24      1.00     2   4.4658
#          88       0.00000     10.37      2.00     4   4.4677
#          90       0.00000     21.75      2.00     3   4.4803
#          91       0.00000      9.10      1.00     2   4.4882
#          92       0.00000     12.29      2.00     3   4.4882
#          93       0.00000     10.92      1.00     4   4.4879
#          94       0.00000      9.02      1.00     2   4.5035
#          95       0.00000      8.96      1.00     2   4.5136
#          96       0.00000     13.94      1.00     4   4.5292
#          97       0.00000     10.92      1.00     4   4.5399
#          98       0.00000      6.56      2.00     3   4.5655
#         100       0.00000     14.37      2.00     3   4.5801
#         101       0.00000      8.50      1.00     2   4.5946
#         102       0.00000      4.66      2.00     3   4.6218
#         103       0.00000      8.31      1.00     2   4.6293
#         104       0.00000      4.19      2.00     3   4.6333
#         105       0.00000      4.02      2.00     3   4.6474
#         106       0.00000      8.11      1.00     2   4.6681
#         107       0.00000     11.85      2.00     3   4.6810
#         108       0.00000      5.87      1.00     4   4.6860
#         109       0.00000     10.54      2.00     3   4.7018
#         110       0.00000      7.09      2.00     3   4.7030
#         111       0.00000      7.76      1.00     4   4.7145
#         112       0.00000      8.54      2.00     3   4.7178
#         115       0.00000      8.66      1.00     2   4.7480
#         116       0.00000      7.70      1.00     2   4.7511
#         117       0.00000      7.50      2.00     3   4.7614
#         121       0.00000      9.45      2.00     3   4.8046
#         122       0.00000     11.87      2.00     3   4.8069
#         124       0.00000      5.90      2.00     3   4.8321
#         125       0.00000      6.09      2.00     3   4.8341
#         126       0.00000      7.30      1.00     2   4.8369
#         127       0.00000     11.98      2.00     3   4.8377
#         129       0.00000      5.99      2.00     3   4.8396
#         130       0.00000      4.85      2.00     4   4.8463
#         131       0.00000      5.95      1.00     4   4.8484
#         132       0.00000      6.86      2.00     3   4.8511
#         133       0.00000      4.45      2.00     3   4.8758
#         134       0.00000      7.08      1.00     2   4.8874
#         135       0.00000      5.41      2.00     3   4.8930
#         137       0.00000      4.93      1.00     4   4.9001
#         138       0.00000      5.08      2.00     3   4.9164
#         139       0.00000      6.82      2.00     3   4.9265
#         140       0.00000      6.03      1.00     4   4.9273
#         141       0.00000      4.30      2.00     4   4.9327
#         143       0.00000      6.84      1.00     2   4.9432
#         144       0.00000      6.09      1.00     4   4.9458
#         145       0.00000      6.81      1.00     2   4.9509
#         147       0.00000      4.17      2.00     3   4.9545
#         149       0.00000      4.56      2.00     4   4.9810
#         152       0.00000      4.40      1.00     4   5.0147
#         154       0.00000      5.66      2.00     3   5.0248
#         155       0.00000      6.28      2.00     3   5.0499
#         158       0.00000      7.09      1.00     2   5.0978
#         159       0.00000      7.07      1.00     2   5.1026
#         160       0.00000      7.06      1.00     2   5.1053
#         161       0.00000      8.02      2.00     3   5.1077
#         162       0.00000      7.04      1.00     2   5.1088
#         163       0.00000      6.48      2.00     3   5.1088
#         164       0.00000      6.73      2.00     3   5.1387
#         165       0.00000      6.07      1.00     2   5.1435
#         167       0.00000      9.16      2.00     3   5.1810
#         168       0.00000     10.18      2.00     3   5.1827
#         169       0.00000      5.90      1.00     2   5.1902
#         170       0.00000      5.43      2.00     4   5.1919
#         171       0.00000      6.72      1.00     2   5.1929
#         174       0.00000      8.05      2.00     3   5.2049
#         176       0.00000      6.05      2.00     3   5.2163
#         177       0.00000      5.79      1.00     2   5.2226
#         180       0.00000      4.58      2.00     3   5.2243
#         181       0.00000      7.69      2.00     3   5.2267
#         182       0.00000      5.60      2.00     3   5.2462
#         183       0.00000      5.33      2.00     3   5.2550
#         184       0.00000      4.19      1.00     4   5.2593
#         185       0.00000      4.93      1.00     4   5.2600
#         187       0.00000      6.41      1.00     2   5.2797
#         188       0.00000      7.83      2.00     3   5.2886
#         189       0.00000      5.53      1.00     2   5.3007
#         191       0.00000      5.53      1.00     2   5.3022
#         192       0.00000      6.33      2.00     3   5.3178
#         194       0.00000      5.75      2.00     4   5.3251
#         195       0.00000      5.45      1.00     2   5.3281
#         196       0.00000     13.13      2.00     3   5.3291
#         197       0.00000      7.99      1.00     4   5.3301
#         198       0.00000      5.43      1.00     2   5.3341
#         200       0.00000     12.65      2.00     3   5.3394
#         201       0.00000      6.19      1.00     2   5.3422
#         202       0.00000      7.50      1.00     4   5.3447
#         204       0.00000      5.38      1.00     2   5.3510
#         207       0.00000      5.34      1.00     2   5.3631
#         208       0.00000     11.81      2.00     3   5.3777
#         210       0.00000      4.38      2.00     3   5.3846
#         212       0.00000      6.77      1.00     4   5.3923
#         213       0.00000      5.22      1.00     2   5.4034
#         214       0.00000      5.05      2.00     3   5.4125
#         215       0.00000      5.18      1.00     2   5.4165
#         216       0.00000      5.68      2.00     3   5.4165
#         220       0.00000      5.98      2.00     3   5.4604
#         221       0.00000      5.80      1.00     2   5.4653
#         222       0.00000      5.43      2.00     3   5.4676
#         225       0.00000      5.03      2.00     3   5.4956
#         227       0.00000      4.90      1.00     2   5.5157
#         228       0.00000      6.54      2.00     3   5.5163
#         234       0.00000      4.06      2.00     3   5.5585
#         235       0.00000      4.60      2.00     4   5.5729
#         239       0.00000      4.84      2.00     3   5.6023
#         241       0.00000      4.93      2.00     3   5.6061
#         242       0.00000      4.73      2.00     3   5.6142
#         245       0.00000      4.58      2.00     3   5.6502
#         248       0.00000      5.23      1.00     2   5.6614
#         250       0.00000      4.23      2.00     3   5.6680
#         251       0.00000      6.08      2.00     3   5.6869
#         254       0.00000      4.47      2.00     3   5.6913
#         258       0.00000      5.09      1.00     2   5.7134
#         270       0.00000      4.94      1.00     2   5.7698
#         272       0.00000      5.67      2.00     3   5.7771
#         275       0.00000      4.85      1.00     2   5.8061
#         278       0.00000      4.09      1.00     2   5.8423
#         282       0.00000      4.69      1.00     2   5.8715
#         290       0.00000      4.57      1.00     2   5.9232
#         293       0.00000      5.06      2.00     3   5.9319
#   201/ 259 paths used
#  -----------------------------------------------------------------------
#       k          chi          mag           phase @#
    -0.7000   -4.323870E-01  4.324129E-01 -1.581730E+00
    -0.6500   -4.226253E-01  4.226459E-01 -1.560923E+00
    -0.6000   -4.166098E-01  4.168308E-01 -1.538233E+00
    -0.5500   -4.126766E-01  4.133574E-01 -1.513396E+00
    -0.5000   -4.102373E-01  4.116092E-01 -1.489127E+00
    -0.4500   -4.086933E-01  4.109819E-01 -1.465213E+00
    -0.4000   -4.077460E-01  4.110725E-01 -1.443490E+00
    -0.3500   -4.073336E-01  4.118707E-01 -1.422229E+00
    -0.3000   -4.071159E-01  4.128719E-01 -1.403622E+00
    -0.2500   -4.069813E-01  4.138986E-01 -1.387716E+00
    -0.2000   -4.068791E-01  4.148391E-01 -1.374583E+00
    -0.1500   -4.069709E-01  4.158558E-01 -1.363712E+00
    -0.1000   -4.070861E-01  4.166866E-01 -1.355720E+00
    -0.0500   -4.071533E-01  4.171995E-01 -1.350899E+00
     0.0000   -4.071752E-01  4.173728E-01 -1.349288E+00
     0.0500   -4.071968E-01  4.175472E-01 -1.347675E+00
     0.1000   -4.072596E-01  4.180768E-01 -1.342822E+00
     0.1500   -4.073558E-01  4.189798E-01 -1.334691E+00
     0.2000   -4.074677E-01  4.202827E-01 -1.323217E+00
     0.2500   -4.075603E-01  4.220153E-01 -1.308309E+00
     0.3000   -4.075732E-01  4.242045E-01 -1.289853E+00
     0.3500   -4.075466E-01  4.270576E-01 -1.267352E+00
     0.4000   -4.077353E-01  4.311917E-01 -1.239437E+00
     0.4500   -4.074541E-01  4.359804E-01 -1.207048E+00
     0.5000   -4.064005E-01  4.413851E-01 -1.169970E+00
     0.5500   -4.045088E-01  4.478550E-01 -1.127199E+00
     0.6000   -4.015694E-01  4.559907E-01 -1.077238E+00
     0.6500   -3.962415E-01  4.646067E-01 -1.021426E+00
     0.7000   -3.879469E-01  4.739364E-01 -9.589050E-01
     0.7500   -3.759732E-01  4.849567E-01 -8.871453E-01
     0.8000   -3.587386E-01  4.958675E-01 -8.087959E-01
     0.8500   -3.353757E-01  5.073588E-01 -7.221808E-01
     0.9000   -3.045527E-01  5.193583E-01 -6.266097E-01
     0.9500   -2.655810E-01  5.302798E-01 -5.245596E-01
     1.0000   -2.170190E-01  5.415725E-01 -4.123028E-01
     1.0500   -1.593991E-01  5.512862E-01 -2.933288E-01
     1.1000   -9.292289E-02  5.596047E-01 -1.668237E-01
     1.1500   -1.824820E-02  5.664550E-01 -3.222031E-02
     1.2000    6.118379E-02  5.704837E-01  1.074557E-01
     1.2500    1.450432E-01  5.728998E-01  2.559595E-01
     1.3000    2.271613E-01  5.718754E-01  4.084875E-01
     1.3500    3.055965E-01  5.682778E-01  5.677768E-01
     1.4000    3.748768E-01  5.613044E-01  7.313395E-01
     1.4500    4.315487E-01  5.511367E-01  8.994996E-01
     1.5000    4.722951E-01  5.378040E-01  1.072069E+00
     1.5500    4.940939E-01  5.211385E-01  1.247221E+00
     1.6000    4.964438E-01  5.016434E-01  1.426691E+00
     1.6500    4.788285E-01  4.791393E-01  1.606816E+00
     1.7000    4.433263E-01  4.543052E-01  1.791089E+00
     1.7500    3.928185E-01  4.271798E-01  1.974627E+00
     1.8000    3.309863E-01  3.982572E-01  2.160534E+00
     1.8500    2.631507E-01  3.679924E-01  2.344828E+00
     1.9000    1.928864E-01  3.365102E-01  2.531192E+00
     1.9500    1.258746E-01  3.044738E-01  2.715389E+00
     2.0000    6.673723E-02  2.726909E-01  2.894345E+00
     2.0500    1.803079E-02  2.417588E-01  3.066942E+00
     2.1000   -1.940325E-02  2.110220E-01  3.233672E+00
     2.1500   -4.454882E-02  1.808350E-01  3.390506E+00
     2.2000   -5.819959E-02  1.531534E-01  3.531398E+00
     2.2500   -6.279292E-02  1.283871E-01  3.652640E+00
     2.3000   -6.044564E-02  1.062702E-01  3.746629E+00
     2.3500   -5.261942E-02  8.639881E-02  3.796429E+00
     2.4000   -4.376635E-02  7.097793E-02  3.806034E+00
     2.4500   -3.553084E-02  5.985766E-02  3.777104E+00
     2.5000   -2.869347E-02  5.270303E-02  3.717310E+00
     2.5500   -2.298365E-02  5.164774E-02  3.602776E+00
     2.6000   -2.135534E-02  5.495404E-02  3.540708E+00
     2.6500   -2.403477E-02  5.998583E-02  3.553845E+00
     2.7000   -2.993349E-02  6.459799E-02  3.623400E+00
     2.7500   -3.797335E-02  6.831017E-02  3.731033E+00
     2.8000   -4.680553E-02  7.129898E-02  3.857720E+00
     2.8500   -5.542786E-02  7.342712E-02  3.997047E+00
     2.9000   -6.294567E-02  7.464431E-02  4.144940E+00
     2.9500   -6.895719E-02  7.524659E-02  4.300625E+00
     3.0000   -7.265957E-02  7.504963E-02  4.459340E+00
     3.0500   -7.374466E-02  7.406728E-02  4.619020E+00
     3.1000   -7.224915E-02  7.240984E-02  4.779022E+00
     3.1500   -6.816282E-02  6.999887E-02  4.941933E+00
     3.2000   -6.197306E-02  6.705938E-02  5.104375E+00
     3.2500   -5.440828E-02  6.384896E-02  5.263123E+00
     3.3000   -4.608502E-02  6.047375E-02  5.416687E+00
     3.3500   -3.731566E-02  5.679292E-02  5.566289E+00
     3.4000   -2.863922E-02  5.286544E-02  5.710682E+00
     3.4500   -2.068060E-02  4.894280E-02  5.846932E+00
     3.5000   -1.372728E-02  4.513933E-02  5.974182E+00
     3.5500   -7.958005E-03  4.145721E-02  6.090029E+00
     3.6000   -3.474156E-03  3.800065E-02  6.191634E+00
     3.6500   -9.725163E-05  3.496683E-02  6.280404E+00
     3.7000    2.410201E-03  3.241308E-02  6.357613E+00
     3.7500    4.241293E-03  3.038920E-02  6.423208E+00
     3.8000    5.617523E-03  2.895830E-02  6.478410E+00
     3.8500    6.907976E-03  2.804073E-02  6.532103E+00
     3.9000    8.290795E-03  2.753972E-02  6.588977E+00
     3.9500    9.833735E-03  2.741472E-02  6.650063E+00
     4.0000    1.162421E-02  2.770471E-02  6.716163E+00
     4.0500    1.376128E-02  2.821095E-02  6.792752E+00
     4.1000    1.621226E-02  2.886757E-02  6.879513E+00
     4.1500    1.896014E-02  2.970824E-02  6.975358E+00
     4.2000    2.208114E-02  3.085882E-02  7.080602E+00
     4.2500    2.540238E-02  3.207605E-02  7.197169E+00
     4.3000    2.875809E-02  3.331649E-02  7.324718E+00
     4.3500    3.198653E-02  3.459132E-02  7.463427E+00
     4.4000    3.499819E-02  3.602131E-02  7.615073E+00
     4.4500    3.717834E-02  3.728781E-02  7.777336E+00
     4.5000    3.813532E-02  3.830855E-02  7.949118E+00
     4.5500    3.756550E-02  3.903753E-02  8.129472E+00
     4.6000    3.536217E-02  3.955542E-02  8.318605E+00
     4.6500    3.128637E-02  3.961269E-02  8.514284E+00
     4.7000    2.552784E-02  3.915533E-02  8.714607E+00
     4.7500    1.854951E-02  3.818949E-02  8.917588E+00
     4.8000    1.095354E-02  3.691452E-02  9.123514E+00
     4.8500    3.384469E-03  3.511954E-02  9.328258E+00
     4.9000   -3.411939E-03  3.286005E-02  9.528798E+00
     4.9500   -8.845158E-03  3.023064E-02  9.721711E+00
     5.0000   -1.268527E-02  2.742789E-02  9.905586E+00
     5.0500   -1.473913E-02  2.446282E-02  1.007142E+01
     5.1000   -1.522467E-02  2.151289E-02  1.021101E+01
     5.1500   -1.461174E-02  1.880442E-02  1.031472E+01
     5.2000   -1.358393E-02  1.666263E-02  1.037791E+01
     5.2500   -1.264639E-02  1.526834E-02  1.040080E+01
     5.3000   -1.228514E-02  1.479160E-02  1.040487E+01
     5.3500   -1.276754E-02  1.517947E-02  1.042410E+01
     5.4000   -1.412583E-02  1.618381E-02  1.048576E+01
     5.4500   -1.604553E-02  1.745616E-02  1.059080E+01
     5.5000   -1.808918E-02  1.873373E-02  1.073250E+01
     5.5500   -1.974602E-02  1.983330E-02  1.090173E+01
     5.6000   -2.054135E-02  2.063649E-02  1.109163E+01
     5.6500   -2.015482E-02  2.108718E-02  1.129405E+01
     5.7000   -1.848352E-02  2.116532E-02  1.150445E+01
     5.7500   -1.564141E-02  2.087782E-02  1.171954E+01
     5.8000   -1.194625E-02  2.025856E-02  1.193570E+01
     5.8500   -7.812088E-03  1.935524E-02  1.215090E+01
     5.9000   -3.667246E-03  1.821985E-02  1.236371E+01
     5.9500    1.118264E-04  1.690663E-02  1.257299E+01
     6.0000    3.187060E-03  1.552295E-02  1.277315E+01
     6.0500    5.493043E-03  1.409325E-02  1.296675E+01
     6.1000    7.014042E-03  1.263921E-02  1.315467E+01
     6.1500    7.785219E-03  1.117177E-02  1.333739E+01
     6.2000    7.871320E-03  9.686734E-03  1.351495E+01
     6.2500    7.351051E-03  8.169325E-03  1.368576E+01
     6.3000    6.320524E-03  6.602152E-03  1.384403E+01
     6.3500    4.910691E-03  4.978082E-03  1.397244E+01
     6.4000    3.307073E-03  3.332389E-03  1.401382E+01
     6.4500    1.757877E-03  1.914481E-03  1.372988E+01
     6.5000    6.378533E-04  1.928710E-03  1.290343E+01
     6.5500    1.710252E-04  3.454968E-03  1.261589E+01
     6.6000    5.984895E-04  5.411939E-03  1.267718E+01
     6.6500    2.062039E-03  7.493212E-03  1.284516E+01
     6.7000    4.519883E-03  9.591107E-03  1.305709E+01
     6.7500    7.717667E-03  1.163181E-02  1.329185E+01
     6.8000    1.120767E-02  1.355129E-02  1.354022E+01
     6.8500    1.441735E-02  1.529217E-02  1.379728E+01
     6.9000    1.675470E-02  1.680470E-02  1.406001E+01
     6.9500    1.772691E-02  1.804869E-02  1.432628E+01
     7.0000    1.706336E-02  1.904907E-02  1.459783E+01
     7.0500    1.467705E-02  1.975866E-02  1.487070E+01
     7.1000    1.079956E-02  2.015270E-02  1.514241E+01
     7.1500    5.909429E-03  2.023718E-02  1.541164E+01
     7.2000    6.198628E-04  2.003250E-02  1.567702E+01
     7.2500   -4.445431E-03  1.957297E-02  1.593708E+01
     7.3000   -8.769781E-03  1.890584E-02  1.619032E+01
     7.3500   -1.202619E-02  1.808949E-02  1.643521E+01
     7.4000   -1.410718E-02  1.719075E-02  1.667047E+01
     7.4500   -1.509868E-02  1.628079E-02  1.689534E+01
     7.5000   -1.524144E-02  1.545673E-02  1.711166E+01
     7.5500   -1.473975E-02  1.475230E-02  1.732001E+01
     7.6000   -1.377458E-02  1.419677E-02  1.752325E+01
     7.6500   -1.244650E-02  1.380776E-02  1.772653E+01
     7.7000   -1.074920E-02  1.357461E-02  1.793571E+01
     7.7500   -8.605678E-03  1.346254E-02  1.815606E+01
     7.8000   -5.936585E-03  1.342255E-02  1.839141E+01
     7.8500   -2.737348E-03  1.340309E-02  1.864388E+01
     7.9000    8.622048E-04  1.335955E-02  1.891414E+01
     7.9500    4.577036E-03  1.326012E-02  1.920198E+01
     8.0000    7.989456E-03  1.308550E-02  1.950632E+01
     8.0500    1.063270E-02  1.282832E-02  1.982660E+01
     8.1000    1.208518E-02  1.249925E-02  2.016224E+01
     8.1500    1.206855E-02  1.211971E-02  2.051227E+01
     8.2000    1.052620E-02  1.171815E-02  2.087531E+01
     8.2500    7.652389E-03  1.132536E-02  2.124925E+01
     8.3000    3.865112E-03  1.096913E-02  2.163105E+01
     8.3500   -2.717333E-04  1.066927E-02  2.201662E+01
     8.4000   -4.158253E-03  1.043401E-02  2.240106E+01
     8.4500   -7.273626E-03  1.025941E-02  2.277919E+01
     8.5000   -9.248321E-03  1.010697E-02  2.314676E+01
     8.5500   -9.953503E-03  9.972572E-03  2.350009E+01
     8.6000   -9.492875E-03  9.859286E-03  2.383543E+01
     8.6500   -8.121172E-03  9.761363E-03  2.415009E+01
     8.7000   -6.167763E-03  9.684773E-03  2.444233E+01
     8.7500   -3.944821E-03  9.649549E-03  2.471159E+01
     8.8000   -1.675078E-03  9.688852E-03  2.495898E+01
     8.8500    5.422720E-04  9.843795E-03  2.518786E+01
     8.9000    2.720463E-03  1.015407E-02  2.540397E+01
     8.9500    4.934941E-03  1.064681E-02  2.561470E+01
     9.0000    7.260532E-03  1.133341E-02  2.582806E+01
     9.0500    9.682244E-03  1.219771E-02  2.604973E+01
     9.1000    1.204744E-02  1.320047E-02  2.628247E+01
     9.1500    1.407261E-02  1.429427E-02  2.652720E+01
     9.2000    1.537818E-02  1.542730E-02  2.678336E+01
     9.2500    1.556715E-02  1.654834E-02  2.704962E+01
     9.3000    1.432335E-02  1.760981E-02  2.732441E+01
     9.3500    1.150454E-02  1.856956E-02  2.760618E+01
     9.4000    7.206452E-03  1.939183E-02  2.789358E+01
     9.4500    1.780017E-03  2.004773E-02  2.818543E+01
     9.5000   -4.211834E-03  2.052804E-02  2.848098E+01
     9.5500   -1.007061E-02  2.081831E-02  2.877925E+01
     9.6000   -1.506714E-02  2.090139E-02  2.907939E+01
     9.6500   -1.857621E-02  2.077578E-02  2.938081E+01
     9.7000   -2.017789E-02  2.044586E-02  2.968305E+01
     9.7500   -1.972496E-02  1.992135E-02  2.998566E+01
     9.8000   -1.736079E-02  1.921671E-02  3.028824E+01
     9.8500   -1.348589E-02  1.835047E-02  3.059040E+01
     9.9000   -8.681522E-03  1.734445E-02  3.089171E+01
     9.9500   -3.606880E-03  1.622306E-02  3.119172E+01
    10.0000    1.114848E-03  1.504976E-02  3.149007E+01
    10.0500    5.005608E-03  1.384558E-02  3.178584E+01
    10.1000    7.747785E-03  1.260311E-02  3.207800E+01
    10.1500    9.229189E-03  1.134912E-02  3.236557E+01
    10.2000    9.532856E-03  1.010969E-02  3.264729E+01
    10.2500    8.890857E-03  8.909783E-03  3.292153E+01
    10.3000    7.618827E-03  7.773028E-03  3.318624E+01
    10.3500    6.046110E-03  6.721527E-03  3.343886E+01
    10.4000    4.455479E-03  5.775706E-03  3.367645E+01
    10.4500    3.042719E-03  4.953906E-03  3.389614E+01
    10.5000    1.901131E-03  4.271238E-03  3.409623E+01
    10.5500    1.030354E-03  3.737066E-03  3.427819E+01
    10.6000    3.639843E-04  3.351050E-03  3.444869E+01
    10.6500   -1.927365E-04  3.099691E-03  3.461974E+01
    10.7000   -7.250463E-04  2.957092E-03  3.480523E+01
    10.7500   -1.279425E-03  2.891400E-03  3.501590E+01
    10.8000   -1.849032E-03  2.873195E-03  3.525664E+01
    10.8500   -2.375996E-03  2.880850E-03  3.552729E+01
    10.9000   -2.768700E-03  2.901492E-03  3.582460E+01
    10.9500   -2.928806E-03  2.929162E-03  3.614392E+01
    11.0000   -2.783750E-03  2.967866E-03  3.648240E+01
    11.0500   -2.292206E-03  3.015857E-03  3.683572E+01
    11.1000   -1.477872E-03  3.066346E-03  3.719622E+01
    11.1500   -4.358750E-04  3.118081E-03  3.755886E+01
    11.2000    6.913937E-04  3.167516E-03  3.791916E+01
    11.2500    1.742939E-03  3.209104E-03  3.827326E+01
    11.3000    2.572493E-03  3.236194E-03  3.861798E+01
    11.3500    3.078332E-03  3.242258E-03  3.895056E+01
    11.4000    3.222219E-03  3.222222E-03  3.926847E+01
    11.4500    3.032881E-03  3.173827E-03  3.956904E+01
    11.5000    2.593349E-03  3.098986E-03  3.984922E+01
    11.5500    2.015631E-03  3.005170E-03  4.010552E+01
    11.6000    1.409518E-03  2.906690E-03  4.033443E+01
    11.6500    8.538422E-04  2.825314E-03  4.053369E+01
    11.7000    3.779181E-04  2.788879E-03  4.070478E+01
    11.7500   -4.180108E-05  2.826113E-03  4.085550E+01
    11.8000   -4.688734E-04  2.957847E-03  4.099989E+01
    11.8500   -9.812561E-04  3.189324E-03  4.115345E+01
    11.9000   -1.639923E-03  3.509382E-03  4.132694E+01
    11.9500   -2.460461E-03  3.896153E-03  4.152420E+01
    12.0000   -3.402724E-03  4.327842E-03  4.174541E+01
    12.0500   -4.357077E-03  4.781444E-03  4.198701E+01
    12.1000   -5.155925E-03  5.229834E-03  4.224318E+01
    12.1500   -5.625685E-03  5.653338E-03  4.251045E+01
    12.2000   -5.617083E-03  6.035150E-03  4.278590E+01
    12.2500   -5.042286E-03  6.361391E-03  4.306717E+01
    12.3000   -3.900541E-03  6.621155E-03  4.335235E+01
    12.3500   -2.285699E-03  6.806563E-03  4.363983E+01
    12.4000   -3.733946E-04  6.912809E-03  4.392826E+01
    12.4500    1.609341E-03  6.938167E-03  4.421638E+01
    12.5000    3.425060E-03  6.883944E-03  4.450306E+01
    12.5500    4.868082E-03  6.754372E-03  4.478715E+01
    12.6000    5.798495E-03  6.556431E-03  4.506750E+01
    12.6500    6.160930E-03  6.299586E-03  4.534290E+01
    12.7000    5.985038E-03  5.995462E-03  4.561207E+01
    12.7500    5.369120E-03  5.657410E-03  4.587371E+01
    12.8000    4.452255E-03  5.299980E-03  4.612651E+01
    12.8500    3.382529E-03  4.938243E-03  4.636933E+01
    12.9000    2.289122E-03  4.586920E-03  4.660138E+01
    12.9500    1.264175E-03  4.259292E-03  4.682255E+01
    13.0000    3.526759E-04  3.973178E-03  4.703501E+01
    13.0500   -4.410825E-04  3.736908E-03  4.724220E+01
    13.1000   -1.119722E-03  3.539749E-03  4.744575E+01
    13.1500   -1.694084E-03  3.377164E-03  4.764937E+01
    13.2000   -2.167369E-03  3.240643E-03  4.785649E+01
    13.2500   -2.529663E-03  3.119530E-03  4.806960E+01
    13.3000   -2.760367E-03  3.003041E-03  4.828991E+01
    13.3500   -2.836783E-03  2.881932E-03  4.851744E+01
    13.4000   -2.745149E-03  2.749543E-03  4.875123E+01
    13.4500   -2.489902E-03  2.602233E-03  4.898958E+01
    13.5000   -2.097721E-03  2.439366E-03  4.923032E+01
    13.5500   -1.614821E-03  2.263023E-03  4.947090E+01
    13.6000   -1.098262E-03  2.077567E-03  4.970850E+01
    13.6500   -6.039707E-04  1.889148E-03  4.994006E+01
    13.7000   -1.751851E-04  1.705147E-03  5.016256E+01
    13.7500    1.652033E-04  1.533531E-03  5.037342E+01
    13.8000    4.162553E-04  1.381997E-03  5.057143E+01
    13.8500    5.943501E-04  1.256831E-03  5.075806E+01
    13.9000    7.240687E-04  1.161547E-03  5.093852E+01
    13.9500    8.276719E-04  1.095812E-03  5.112160E+01
    14.0000    9.170055E-04  1.056240E-03  5.131700E+01
    14.0500    9.893712E-04  1.036901E-03  5.153233E+01
    14.1000    1.027655E-03  1.029700E-03  5.177324E+01
    14.1500    1.007544E-03  1.029125E-03  5.204143E+01
    14.2000    9.058814E-04  1.032047E-03  5.233593E+01
    14.2500    7.097673E-04  1.037891E-03  5.265404E+01
    14.3000    4.228169E-04  1.048192E-03  5.299187E+01
    14.3500    6.675613E-05  1.065832E-03  5.334440E+01
    14.4000   -3.218608E-04  1.094160E-03  5.370565E+01
    14.4500   -6.984894E-04  1.136207E-03  5.406915E+01
    14.5000   -1.018655E-03  1.194219E-03  5.442876E+01
    14.5500   -1.244758E-03  1.269630E-03  5.477961E+01
    14.6000   -1.349882E-03  1.363379E-03  5.511870E+01
    14.6500   -1.318165E-03  1.476348E-03  5.544502E+01
    14.7000   -1.142712E-03  1.609664E-03  5.575930E+01
    14.7500   -8.230057E-04  1.764718E-03  5.606349E+01
    14.8000   -3.639326E-04  1.942916E-03  5.636024E+01
    14.8500    2.221970E-04  2.145255E-03  5.665243E+01
    14.9000    9.106705E-04  2.371874E-03  5.694273E+01
    14.9500    1.658106E-03  2.621694E-03  5.723339E+01
    15.0000    2.402047E-03  2.894240E-03  5.752767E+01
    15.0500    3.052926E-03  3.187830E-03  5.782750E+01
    15.1000    3.493730E-03  3.493935E-03  5.813031E+01
    15.1500    3.616899E-03  3.806494E-03  5.843641E+01
    15.2000    3.336634E-03  4.118632E-03  5.874588E+01
    15.2500    2.611523E-03  4.422952E-03  5.905865E+01
    15.3000    1.463131E-03  4.711835E-03  5.937452E+01
    15.3500   -1.495944E-05  4.977743E-03  5.969327E+01
    15.4000   -1.661663E-03  5.213508E-03  6.001464E+01
    15.4500   -3.267614E-03  5.412598E-03  6.033840E+01
    15.5000   -4.606805E-03  5.569355E-03  6.066431E+01
    15.5500   -5.475125E-03  5.679189E-03  6.099217E+01
    15.6000   -5.728155E-03  5.738740E-03  6.132180E+01
    15.6500   -5.310141E-03  5.745988E-03  6.165305E+01
    15.7000   -4.267602E-03  5.700308E-03  6.198581E+01
    15.7500   -2.744096E-03  5.602493E-03  6.231999E+01
    15.8000   -9.566950E-04  5.454711E-03  6.265555E+01
    15.8500    8.413356E-04  5.260429E-03  6.299248E+01
    15.9000    2.404164E-03  5.024292E-03  6.333081E+01
    15.9500    3.534592E-03  4.751965E-03  6.367062E+01
    16.0000    4.115409E-03  4.450445E-03  6.401215E+01
    16.0500    4.121692E-03  4.126218E-03  6.435581E+01
    16.1000    3.617340E-03  3.785321E-03  6.470168E+01
    16.1500    2.740432E-03  3.435667E-03  6.505007E+01
    16.2000    1.670247E-03  3.085188E-03  6.540137E+01
    16.2500    5.914345E-04  2.741592E-03  6.575601E+01
    16.3000   -3.388734E-04  2.412126E-03  6.611440E+01
    16.3500   -1.014660E-03  2.103337E-03  6.647684E+01
    16.4000   -1.391579E-03  1.820841E-03  6.684332E+01
    16.4500   -1.483870E-03  1.569090E-03  6.721315E+01
    16.5000   -1.350066E-03  1.351158E-03  6.758444E+01
    16.5500   -1.072084E-03  1.168596E-03  6.795351E+01
    16.6000   -7.332074E-04  1.021474E-03  6.831441E+01
    16.6500   -4.000390E-04  9.087660E-04  6.865922E+01
    16.7000   -1.119576E-04  8.291418E-04  6.897960E+01
    16.7500    1.205829E-04  7.819235E-04  6.926987E+01
    16.8000    3.098074E-04  7.675360E-04  6.953053E+01
    16.8500    4.791244E-04  7.868431E-04  6.976974E+01
    16.9000    6.500410E-04  8.396397E-04  7.000047E+01
    16.9500    8.311585E-04  9.235202E-04  7.023478E+01
    17.0000    1.012019E-03  1.033876E-03  7.047984E+01
    17.0500    1.164199E-03  1.165757E-03  7.073754E+01
    17.1000    1.246300E-03  1.313444E-03  7.100697E+01
    17.1500    1.213307E-03  1.470445E-03  7.128620E+01
    17.2000    1.029725E-03  1.630426E-03  7.157306E+01
    17.2500    6.812896E-04  1.787355E-03  7.186557E+01
    17.3000    1.826435E-04  1.935570E-03  7.216213E+01
    17.3500   -4.210455E-04  2.069840E-03  7.246148E+01
    17.4000   -1.059235E-03  2.185422E-03  7.276263E+01
    17.4500   -1.647109E-03  2.278121E-03  7.306478E+01
    17.5000   -2.100481E-03  2.344342E-03  7.336726E+01
    17.5500   -2.351501E-03  2.381154E-03  7.366944E+01
    17.6000   -2.361884E-03  2.386337E-03  7.397071E+01
    17.6500   -2.130842E-03  2.358433E-03  7.427036E+01
    17.7000   -1.695920E-03  2.296802E-03  7.456755E+01
    17.7500   -1.126370E-03  2.201666E-03  7.486118E+01
    17.8000   -5.102448E-04  2.074186E-03  7.514967E+01
    17.8500    6.229699E-05  1.916555E-03  7.543073E+01
    17.9000    5.160970E-04  1.732194E-03  7.570076E+01
    17.9500    8.050161E-04  1.526129E-03  7.595387E+01
    18.0000    9.200456E-04  1.305707E-03  7.618013E+01
    18.0500    8.886881E-04  1.082336E-03  7.636153E+01
    18.1000    7.680405E-04  8.770100E-04  7.646521E+01
    18.1500    6.319195E-04  7.279218E-04  7.644961E+01
    18.2000    5.525542E-04  6.892456E-04  7.632832E+01
    18.2500    5.832592E-04  7.835228E-04  7.623787E+01
    18.3000    7.451659E-04  9.708375E-04  7.627323E+01
    18.3500    1.021016E-03  1.201712E-03  7.641352E+01
    18.4000    1.357522E-03  1.445729E-03  7.661790E+01
    18.4500    1.675955E-03  1.685953E-03  7.686006E+01
    18.5000    1.888774E-03  1.912086E-03  7.712533E+01
    18.5500    1.918790E-03  2.117231E-03  7.740543E+01
    18.6000    1.716725E-03  2.296506E-03  7.769547E+01
    18.6500    1.273364E-03  2.446465E-03  7.799239E+01
    18.7000    6.236628E-04  2.564829E-03  7.829419E+01
    18.7500   -1.581027E-04  2.650357E-03  7.859951E+01
    18.8000   -9.710925E-04  2.702769E-03  7.890733E+01
    18.8500   -1.705862E-03  2.722685E-03  7.921692E+01
    18.9000   -2.263754E-03  2.711557E-03  7.952768E+01
    18.9500   -2.573763E-03  2.671601E-03  7.983915E+01
    19.0000   -2.605509E-03  2.607638E-03  8.015103E+01
    19.0500   -2.370649E-03  2.526122E-03  8.046328E+01
    19.1000   -1.909378E-03  2.425805E-03  8.077530E+01
    19.1500   -1.294565E-03  2.310925E-03  8.108679E+01
    19.2000   -6.122225E-04  2.185968E-03  8.139754E+01
    19.2500    5.349162E-05  2.055529E-03  8.170744E+01
    19.3000    6.327413E-04  1.924170E-03  8.201648E+01
    19.3500    1.077746E-03  1.796274E-03  8.232490E+01
    19.4000    1.364918E-03  1.675912E-03  8.263316E+01
    19.4500    1.491982E-03  1.566720E-03  8.294208E+01
    19.5000    1.471801E-03  1.471802E-03  8.325284E+01
    19.5500    1.325231E-03  1.393672E-03  8.356690E+01
    19.6000    1.075215E-03  1.334251E-03  8.388588E+01
    19.6500    7.436699E-04  1.294908E-03  8.421125E+01
    19.7000    3.516128E-04  1.276527E-03  8.454395E+01
    19.7500   -7.816206E-05  1.279567E-03  8.488412E+01
    19.8000   -5.174280E-04  1.304069E-03  8.523101E+01
    19.8500   -9.298492E-04  1.349615E-03  8.558307E+01
    19.9000   -1.271019E-03  1.415260E-03  8.593839E+01
    19.9500   -1.492172E-03  1.499483E-03  8.629501E+01