# # tequil.ion_motion                                            FEFF 9.05   
# # POT  SCF  30  5.5000   1, core-hole, AFOLP (folp(0)= 1.150)
# # Abs   Z=30 Rmt= 1.307 Rnm= 1.409 K  shell
# # Pot 1 Z=26 Rmt= 1.279 Rnm= 1.393
# # Pot 2 Z= 8 Rmt= 0.965 Rnm= 1.085
# # Gam_ch=1.897E+00 H-L exch
# # Mu=-1.158E+01 kf=2.177E+00 Vint=-1.842E+01 Rs_int= 1.666
# # PATH  Rmax= 8.500,  Keep_limit= 0.00, Heap_limit 0.00  Pwcrit= 2.50%
#  S02=1.000                                        Global_sig2= 0.00000
#  Energy zero shift, vr, vi   -2.00000E+00   0.00000E+00
#  Curved wave amplitude ratio filter   4.000%
#     file         sig2 tot  cw amp ratio   deg  nlegs   reff  inp sig2
#           1       0.00000    100.00      1.00     2   1.9385
#           2       0.00000     92.69      1.00     2   1.9956
#           3       0.00000     92.39      1.00     2   1.9981
#           4       0.00000     75.17      1.00     2   2.1621
#           5       0.00000     65.38      1.00     2   2.2801
#           6       0.00000     50.04      1.00     2   2.5230
#           7       0.00000     31.87      1.00     2   2.9501
#           8       0.00000     31.39      1.00     2   2.9700
#           9       0.00000     31.11      1.00     2   2.9821
#          10       0.00000     28.01      1.00     2   3.1218
#          11       0.00000     27.58      1.00     2   3.1430
#          12       0.00000     26.55      1.00     2   3.1946
#          13       0.00000     26.00      1.00     2   3.2229
#          14       0.00000     22.36      1.00     2   3.3978
#          15       0.00000     12.56      2.00     3   3.4058
#          16       0.00000     13.78      2.00     3   3.4244
#          17       0.00000     21.24      1.00     2   3.4613
#          18       0.00000     21.14      1.00     2   3.4673
#          19       0.00000     12.18      2.00     3   3.4705
#          20       0.00000     10.33      2.00     3   3.4951
#          21       0.00000     20.39      1.00     2   3.5122
#          22       0.00000     15.99      2.00     3   3.5118
#          23       0.00000      7.47      2.00     3   3.5220
#          24       0.00000     18.06      2.00     3   3.5233
#          25       0.00000     10.50      2.00     3   3.5464
#          26       0.00000     19.84      1.00     2   3.5469
#          27       0.00000      8.85      2.00     3   3.5718
#          28       0.00000      8.30      2.00     3   3.5856
#          29       0.00000     13.94      2.00     3   3.5862
#          30       0.00000      7.01      2.00     3   3.5904
#          31       0.00000     10.51      2.00     3   3.5962
#          32       0.00000      8.35      2.00     3   3.6176
#          33       0.00000      7.91      2.00     3   3.6472
#          34       0.00000      8.05      2.00     3   3.6493
#          35       0.00000      6.33      2.00     3   3.6609
#          36       0.00000     10.51      2.00     3   3.6685
#          37       0.00000     18.70      1.00     2   3.6882
#          38       0.00000      8.38      2.00     3   3.6936
#          39       0.00000     17.25      1.00     2   3.7281
#          40       0.00000     17.96      1.00     2   3.7472
#          41       0.00000      8.40      2.00     3   3.7489
#          42       0.00000     16.80      1.00     2   3.7636
#          43       0.00000     17.63      1.00     2   3.7743
#          44       0.00000     17.17      1.00     2   3.8141
#          45       0.00000      6.61      2.00     3   3.8231
#          46       0.00000      5.17      1.00     4   3.8238
#          47       0.00000      5.97      2.00     3   3.8343
#          48       0.00000      6.01      2.00     3   3.8525
#          49       0.00000     11.02      1.00     4   3.8769
#          50       0.00000      6.08      1.00     4   3.8788
#          51       0.00000      5.26      1.00     4   3.8807
#          52       0.00000     14.22      2.00     3   3.9034
#          53       0.00000     14.95      1.00     2   3.9216
#          54       0.00000     14.31      2.00     3   3.9341
#          57       0.00000     14.87      2.00     3   3.9454
#          58       0.00000     15.71      1.00     2   3.9463
#          59       0.00000      5.52      1.00     4   3.9589
#          60       0.00000     14.43      1.00     2   3.9707
#          61       0.00000      4.53      1.00     4   3.9777
#          62       0.00000     15.27      1.00     2   3.9895
#          63       0.00000      9.40      1.00     4   3.9912
#          65       0.00000      9.34      1.00     4   3.9962
#          66       0.00000      9.74      2.00     3   4.0145
#          67       0.00000     13.20      2.00     3   4.0168
#          68       0.00000      5.01      1.00     4   4.0401
#          69       0.00000      9.15      2.00     3   4.0467
#          70       0.00000      9.45      2.00     3   4.0520
#          71       0.00000      8.25      2.00     3   4.0828
#          72       0.00000     21.10      2.00     3   4.0850
#          73       0.00000      6.45      1.00     4   4.1164
#          74       0.00000      4.71      1.00     4   4.1187
#          75       0.00000      5.91      1.00     4   4.1209
#          76       0.00000      7.77      2.00     3   4.1234
#          77       0.00000     18.05      2.00     4   4.1577
#          78       0.00000     21.87      2.00     3   4.1769
#          79       0.00000      7.79      2.00     3   4.1895
#          80       0.00000     20.52      2.00     4   4.2185
#          81       0.00000      4.61      1.00     4   4.2196
#          82       0.00000     10.38      2.00     3   4.2417
#          83       0.00000     11.90      1.00     2   4.2451
#          85       0.00000     11.60      1.00     2   4.2824
#          86       0.00000      7.70      2.00     3   4.2988
#          87       0.00000      6.39      2.00     3   4.3162
#          88       0.00000      6.11      1.00     4   4.3242
#          89       0.00000      6.74      2.00     3   4.3562
#          90       0.00000     10.87      1.00     2   4.3780
#          91       0.00000     10.82      1.00     2   4.3853
#          92       0.00000      6.48      2.00     3   4.3909
#          93       0.00000      7.31      2.00     3   4.4240
#          94       0.00000     22.58      2.00     3   4.4569
#          95       0.00000     15.64      2.00     3   4.4579
#          96       0.00000      7.19      2.00     3   4.4595
#          97       0.00000     10.13      1.00     2   4.4844
#          99       0.00000     10.00      1.00     2   4.5045
#         100       0.00000      6.03      2.00     3   4.5082
#         101       0.00000     13.05      2.00     4   4.5211
#         102       0.00000      5.18      2.00     3   4.5252
#         103       0.00000     13.84      1.00     4   4.5286
#         104       0.00000      9.74      1.00     2   4.5443
#         105       0.00000      9.69      1.00     2   4.5528
#         106       0.00000      4.61      1.00     4   4.5601
#         107       0.00000      9.13      2.00     3   4.5687
#         108       0.00000     19.40      2.00     3   4.5721
#         110       0.00000      9.32      1.00     2   4.6123
#         111       0.00000      9.27      1.00     2   4.6210
#         112       0.00000      8.43      2.00     3   4.6232
#         113       0.00000     18.16      2.00     3   4.6425
#         114       0.00000      9.13      1.00     2   4.6449
#         115       0.00000     11.42      1.00     4   4.6599
#         116       0.00000      9.01      1.00     2   4.6665
#         117       0.00000      6.54      2.00     3   4.6830
#         118       0.00000      8.82      1.00     2   4.6991
#         119       0.00000      4.51      2.00     3   4.6986
#         120       0.00000     13.58      2.00     3   4.7019
#         121       0.00000     16.32      2.00     3   4.7155
#         122       0.00000      4.03      2.00     3   4.7215
#         123       0.00000     16.29      2.00     3   4.7242
#         124       0.00000     10.51      1.00     4   4.7323
#         125       0.00000     10.56      2.00     3   4.7332
#         127       0.00000      8.55      1.00     2   4.7490
#         128       0.00000      4.06      2.00     3   4.7501
#         130       0.00000      8.52      1.00     2   4.7546
#         131       0.00000      6.83      2.00     3   4.7688
#         132       0.00000      5.64      2.00     3   4.7723
#         133       0.00000      8.39      1.00     2   4.7793
#         134       0.00000      8.29      1.00     2   4.7978
#         136       0.00000      6.00      2.00     3   4.8103
#         138       0.00000      7.41      2.00     3   4.8176
#         139       0.00000      9.16      1.00     4   4.8187
#         140       0.00000      5.88      2.00     3   4.8233
#         141       0.00000      9.19      1.00     4   4.8273
#         142       0.00000      6.86      2.00     3   4.8312
#         143       0.00000     10.97      2.00     3   4.8559
#         144       0.00000      6.97      1.00     4   4.8594
#         145       0.00000      8.81      1.00     2   4.8817
#         151       0.00000      4.90      2.00     3   4.8960
#         153       0.00000      8.21      2.00     3   4.9189
#         154       0.00000      8.62      1.00     2   4.9199
#         155       0.00000      4.96      2.00     4   4.9206
#         156       0.00000      7.67      1.00     2   4.9225
#         159       0.00000      4.34      2.00     4   4.9482
#         160       0.00000      4.75      1.00     4   4.9619
#         163       0.00000      8.39      1.00     2   4.9659
#         164       0.00000      9.85      2.00     3   4.9764
#         165       0.00000      8.57      2.00     3   4.9947
#         166       0.00000      4.15      2.00     4   5.0080
#         167       0.00000      9.24      2.00     3   5.0136
#         169       0.00000      7.49      2.00     3   5.0294
#         170       0.00000      5.31      1.00     4   5.0454
#         171       0.00000      6.24      2.00     3   5.0474
#         172       0.00000      9.16      2.00     3   5.0495
#         173       0.00000      4.33      2.00     4   5.0580
#         174       0.00000      7.12      2.00     3   5.0853
#         175       0.00000      8.12      2.00     3   5.1134
#         177       0.00000      6.77      1.00     2   5.1298
#         179       0.00000     16.31      2.00     3   5.1407
#         180       0.00000      4.42      1.00     4   5.1455
#         181       0.00000     10.07      1.00     4   5.1515
#         184       0.00000      6.63      1.00     2   5.1650
#         185       0.00000      4.66      1.00     4   5.1735
#         186       0.00000      4.38      1.00     4   5.1791
#         188       0.00000      7.25      1.00     2   5.2268
#         189       0.00000      5.97      2.00     3   5.2301
#         190       0.00000      5.40      2.00     3   5.2326
#         193       0.00000      7.06      1.00     2   5.2747
#         194       0.00000      6.21      1.00     2   5.2747
#         195       0.00000     15.21      2.00     3   5.2798
#         196       0.00000      5.33      2.00     3   5.2793
#         197       0.00000      9.44      1.00     4   5.2849
#         199       0.00000      6.97      1.00     2   5.2983
#         200       0.00000      7.18      2.00     3   5.3000
#         202       0.00000      4.14      2.00     4   5.3050
#         205       0.00000      6.91      1.00     2   5.3133
#         206       0.00000      6.89      1.00     2   5.3191
#         207       0.00000      6.05      1.00     2   5.3209
#         208       0.00000     14.43      2.00     3   5.3239
#         209       0.00000      8.72      1.00     4   5.3270
#         210       0.00000      6.47      2.00     3   5.3292
#         213       0.00000      8.17      2.00     3   5.3689
#         215       0.00000      6.08      2.00     3   5.3730
#         216       0.00000      6.03      2.00     3   5.3751
#         218       0.00000      5.78      1.00     2   5.4006
#         220       0.00000      5.01      2.00     4   5.4058
#         222       0.00000      7.86      2.00     3   5.4103
#         223       0.00000      4.96      2.00     3   5.4144
#         225       0.00000      5.63      1.00     2   5.4460
#         226       0.00000      6.41      1.00     2   5.4501
#         227       0.00000      4.22      2.00     4   5.4569
#         228       0.00000      5.44      2.00     3   5.4591
#         229       0.00000      5.57      1.00     2   5.4627
#         232       0.00000      5.24      2.00     3   5.4854
#         233       0.00000      6.89      2.00     3   5.4962
#         235       0.00000      5.44      1.00     2   5.5051
#         238       0.00000      4.14      2.00     3   5.5196
#         240       0.00000      5.36      1.00     2   5.5314
#         241       0.00000      6.10      1.00     2   5.5435
#         242       0.00000      4.17      2.00     3   5.5502
#         243       0.00000      4.30      2.00     3   5.5585
#         244       0.00000      5.07      2.00     4   5.5599
#         245       0.00000      4.08      2.00     3   5.5606
#         246       0.00000      5.26      1.00     2   5.5652
#         247       0.00000      4.57      2.00     3   5.5710
#         249       0.00000      5.50      2.00     3   5.6153
#         250       0.00000      5.04      2.00     3   5.6169
#         252       0.00000      5.09      1.00     2   5.6250
#         254       0.00000      4.37      2.00     3   5.6478
#         256       0.00000      6.18      2.00     3   5.6677
#         257       0.00000      5.41      2.00     3   5.6688
#         259       0.00000      5.70      1.00     2   5.6718
#         260       0.00000      4.75      2.00     3   5.6727
#         261       0.00000      5.54      2.00     3   5.6731
#         262       0.00000      4.64      2.00     3   5.6771
#         263       0.00000      5.68      1.00     2   5.6809
#         265       0.00000      6.40      2.00     3   5.6927
#         267       0.00000      4.85      1.00     2   5.7107
#         269       0.00000      4.22      2.00     3   5.7154
#         273       0.00000      4.80      1.00     2   5.7279
#         275       0.00000      8.31      2.00     3   5.7509
#         280       0.00000      4.68      1.00     2   5.7748
#         283       0.00000      4.19      2.00     3   5.7903
#         284       0.00000      6.45      2.00     3   5.7933
#         287       0.00000      5.33      1.00     2   5.8038
#         288       0.00000      5.32      1.00     2   5.8079
#         289       0.00000      5.48      2.00     3   5.8080
#         295       0.00000      9.35      2.00     3   5.8346
#         296       0.00000      4.52      1.00     2   5.8416
#         298       0.00000      4.09      2.00     3   5.8547
#         299       0.00000      4.48      1.00     4   5.8655
#         300       0.00000      4.88      2.00     3   5.8704
#         303       0.00000      4.43      1.00     2   5.8754
#         307       0.00000      5.11      1.00     2   5.8839
#         309       0.00000      5.05      1.00     2   5.9070
#         311       0.00000      4.99      2.00     3   5.9104
#         312       0.00000      5.04      1.00     2   5.9130
#         315       0.00000      5.02      1.00     2   5.9204
#         316       0.00000      5.00      1.00     2   5.9268
#         317       0.00000      8.61      2.00     3   5.9271
#         319       0.00000      4.36      2.00     3   5.9337
#         324       0.00000      4.08      2.00     3   5.9416
#         326       0.00000      5.81      2.00     3   5.9442
#   240/ 303 paths used
#  -----------------------------------------------------------------------
#       k          chi          mag           phase @#
    -0.7000   -4.618102E-01  4.619462E-01 -1.595061E+00
    -0.6500   -4.484049E-01  4.485170E-01 -1.593161E+00
    -0.6000   -4.430148E-01  4.430817E-01 -1.588179E+00
    -0.5500   -4.426775E-01  4.426903E-01 -1.578402E+00
    -0.5000   -4.454957E-01  4.455015E-01 -1.565717E+00
    -0.4500   -4.501658E-01  4.502605E-01 -1.550289E+00
    -0.4000   -4.553588E-01  4.556672E-01 -1.534003E+00
    -0.3500   -4.612271E-01  4.619275E-01 -1.515720E+00
    -0.3000   -4.665229E-01  4.677453E-01 -1.498484E+00
    -0.2500   -4.710370E-01  4.728597E-01 -1.482965E+00
    -0.2000   -4.746942E-01  4.771314E-01 -1.469679E+00
    -0.1500   -4.779126E-01  4.809560E-01 -1.458240E+00
    -0.1000   -4.803001E-01  4.838474E-01 -1.449632E+00
    -0.0500   -4.817154E-01  4.855903E-01 -1.444381E+00
     0.0000   -4.821839E-01  4.861724E-01 -1.442617E+00
     0.0500   -4.826508E-01  4.867549E-01 -1.440846E+00
     0.1000   -4.840405E-01  4.885052E-01 -1.435493E+00
     0.1500   -4.863175E-01  4.914291E-01 -1.426439E+00
     0.2000   -4.894119E-01  4.955297E-01 -1.413498E+00
     0.2500   -4.932061E-01  5.007994E-01 -1.396436E+00
     0.3000   -4.975184E-01  5.072108E-01 -1.374989E+00
     0.3500   -5.023278E-01  5.150160E-01 -1.348363E+00
     0.4000   -5.079308E-01  5.250755E-01 -1.314550E+00
     0.4500   -5.129335E-01  5.362275E-01 -1.274963E+00
     0.5000   -5.166498E-01  5.482899E-01 -1.229415E+00
     0.5500   -5.187069E-01  5.617819E-01 -1.176649E+00
     0.6000   -5.184001E-01  5.773742E-01 -1.114880E+00
     0.6500   -5.135180E-01  5.932357E-01 -1.046392E+00
     0.7000   -5.029168E-01  6.095521E-01 -9.703076E-01
     0.7500   -4.850190E-01  6.273891E-01 -8.836750E-01
     0.8000   -4.579754E-01  6.443954E-01 -7.905007E-01
     0.8500   -4.204915E-01  6.613987E-01 -6.889939E-01
     0.9000   -3.709512E-01  6.782453E-01 -5.786900E-01
     0.9500   -3.093427E-01  6.929959E-01 -4.627209E-01
     1.0000   -2.339106E-01  7.073563E-01 -3.370270E-01
     1.0500   -1.468789E-01  7.190715E-01 -2.057097E-01
     1.1000   -4.946015E-02  7.283898E-01 -6.795570E-02
     1.1500    5.636149E-02  7.352753E-01  7.672886E-02
     1.2000    1.648220E-01  7.383436E-01  2.251290E-01
     1.2500    2.748322E-01  7.389822E-01  3.810618E-01
     1.3000    3.778156E-01  7.353556E-01  5.395922E-01
     1.3500    4.712259E-01  7.284806E-01  7.034615E-01
     1.4000    5.486159E-01  7.176841E-01  8.701496E-01
     1.4500    6.065255E-01  7.033084E-01  1.039970E+00
     1.5000    6.420646E-01  6.855468E-01  1.212721E+00
     1.5500    6.531755E-01  6.644071E-01  1.386663E+00
     1.6000    6.405339E-01  6.405511E-01  1.563473E+00
     1.6500    6.052328E-01  6.139796E-01  1.739793E+00
     1.7000    5.503479E-01  5.854916E-01  1.919033E+00
     1.7500    4.801510E-01  5.552381E-01  2.096909E+00
     1.8000    3.986270E-01  5.237649E-01  2.276616E+00
     1.8500    3.115334E-01  4.915059E-01  2.455092E+00
     1.9000    2.218348E-01  4.585431E-01  2.636622E+00
     1.9500    1.351332E-01  4.253260E-01  2.818272E+00
     2.0000    5.595861E-02  3.923163E-01  2.998468E+00
     2.0500   -1.297638E-02  3.597135E-01  3.177675E+00
     2.1000   -6.984673E-02  3.263872E-01  3.357260E+00
     2.1500   -1.125360E-01  2.922113E-01  3.536929E+00
     2.2000   -1.403961E-01  2.586008E-01  3.715487E+00
     2.2500   -1.538204E-01  2.254347E-01  3.892535E+00
     2.3000   -1.529721E-01  1.917437E-01  4.065221E+00
     2.3500   -1.373234E-01  1.557036E-01  4.221585E+00
     2.4000   -1.128373E-01  1.207480E-01  4.348403E+00
     2.4500   -8.438662E-02  8.837834E-02  4.410692E+00
     2.5000   -5.769569E-02  6.212575E-02  4.332463E+00
     2.5500   -4.134351E-02  5.083504E-02  4.091373E+00
     2.6000   -3.261652E-02  5.332343E-02  3.799767E+00
     2.6500   -3.329537E-02  6.603678E-02  3.670042E+00
     2.7000   -4.331312E-02  8.198812E-02  3.698172E+00
     2.7500   -5.703269E-02  9.488869E-02  3.786405E+00
     2.8000   -7.449614E-02  1.069543E-01  3.912133E+00
     2.8500   -9.384746E-02  1.178465E-01  4.062835E+00
     2.9000   -1.126744E-01  1.272157E-01  4.229584E+00
     2.9500   -1.290202E-01  1.354906E-01  4.402098E+00
     3.0000   -1.410915E-01  1.422882E-01  4.582603E+00
     3.0500   -1.471336E-01  1.473758E-01  4.769726E+00
     3.1000   -1.461057E-01  1.507513E-01  4.961290E+00
     3.1500   -1.380857E-01  1.527428E-01  5.154055E+00
     3.2000   -1.234272E-01  1.534679E-01  5.348766E+00
     3.2500   -1.026918E-01  1.527747E-01  5.546039E+00
     3.3000   -7.722934E-02  1.505860E-01  5.744674E+00
     3.3500   -4.931714E-02  1.473420E-01  5.941886E+00
     3.4000   -2.084383E-02  1.433482E-01  6.137261E+00
     3.4500    6.630554E-03  1.385474E-01  6.331061E+00
     3.5000    3.161798E-02  1.331265E-01  6.522980E+00
     3.5500    5.305658E-02  1.273341E-01  6.712967E+00
     3.6000    7.022255E-02  1.212966E-01  6.900604E+00
     3.6500    8.274625E-02  1.150666E-01  7.085715E+00
     3.7000    9.065456E-02  1.087686E-01  7.268530E+00
     3.7500    9.417731E-02  1.024601E-01  7.449131E+00
     3.8000    9.371344E-02  9.617557E-02  7.627220E+00
     3.8500    8.987607E-02  8.999042E-02  7.803563E+00
     3.9000    8.325605E-02  8.390635E-02  7.978564E+00
     3.9500    7.450133E-02  7.794327E-02  8.152272E+00
     4.0000    6.431185E-02  7.212455E-02  8.323740E+00
     4.0500    5.328214E-02  6.636728E-02  8.492739E+00
     4.1000    4.207724E-02  6.067202E-02  8.658415E+00
     4.1500    3.137707E-02  5.507588E-02  8.818630E+00
     4.2000    2.186491E-02  4.969620E-02  8.969211E+00
     4.2500    1.382174E-02  4.459645E-02  9.109660E+00
     4.3000    7.425385E-03  3.987413E-02  9.237464E+00
     4.3500    2.690412E-03  3.566348E-02  9.349267E+00
     4.4000   -5.031761E-04  3.219399E-02  9.440408E+00
     4.4500   -2.799360E-03  2.943711E-02  9.520018E+00
     4.5000   -4.632264E-03  2.734849E-02  9.594978E+00
     4.5500   -6.345813E-03  2.581870E-02  9.673106E+00
     4.6000   -8.159425E-03  2.479686E-02  9.760076E+00
     4.6500   -1.006669E-02  2.381425E-02  9.861220E+00
     4.7000   -1.181800E-02  2.264826E-02  9.973745E+00
     4.7500   -1.307997E-02  2.117531E-02  1.009059E+01
     4.8000   -1.366792E-02  1.951642E-02  1.020064E+01
     4.8500   -1.332146E-02  1.752779E-02  1.028812E+01
     4.9000   -1.214223E-02  1.545160E-02  1.032880E+01
     4.9500   -1.054839E-02  1.378509E-02  1.029613E+01
     5.0000   -9.328058E-03  1.337411E-02  1.019664E+01
     5.0500   -9.101258E-03  1.460321E-02  1.009765E+01
     5.1000   -1.046944E-02  1.733716E-02  1.007313E+01
     5.1500   -1.373817E-02  2.103737E-02  1.013637E+01
     5.2000   -1.893410E-02  2.523738E-02  1.027320E+01
     5.2500   -2.523557E-02  2.945476E-02  1.045373E+01
     5.3000   -3.156277E-02  3.339639E-02  1.066266E+01
     5.3500   -3.663490E-02  3.683870E-02  1.089034E+01
     5.4000   -3.925841E-02  3.964058E-02  1.113455E+01
     5.4500   -3.849451E-02  4.163472E-02  1.138645E+01
     5.5000   -3.408613E-02  4.272631E-02  1.164277E+01
     5.5500   -2.646920E-02  4.286298E-02  1.190077E+01
     5.6000   -1.663189E-02  4.206484E-02  1.215988E+01
     5.6500   -6.103468E-03  4.034413E-02  1.241450E+01
     5.7000    3.552185E-03  3.778402E-02  1.266052E+01
     5.7500    1.105655E-02  3.452500E-02  1.289236E+01
     5.8000    1.572046E-02  3.078170E-02  1.310238E+01
     5.8500    1.751768E-02  2.686014E-02  1.327683E+01
     5.9000    1.715873E-02  2.320040E-02  1.339883E+01
     5.9500    1.582857E-02  2.041205E-02  1.345380E+01
     6.0000    1.488958E-02  1.923988E-02  1.345133E+01
     6.0500    1.542605E-02  1.999377E-02  1.344763E+01
     6.1000    1.793325E-02  2.230611E-02  1.350030E+01
     6.1500    2.217503E-02  2.545817E-02  1.362368E+01
     6.2000    2.722925E-02  2.881227E-02  1.380414E+01
     6.2500    3.172531E-02  3.192792E-02  1.402445E+01
     6.3000    3.420871E-02  3.452057E-02  1.427168E+01
     6.3500    3.353610E-02  3.641122E-02  1.453723E+01
     6.4000    2.919640E-02  3.749508E-02  1.481542E+01
     6.4500    2.147306E-02  3.772395E-02  1.510241E+01
     6.5000    1.140888E-02  3.716054E-02  1.539591E+01
     6.5500    5.736019E-04  3.578135E-02  1.569193E+01
     6.6000   -9.300352E-03  3.364280E-02  1.598806E+01
     6.6500   -1.674761E-02  3.084626E-02  1.628190E+01
     6.7000   -2.089765E-02  2.751732E-02  1.657041E+01
     6.7500   -2.163935E-02  2.380240E-02  1.684914E+01
     6.8000   -1.958838E-02  1.986804E-02  1.711078E+01
     6.8500   -1.587493E-02  1.590684E-02  1.734211E+01
     6.9000   -1.181635E-02  1.216114E-02  1.751745E+01
     6.9500   -8.566915E-03  8.991570E-03  1.758732E+01
     7.0000   -6.937780E-03  7.090316E-03  1.748656E+01
     7.0500   -6.989688E-03  6.992574E-03  1.730749E+01
     7.1000   -8.231211E-03  8.232542E-03  1.726078E+01
     7.1500   -9.837260E-03  9.877362E-03  1.736890E+01
     7.2000   -1.089950E-02  1.137634E-02  1.756932E+01
     7.2500   -1.070855E-02  1.249480E-02  1.782006E+01
     7.3000   -8.957847E-03  1.314324E-02  1.809967E+01
     7.3500   -5.816230E-03  1.330311E-02  1.839706E+01
     7.4000   -1.857574E-03  1.299725E-02  1.870614E+01
     7.4500    2.122626E-03  1.227592E-02  1.902334E+01
     7.5000    5.365143E-03  1.121807E-02  1.934823E+01
     7.5500    7.286218E-03  9.887945E-03  1.967800E+01
     7.6000    7.676992E-03  8.368011E-03  2.001111E+01
     7.6500    6.732260E-03  6.750258E-03  2.034731E+01
     7.7000    4.944573E-03  5.125687E-03  2.068698E+01
     7.7500    2.931682E-03  3.580249E-03  2.103175E+01
     7.8000    1.244276E-03  2.191338E-03  2.138730E+01
     7.8500    2.143554E-04  1.025617E-03  2.178059E+01
     7.9000   -1.118416E-04  1.646027E-04  2.273818E+01
     7.9500    5.827551E-05  4.804628E-04  2.525433E+01
     8.0000    3.792793E-04  7.770980E-04  2.564262E+01
     8.0500    5.440902E-04  7.793788E-04  2.590549E+01
     8.1000    3.691623E-04  5.142856E-04  2.593340E+01
     8.1500   -1.147281E-04  4.127289E-04  2.485106E+01
     8.2000   -6.670741E-04  1.124394E-03  2.449762E+01
     8.2500   -9.285635E-04  2.130422E-03  2.468175E+01
     8.3000   -5.613883E-04  3.276308E-03  2.496054E+01
     8.3500    6.100685E-04  4.481659E-03  2.526929E+01
     8.4000    2.507706E-03  5.671968E-03  2.559071E+01
     8.4500    4.791071E-03  6.775306E-03  2.591818E+01
     8.5000    6.929415E-03  7.705226E-03  2.625094E+01
     8.5500    8.357570E-03  8.416235E-03  2.658540E+01
     8.6000    8.667997E-03  8.872393E-03  2.691860E+01
     8.6500    7.723859E-03  9.035964E-03  2.724919E+01
     8.7000    5.715582E-03  8.882640E-03  2.757533E+01
     8.7500    3.117767E-03  8.403250E-03  2.789423E+01
     8.8000    5.572858E-04  7.605595E-03  2.820100E+01
     8.8500   -1.369594E-03  6.517672E-03  2.848605E+01
     8.9000   -2.276266E-03  5.196744E-03  2.872773E+01
     8.9500   -2.105867E-03  3.763734E-03  2.886813E+01
     9.0000   -1.156442E-03  2.559642E-03  2.874311E+01
     9.0500    8.381170E-06  2.488729E-03  2.827097E+01
     9.1000    7.266919E-04  3.770952E-03  2.808041E+01
     9.1500    4.433961E-04  5.537037E-03  2.819417E+01
     9.2000   -1.107800E-03  7.373892E-03  2.842514E+01
     9.2500   -3.804667E-03  9.119689E-03  2.870469E+01
     9.3000   -7.148587E-03  1.067888E-02  2.900775E+01
     9.3500   -1.038766E-02  1.198130E-02  2.932346E+01
     9.4000   -1.271726E-02  1.297278E-02  2.964633E+01
     9.4500   -1.350167E-02  1.361312E-02  2.997318E+01
     9.5000   -1.247093E-02  1.389531E-02  3.030188E+01
     9.5500   -9.762841E-03  1.380501E-02  3.063040E+01
     9.6000   -5.904726E-03  1.332798E-02  3.095695E+01
     9.6500   -1.698608E-03  1.247892E-02  3.127938E+01
     9.7000    2.005843E-03  1.128655E-02  3.159460E+01
     9.7500    4.534423E-03  9.794042E-03  3.189728E+01
     9.8000    5.560367E-03  8.061522E-03  3.217706E+01
     9.8500    5.178336E-03  6.176476E-03  3.241026E+01
     9.9000    3.861658E-03  4.297510E-03  3.253245E+01
     9.9500    2.316891E-03  2.856655E-03  3.236187E+01
    10.0000    1.304816E-03  2.911245E-03  3.188068E+01
    10.0500    1.382768E-03  4.401987E-03  3.173546E+01
    10.1000    2.745915E-03  6.309696E-03  3.186618E+01
    10.1500    5.212845E-03  8.240011E-03  3.210087E+01
    10.2000    8.251020E-03  1.005154E-02  3.237886E+01
    10.2500    1.111787E-02  1.167137E-02  3.267752E+01
    10.3000    1.305414E-02  1.305414E-02  3.298676E+01
    10.3500    1.347598E-02  1.417159E-02  3.330134E+01
    10.4000    1.211536E-02  1.500925E-02  3.361814E+01
    10.4500    9.075001E-03  1.556509E-02  3.393506E+01
    10.5000    4.789664E-03  1.584858E-02  3.425050E+01
    10.5500   -8.931390E-05  1.587982E-02  3.456314E+01
    10.6000   -4.849515E-03  1.568829E-02  3.487178E+01
    10.6500   -8.869232E-03  1.531148E-02  3.517533E+01
    10.7000   -1.172713E-02  1.479303E-02  3.547282E+01
    10.7500   -1.324730E-02  1.418049E-02  3.576351E+01
    10.8000   -1.347796E-02  1.352262E-02  3.604702E+01
    10.8500   -1.262135E-02  1.286600E-02  3.632364E+01
    10.9000   -1.094409E-02  1.225133E-02  3.659448E+01
    10.9500   -8.699095E-03  1.170953E-02  3.686171E+01
    11.0000   -6.096362E-03  1.128330E-02  3.712832E+01
    11.0500   -3.253997E-03  1.097846E-02  3.739819E+01
    11.1000   -2.551707E-04  1.075826E-02  3.767539E+01
    11.1500    2.767521E-03  1.060385E-02  3.796316E+01
    11.2000    5.614521E-03  1.049267E-02  3.826373E+01
    11.2500    8.012241E-03  1.040344E-02  3.857819E+01
    11.3000    9.646311E-03  1.031959E-02  3.890669E+01
    11.3500    1.022855E-02  1.023088E-02  3.924855E+01
    11.4000    9.578027E-03  1.013330E-02  3.960249E+01
    11.4500    7.690085E-03  1.002771E-02  3.996673E+01
    11.5000    4.769145E-03  9.917823E-03  4.033906E+01
    11.5500    1.211341E-03  9.807997E-03  4.071688E+01
    11.6000   -2.462239E-03  9.701285E-03  4.109732E+01
    11.6500   -5.706006E-03  9.598225E-03  4.147733E+01
    11.7000   -8.058063E-03  9.496610E-03  4.185389E+01
    11.7500   -9.227813E-03  9.392260E-03  4.222410E+01
    11.8000   -9.140749E-03  9.280616E-03  4.258533E+01
    11.8500   -7.930813E-03  9.158776E-03  4.293530E+01
    11.9000   -5.885896E-03  9.027536E-03  4.327209E+01
    11.9500   -3.364993E-03  8.893002E-03  4.359424E+01
    12.0000   -7.119288E-04  8.778100E-03  4.390111E+01
    12.0500    1.818042E-03  8.704280E-03  4.419271E+01
    12.1000    4.068378E-03  8.680164E-03  4.447011E+01
    12.1500    5.972818E-03  8.727888E-03  4.473599E+01
    12.2000    7.516243E-03  8.864341E-03  4.499434E+01
    12.2500    8.681553E-03  9.096419E-03  4.524992E+01
    12.3000    9.408410E-03  9.418280E-03  4.550731E+01
    12.3500    9.581376E-03  9.811621E-03  4.577016E+01
    12.4000    9.054014E-03  1.024853E-02  4.604072E+01
    12.4500    7.702280E-03  1.069557E-02  4.631989E+01
    12.5000    5.489372E-03  1.111776E-02  4.660750E+01
    12.5500    2.518801E-03  1.148173E-02  4.690272E+01
    12.6000   -9.452717E-04  1.175793E-02  4.720437E+01
    12.6500   -4.502132E-03  1.192205E-02  4.751113E+01
    12.7000   -7.681238E-03  1.195589E-02  4.782160E+01
    12.7500   -1.003631E-02  1.184782E-02  4.813440E+01
    12.8000   -1.124229E-02  1.159297E-02  4.844809E+01
    12.8500   -1.116852E-02  1.119325E-02  4.876117E+01
    12.9000   -9.907680E-03  1.065717E-02  4.907196E+01
    12.9500   -7.751571E-03  9.999595E-03  4.937847E+01
    13.0000   -5.122853E-03  9.258634E-03  4.967916E+01
    13.0500   -2.455523E-03  8.465336E-03  4.997118E+01
    13.1000   -1.249850E-04  7.625243E-03  5.024909E+01
    13.1500    1.624779E-03  6.777438E-03  5.050757E+01
    13.2000    2.728018E-03  5.968269E-03  5.074020E+01
    13.2500    3.281482E-03  5.251079E-03  5.094051E+01
    13.3000    3.486391E-03  4.682279E-03  5.110541E+01
    13.3500    3.567967E-03  4.308874E-03  5.124110E+01
    13.4000    3.697865E-03  4.147061E-03  5.136653E+01
    13.4500    3.942508E-03  4.167407E-03  5.150625E+01
    13.5000    4.251224E-03  4.305642E-03  5.167712E+01
    13.5500    4.485107E-03  4.490045E-03  5.188318E+01
    13.6000    4.474835E-03  4.661373E-03  5.212014E+01
    13.6500    4.087155E-03  4.778598E-03  5.238094E+01
    13.7000    3.277878E-03  4.817123E-03  5.265868E+01
    13.7500    2.114388E-03  4.765301E-03  5.294735E+01
    13.8000    7.610300E-04  4.621490E-03  5.324165E+01
    13.8500   -5.670572E-04  4.391989E-03  5.353655E+01
    13.9000   -1.666081E-03  4.089799E-03  5.382665E+01
    13.9500   -2.401225E-03  3.734143E-03  5.410554E+01
    14.0000   -2.745301E-03  3.355761E-03  5.436515E+01
    14.0500   -2.773725E-03  2.989586E-03  5.459554E+01
    14.1000   -2.620936E-03  2.669647E-03  5.478655E+01
    14.1500   -2.444621E-03  2.446887E-03  5.493483E+01
    14.2000   -2.360255E-03  2.367350E-03  5.505531E+01
    14.2500   -2.397081E-03  2.448227E-03  5.518263E+01
    14.3000   -2.484476E-03  2.666474E-03  5.534948E+01
    14.3500   -2.474048E-03  2.976756E-03  5.556755E+01
    14.4000   -2.191306E-03  3.335404E-03  5.583186E+01
    14.4500   -1.501049E-03  3.710237E-03  5.613216E+01
    14.5000   -3.658142E-04  4.080096E-03  5.645889E+01
    14.5500    1.121746E-03  4.431691E-03  5.680457E+01
    14.6000    2.744137E-03  4.756756E-03  5.716359E+01
    14.6500    4.202401E-03  5.049996E-03  5.753166E+01
    14.7000    5.186563E-03  5.307698E-03  5.790541E+01
    14.7500    5.453921E-03  5.526832E-03  5.828208E+01
    14.8000    4.893293E-03  5.704554E-03  5.865931E+01
    14.8500    3.557256E-03  5.838039E-03  5.903505E+01
    14.9000    1.653389E-03  5.924607E-03  5.940743E+01
    14.9500   -5.028259E-04  5.962069E-03  5.977470E+01
    15.0000   -2.566004E-03  5.956167E-03  6.013566E+01
    15.0500   -4.236206E-03  5.914340E-03  6.048869E+01
    15.1000   -5.295948E-03  5.826851E-03  6.083087E+01
    15.1500   -5.670518E-03  5.699435E-03  6.116028E+01
    15.2000   -5.415603E-03  5.541871E-03  6.147493E+01
    15.2500   -4.680492E-03  5.368541E-03  6.177291E+01
    15.3000   -3.652604E-03  5.198524E-03  6.205278E+01
    15.3500   -2.501287E-03  5.054756E-03  6.231420E+01
    15.4000   -1.337720E-03  4.961681E-03  6.255886E+01
    15.4500   -2.016229E-04  4.941119E-03  6.279104E+01
    15.5000    9.235434E-04  5.007148E-03  6.301736E+01
    15.5500    2.074406E-03  5.162115E-03  6.324539E+01
    15.6000    3.264488E-03  5.395934E-03  6.348161E+01
    15.6500    4.449852E-03  5.688895E-03  6.373004E+01
    15.7000    5.516320E-03  6.016169E-03  6.399213E+01
    15.7500    6.293914E-03  6.351916E-03  6.426741E+01
    15.8000    6.595452E-03  6.672040E-03  6.455431E+01
    15.8500    6.268430E-03  6.955659E-03  6.485092E+01
    15.9000    5.244929E-03  7.185734E-03  6.515526E+01
    15.9500    3.574426E-03  7.349250E-03  6.546552E+01
    16.0000    1.430564E-03  7.440745E-03  6.577998E+01
    16.0500   -9.195560E-04  7.458305E-03  6.609705E+01
    16.1000   -3.163769E-03  7.392742E-03  6.641568E+01
    16.1500   -4.998256E-03  7.245807E-03  6.673468E+01
    16.2000   -6.191772E-03  7.022372E-03  6.705294E+01
    16.2500   -6.627433E-03  6.730073E-03  6.736937E+01
    16.3000   -6.317748E-03  6.378906E-03  6.768283E+01
    16.3500   -5.390939E-03  5.980784E-03  6.799210E+01
    16.4000   -4.053986E-03  5.549057E-03  6.829588E+01
    16.4500   -2.543273E-03  5.098008E-03  6.859274E+01
    16.5000   -1.075895E-03  4.642310E-03  6.888115E+01
    16.5500    1.869429E-04  4.196438E-03  6.915960E+01
    16.6000    1.157417E-03  3.773986E-03  6.942674E+01
    16.6500    1.818365E-03  3.386860E-03  6.968178E+01
    16.7000    2.204738E-03  3.044283E-03  6.992494E+01
    16.7500    2.377223E-03  2.751710E-03  7.015802E+01
    16.8000    2.396891E-03  2.509896E-03  7.038462E+01
    16.8500    2.307940E-03  2.314610E-03  7.060990E+01
    16.9000    2.131982E-03  2.157414E-03  7.083953E+01
    16.9500    1.873172E-03  2.027485E-03  7.107851E+01
    17.0000    1.529377E-03  1.912292E-03  7.132973E+01
    17.0500    1.108313E-03  1.801281E-03  7.159388E+01
    17.1000    6.345081E-04  1.691618E-03  7.187214E+01
    17.1500    1.463149E-04  1.579509E-03  7.216386E+01
    17.2000   -3.067557E-04  1.463857E-03  7.246775E+01
    17.2500   -6.749972E-04  1.345745E-03  7.278205E+01
    17.3000   -9.207989E-04  1.227788E-03  7.310464E+01
    17.3500   -1.027925E-03  1.113496E-03  7.343283E+01
    17.4000   -1.004640E-03  1.006719E-03  7.376314E+01
    17.4500   -8.797326E-04  9.112215E-04  7.409108E+01
    17.5000   -6.929434E-04  8.304573E-04  7.441116E+01
    17.5500   -4.830700E-04  7.675637E-04  7.471750E+01
    17.6000   -2.777047E-04  7.255069E-04  7.500543E+01
    17.6500   -8.783273E-05  7.071424E-04  7.527369E+01
    17.7000    9.121808E-05  7.148793E-04  7.552617E+01
    17.7500    2.731488E-04  7.499191E-04  7.577104E+01
    17.8000    4.709239E-04  8.115568E-04  7.601729E+01
    17.8500    6.873654E-04  8.970956E-04  7.627115E+01
    17.9000    9.093871E-04  1.002366E-03  7.653490E+01
    17.9500    1.107867E-03  1.122418E-03  7.680782E+01
    18.0000    1.243693E-03  1.252613E-03  7.708843E+01
    18.0500    1.275931E-03  1.388723E-03  7.737484E+01
    18.1000    1.172506E-03  1.524952E-03  7.766273E+01
    18.1500    9.218312E-04  1.657463E-03  7.795005E+01
    18.2000    5.350529E-04  1.783329E-03  7.823509E+01
    18.2500    4.433827E-05  1.900704E-03  7.851649E+01
    18.3000   -5.035526E-04  2.008951E-03  7.879317E+01
    18.3500   -1.056188E-03  2.108678E-03  7.906443E+01
    18.4000   -1.564122E-03  2.201668E-03  7.932992E+01
    18.4500   -1.986911E-03  2.290662E-03  7.958976E+01
    18.5000   -2.295295E-03  2.378990E-03  7.984457E+01
    18.5500   -2.469793E-03  2.470077E-03  8.009546E+01
    18.6000   -2.497300E-03  2.566865E-03  8.034396E+01
    18.6500   -2.367889E-03  2.671274E-03  8.059184E+01
    18.7000   -2.073850E-03  2.783804E-03  8.084092E+01
    18.7500   -1.611996E-03  2.903357E-03  8.109278E+01
    18.8000   -9.888695E-04  3.027320E-03  8.134865E+01
    18.8500   -2.271104E-04  3.151844E-03  8.160929E+01
    18.9000    6.295423E-04  3.272255E-03  8.187500E+01
    18.9500    1.515157E-03  3.383499E-03  8.214572E+01
    19.0000    2.347842E-03  3.482477E-03  8.242127E+01
    19.0500    3.040133E-03  3.567789E-03  8.270140E+01
    19.1000    3.501582E-03  3.630524E-03  8.298489E+01
    19.1500    3.666919E-03  3.667564E-03  8.327096E+01
    19.2000    3.505370E-03  3.676815E-03  8.355879E+01
    19.2500    3.028084E-03  3.657288E-03  8.384754E+01
    19.3000    2.287894E-03  3.609115E-03  8.413639E+01
    19.3500    1.371237E-03  3.533531E-03  8.442447E+01
    19.4000    3.839101E-04  3.432797E-03  8.471093E+01
    19.4500   -5.662192E-04  3.310098E-03  8.499491E+01
    19.5000   -1.385801E-03  3.169404E-03  8.527553E+01
    19.5500   -2.008507E-03  3.015291E-03  8.555198E+01
    19.6000   -2.401226E-03  2.852739E-03  8.582348E+01
    19.6500   -2.563354E-03  2.686889E-03  8.608938E+01
    19.7000   -2.520276E-03  2.522773E-03  8.634930E+01
    19.7500   -2.313358E-03  2.365002E-03  8.660316E+01
    19.8000   -1.989309E-03  2.217440E-03  8.685139E+01
    19.8500   -1.591497E-03  2.082890E-03  8.709498E+01
    19.9000   -1.154921E-03  1.962844E-03  8.733553E+01
    19.9500   -7.052495E-04  1.857365E-03  8.757512E+01