# # tequil.ion_motion                                            FEFF 9.05   
# # POT  SCF  30  5.5000   1, core-hole, AFOLP (folp(0)= 1.150)
# # Abs   Z=30 Rmt= 1.302 Rnm= 1.393 K  shell
# # Pot 1 Z=26 Rmt= 1.272 Rnm= 1.378
# # Pot 2 Z= 8 Rmt= 0.985 Rnm= 1.092
# # Gam_ch=1.897E+00 H-L exch
# # Mu=-1.165E+01 kf=2.185E+00 Vint=-1.835E+01 Rs_int= 1.660
# # PATH  Rmax= 8.500,  Keep_limit= 0.00, Heap_limit 0.00  Pwcrit= 2.50%
#  S02=1.000                                        Global_sig2= 0.00000
#  Energy zero shift, vr, vi   -2.00000E+00   0.00000E+00
#  Curved wave amplitude ratio filter   4.000%
#     file         sig2 tot  cw amp ratio   deg  nlegs   reff  inp sig2
#           1       0.00000    100.00      1.00     2   1.9515
#           2       0.00000     98.09      1.00     2   1.9659
#           3       0.00000     93.86      1.00     2   1.9992
#           4       0.00000     81.95      1.00     2   2.1052
#           5       0.00000     71.62      1.00     2   2.2158
#           6       0.00000     66.84      1.00     2   2.2747
#           7       0.00000     34.16      1.00     2   2.8805
#           8       0.00000     33.64      1.00     2   2.9003
#           9       0.00000     33.46      1.00     2   2.9072
#          10       0.00000     30.73      1.00     2   3.0189
#          11       0.00000     26.62      1.00     2   3.2119
#          12       0.00000     25.73      1.00     2   3.2449
#          13       0.00000     12.27      2.00     3   3.3611
#          14       0.00000     23.80      1.00     2   3.3662
#          15       0.00000     23.77      1.00     2   3.3677
#          16       0.00000     12.20      2.00     3   3.4092
#          17       0.00000     13.35      2.00     3   3.4197
#          18       0.00000     10.38      2.00     3   3.4583
#          19       0.00000     12.20      2.00     3   3.4706
#          20       0.00000     12.23      2.00     3   3.4804
#          21       0.00000     12.38      2.00     3   3.4881
#          22       0.00000     12.73      2.00     3   3.4934
#          23       0.00000     10.51      2.00     3   3.4951
#          24       0.00000      9.53      2.00     3   3.5136
#          25       0.00000      9.35      2.00     3   3.5158
#          26       0.00000     18.35      2.00     3   3.5235
#          27       0.00000     20.33      1.00     2   3.5333
#          28       0.00000     20.29      1.00     2   3.5358
#          29       0.00000      7.97      2.00     3   3.5403
#          30       0.00000      7.82      2.00     3   3.5695
#          31       0.00000      7.05      2.00     3   3.5857
#          32       0.00000     20.35      1.00     2   3.5871
#          33       0.00000      9.76      2.00     3   3.5977
#          34       0.00000     19.02      2.00     3   3.6014
#          35       0.00000      9.52      2.00     3   3.6042
#          36       0.00000      8.57      2.00     3   3.6149
#          37       0.00000     18.74      1.00     2   3.6375
#          38       0.00000      7.50      2.00     3   3.6401
#          39       0.00000      9.64      2.00     3   3.6626
#          40       0.00000      6.91      2.00     3   3.6682
#          41       0.00000     18.26      1.00     2   3.6711
#          42       0.00000     18.21      1.00     2   3.6749
#          43       0.00000      6.74      2.00     3   3.6793
#          44       0.00000     18.99      1.00     2   3.6876
#          45       0.00000     12.84      2.00     3   3.7473
#          46       0.00000     17.89      1.00     2   3.7748
#          47       0.00000     17.78      1.00     2   3.7842
#          48       0.00000     16.48      2.00     3   3.7856
#          49       0.00000     16.43      1.00     2   3.8111
#          50       0.00000      5.33      1.00     4   3.8351
#          51       0.00000      5.54      1.00     4   3.8367
#          52       0.00000     17.67      2.00     3   3.8437
#          53       0.00000     15.53      1.00     2   3.8878
#          54       0.00000     10.48      2.00     3   3.8899
#          55       0.00000     27.87      2.00     3   3.8961
#          56       0.00000     11.17      1.00     4   3.9030
#          57       0.00000     16.36      1.00     2   3.9081
#          59       0.00000     10.73      1.00     4   3.9317
#          60       0.00000      6.40      1.00     4   3.9379
#          61       0.00000     27.54      2.00     4   3.9507
#          62       0.00000     14.51      2.00     3   3.9612
#          63       0.00000      5.48      1.00     4   3.9679
#          64       0.00000      6.20      1.00     4   3.9842
#          65       0.00000     13.89      2.00     3   3.9907
#          66       0.00000     15.41      1.00     2   3.9980
#          67       0.00000      9.78      1.00     4   3.9984
#          68       0.00000      7.74      1.00     4   3.9997
#          69       0.00000      5.44      1.00     4   4.0360
#          70       0.00000      8.19      2.00     3   4.0543
#          71       0.00000     15.14      2.00     3   4.0595
#          72       0.00000     13.64      1.00     2   4.0676
#          74       0.00000      5.64      1.00     4   4.0899
#          75       0.00000      4.76      1.00     4   4.1243
#          77       0.00000     12.96      1.00     2   4.1408
#          78       0.00000      5.89      1.00     4   4.1476
#          79       0.00000      8.10      2.00     3   4.1564
#          80       0.00000     24.53      2.00     3   4.1628
#          81       0.00000      4.79      1.00     4   4.1765
#          82       0.00000     26.04      2.00     4   4.1817
#          83       0.00000      4.78      1.00     4   4.1973
#          84       0.00000      7.39      1.00     4   4.2103
#          85       0.00000      6.69      1.00     4   4.2108
#          86       0.00000      7.59      2.00     3   4.2147
#          87       0.00000     12.27      1.00     2   4.2193
#          88       0.00000      7.10      2.00     3   4.2645
#          89       0.00000      6.82      2.00     3   4.2666
#          90       0.00000     11.75      1.00     2   4.2829
#          91       0.00000      7.50      2.00     3   4.2862
#          92       0.00000      6.34      2.00     3   4.3049
#          93       0.00000      7.03      2.00     3   4.3117
#          94       0.00000      6.96      2.00     3   4.3164
#          95       0.00000     11.48      1.00     2   4.3172
#          96       0.00000      7.07      2.00     3   4.3225
#          97       0.00000      6.72      2.00     3   4.3341
#          98       0.00000      7.64      2.00     3   4.3461
#          99       0.00000     19.68      2.00     3   4.3520
#         100       0.00000     19.48      2.00     4   4.3798
#         101       0.00000     10.69      1.00     2   4.4229
#         102       0.00000     20.39      2.00     3   4.4266
#         103       0.00000      5.61      1.00     4   4.4317
#         104       0.00000     10.62      1.00     2   4.4327
#         105       0.00000      6.49      2.00     3   4.4357
#         106       0.00000     10.17      2.00     3   4.4610
#         107       0.00000      8.56      2.00     3   4.4652
#         108       0.00000      6.17      2.00     3   4.4947
#         109       0.00000     10.17      1.00     2   4.4985
#         110       0.00000      6.15      2.00     3   4.5081
#         112       0.00000      4.54      2.00     3   4.5290
#         113       0.00000     18.79      2.00     3   4.5321
#         114       0.00000     11.83      1.00     4   4.5360
#         115       0.00000     18.65      2.00     3   4.5408
#         116       0.00000      4.88      1.00     4   4.5493
#         117       0.00000      9.81      1.00     2   4.5536
#         118       0.00000      4.52      2.00     3   4.5531
#         119       0.00000      9.81      1.00     2   4.5539
#         120       0.00000      5.00      2.00     3   4.5747
#         121       0.00000      4.36      2.00     3   4.5783
#         122       0.00000      9.58      1.00     2   4.5902
#         123       0.00000     18.84      2.00     3   4.5944
#         124       0.00000      9.53      1.00     2   4.5986
#         125       0.00000      9.51      1.00     2   4.6027
#         126       0.00000      9.49      1.00     2   4.6046
#         127       0.00000     10.78      1.00     4   4.6412
#         128       0.00000      9.24      1.00     2   4.6470
#         129       0.00000     10.62      1.00     4   4.6488
#         131       0.00000      6.77      2.00     3   4.6635
#         132       0.00000      4.66      2.00     3   4.6638
#         134       0.00000      6.75      2.00     3   4.6641
#         135       0.00000     16.69      2.00     3   4.6673
#         136       0.00000      5.77      2.00     3   4.6775
#         137       0.00000      7.23      2.00     3   4.6855
#         138       0.00000      7.18      2.00     3   4.6877
#         139       0.00000     11.01      1.00     4   4.6903
#         140       0.00000     17.01      2.00     3   4.6915
#         141       0.00000      5.10      2.00     3   4.6962
#         142       0.00000      5.24      2.00     3   4.7065
#         143       0.00000     12.56      2.00     3   4.7345
#         144       0.00000      8.35      2.00     3   4.7410
#         146       0.00000      8.12      2.00     3   4.7747
#         147       0.00000      8.52      1.00     2   4.7755
#         148       0.00000      9.39      1.00     4   4.7807
#         151       0.00000      4.37      2.00     3   4.7850
#         152       0.00000      8.44      1.00     2   4.7902
#         153       0.00000      9.61      1.00     4   4.7927
#         154       0.00000      8.41      1.00     2   4.7961
#         156       0.00000      8.29      1.00     2   4.8183
#         158       0.00000      6.07      2.00     4   4.8320
#         159       0.00000     10.07      2.00     3   4.8339
#         160       0.00000      9.93      2.00     3   4.8362
#         161       0.00000      9.47      2.00     3   4.8470
#         163       0.00000      5.87      2.00     4   4.8662
#         165       0.00000     14.17      2.00     3   4.8891
#         166       0.00000      9.37      2.00     3   4.8886
#         167       0.00000      4.11      2.00     3   4.9108
#         168       0.00000      6.26      1.00     4   4.9154
#         169       0.00000      4.54      2.00     3   4.9205
#         171       0.00000      5.47      2.00     3   4.9683
#         172       0.00000      8.44      1.00     2   4.9799
#         173       0.00000     10.07      2.00     3   4.9849
#         174       0.00000      7.43      1.00     2   4.9975
#         176       0.00000     19.45      2.00     3   5.0025
#         177       0.00000      7.82      1.00     4   5.0027
#         178       0.00000     12.90      1.00     4   5.0075
#         179       0.00000      9.25      2.00     3   5.0132
#         181       0.00000      9.35      2.00     3   5.0281
#         182       0.00000      8.18      1.00     2   5.0349
#         184       0.00000      8.07      1.00     2   5.0600
#         185       0.00000      4.56      1.00     4   5.0633
#         186       0.00000      4.46      1.00     4   5.0697
#         188       0.00000      8.42      2.00     3   5.0898
#         190       0.00000      4.10      1.00     4   5.0954
#         191       0.00000      6.98      1.00     2   5.0988
#         194       0.00000      7.79      1.00     2   5.1208
#         195       0.00000     16.21      2.00     3   5.1217
#         197       0.00000      4.12      1.00     4   5.1303
#         198       0.00000      9.90      1.00     4   5.1445
#         199       0.00000      7.68      1.00     2   5.1476
#         202       0.00000      7.14      2.00     3   5.1799
#         203       0.00000      4.74      1.00     4   5.1796
#         204       0.00000      4.29      2.00     3   5.1903
#         206       0.00000      6.01      2.00     3   5.1962
#         207       0.00000      6.20      2.00     4   5.1964
#         208       0.00000      8.09      2.00     3   5.2035
#         209       0.00000      7.38      1.00     2   5.2194
#         210       0.00000      4.18      1.00     4   5.2304
#         211       0.00000     10.55      2.00     3   5.2382
#         212       0.00000      4.28      1.00     4   5.2379
#         213       0.00000      6.39      1.00     2   5.2500
#         214       0.00000     15.14      2.00     3   5.2615
#         215       0.00000      6.34      1.00     2   5.2630
#         216       0.00000      9.23      1.00     4   5.2731
#         217       0.00000      6.09      2.00     3   5.2872
#         218       0.00000      6.08      2.00     3   5.2898
#         221       0.00000      5.24      2.00     3   5.3284
#         222       0.00000      5.25      1.00     4   5.3287
#         223       0.00000      5.32      2.00     3   5.3331
#         224       0.00000      6.89      1.00     2   5.3428
#         226       0.00000      6.19      2.00     3   5.3612
#         227       0.00000      4.54      2.00     4   5.3653
#         232       0.00000      4.08      2.00     3   5.3907
#         233       0.00000      5.86      1.00     2   5.3969
#         234       0.00000      5.82      1.00     2   5.4090
#         237       0.00000      6.29      2.00     3   5.4368
#         239       0.00000      4.78      2.00     3   5.4482
#         241       0.00000      5.28      2.00     3   5.4675
#         243       0.00000      6.39      2.00     3   5.4736
#         244       0.00000      6.39      1.00     2   5.4832
#         246       0.00000      6.37      1.00     2   5.4899
#         247       0.00000      4.16      2.00     4   5.5016
#         248       0.00000      6.32      1.00     2   5.5031
#         250       0.00000      5.90      2.00     3   5.5135
#         251       0.00000      4.37      2.00     4   5.5225
#         252       0.00000      6.25      1.00     2   5.5238
#         253       0.00000      4.87      2.00     3   5.5366
#         258       0.00000      5.35      1.00     2   5.5588
#         259       0.00000      6.00      2.00     3   5.5616
#         260       0.00000      4.59      2.00     3   5.5672
#         261       0.00000      4.97      2.00     3   5.5772
#         262       0.00000      4.51      2.00     3   5.5961
#         266       0.00000      5.78      2.00     3   5.6166
#         268       0.00000      4.04      2.00     4   5.6367
#         269       0.00000      6.02      2.00     3   5.6372
#         273       0.00000      6.99      2.00     3   5.6459
#         275       0.00000      5.08      1.00     2   5.6499
#         276       0.00000      5.84      1.00     2   5.6538
#         277       0.00000      5.06      1.00     2   5.6563
#         278       0.00000      5.05      1.00     2   5.6600
#         281       0.00000      4.89      2.00     3   5.6674
#         282       0.00000      5.03      1.00     2   5.6689
#         283       0.00000      4.24      2.00     4   5.6703
#         285       0.00000      4.56      2.00     3   5.6844
#         286       0.00000      4.85      2.00     3   5.6883
#         289       0.00000      4.94      1.00     2   5.7024
#         291       0.00000      5.65      1.00     2   5.7160
#         292       0.00000      4.39      2.00     3   5.7163
#         293       0.00000      4.41      2.00     3   5.7231
#         300       0.00000      4.91      2.00     3   5.7669
#         302       0.00000      4.76      1.00     2   5.7703
#         309       0.00000      5.58      2.00     3   5.7993
#         311       0.00000      4.58      2.00     3   5.8005
#         312       0.00000      4.05      2.00     4   5.8029
#         314       0.00000      5.39      1.00     2   5.8085
#         315       0.00000      4.61      1.00     2   5.8262
#         317       0.00000      5.32      1.00     2   5.8337
#         318       0.00000      4.59      1.00     2   5.8350
#         320       0.00000      4.61      2.00     3   5.8370
#         322       0.00000      9.39      2.00     3   5.8416
#         325       0.00000      6.15      2.00     5   5.8476
#         330       0.00000      5.67      2.00     3   5.8571
#         331       0.00000      5.25      1.00     2   5.8584
#         334       0.00000      4.22      2.00     3   5.8680
#         336       0.00000      4.54      1.00     4   5.8747
#         337       0.00000      4.82      2.00     3   5.8753
#         340       0.00000      8.88      2.00     3   5.8879
#         343       0.00000      5.74      2.00     5   5.8953
#   255/ 320 paths used
#  -----------------------------------------------------------------------
#       k          chi          mag           phase @#
    -0.7000   -6.332741E-01  6.340553E-01 -1.620440E+00
    -0.6500   -5.968380E-01  5.968587E-01 -1.562477E+00
    -0.6000   -5.667679E-01  5.675268E-01 -1.519075E+00
    -0.5500   -5.423404E-01  5.443351E-01 -1.485163E+00
    -0.5000   -5.241277E-01  5.273325E-01 -1.460492E+00
    -0.4500   -5.107213E-01  5.150223E-01 -1.441469E+00
    -0.4000   -5.015303E-01  5.067261E-01 -1.427471E+00
    -0.3500   -4.954590E-01  5.015378E-01 -1.414946E+00
    -0.3000   -4.917184E-01  4.985492E-01 -1.405069E+00
    -0.2500   -4.895296E-01  4.970076E-01 -1.397107E+00
    -0.2000   -4.883337E-01  4.963608E-01 -1.390709E+00
    -0.1500   -4.879995E-01  4.965270E-01 -1.385197E+00
    -0.1000   -4.880231E-01  4.969412E-01 -1.381060E+00
    -0.0500   -4.881088E-01  4.972696E-01 -1.378552E+00
     0.0000   -4.881488E-01  4.973919E-01 -1.377711E+00
     0.0500   -4.881944E-01  4.975206E-01 -1.376867E+00
     0.1000   -4.883639E-01  4.979442E-01 -1.374319E+00
     0.1500   -4.887509E-01  4.987714E-01 -1.370007E+00
     0.2000   -4.894956E-01  5.001710E-01 -1.363818E+00
     0.2500   -4.907629E-01  5.023546E-01 -1.355557E+00
     0.3000   -4.927129E-01  5.055536E-01 -1.344932E+00
     0.3500   -4.956874E-01  5.102701E-01 -1.331149E+00
     0.4000   -5.004021E-01  5.175969E-01 -1.312316E+00
     0.4500   -5.059985E-01  5.267782E-01 -1.288985E+00
     0.5000   -5.121696E-01  5.378634E-01 -1.260457E+00
     0.5500   -5.188613E-01  5.514907E-01 -1.225084E+00
     0.6000   -5.257017E-01  5.684095E-01 -1.180679E+00
     0.6500   -5.305037E-01  5.869337E-01 -1.128698E+00
     0.7000   -5.321143E-01  6.072588E-01 -1.068037E+00
     0.7500   -5.291368E-01  6.305323E-01 -9.957933E-01
     0.8000   -5.185269E-01  6.540652E-01 -9.153493E-01
     0.8500   -4.984621E-01  6.785124E-01 -8.251355E-01
     0.9000   -4.664676E-01  7.035632E-01 -7.248290E-01
     0.9500   -4.209335E-01  7.270861E-01 -6.174184E-01
     1.0000   -3.596433E-01  7.507286E-01 -4.995823E-01
     1.0500   -2.828538E-01  7.720213E-01 -3.751164E-01
     1.1000   -1.908112E-01  7.911443E-01 -2.435855E-01
     1.1500   -8.451026E-02  8.080446E-01 -1.047777E-01
     1.2000    3.158329E-02  8.210695E-01  3.847553E-02
     1.2500    1.564125E-01  8.319660E-01  1.891289E-01
     1.3000    2.820492E-01  8.383735E-01  3.431173E-01
     1.3500    4.054138E-01  8.416765E-01  5.025641E-01
     1.4000    5.191671E-01  8.408227E-01  6.654985E-01
     1.4500    6.183305E-01  8.362030E-01  8.322533E-01
     1.5000    6.979397E-01  8.279412E-01  1.002803E+00
     1.5500    7.527833E-01  8.155651E-01  1.175859E+00
     1.6000    7.811706E-01  8.000538E-01  1.353100E+00
     1.6500    7.797464E-01  7.803401E-01  1.531784E+00
     1.7000    7.500246E-01  7.579314E-01  1.715366E+00
     1.7500    6.922864E-01  7.315551E-01  1.899933E+00
     1.8000    6.102290E-01  7.024066E-01  2.088882E+00
     1.8500    5.087098E-01  6.697906E-01  2.279040E+00
     1.9000    3.923404E-01  6.344533E-01  2.474899E+00
     1.9500    2.691214E-01  5.959825E-01  2.673081E+00
     2.0000    1.482263E-01  5.545380E-01  2.871006E+00
     2.0500    3.753260E-02  5.106247E-01  3.068023E+00
     2.1000   -5.805246E-02  4.636728E-01  3.267123E+00
     2.1500   -1.323997E-01  4.137430E-01  3.467327E+00
     2.2000   -1.803393E-01  3.628982E-01  3.661664E+00
     2.2500   -2.022943E-01  3.120767E-01  3.846837E+00
     2.3000   -2.003675E-01  2.609832E-01  4.016901E+00
     2.3500   -1.768898E-01  2.083914E-01  4.155369E+00
     2.4000   -1.434357E-01  1.611267E-01  4.239386E+00
     2.4500   -1.090103E-01  1.229372E-01  4.231783E+00
     2.5000   -8.164058E-02  9.944265E-02  4.104721E+00
     2.5500   -6.994887E-02  9.503336E-02  3.968802E+00
     2.6000   -6.780121E-02  1.013001E-01  3.874873E+00
     2.6500   -7.551168E-02  1.137860E-01  3.867252E+00
     2.7000   -9.136705E-02  1.279069E-01  3.937251E+00
     2.7500   -1.075309E-01  1.379259E-01  4.035665E+00
     2.8000   -1.247034E-01  1.468731E-01  4.155788E+00
     2.8500   -1.411594E-01  1.546238E-01  4.291979E+00
     2.9000   -1.549972E-01  1.609801E-01  4.438900E+00
     2.9500   -1.649531E-01  1.661593E-01  4.591822E+00
     3.0000   -1.699077E-01  1.700323E-01  4.750675E+00
     3.0500   -1.690639E-01  1.725444E-01  4.913583E+00
     3.1000   -1.622775E-01  1.738057E-01  5.078653E+00
     3.1500   -1.500414E-01  1.741978E-01  5.245308E+00
     3.2000   -1.328970E-01  1.738980E-01  5.413348E+00
     3.2500   -1.114859E-01  1.728908E-01  5.582379E+00
     3.3000   -8.672110E-02  1.712191E-01  5.752074E+00
     3.3500   -5.967673E-02  1.690927E-01  5.922492E+00
     3.4000   -3.145336E-02  1.666662E-01  6.093326E+00
     3.4500   -3.076869E-03  1.639444E-01  6.264416E+00
     3.5000    2.452822E-02  1.609847E-01  6.436145E+00
     3.5500    5.070571E-02  1.579542E-01  6.609987E+00
     3.6000    7.460817E-02  1.548212E-01  6.786006E+00
     3.6500    9.518203E-02  1.513914E-01  6.963085E+00
     3.7000    1.117121E-01  1.476417E-01  7.141349E+00
     3.7500    1.237172E-01  1.435768E-01  7.321755E+00
     3.8000    1.307844E-01  1.391939E-01  7.504599E+00
     3.8500    1.326117E-01  1.344549E-01  7.688207E+00
     3.9000    1.293555E-01  1.293771E-01  7.872246E+00
     3.9500    1.215098E-01  1.240622E-01  8.057178E+00
     4.0000    1.097083E-01  1.185939E-01  8.243544E+00
     4.0500    9.470781E-02  1.128594E-01  8.429030E+00
     4.1000    7.757288E-02  1.069270E-01  8.613053E+00
     4.1500    5.939288E-02  1.008819E-01  8.795283E+00
     4.2000    4.119218E-02  9.482111E-02  8.975384E+00
     4.2500    2.393767E-02  8.882947E-02  9.151926E+00
     4.3000    8.302404E-03  8.299710E-02  9.324578E+00
     4.3500   -5.266963E-03  7.739993E-02  9.492879E+00
     4.4000   -1.651452E-02  7.212716E-02  9.655791E+00
     4.4500   -2.552642E-02  6.727762E-02  9.813946E+00
     4.5000   -3.252622E-02  6.290441E-02  9.968207E+00
     4.5500   -3.781144E-02  5.903823E-02  1.011987E+01
     4.6000   -4.168248E-02  5.571530E-02  1.027002E+01
     4.6500   -4.435475E-02  5.283048E-02  1.042126E+01
     4.7000   -4.593934E-02  5.030646E-02  1.057582E+01
     4.7500   -4.644052E-02  4.805618E-02  1.073553E+01
     4.8000   -4.583870E-02  4.604513E-02  1.090085E+01
     4.8500   -4.396229E-02  4.409685E-02  1.107372E+01
     4.9000   -4.072217E-02  4.212766E-02  1.125461E+01
     4.9500   -3.612332E-02  4.007849E-02  1.144358E+01
     5.0000   -3.035368E-02  3.794183E-02  1.163907E+01
     5.0500   -2.362769E-02  3.565382E-02  1.184196E+01
     5.1000   -1.633804E-02  3.321814E-02  1.205217E+01
     5.1500   -8.955936E-03  3.065578E-02  1.226990E+01
     5.2000   -2.058585E-03  2.801508E-02  1.249282E+01
     5.2500    3.971526E-03  2.530570E-02  1.272396E+01
     5.3000    8.771086E-03  2.257499E-02  1.296541E+01
     5.3500    1.209582E-02  1.987501E-02  1.322066E+01
     5.4000    1.374020E-02  1.723025E-02  1.348942E+01
     5.4500    1.381058E-02  1.472272E-02  1.378332E+01
     5.5000    1.243734E-02  1.244046E-02  1.411476E+01
     5.5500    9.829982E-03  1.051573E-02  1.450030E+01
     5.6000    6.250340E-03  9.058026E-03  1.494643E+01
     5.6500    2.081451E-03  8.343265E-03  1.545582E+01
     5.7000   -2.307684E-03  8.524577E-03  1.598209E+01
     5.7500   -6.526502E-03  9.511268E-03  1.646420E+01
     5.8000   -1.009088E-02  1.093284E-02  1.688374E+01
     5.8500   -1.266035E-02  1.266642E-02  1.724779E+01
     5.9000   -1.393509E-02  1.455224E-02  1.757104E+01
     5.9500   -1.371118E-02  1.647325E-02  1.786626E+01
     6.0000   -1.172976E-02  1.819066E-02  1.814876E+01
     6.0500   -8.294536E-03  1.979298E-02  1.841714E+01
     6.1000   -3.723477E-03  2.125983E-02  1.867351E+01
     6.1500    1.580069E-03  2.256426E-02  1.891964E+01
     6.2000    7.158263E-03  2.369594E-02  1.915644E+01
     6.2500    1.256803E-02  2.466239E-02  1.938428E+01
     6.3000    1.744487E-02  2.548997E-02  1.960331E+01
     6.3500    2.154503E-02  2.622345E-02  1.981376E+01
     6.4000    2.475448E-02  2.692340E-02  2.001621E+01
     6.4500    2.706166E-02  2.766037E-02  2.021191E+01
     6.5000    2.846252E-02  2.846578E-02  2.040521E+01
     6.5500    2.899955E-02  2.945640E-02  2.059670E+01
     6.6000    2.861674E-02  3.068082E-02  2.078925E+01
     6.6500    2.713287E-02  3.214356E-02  2.098624E+01
     6.7000    2.427580E-02  3.381564E-02  2.119039E+01
     6.7500    1.975818E-02  3.563910E-02  2.140351E+01
     6.8000    1.338746E-02  3.753539E-02  2.162646E+01
     6.8500    5.182873E-03  3.941486E-02  2.185927E+01
     6.9000   -4.533904E-03  4.118530E-02  2.210146E+01
     6.9500   -1.510463E-02  4.275890E-02  2.235219E+01
     7.0000   -2.567306E-02  4.411213E-02  2.261233E+01
     7.0500   -3.502609E-02  4.514160E-02  2.287931E+01
     7.1000   -4.197328E-02  4.577611E-02  2.315145E+01
     7.1500   -4.556591E-02  4.597931E-02  2.342775E+01
     7.2000   -4.525056E-02  4.573239E-02  2.370723E+01
     7.2500   -4.098967E-02  4.503408E-02  2.398899E+01
     7.3000   -3.328743E-02  4.390026E-02  2.427211E+01
     7.3500   -2.311202E-02  4.236289E-02  2.455567E+01
     7.4000   -1.172950E-02  4.046866E-02  2.483868E+01
     7.4500   -4.843073E-04  3.827719E-02  2.512009E+01
     7.5000    9.446449E-03  3.590796E-02  2.539895E+01
     7.5500    1.719933E-02  3.340248E-02  2.567365E+01
     7.6000    2.232286E-02  3.082258E-02  2.594267E+01
     7.6500    2.481160E-02  2.825632E-02  2.620460E+01
     7.7000    2.501944E-02  2.579211E-02  2.645815E+01
     7.7500    2.351437E-02  2.351439E-02  2.670247E+01
     7.8000    2.091128E-02  2.149765E-02  2.693763E+01
     7.8500    1.772614E-02  1.979904E-02  2.716522E+01
     7.9000    1.428641E-02  1.845027E-02  2.738869E+01
     7.9500    1.071483E-02  1.745186E-02  2.761326E+01
     8.0000    6.982849E-03  1.678756E-02  2.784534E+01
     8.0500    2.993739E-03  1.638635E-02  2.809060E+01
     8.1000   -1.265972E-03  1.617460E-02  2.835268E+01
     8.1500   -5.652453E-03  1.609288E-02  2.863323E+01
     8.2000   -9.838657E-03  1.609496E-02  2.893202E+01
     8.2500   -1.335053E-02  1.615010E-02  2.924747E+01
     8.3000   -1.566082E-02  1.624086E-02  2.957707E+01
     8.3500   -1.631522E-02  1.635835E-02  2.991776E+01
     8.4000   -1.505586E-02  1.649691E-02  3.026621E+01
     8.4500   -1.190783E-02  1.664962E-02  3.061901E+01
     8.5000   -7.194649E-03  1.677880E-02  3.097277E+01
     8.5500   -1.533154E-03  1.687740E-02  3.132496E+01
     8.6000    4.310395E-03  1.694454E-02  3.167314E+01
     8.6500    9.564614E-03  1.696228E-02  3.201500E+01
     8.7000    1.358577E-02  1.691467E-02  3.234857E+01
     8.7500    1.596698E-02  1.679102E-02  3.267213E+01
     8.8000    1.658875E-02  1.658880E-02  3.298423E+01
     8.8500    1.560167E-02  1.631545E-02  3.328361E+01
     8.9000    1.335124E-02  1.598891E-02  3.356933E+01
     8.9500    1.027125E-02  1.563656E-02  3.384085E+01
     9.0000    6.774453E-03  1.528957E-02  3.409849E+01
     9.0500    3.193878E-03  1.498867E-02  3.434279E+01
     9.1000   -2.641586E-04  1.477381E-02  3.457540E+01
     9.1500   -3.514683E-03  1.467396E-02  3.479939E+01
     9.2000   -6.542800E-03  1.470301E-02  3.501869E+01
     9.2500   -9.340681E-03  1.485575E-02  3.523747E+01
     9.3000   -1.185207E-02  1.510817E-02  3.545938E+01
     9.3500   -1.394372E-02  1.542163E-02  3.568694E+01
     9.4000   -1.541361E-02  1.574942E-02  3.592144E+01
     9.4500   -1.603359E-02  1.604325E-02  3.616302E+01
     9.5000   -1.563344E-02  1.628229E-02  3.641157E+01
     9.5500   -1.411011E-02  1.642643E-02  3.666582E+01
     9.6000   -1.149952E-02  1.642877E-02  3.692377E+01
     9.6500   -8.019937E-03  1.627128E-02  3.718370E+01
     9.7000   -4.026768E-03  1.594654E-02  3.744383E+01
     9.7500    4.835284E-05  1.545753E-02  3.770224E+01
     9.8000    3.777269E-03  1.481720E-02  3.795688E+01
     9.8500    6.813673E-03  1.404788E-02  3.820551E+01
     9.9000    8.950851E-03  1.318051E-02  3.844564E+01
     9.9500    1.014554E-02  1.225387E-02  3.867455E+01
    10.0000    1.054737E-02  1.135373E-02  3.889076E+01
    10.0500    1.035265E-02  1.051878E-02  3.909194E+01
    10.1000    9.761358E-03  9.761507E-03  3.927543E+01
    10.1500    8.995232E-03  9.129578E-03  3.944167E+01
    10.2000    8.208095E-03  8.659117E-03  3.959408E+01
    10.2500    7.461637E-03  8.365778E-03  3.973912E+01
    10.3000    6.730048E-03  8.239549E-03  3.988487E+01
    10.3500    5.928799E-03  8.247371E-03  4.003853E+01
    10.4000    4.956696E-03  8.342890E-03  4.020453E+01
    10.4500    3.737844E-03  8.478077E-03  4.038412E+01
    10.5000    2.251662E-03  8.611853E-03  4.057617E+01
    10.5500    5.437842E-04  8.714303E-03  4.077826E+01
    10.6000   -1.282981E-03  8.767515E-03  4.098757E+01
    10.6500   -3.092654E-03  8.764575E-03  4.120133E+01
    10.7000   -4.746240E-03  8.707716E-03  4.141717E+01
    10.7500   -6.128551E-03  8.606104E-03  4.163321E+01
    10.8000   -7.164406E-03  8.473424E-03  4.184823E+01
    10.8500   -7.821194E-03  8.325328E-03  4.206171E+01
    10.9000   -8.099559E-03  8.176829E-03  4.227392E+01
    10.9500   -8.017660E-03  8.039867E-03  4.248584E+01
    11.0000   -7.615946E-03  7.941792E-03  4.269895E+01
    11.0500   -6.909337E-03  7.889465E-03  4.291527E+01
    11.1000   -5.876585E-03  7.855755E-03  4.313716E+01
    11.1500   -4.522738E-03  7.828734E-03  4.336638E+01
    11.2000   -2.877933E-03  7.793261E-03  4.360406E+01
    11.2500   -1.014800E-03  7.733476E-03  4.385070E+01
    11.3000    9.438902E-04  7.634952E-03  4.410624E+01
    11.3500    2.832103E-03  7.486246E-03  4.437026E+01
    11.4000    4.462282E-03  7.279802E-03  4.464211E+01
    11.4500    5.657562E-03  7.012315E-03  4.492102E+01
    11.5000    6.286559E-03  6.684663E-03  4.520623E+01
    11.5500    6.291652E-03  6.301550E-03  4.549704E+01
    11.6000    5.703096E-03  5.870957E-03  4.579280E+01
    11.6500    4.634933E-03  5.403468E-03  4.609297E+01
    11.7000    3.263441E-03  4.911541E-03  4.639714E+01
    11.7500    1.793335E-03  4.408757E-03  4.670498E+01
    11.8000    4.198947E-04  3.909093E-03  4.701627E+01
    11.8500   -7.041145E-04  3.426241E-03  4.733087E+01
    11.9000   -1.489558E-03  2.972997E-03  4.764868E+01
    11.9500   -1.916369E-03  2.560737E-03  4.796949E+01
    12.0000   -2.030106E-03  2.206325E-03  4.829230E+01
    12.0500   -1.911863E-03  1.917895E-03  4.861536E+01
    12.1000   -1.641347E-03  1.690749E-03  4.893702E+01
    12.1500   -1.294823E-03  1.527878E-03  4.925429E+01
    12.2000   -9.231042E-04  1.430124E-03  4.956384E+01
    12.2500   -5.466339E-04  1.396532E-03  4.986331E+01
    12.3000   -1.606029E-04  1.424722E-03  5.015252E+01
    12.3500    2.528177E-04  1.511152E-03  5.043357E+01
    12.4000    7.095176E-04  1.651260E-03  5.070962E+01
    12.4500    1.210226E-03  1.839636E-03  5.098346E+01
    12.5000    1.732401E-03  2.070312E-03  5.125686E+01
    12.5500    2.228814E-03  2.337104E-03  5.153067E+01
    12.6000    2.632630E-03  2.633906E-03  5.180514E+01
    12.6500    2.867369E-03  2.954891E-03  5.208027E+01
    12.7000    2.859525E-03  3.294572E-03  5.235602E+01
    12.7500    2.551614E-03  3.647770E-03  5.263238E+01
    12.8000    1.913865E-03  4.009468E-03  5.290945E+01
    12.8500    9.532397E-04  4.374620E-03  5.318741E+01
    12.9000   -2.811968E-04  4.737933E-03  5.346646E+01
    12.9500   -1.697483E-03  5.093673E-03  5.374683E+01
    13.0000   -3.175383E-03  5.443684E-03  5.402988E+01
    13.0500   -4.566141E-03  5.788098E-03  5.431607E+01
    13.1000   -5.686194E-03  6.108846E-03  5.460371E+01
    13.1500   -6.374857E-03  6.397964E-03  5.489286E+01
    13.2000   -6.507166E-03  6.647139E-03  5.518345E+01
    13.2500   -6.018109E-03  6.848047E-03  5.547531E+01
    13.3000   -4.920644E-03  6.992767E-03  5.576811E+01
    13.3500   -3.312391E-03  7.074245E-03  5.606138E+01
    13.4000   -1.367466E-03  7.086779E-03  5.635449E+01
    13.4500    6.871773E-04  7.026503E-03  5.664662E+01
    13.5000    2.607792E-03  6.891876E-03  5.693672E+01
    13.5500    4.175655E-03  6.684153E-03  5.722343E+01
    13.6000    5.235748E-03  6.407871E-03  5.750500E+01
    13.6500    5.723224E-03  6.071372E-03  5.777917E+01
    13.7000    5.670803E-03  5.687397E-03  5.804306E+01
    13.7500    5.194591E-03  5.273804E-03  5.829300E+01
    13.8000    4.461175E-03  4.854346E-03  5.852471E+01
    13.8500    3.643873E-03  4.459178E-03  5.873379E+01
    13.9000    2.879288E-03  4.124053E-03  5.891742E+01
    13.9500    2.235638E-03  3.886177E-03  5.907731E+01
    14.0000    1.705122E-03  3.782756E-03  5.922264E+01
    14.0500    1.206383E-03  3.829880E-03  5.936981E+01
    14.1000    6.173822E-04  3.999372E-03  5.953527E+01
    14.1500   -1.635141E-04  4.256554E-03  5.972868E+01
    14.2000   -1.180427E-03  4.560409E-03  5.995208E+01
    14.2500   -2.389791E-03  4.873070E-03  6.020282E+01
    14.3000   -3.654863E-03  5.163733E-03  6.047663E+01
    14.3500   -4.768361E-03  5.409113E-03  6.076938E+01
    14.4000   -5.498851E-03  5.592662E-03  6.107764E+01
    14.4500   -5.649562E-03  5.703591E-03  6.139881E+01
    14.5000   -5.114196E-03  5.736050E-03  6.173101E+01
    14.5500   -3.914323E-03  5.688466E-03  6.207296E+01
    14.6000   -2.207189E-03  5.562992E-03  6.242387E+01
    14.6500   -2.602640E-04  5.365021E-03  6.278332E+01
    14.7000    1.602437E-03  5.102701E-03  6.315130E+01
    14.7500    3.069643E-03  4.786452E-03  6.352807E+01
    14.8000    3.910689E-03  4.428454E-03  6.391424E+01
    14.8500    4.025034E-03  4.042100E-03  6.431072E+01
    14.9000    3.461064E-03  3.641412E-03  6.471869E+01
    14.9500    2.399709E-03  3.240387E-03  6.513954E+01
    15.0000    1.103029E-03  2.854195E-03  6.557666E+01
    15.0500   -1.490460E-04  2.496512E-03  6.603318E+01
    15.1000   -1.102701E-03  2.173111E-03  6.650565E+01
    15.1500   -1.608315E-03  1.888976E-03  6.699214E+01
    15.2000   -1.641071E-03  1.643647E-03  6.748825E+01
    15.2500   -1.292796E-03  1.430922E-03  6.798724E+01
    15.3000   -7.343462E-04  1.240009E-03  6.848124E+01
    15.3500   -1.604969E-04  1.058038E-03  6.896276E+01
    15.4000    2.664684E-04  8.729994E-04  6.942522E+01
    15.4500    4.587911E-04  6.760765E-04  6.986090E+01
    15.5000    4.200370E-04  4.631042E-04  7.025115E+01
    15.5500    2.335227E-04  2.375510E-04  7.050141E+01
    15.6000    2.750863E-05  9.219287E-05  6.941803E+01
    15.6500   -7.122074E-05  3.013592E-04  6.887645E+01
    15.7000    1.910301E-05  5.574926E-04  6.914931E+01
    15.7500    3.076385E-04  8.114463E-04  6.950389E+01
    15.8000    7.271641E-04  1.051239E-03  6.987891E+01
    15.8500    1.154685E-03  1.267207E-03  7.026124E+01
    15.9000    1.449705E-03  1.450796E-03  7.064705E+01
    15.9500    1.498334E-03  1.594760E-03  7.103536E+01
    16.0000    1.250748E-03  1.694878E-03  7.142659E+01
    16.0500    7.350932E-04  1.747709E-03  7.182252E+01
    16.1000    5.538633E-05  1.748092E-03  7.222494E+01
    16.1500   -6.298065E-04  1.696986E-03  7.263686E+01
    16.2000   -1.153855E-03  1.598572E-03  7.306304E+01
    16.2500   -1.388489E-03  1.460981E-03  7.351109E+01
    16.3000   -1.279888E-03  1.297675E-03  7.399319E+01
    16.3500   -8.641507E-04  1.130008E-03  7.452760E+01
    16.4000   -2.578547E-04  9.907547E-04  7.513493E+01
    16.4500    3.733682E-04  9.226982E-04  7.581482E+01
    16.5000    8.591119E-04  9.574475E-04  7.651182E+01
    16.5500    1.068751E-03  1.086481E-03  7.714993E+01
    16.6000    9.439316E-04  1.271714E-03  7.770339E+01
    16.6500    5.104532E-04  1.475607E-03  7.818659E+01
    16.7000   -1.328746E-04  1.671631E-03  7.861939E+01
    16.7500   -8.441670E-04  1.842563E-03  7.901573E+01
    16.8000   -1.477784E-03  1.977795E-03  7.938364E+01
    16.8500   -1.921367E-03  2.071948E-03  7.972701E+01
    16.9000   -2.120169E-03  2.124473E-03  8.004695E+01
    16.9500   -2.082518E-03  2.139838E-03  8.034259E+01
    17.0000   -1.866430E-03  2.128967E-03  8.061249E+01
    17.0500   -1.548913E-03  2.106860E-03  8.085548E+01
    17.1000   -1.201031E-03  2.091350E-03  8.106968E+01
    17.1500   -8.644803E-04  2.107095E-03  8.125866E+01
    17.2000   -5.364446E-04  2.177319E-03  8.143247E+01
    17.2500   -1.744485E-04  2.316640E-03  8.160604E+01
    17.3000    2.827133E-04  2.526354E-03  8.179355E+01
    17.3500    8.846900E-04  2.795573E-03  8.200341E+01
    17.4000    1.639850E-03  3.106345E-03  8.223754E+01
    17.4500    2.496229E-03  3.438621E-03  8.249381E+01
    17.5000    3.340344E-03  3.773200E-03  8.276851E+01
    17.5500    4.015913E-03  4.092975E-03  8.305785E+01
    17.6000    4.358574E-03  4.383328E-03  8.335853E+01
    17.6500    4.237768E-03  4.632209E-03  8.366787E+01
    17.7000    3.594429E-03  4.830122E-03  8.398371E+01
    17.7500    2.463821E-03  4.970108E-03  8.430433E+01
    17.8000    9.766099E-04  5.047709E-03  8.462830E+01
    17.8500   -6.630580E-04  5.060923E-03  8.495439E+01
    17.9000   -2.217531E-03  5.010123E-03  8.528151E+01
    17.9500   -3.463945E-03  4.897944E-03  8.560857E+01
    18.0000   -4.241108E-03  4.730651E-03  8.593484E+01
    18.0500   -4.476635E-03  4.517033E-03  8.625996E+01
    18.1000   -4.186459E-03  4.261484E-03  8.658172E+01
    18.1500   -3.478167E-03  3.973562E-03  8.689848E+01
    18.2000   -2.514705E-03  3.664182E-03  8.720821E+01
    18.2500   -1.473728E-03  3.345484E-03  8.750842E+01
    18.3000   -5.080317E-04  3.030719E-03  8.779617E+01
    18.3500    2.829841E-04  2.734120E-03  8.806828E+01
    18.4000    8.644171E-04  2.470554E-03  8.832205E+01
    18.4500    1.258235E-03  2.254596E-03  8.855666E+01
    18.5000    1.520854E-03  2.098532E-03  8.877523E+01
    18.5500    1.713741E-03  2.009357E-03  8.898607E+01
    18.6000    1.876369E-03  1.986190E-03  8.920130E+01
    18.6500    2.009668E-03  2.020358E-03  8.943248E+01
    18.7000    2.074625E-03  2.098599E-03  8.968669E+01
    18.7500    2.006038E-03  2.207173E-03  8.996562E+01
    18.8000    1.736901E-03  2.334522E-03  9.026714E+01
    18.8500    1.225801E-03  2.472030E-03  9.058735E+01
    18.9000    4.789119E-04  2.613606E-03  9.092191E+01
    18.9500   -4.402601E-04  2.754863E-03  9.126669E+01
    19.0000   -1.417367E-03  2.893969E-03  9.161801E+01
    19.0500   -2.309698E-03  3.031341E-03  9.197249E+01
    19.1000   -2.969267E-03  3.160171E-03  9.232762E+01
    19.1500   -3.277273E-03  3.277304E-03  9.268135E+01
    19.2000   -3.168844E-03  3.379583E-03  9.303199E+01
    19.2500   -2.646833E-03  3.464051E-03  9.337816E+01
    19.3000   -1.780942E-03  3.528209E-03  9.371866E+01
    19.3500   -6.928685E-04  3.570294E-03  9.405248E+01
    19.4000    4.684501E-04  3.589534E-03  9.437866E+01
    19.4500    1.555239E-03  3.586373E-03  9.469632E+01
    19.5000    2.446215E-03  3.562629E-03  9.500463E+01
    19.5500    3.063441E-03  3.521573E-03  9.530279E+01
    19.6000    3.377847E-03  3.467908E-03  9.559018E+01
    19.6500    3.403696E-03  3.407589E-03  9.586638E+01
    19.7000    3.184995E-03  3.347476E-03  9.613142E+01
    19.7500    2.778572E-03  3.294749E-03  9.638592E+01
    19.8000    2.238809E-03  3.256125E-03  9.663124E+01
    19.8500    1.607916E-03  3.236947E-03  9.686954E+01
    19.9000    9.135568E-04  3.240337E-03  9.710356E+01
    19.9500    1.732502E-04  3.266661E-03  9.733631E+01