# # tequil.ion_motion                                            FEFF 9.05   
# # POT  SCF  30  5.5000   1, core-hole, AFOLP (folp(0)= 1.150)
# # Abs   Z=30 Rmt= 1.353 Rnm= 1.431 K  shell
# # Pot 1 Z=26 Rmt= 1.287 Rnm= 1.393
# # Pot 2 Z= 8 Rmt= 1.031 Rnm= 1.092
# # Gam_ch=1.897E+00 H-L exch
# # Mu=-1.173E+01 kf=2.178E+00 Vint=-1.892E+01 Rs_int= 1.665
# # PATH  Rmax= 8.500,  Keep_limit= 0.00, Heap_limit 0.00  Pwcrit= 2.50%
#  S02=1.000                                        Global_sig2= 0.00000
#  Energy zero shift, vr, vi   -2.00000E+00   0.00000E+00
#  Curved wave amplitude ratio filter   4.000%
#     file         sig2 tot  cw amp ratio   deg  nlegs   reff  inp sig2
#           1       0.00000    100.00      1.00     2   1.9989
#           2       0.00000     94.69      1.00     2   2.0418
#           3       0.00000     91.97      1.00     2   2.0651
#           4       0.00000     81.30      1.00     2   2.1664
#           5       0.00000     72.20      1.00     2   2.2685
#           6       0.00000     63.01      1.00     2   2.3912
#           7       0.00000     36.59      1.00     2   2.8838
#           8       0.00000     35.15      1.00     2   2.9363
#           9       0.00000     35.11      1.00     2   2.9379
#          10       0.00000     34.22      1.00     2   2.9718
#          11       0.00000     27.75      1.00     2   3.2554
#          12       0.00000     26.32      1.00     2   3.3289
#          13       0.00000     25.11      1.00     2   3.3788
#          14       0.00000     24.38      1.00     2   3.4359
#          15       0.00000     10.74      2.00     3   3.4573
#          16       0.00000     23.39      1.00     2   3.4670
#          17       0.00000     12.48      2.00     3   3.4735
#          18       0.00000     11.71      2.00     3   3.4962
#          19       0.00000     10.28      2.00     3   3.5034
#          20       0.00000     10.92      2.00     3   3.5057
#          21       0.00000     10.15      2.00     3   3.5233
#          22       0.00000     11.35      2.00     3   3.5518
#          23       0.00000     11.85      2.00     3   3.5685
#          24       0.00000     21.45      1.00     2   3.5765
#          25       0.00000      8.80      2.00     3   3.5848
#          26       0.00000      9.33      2.00     3   3.5889
#          27       0.00000      8.37      2.00     3   3.5959
#          28       0.00000     18.73      2.00     3   3.6110
#          29       0.00000      7.28      2.00     3   3.6238
#          30       0.00000     20.67      1.00     2   3.6245
#          31       0.00000      7.08      2.00     3   3.6342
#          32       0.00000      7.92      2.00     3   3.6520
#          33       0.00000     13.04      2.00     3   3.6710
#          34       0.00000      7.00      2.00     3   3.6843
#          35       0.00000     10.09      2.00     3   3.6878
#          36       0.00000     20.07      1.00     2   3.7163
#          37       0.00000      7.37      2.00     3   3.7189
#          38       0.00000      8.72      2.00     3   3.7199
#          39       0.00000     19.98      1.00     2   3.7233
#          40       0.00000     19.87      1.00     2   3.7314
#          41       0.00000      9.73      2.00     3   3.7320
#          42       0.00000     18.96      1.00     2   3.7381
#          43       0.00000     14.96      2.00     3   3.7474
#          44       0.00000      8.23      2.00     3   3.7584
#          45       0.00000     18.61      1.00     2   3.7630
#          46       0.00000      6.31      2.00     3   3.8096
#          47       0.00000     18.61      1.00     2   3.8289
#          48       0.00000     17.72      1.00     2   3.8287
#          49       0.00000     18.45      1.00     2   3.8414
#          50       0.00000      4.73      1.00     4   3.8930
#          51       0.00000     16.17      2.00     3   3.8999
#          52       0.00000     15.33      2.00     3   3.9179
#          53       0.00000     16.54      1.00     2   3.9222
#          54       0.00000     15.42      2.00     3   3.9352
#          55       0.00000      5.88      1.00     4   3.9753
#          56       0.00000      9.66      1.00     4   3.9979
#          57       0.00000      9.70      2.00     3   4.0052
#          58       0.00000     16.51      1.00     2   4.0103
#          59       0.00000     15.41      1.00     2   4.0210
#          60       0.00000     14.15      2.00     3   4.0303
#          61       0.00000      5.74      1.00     4   4.0308
#          62       0.00000     13.93      2.00     3   4.0458
#          63       0.00000      4.02      1.00     4   4.0590
#          64       0.00000      9.51      2.00     3   4.0641
#          65       0.00000      5.12      1.00     4   4.0689
#          66       0.00000      8.62      1.00     4   4.0837
#          67       0.00000      5.92      1.00     4   4.0835
#          68       0.00000      4.10      1.00     4   4.0866
#          70       0.00000      5.22      1.00     4   4.1087
#          71       0.00000      6.06      1.00     4   4.1125
#          72       0.00000      8.12      1.00     4   4.1302
#          73       0.00000      4.91      1.00     4   4.1390
#          74       0.00000     13.76      1.00     2   4.1825
#          75       0.00000     23.67      2.00     3   4.1933
#          76       0.00000      5.83      1.00     4   4.2192
#          77       0.00000     20.25      2.00     4   4.2315
#          78       0.00000     23.25      2.00     3   4.2339
#          79       0.00000      7.54      2.00     3   4.2532
#          80       0.00000      4.17      1.00     4   4.2627
#          81       0.00000     12.98      1.00     2   4.2674
#          82       0.00000     20.12      2.00     4   4.2675
#          83       0.00000      6.90      2.00     3   4.2747
#          84       0.00000     12.84      1.00     2   4.2832
#          85       0.00000      7.41      2.00     3   4.2921
#          86       0.00000     12.68      1.00     2   4.3019
#          87       0.00000      7.13      2.00     3   4.3079
#          88       0.00000      6.31      1.00     4   4.3329
#          89       0.00000      9.15      2.00     3   4.3553
#          90       0.00000     17.92      2.00     3   4.3596
#          91       0.00000      7.87      2.00     3   4.3628
#          92       0.00000     23.75      2.00     3   4.3971
#          93       0.00000      6.76      2.00     3   4.4031
#          94       0.00000     11.80      1.00     2   4.4078
#          95       0.00000      5.76      2.00     3   4.4148
#          96       0.00000     11.72      1.00     2   4.4192
#          97       0.00000     13.25      2.00     4   4.4330
#          98       0.00000     11.60      1.00     2   4.4339
#          99       0.00000      6.19      2.00     3   4.4631
#         100       0.00000     22.96      2.00     3   4.4919
#         101       0.00000     14.06      1.00     4   4.4923
#         102       0.00000      5.84      2.00     3   4.4982
#         103       0.00000     19.84      2.00     3   4.5330
#         104       0.00000     10.86      1.00     2   4.5337
#         105       0.00000     10.86      1.00     2   4.5345
#         106       0.00000      4.95      1.00     4   4.5371
#         108       0.00000      5.34      2.00     3   4.5501
#         109       0.00000      8.99      2.00     3   4.5527
#         110       0.00000     13.67      1.00     4   4.5759
#         111       0.00000      5.32      2.00     3   4.5817
#         112       0.00000      6.37      2.00     3   4.5832
#         113       0.00000      5.68      2.00     3   4.5842
#         114       0.00000      5.24      2.00     3   4.5888
#         115       0.00000     10.45      1.00     2   4.5935
#         116       0.00000      5.12      2.00     3   4.5978
#         118       0.00000     10.35      1.00     2   4.6091
#         119       0.00000     10.27      1.00     2   4.6201
#         120       0.00000     14.17      2.00     3   4.6235
#         121       0.00000      5.21      2.00     3   4.6287
#         122       0.00000      7.27      2.00     3   4.6295
#         123       0.00000     18.80      2.00     3   4.6396
#         124       0.00000     11.17      1.00     4   4.6469
#         125       0.00000     10.00      1.00     2   4.6614
#         126       0.00000      7.62      2.00     3   4.6744
#         127       0.00000      4.48      2.00     3   4.6790
#         129       0.00000      9.84      1.00     2   4.6876
#         130       0.00000      7.94      2.00     3   4.6936
#         131       0.00000      9.78      1.00     2   4.6974
#         132       0.00000      7.23      2.00     3   4.7059
#         133       0.00000      9.72      1.00     2   4.7072
#         134       0.00000      7.13      2.00     3   4.7107
#         135       0.00000      6.87      2.00     3   4.7144
#         136       0.00000      4.82      2.00     3   4.7195
#         137       0.00000     10.58      1.00     4   4.7456
#         138       0.00000      4.02      2.00     3   4.7628
#         139       0.00000      4.57      2.00     3   4.7625
#         140       0.00000      9.37      1.00     2   4.7641
#         143       0.00000      6.40      2.00     3   4.8053
#         144       0.00000      6.89      1.00     4   4.8130
#         145       0.00000     15.84      2.00     3   4.8145
#         146       0.00000     15.18      2.00     3   4.8161
#         148       0.00000     10.87      2.00     3   4.8227
#         149       0.00000      8.07      2.00     3   4.8344
#         150       0.00000     10.95      2.00     3   4.8424
#         152       0.00000      7.25      2.00     3   4.8508
#         153       0.00000      8.23      2.00     3   4.8570
#         154       0.00000      8.81      1.00     2   4.8627
#         155       0.00000      7.20      2.00     3   4.8925
#         156       0.00000      8.82      2.00     3   4.8949
#         157       0.00000     10.02      2.00     3   4.9007
#         159       0.00000      4.98      2.00     4   4.9256
#         160       0.00000      9.41      1.00     2   4.9291
#         161       0.00000      8.60      1.00     4   4.9315
#         163       0.00000      8.07      1.00     4   4.9445
#         164       0.00000      6.12      2.00     3   4.9546
#         165       0.00000      4.14      2.00     4   4.9707
#         167       0.00000      8.12      1.00     2   4.9965
#         169       0.00000     20.72      2.00     3   5.0027
#         170       0.00000      4.14      2.00     4   5.0030
#         171       0.00000     13.39      1.00     4   5.0089
#         172       0.00000      7.58      2.00     3   5.0212
#         173       0.00000      8.86      1.00     2   5.0346
#         174       0.00000      8.82      1.00     2   5.0441
#         175       0.00000      4.87      1.00     4   5.0519
#         176       0.00000      4.99      1.00     4   5.0647
#         177       0.00000      7.76      1.00     2   5.0717
#         179       0.00000     19.13      2.00     3   5.0809
#         181       0.00000      8.55      2.00     3   5.0850
#         183       0.00000     12.03      1.00     4   5.0900
#         184       0.00000      6.97      2.00     3   5.0932
#         185       0.00000      8.10      2.00     3   5.1252
#         188       0.00000      4.37      1.00     4   5.1399
#         189       0.00000      8.34      1.00     2   5.1443
#         190       0.00000      8.33      1.00     2   5.1454
#         192       0.00000      7.30      1.00     2   5.1740
#         193       0.00000     18.00      2.00     3   5.1778
#         194       0.00000      7.86      2.00     3   5.1781
#         197       0.00000     11.21      1.00     4   5.1815
#         199       0.00000     13.17      2.00     3   5.2102
#         200       0.00000      6.57      2.00     3   5.2105
#         204       0.00000      7.05      1.00     2   5.2334
#         205       0.00000      4.05      1.00     4   5.2410
#         206       0.00000      7.86      1.00     2   5.2517
#         207       0.00000      6.58      1.00     4   5.2750
#         209       0.00000      6.79      1.00     2   5.2954
#         210       0.00000      7.44      2.00     3   5.3029
#         211       0.00000     10.57      2.00     3   5.3109
#         216       0.00000      7.90      2.00     3   5.3248
#         217       0.00000      5.67      2.00     3   5.3256
#         218       0.00000      5.01      1.00     4   5.3263
#         221       0.00000      7.38      1.00     2   5.3654
#         223       0.00000      6.24      2.00     3   5.3763
#         224       0.00000      7.31      1.00     2   5.3848
#         228       0.00000      6.54      2.00     3   5.3959
#         229       0.00000      6.40      1.00     2   5.3988
#         231       0.00000      4.99      2.00     4   5.4206
#         235       0.00000      6.46      2.00     3   5.4405
#         238       0.00000      5.61      2.00     3   5.4658
#         239       0.00000      6.96      1.00     2   5.4763
#         240       0.00000      7.47      2.00     3   5.4763
#         241       0.00000     12.12      2.00     2   5.4941
#         243       0.00000      7.50      2.00     3   5.5147
#         244       0.00000      6.80      1.00     2   5.5184
#         249       0.00000      4.95      2.00     3   5.5682
#         252       0.00000      7.99      2.00     3   5.5815
#         255       0.00000      6.50      1.00     2   5.6055
#         256       0.00000      4.47      2.00     3   5.6114
#         257       0.00000      4.87      2.00     3   5.6225
#         258       0.00000      6.97      2.00     3   5.6265
#         259       0.00000      6.42      1.00     2   5.6292
#         261       0.00000      5.20      2.00     3   5.6335
#         263       0.00000      4.76      2.00     3   5.6424
#         265       0.00000      5.22      2.00     3   5.6559
#         266       0.00000      4.38      2.00     3   5.6677
#         267       0.00000      5.47      1.00     2   5.6747
#         271       0.00000      6.52      2.00     3   5.7051
#         272       0.00000      4.99      2.00     3   5.7084
#         278       0.00000      5.29      1.00     2   5.7363
#         280       0.00000      5.27      1.00     2   5.7443
#         281       0.00000      5.50      2.00     3   5.7441
#         282       0.00000      6.04      1.00     2   5.7451
#         285       0.00000      4.31      2.00     3   5.7547
#         286       0.00000      5.09      2.00     3   5.7574
#         288       0.00000      5.21      1.00     2   5.7658
#         289       0.00000      6.26      2.00     3   5.7660
#         291       0.00000      6.63      2.00     3   5.7689
#         294       0.00000      4.53      2.00     3   5.7784
#         296       0.00000      5.16      1.00     2   5.7816
#         298       0.00000      5.13      1.00     2   5.7921
#         299       0.00000      5.05      2.00     3   5.7960
#         301       0.00000      5.63      2.00     3   5.8107
#         302       0.00000      5.83      1.00     2   5.8136
#         304       0.00000      4.20      2.00     3   5.8221
#         308       0.00000      5.02      1.00     2   5.8329
#         309       0.00000      5.75      1.00     2   5.8427
#         310       0.00000      4.11      2.00     3   5.8481
#         314       0.00000      9.17      2.00     3   5.8683
#         317       0.00000      5.64      1.00     2   5.8794
#         318       0.00000      9.54      2.00     3   5.8806
#         326       0.00000      4.82      1.00     2   5.9076
#         327       0.00000      5.55      1.00     2   5.9124
#         328       0.00000      9.56      2.00     3   5.9132
#         330       0.00000      4.50      1.00     4   5.9185
#         332       0.00000      4.29      1.00     4   5.9231
#         337       0.00000      4.41      2.00     3   5.9389
#         338       0.00000      4.49      1.00     4   5.9471
#         339       0.00000      5.73      2.00     3   5.9494
#         341       0.00000      4.70      1.00     2   5.9561
#         342       0.00000      5.87      2.00     3   5.9590
#         343       0.00000      4.68      1.00     2   5.9607
#         344       0.00000      4.54      2.00     3   5.9605
#         345       0.00000      5.41      1.00     2   5.9628
#         346       0.00000      5.33      2.00     3   5.9632
#         350       0.00000      5.38      1.00     2   5.9714
#   253/ 325 paths used
#  -----------------------------------------------------------------------
#       k          chi          mag           phase @#
    -0.7000   -3.678756E-01  3.803550E-01 -1.313927E+00
    -0.6500   -3.484356E-01  3.546080E-01 -1.383944E+00
    -0.6000   -3.448463E-01  3.474222E-01 -1.448949E+00
    -0.5500   -3.508583E-01  3.517838E-01 -1.498241E+00
    -0.5000   -3.621852E-01  3.625294E-01 -1.527214E+00
    -0.4500   -3.761283E-01  3.763095E-01 -1.539759E+00
    -0.4000   -3.902187E-01  3.903945E-01 -1.540791E+00
    -0.3500   -4.044231E-01  4.047101E-01 -1.533131E+00
    -0.3000   -4.169223E-01  4.174241E-01 -1.521757E+00
    -0.2500   -4.274241E-01  4.282345E-01 -1.509265E+00
    -0.2000   -4.358650E-01  4.370424E-01 -1.497378E+00
    -0.1500   -4.427930E-01  4.443731E-01 -1.486440E+00
    -0.1000   -4.477946E-01  4.497343E-01 -1.477889E+00
    -0.0500   -4.507529E-01  4.529365E-01 -1.472564E+00
     0.0000   -4.517313E-01  4.540012E-01 -1.470758E+00
     0.0500   -4.527057E-01  4.550644E-01 -1.468937E+00
     0.1000   -4.556043E-01  4.582451E-01 -1.463386E+00
     0.1500   -4.603479E-01  4.635137E-01 -1.453854E+00
     0.2000   -4.667897E-01  4.708133E-01 -1.439966E+00
     0.2500   -4.746954E-01  4.800514E-01 -1.421277E+00
     0.3000   -4.837227E-01  4.910926E-01 -1.397333E+00
     0.3500   -4.936439E-01  5.040625E-01 -1.367125E+00
     0.4000   -5.044586E-01  5.196588E-01 -1.328334E+00
     0.4500   -5.144272E-01  5.365433E-01 -1.282678E+00
     0.5000   -5.225146E-01  5.543797E-01 -1.230097E+00
     0.5500   -5.278477E-01  5.734683E-01 -1.169225E+00
     0.6000   -5.290915E-01  5.942192E-01 -1.098218E+00
     0.6500   -5.239991E-01  6.148470E-01 -1.020258E+00
     0.7000   -5.110973E-01  6.354160E-01 -9.345819E-01
     0.7500   -4.882714E-01  6.567721E-01 -8.382009E-01
     0.8000   -4.542457E-01  6.767762E-01 -7.358134E-01
     0.8500   -4.075992E-01  6.961385E-01 -6.255146E-01
     0.9000   -3.470214E-01  7.147211E-01 -5.069738E-01
     0.9500   -2.735907E-01  7.308669E-01 -3.836820E-01
     1.0000   -1.854905E-01  7.461136E-01 -2.512438E-01
     1.0500   -8.636770E-02  7.585853E-01 -1.141011E-01
     1.1000    2.206121E-02  7.686086E-01  2.870673E-02
     1.1500    1.372827E-01  7.762729E-01  1.777835E-01
     1.2000    2.528068E-01  7.804259E-01  3.298852E-01
     1.2500    3.677413E-01  7.824793E-01  4.892560E-01
     1.3000    4.730415E-01  7.807816E-01  6.508418E-01
     1.3500    5.664680E-01  7.763912E-01  8.177613E-01
     1.4000    6.416060E-01  7.686415E-01  9.876372E-01
     1.4500    6.951178E-01  7.578319E-01  1.161109E+00
     1.5000    7.240488E-01  7.440692E-01  1.338296E+00
     1.5500    7.261162E-01  7.271424E-01  1.517661E+00
     1.6000    7.015754E-01  7.076013E-01  1.701396E+00
     1.6500    6.512249E-01  6.850015E-01  1.886136E+00
     1.7000    5.776235E-01  6.600725E-01  2.075969E+00
     1.7500    4.854793E-01  6.323693E-01  2.266325E+00
     1.8000    3.789228E-01  6.022779E-01  2.461134E+00
     1.8500    2.655900E-01  5.698102E-01  2.656712E+00
     1.9000    1.494736E-01  5.349191E-01  2.858390E+00
     1.9500    3.957479E-02  4.978091E-01  3.062011E+00
     2.0000   -5.627863E-02  4.589753E-01  3.264520E+00
     2.0500   -1.331702E-01  4.188689E-01  3.465136E+00
     2.1000   -1.875545E-01  3.761459E-01  3.663601E+00
     2.1500   -2.173987E-01  3.311337E-01  3.857800E+00
     2.2000   -2.250544E-01  2.867785E-01  4.043913E+00
     2.2500   -2.146357E-01  2.438334E-01  4.217993E+00
     2.3000   -1.902052E-01  2.017624E-01  4.372280E+00
     2.3500   -1.551424E-01  1.592269E-01  4.485400E+00
     2.4000   -1.211491E-01  1.231167E-01  4.533368E+00
     2.4500   -9.434349E-02  9.685646E-02  4.484099E+00
     2.5000   -7.870420E-02  8.428150E-02  4.346554E+00
     2.5500   -7.663082E-02  8.554801E-02  4.251739E+00
     2.6000   -8.133399E-02  9.238873E-02  4.218182E+00
     2.6500   -9.102641E-02  1.017262E-01  4.249615E+00
     2.7000   -1.034749E-01  1.114277E-01  4.332290E+00
     2.7500   -1.143202E-01  1.186897E-01  4.440205E+00
     2.8000   -1.237511E-01  1.250893E-01  4.565982E+00
     2.8500   -1.305451E-01  1.305492E-01  4.704491E+00
     2.9000   -1.336865E-01  1.349906E-01  4.851503E+00
     2.9500   -1.325861E-01  1.384332E-01  5.004067E+00
     3.0000   -1.269929E-01  1.409013E-01  5.160447E+00
     3.0500   -1.171025E-01  1.425319E-01  5.318994E+00
     3.1000   -1.033868E-01  1.435025E-01  5.478730E+00
     3.1500   -8.635218E-02  1.440441E-01  5.640329E+00
     3.2000   -6.653975E-02  1.441305E-01  5.803316E+00
     3.2500   -4.476487E-02  1.438159E-01  5.966661E+00
     3.3000   -2.184734E-02  1.432536E-01  6.130080E+00
     3.3500    1.696627E-03  1.425983E-01  6.295084E+00
     3.4000    2.525868E-02  1.418413E-01  6.462217E+00
     3.4500    4.808189E-02  1.409843E-01  6.631213E+00
     3.5000    6.950809E-02  1.400076E-01  6.802700E+00
     3.5500    8.903299E-02  1.389800E-01  6.978488E+00
     3.6000    1.058072E-01  1.377798E-01  7.158811E+00
     3.6500    1.187221E-01  1.361616E-01  7.342296E+00
     3.7000    1.270186E-01  1.340402E-01  7.528872E+00
     3.7500    1.301575E-01  1.313473E-01  7.719279E+00
     3.8000    1.277980E-01  1.280233E-01  7.913318E+00
     3.8500    1.200352E-01  1.240341E-01  8.108600E+00
     3.9000    1.074900E-01  1.193852E-01  8.304177E+00
     3.9500    9.113789E-02  1.141591E-01  8.500243E+00
     4.0000    7.214740E-02  1.084543E-01  8.696972E+00
     4.0500    5.212028E-02  1.022834E-01  8.890096E+00
     4.1000    3.256753E-02  9.579765E-02  9.077902E+00
     4.1500    1.469719E-02  8.916304E-02  9.259187E+00
     4.2000   -6.808656E-04  8.255911E-02  9.433025E+00
     4.2500   -1.297884E-02  7.628563E-02  9.595744E+00
     4.3000   -2.230991E-02  7.059990E-02  9.746294E+00
     4.3500   -2.917930E-02  6.571300E-02  9.884882E+00
     4.4000   -3.425717E-02  6.174365E-02  1.001294E+01
     4.4500   -3.842738E-02  5.890811E-02  1.013543E+01
     4.5000   -4.235177E-02  5.716733E-02  1.025910E+01
     4.5500   -4.635282E-02  5.635258E-02  1.039066E+01
     4.6000   -5.037154E-02  5.624281E-02  1.053458E+01
     4.6500   -5.394560E-02  5.648077E-02  1.069482E+01
     4.7000   -5.632106E-02  5.675487E-02  1.087185E+01
     4.7500   -5.668884E-02  5.682332E-02  1.106439E+01
     4.8000   -5.448687E-02  5.660374E-02  1.126992E+01
     4.8500   -4.923761E-02  5.584554E-02  1.148697E+01
     4.9000   -4.105145E-02  5.448566E-02  1.171310E+01
     4.9500   -3.053455E-02  5.252876E-02  1.194605E+01
     5.0000   -1.870436E-02  5.008848E-02  1.218367E+01
     5.0500   -6.691384E-03  4.714623E-02  1.242396E+01
     5.1000    4.314991E-03  4.381318E-02  1.266502E+01
     5.1500    1.336113E-02  4.022293E-02  1.290498E+01
     5.2000    1.987194E-02  3.654237E-02  1.314134E+01
     5.2500    2.372323E-02  3.288017E-02  1.337234E+01
     5.3000    2.519813E-02  2.938937E-02  1.359655E+01
     5.3500    2.484825E-02  2.620979E-02  1.381343E+01
     5.4000    2.326821E-02  2.342218E-02  1.402244E+01
     5.4500    2.103460E-02  2.112206E-02  1.422820E+01
     5.5000    1.846955E-02  1.933618E-02  1.443769E+01
     5.5500    1.562636E-02  1.803848E-02  1.466026E+01
     5.6000    1.235476E-02  1.712706E-02  1.490220E+01
     5.6500    8.436718E-03  1.655534E-02  1.517324E+01
     5.7000    3.723132E-03  1.627849E-02  1.547721E+01
     5.7500   -1.709860E-03  1.628841E-02  1.581313E+01
     5.8000   -7.419133E-03  1.651530E-02  1.617386E+01
     5.8500   -1.275799E-02  1.705197E-02  1.655328E+01
     5.9000   -1.691122E-02  1.792324E-02  1.694111E+01
     5.9500   -1.908407E-02  1.910655E-02  1.732728E+01
     6.0000   -1.850438E-02  2.035331E-02  1.770830E+01
     6.0500   -1.515208E-02  2.172618E-02  1.807778E+01
     6.1000   -9.380050E-03  2.315130E-02  1.843240E+01
     6.1500   -1.927085E-03  2.453006E-02  1.877091E+01
     6.2000    6.210795E-03  2.577859E-02  1.909288E+01
     6.2500    1.399377E-02  2.683883E-02  1.939805E+01
     6.3000    2.055259E-02  2.768682E-02  1.968609E+01
     6.3500    2.534506E-02  2.833880E-02  1.995655E+01
     6.4000    2.821305E-02  2.885448E-02  2.020910E+01
     6.4500    2.932761E-02  2.933582E-02  2.044400E+01
     6.5000    2.891754E-02  2.983024E-02  2.066836E+01
     6.5500    2.738214E-02  3.056343E-02  2.088067E+01
     6.6000    2.494532E-02  3.168628E-02  2.108480E+01
     6.6500    2.154069E-02  3.328177E-02  2.128721E+01
     6.7000    1.686026E-02  3.536552E-02  2.149420E+01
     6.7500    1.049292E-02  3.788301E-02  2.171050E+01
     6.8000    2.136094E-03  4.072392E-02  2.193867E+01
     6.8500   -8.184185E-03  4.374406E-02  2.217935E+01
     6.9000   -1.995651E-02  4.678631E-02  2.243182E+01
     6.9500   -3.214820E-02  4.969626E-02  2.269465E+01
     7.0000   -4.340134E-02  5.233755E-02  2.296893E+01
     7.0500   -5.196338E-02  5.458605E-02  2.325070E+01
     7.1000   -5.632497E-02  5.634195E-02  2.353739E+01
     7.1500   -5.551543E-02  5.753251E-02  2.382753E+01
     7.2000   -4.930385E-02  5.811193E-02  2.411973E+01
     7.2500   -3.828595E-02  5.806186E-02  2.441272E+01
     7.3000   -2.379382E-02  5.739133E-02  2.470525E+01
     7.3500   -7.648627E-03  5.613596E-02  2.499606E+01
     7.4000    8.183874E-03  5.435654E-02  2.528388E+01
     7.4500    2.195183E-02  5.213701E-02  2.556733E+01
     7.5000    3.246872E-02  4.961819E-02  2.584609E+01
     7.5500    3.908166E-02  4.689702E-02  2.611788E+01
     7.6000    4.181531E-02  4.408967E-02  2.638094E+01
     7.6500    4.123463E-02  4.133354E-02  2.663434E+01
     7.7000    3.817395E-02  3.876158E-02  2.687788E+01
     7.7500    3.348083E-02  3.648952E-02  2.711247E+01
     7.8000    2.781697E-02  3.460090E-02  2.734045E+01
     7.8500    2.156552E-02  3.313322E-02  2.756560E+01
     7.9000    1.485827E-02  3.207075E-02  2.779262E+01
     7.9500    7.698933E-03  3.134851E-02  2.802620E+01
     8.0000    1.214152E-04  3.088206E-02  2.827040E+01
     8.0500   -7.646947E-03  3.054654E-02  2.852736E+01
     8.1000   -1.511020E-02  3.022413E-02  2.879786E+01
     8.1500   -2.154764E-02  2.982388E-02  2.908174E+01
     8.2000   -2.614482E-02  2.927974E-02  2.937815E+01
     8.2500   -2.819053E-02  2.855175E-02  2.968589E+01
     8.3000   -2.727765E-02  2.762391E-02  3.000363E+01
     8.3500   -2.344626E-02  2.650038E-02  3.032997E+01
     8.4000   -1.722288E-02  2.520092E-02  3.066349E+01
     8.4500   -9.539744E-03  2.375629E-02  3.100270E+01
     8.5000   -1.568180E-03  2.217714E-02  3.134516E+01
     8.5500    5.535570E-03  2.050377E-02  3.168930E+01
     8.6000    1.088173E-02  1.879321E-02  3.203346E+01
     8.6500    1.398882E-02  1.708774E-02  3.237498E+01
     8.7000    1.484305E-02  1.542774E-02  3.271053E+01
     8.7500    1.383549E-02  1.385232E-02  3.303602E+01
     8.8000    1.160696E-02  1.240124E-02  3.334657E+01
     8.8500    8.849593E-03  1.111785E-02  3.363689E+01
     8.9000    6.123615E-03  1.005133E-02  3.390242E+01
     8.9500    3.739441E-03  9.254870E-03  3.414158E+01
     9.0000    1.741128E-03  8.765390E-03  3.435755E+01
     9.0500   -3.845524E-05  8.610614E-03  3.456199E+01
     9.1000   -1.859180E-03  8.776140E-03  3.477098E+01
     9.1500   -3.911274E-03  9.196223E-03  3.499683E+01
     9.2000   -6.205640E-03  9.781334E-03  3.524480E+01
     9.2500   -8.532077E-03  1.043969E-02  3.551418E+01
     9.3000   -1.050150E-02  1.108937E-02  3.580125E+01
     9.3500   -1.165780E-02  1.166199E-02  3.610151E+01
     9.4000   -1.162267E-02  1.210237E-02  3.641081E+01
     9.4500   -1.022679E-02  1.236761E-02  3.672554E+01
     9.5000   -7.594854E-03  1.244184E-02  3.704251E+01
     9.5500   -4.106749E-03  1.230476E-02  3.735883E+01
     9.6000   -3.286226E-04  1.193576E-02  3.767158E+01
     9.6500    3.113912E-03  1.133813E-02  3.797733E+01
     9.7000    5.704087E-03  1.052860E-02  3.827165E+01
     9.7500    7.161453E-03  9.539849E-03  3.854822E+01
     9.8000    7.501930E-03  8.425420E-03  3.879732E+01
     9.8500    7.013980E-03  7.269753E-03  3.900386E+01
     9.9000    6.159209E-03  6.206612E-03  3.914624E+01
     9.9500    5.427487E-03  5.438958E-03  3.920495E+01
    10.0000    5.215907E-03  5.228992E-03  3.919915E+01
    10.0500    5.657614E-03  5.669327E-03  3.920562E+01
    10.1000    6.598942E-03  6.599653E-03  3.928458E+01
    10.1500    7.684331E-03  7.796258E-03  3.943956E+01
    10.2000    8.435369E-03  9.080629E-03  3.964916E+01
    10.2500    8.389657E-03  1.033539E-02  3.989358E+01
    10.3000    7.233749E-03  1.148497E-02  4.015935E+01
    10.3500    4.893356E-03  1.248054E-02  4.043781E+01
    10.4000    1.557722E-03  1.329203E-02  4.072324E+01
    10.4500   -2.365179E-03  1.390426E-02  4.101164E+01
    10.5000   -6.346398E-03  1.431492E-02  4.130003E+01
    10.5500   -9.856755E-03  1.453333E-02  4.158604E+01
    10.6000   -1.247644E-02  1.457947E-02  4.186771E+01
    10.6500   -1.396540E-02  1.448272E-02  4.214342E+01
    10.7000   -1.428018E-02  1.428018E-02  4.241190E+01
    10.7500   -1.353997E-02  1.401429E-02  4.267242E+01
    10.8000   -1.195922E-02  1.372943E-02  4.292493E+01
    10.8500   -9.772338E-03  1.346746E-02  4.317035E+01
    10.9000   -7.175475E-03  1.326258E-02  4.341063E+01
    10.9500   -4.302185E-03  1.313656E-02  4.364864E+01
    11.0000   -1.225405E-03  1.312197E-02  4.388878E+01
    11.0500    2.003810E-03  1.321168E-02  4.413455E+01
    11.1000    5.264166E-03  1.335354E-02  4.438751E+01
    11.1500    8.360870E-03  1.351604E-02  4.464924E+01
    11.2000    1.101955E-02  1.366486E-02  4.492036E+01
    11.2500    1.292138E-02  1.376749E-02  4.520068E+01
    11.3000    1.376850E-02  1.379641E-02  4.548947E+01
    11.3500    1.336121E-02  1.373095E-02  4.578568E+01
    11.4000    1.166347E-02  1.355802E-02  4.608810E+01
    11.4500    8.835279E-03  1.327213E-02  4.639546E+01
    11.5000    5.219924E-03  1.287495E-02  4.670644E+01
    11.5500    1.286636E-03  1.237452E-02  4.701973E+01
    11.6000   -2.457439E-03  1.178432E-02  4.733397E+01
    11.6500   -5.563568E-03  1.112233E-02  4.764774E+01
    11.7000   -7.721401E-03  1.040995E-02  4.795954E+01
    11.7500   -8.803051E-03  9.671013E-03  4.826778E+01
    11.8000   -8.862396E-03  8.930835E-03  4.857081E+01
    11.8500   -8.093469E-03  8.215165E-03  4.886702E+01
    11.9000   -6.762924E-03  7.549072E-03  4.915512E+01
    11.9500   -5.137652E-03  6.955529E-03  4.943443E+01
    12.0000   -3.431622E-03  6.464369E-03  4.970588E+01
    12.0500   -1.763497E-03  6.090134E-03  4.997171E+01
    12.1000   -1.763263E-04  5.823720E-03  5.023520E+01
    12.1500    1.322261E-03  5.661224E-03  5.050122E+01
    12.2000    2.724582E-03  5.590077E-03  5.077459E+01
    12.2500    3.985448E-03  5.591597E-03  5.105890E+01
    12.3000    5.005790E-03  5.644375E-03  5.135599E+01
    12.3500    5.644323E-03  5.727190E-03  5.166596E+01
    12.4000    5.754211E-03  5.820763E-03  5.198764E+01
    12.4500    5.232849E-03  5.908416E-03  5.231916E+01
    12.5000    4.067938E-03  5.976045E-03  5.265835E+01
    12.5500    2.363611E-03  6.011845E-03  5.300301E+01
    12.6000    3.361669E-04  6.006051E-03  5.335107E+01
    12.6500   -1.721846E-03  5.950814E-03  5.370062E+01
    12.7000   -3.500781E-03  5.840224E-03  5.404986E+01
    12.7500   -4.740669E-03  5.670459E-03  5.439708E+01
    12.8000   -5.287519E-03  5.440000E-03  5.474055E+01
    12.8500   -5.123903E-03  5.149880E-03  5.507835E+01
    12.9000   -4.365889E-03  4.803952E-03  5.540824E+01
    12.9500   -3.227889E-03  4.409185E-03  5.572729E+01
    13.0000   -1.967427E-03  3.985283E-03  5.603236E+01
    13.0500   -8.113673E-04  3.549600E-03  5.631805E+01
    13.1000    8.183699E-05  3.107529E-03  5.657501E+01
    13.1500    6.473981E-04  2.686174E-03  5.679208E+01
    13.2000    9.207126E-04  2.322539E-03  5.695629E+01
    13.2500    1.010547E-03  2.062953E-03  5.706059E+01
    13.3000    1.055363E-03  1.950145E-03  5.712050E+01
    13.3500    1.176630E-03  1.995057E-03  5.717945E+01
    13.4000    1.442601E-03  2.163660E-03  5.727850E+01
    13.4500    1.851776E-03  2.400966E-03  5.742949E+01
    13.5000    2.338695E-03  2.658881E-03  5.762364E+01
    13.5500    2.797944E-03  2.904659E-03  5.784756E+01
    13.6000    3.117317E-03  3.118678E-03  5.808992E+01
    13.6500    3.209373E-03  3.290820E-03  5.834241E+01
    13.7000    3.032320E-03  3.417898E-03  5.859904E+01
    13.7500    2.595475E-03  3.502026E-03  5.885550E+01
    13.8000    1.949888E-03  3.549464E-03  5.910868E+01
    13.8500    1.169307E-03  3.569570E-03  5.935652E+01
    13.9000    3.290612E-04  3.573623E-03  5.959805E+01
    13.9500   -5.098551E-04  3.573373E-03  5.983343E+01
    14.0000   -1.310851E-03  3.582710E-03  6.006484E+01
    14.0500   -2.054096E-03  3.611514E-03  6.029526E+01
    14.1000   -2.714173E-03  3.657432E-03  6.052646E+01
    14.1500   -3.264353E-03  3.718919E-03  6.076145E+01
    14.2000   -3.664363E-03  3.790237E-03  6.100262E+01
    14.2500   -3.862578E-03  3.862759E-03  6.125138E+01
    14.3000   -3.807300E-03  3.926565E-03  6.150816E+01
    14.3500   -3.463623E-03  3.971923E-03  6.177252E+01
    14.4000   -2.830025E-03  3.990419E-03  6.204348E+01
    14.4500   -1.948478E-03  3.975709E-03  6.231965E+01
    14.5000   -9.037866E-04  3.923915E-03  6.259944E+01
    14.5500    1.887567E-04  3.833787E-03  6.288111E+01
    14.6000    1.204559E-03  3.706666E-03  6.316283E+01
    14.6500    2.034034E-03  3.546334E-03  6.344270E+01
    14.7000    2.603287E-03  3.358758E-03  6.371869E+01
    14.7500    2.885579E-03  3.151761E-03  6.398871E+01
    14.8000    2.900797E-03  2.934607E-03  6.425071E+01
    14.8500    2.703838E-03  2.717452E-03  6.450279E+01
    14.9000    2.366050E-03  2.510629E-03  6.474367E+01
    14.9500    1.955647E-03  2.323654E-03  6.497316E+01
    15.0000    1.523585E-03  2.166740E-03  6.519360E+01
    15.0500    1.094205E-03  2.046738E-03  6.540940E+01
    15.1000    6.693667E-04  1.958639E-03  6.562467E+01
    15.1500    2.420995E-04  1.897810E-03  6.584553E+01
    15.2000   -1.920232E-04  1.856210E-03  6.607708E+01
    15.2500   -6.236911E-04  1.824379E-03  6.632235E+01
    15.3000   -1.025489E-03  1.793381E-03  6.658217E+01
    15.3500   -1.356002E-03  1.756114E-03  6.685568E+01
    15.4000   -1.570877E-03  1.707895E-03  6.714095E+01
    15.4500   -1.636774E-03  1.646510E-03  6.743544E+01
    15.5000   -1.543086E-03  1.571978E-03  6.773626E+01
    15.5500   -1.307081E-03  1.486194E-03  6.804026E+01
    15.6000   -9.704690E-04  1.392570E-03  6.834399E+01
    15.6500   -5.884310E-04  1.295734E-03  6.864364E+01
    15.7000   -2.148239E-04  1.201285E-03  6.893524E+01
    15.7500    1.113673E-04  1.115591E-03  6.921503E+01
    15.8000    3.736927E-04  1.045504E-03  6.948055E+01
    15.8500    5.774732E-04  9.977755E-04  6.973225E+01
    15.9000    7.410798E-04  9.779877E-04  6.997491E+01
    15.9500    8.826159E-04  9.892248E-04  7.021730E+01
    16.0000    1.006538E-03  1.030918E-03  7.046792E+01
    16.0500    1.097820E-03  1.098994E-03  7.073206E+01
    16.1000    1.125209E-03  1.188980E-03  7.101484E+01
    16.1500    1.046814E-03  1.295264E-03  7.131557E+01
    16.2000    8.264438E-04  1.412103E-03  7.163143E+01
    16.2500    4.499825E-04  1.533920E-03  7.195890E+01
    16.3000   -6.264316E-05  1.655373E-03  7.229448E+01
    16.3500   -6.545276E-04  1.771365E-03  7.263511E+01
    16.4000   -1.239844E-03  1.877097E-03  7.297813E+01
    16.4500   -1.721409E-03  1.968178E-03  7.332128E+01
    16.5000   -2.013130E-03  2.040808E-03  7.366254E+01
    16.5500   -2.060922E-03  2.092000E-03  7.400001E+01
    16.6000   -1.855905E-03  2.119850E-03  7.433178E+01
    16.6500   -1.435849E-03  2.123828E-03  7.465581E+01
    16.7000   -8.743795E-04  2.105093E-03  7.496988E+01
    16.7500   -2.612025E-04  2.066826E-03  7.527151E+01
    16.8000    3.206426E-04  2.014538E-03  7.555807E+01
    16.8500    8.135813E-04  1.956264E-03  7.582714E+01
    16.9000    1.194766E-03  1.902445E-03  7.607723E+01
    16.9500    1.473336E-03  1.865145E-03  7.630892E+01
    17.0000    1.677283E-03  1.855674E-03  7.652695E+01
    17.0500    1.832371E-03  1.881558E-03  7.673986E+01
    17.1000    1.946917E-03  1.947114E-03  7.695480E+01
    17.1500    2.004350E-03  2.049700E-03  7.717977E+01
    17.2000    1.963650E-03  2.181665E-03  7.741989E+01
    17.2500    1.772010E-03  2.332453E-03  7.767693E+01
    17.3000    1.384929E-03  2.490651E-03  7.795019E+01
    17.3500    7.873763E-04  2.645361E-03  7.823759E+01
    17.4000    8.927282E-06  2.786911E-03  7.853661E+01
    17.4500   -8.727537E-04  2.907153E-03  7.884473E+01
    17.5000   -1.742348E-03  2.999554E-03  7.915961E+01
    17.5500   -2.469332E-03  3.059222E-03  7.947917E+01
    17.6000   -2.936767E-03  3.082899E-03  7.980148E+01
    17.6500   -3.068646E-03  3.068953E-03  8.012475E+01
    17.7000   -2.848110E-03  3.017380E-03  8.044716E+01
    17.7500   -2.321350E-03  2.929807E-03  8.076680E+01
    17.8000   -1.585996E-03  2.809509E-03  8.108157E+01
    17.8500   -7.672222E-04  2.661446E-03  8.138899E+01
    17.9000    1.175028E-05  2.492332E-03  8.168612E+01
    17.9500    6.565721E-04  2.310742E-03  8.196952E+01
    18.0000    1.120972E-03  2.129755E-03  8.223570E+01
    18.0500    1.410362E-03  1.964919E-03  8.248200E+01
    18.1000    1.557404E-03  1.822962E-03  8.270566E+01
    18.1500    1.616069E-03  1.716661E-03  8.290817E+01
    18.2000    1.635587E-03  1.655651E-03  8.309636E+01
    18.2500    1.642360E-03  1.643083E-03  8.328187E+01
    18.3000    1.631776E-03  1.673993E-03  8.347727E+01
    18.3500    1.572105E-03  1.736939E-03  8.369138E+01
    18.4000    1.418753E-03  1.817687E-03  8.392749E+01
    18.4500    1.133846E-03  1.902519E-03  8.418453E+01
    18.5000    7.045100E-04  1.979991E-03  8.445922E+01
    18.5500    1.536963E-04  2.041428E-03  8.474764E+01
    18.6000   -4.601725E-04  2.080806E-03  8.504600E+01
    18.6500   -1.054846E-03  2.094460E-03  8.535080E+01
    18.7000   -1.543729E-03  2.080802E-03  8.565889E+01
    18.7500   -1.857290E-03  2.040098E-03  8.596723E+01
    18.8000   -1.959901E-03  1.974334E-03  8.627281E+01
    18.8500   -1.857116E-03  1.887137E-03  8.657241E+01
    18.9000   -1.591395E-03  1.783771E-03  8.686251E+01
    18.9500   -1.227922E-03  1.671176E-03  8.713927E+01
    19.0000   -8.360176E-04  1.558797E-03  8.739852E+01
    19.0500   -4.694164E-04  1.457843E-03  8.763676E+01
    19.1000   -1.514798E-04  1.376852E-03  8.785435E+01
    19.1500    1.201486E-04  1.325666E-03  8.805535E+01
    19.2000    3.678843E-04  1.310534E-03  8.824913E+01
    19.2500    6.191440E-04  1.331847E-03  8.844809E+01
    19.3000    8.898921E-04  1.383937E-03  8.866302E+01
    19.3500    1.172624E-03  1.457190E-03  8.889979E+01
    19.4000    1.433141E-03  1.540866E-03  8.915925E+01
    19.4500    1.617574E-03  1.625100E-03  8.943911E+01
    19.5000    1.667707E-03  1.701784E-03  8.973585E+01
    19.5500    1.539851E-03  1.764729E-03  9.004575E+01
    19.6000    1.221205E-03  1.809521E-03  9.036539E+01
    19.6500    7.382747E-04  1.833317E-03  9.069172E+01
    19.7000    1.542900E-04  1.834658E-03  9.102199E+01
    19.7500   -4.440267E-04  1.813338E-03  9.135357E+01
    19.8000   -9.666725E-04  1.770323E-03  9.168382E+01
    19.8500   -1.341654E-03  1.707738E-03  9.200990E+01
    19.9000   -1.531061E-03  1.628908E-03  9.232862E+01
    19.9500   -1.537219E-03  1.538496E-03  9.263625E+01