# # tequil.ion_motion                                            FEFF 9.05   
# # POT  SCF  30  5.5000   1, core-hole, AFOLP (folp(0)= 1.150)
# # Abs   Z=30 Rmt= 1.277 Rnm= 1.394 K  shell
# # Pot 1 Z=26 Rmt= 1.310 Rnm= 1.395
# # Pot 2 Z= 8 Rmt= 0.971 Rnm= 1.066
# # Gam_ch=1.897E+00 H-L exch
# # Mu=-1.183E+01 kf=2.224E+00 Vint=-1.964E+01 Rs_int= 1.631
# # PATH  Rmax= 8.500,  Keep_limit= 0.00, Heap_limit 0.00  Pwcrit= 2.50%
#  S02=1.000                                        Global_sig2= 0.00000
#  Energy zero shift, vr, vi   -2.00000E+00   0.00000E+00
#  Curved wave amplitude ratio filter   4.000%
#     file         sig2 tot  cw amp ratio   deg  nlegs   reff  inp sig2
#           1       0.00000    100.00      1.00     2   1.8648
#           2       0.00000     87.18      1.00     2   1.9686
#           3       0.00000     85.54      1.00     2   1.9834
#           4       0.00000     62.87      1.00     2   2.2375
#           5       0.00000     57.49      1.00     2   2.3168
#           6       0.00000     54.08      1.00     2   2.3722
#           7       0.00000     31.31      1.00     2   2.8715
#           8       0.00000     26.15      1.00     2   3.1075
#           9       0.00000     25.86      1.00     2   3.1222
#          10       0.00000     25.04      1.00     2   3.1763
#          11       0.00000     24.43      1.00     2   3.1996
#          12       0.00000     24.16      1.00     2   3.2147
#          13       0.00000     23.56      1.00     2   3.2498
#          14       0.00000     22.52      1.00     2   3.3031
#          15       0.00000     22.22      1.00     2   3.3318
#          16       0.00000      9.83      2.00     3   3.4041
#          17       0.00000     11.45      2.00     3   3.4236
#          18       0.00000     10.00      2.00     3   3.4851
#          19       0.00000     19.90      1.00     2   3.4892
#          20       0.00000     14.03      2.00     3   3.4907
#          21       0.00000     17.06      2.00     3   3.4961
#          22       0.00000      9.39      2.00     3   3.5127
#          23       0.00000     18.87      1.00     2   3.5242
#          24       0.00000      6.67      2.00     3   3.5307
#          25       0.00000     10.01      2.00     3   3.5374
#          26       0.00000     10.01      2.00     3   3.5438
#          27       0.00000     18.54      1.00     2   3.5476
#          28       0.00000      8.25      2.00     3   3.5559
#          29       0.00000     13.84      2.00     3   3.5601
#          30       0.00000     18.26      1.00     2   3.5673
#          31       0.00000      7.15      2.00     3   3.5683
#          32       0.00000     15.54      2.00     3   3.6087
#          33       0.00000     18.15      1.00     2   3.6250
#          34       0.00000      7.04      2.00     3   3.6408
#          35       0.00000     17.25      1.00     2   3.6415
#          36       0.00000      7.44      2.00     3   3.6949
#          37       0.00000      9.46      2.00     3   3.7207
#          38       0.00000      5.72      2.00     3   3.7259
#          39       0.00000     10.61      1.00     4   3.7297
#          40       0.00000     14.08      2.00     3   3.7315
#          41       0.00000     16.70      1.00     2   3.7507
#          42       0.00000     15.62      1.00     2   3.7741
#          43       0.00000      7.51      2.00     3   3.7751
#          44       0.00000      4.80      1.00     4   3.7775
#          45       0.00000      5.90      2.00     3   3.7832
#          46       0.00000      5.92      2.00     3   3.7840
#          47       0.00000     14.87      2.00     3   3.8022
#          48       0.00000     16.13      1.00     2   3.8035
#          49       0.00000     15.86      1.00     2   3.8296
#          50       0.00000      5.35      2.00     3   3.8320
#          52       0.00000      9.48      2.00     3   3.8383
#          54       0.00000      4.70      1.00     4   3.8739
#          55       0.00000      4.12      1.00     4   3.8856
#          56       0.00000      4.12      1.00     4   3.9206
#          57       0.00000     14.86      1.00     2   3.9309
#          58       0.00000      7.99      1.00     4   3.9371
#          59       0.00000      5.06      1.00     4   3.9368
#          60       0.00000     13.84      1.00     2   3.9408
#          61       0.00000      7.69      1.00     4   3.9667
#          62       0.00000      4.53      1.00     4   3.9738
#          63       0.00000      5.80      1.00     4   3.9794
#          64       0.00000     13.36      1.00     2   3.9904
#          65       0.00000      7.74      2.00     3   4.0221
#          66       0.00000     11.91      2.00     3   4.0304
#          67       0.00000     11.56      2.00     3   4.0348
#          68       0.00000     14.74      2.00     3   4.0598
#          69       0.00000     22.38      2.00     3   4.0606
#          70       0.00000      7.06      2.00     3   4.0657
#          71       0.00000      8.00      2.00     3   4.0921
#          72       0.00000     16.42      2.00     4   4.1023
#          73       0.00000     15.27      2.00     3   4.1726
#          74       0.00000      6.70      2.00     3   4.1878
#          75       0.00000      6.45      1.00     4   4.1888
#          77       0.00000      6.66      2.00     3   4.2288
#          80       0.00000      7.40      2.00     3   4.2723
#          81       0.00000     16.20      2.00     3   4.2837
#          82       0.00000      8.55      2.00     4   4.2854
#          83       0.00000     10.84      1.00     2   4.2940
#          85       0.00000      6.08      2.00     3   4.3012
#          86       0.00000     10.51      1.00     2   4.3401
#          87       0.00000     10.19      2.00     4   4.3555
#          88       0.00000     10.30      1.00     2   4.3713
#          89       0.00000      8.12      2.00     3   4.3775
#          90       0.00000     19.43      2.00     3   4.3958
#          91       0.00000     10.11      1.00     2   4.3983
#          92       0.00000     10.09      1.00     2   4.4018
#          93       0.00000     10.03      1.00     2   4.4106
#          94       0.00000      6.32      2.00     3   4.4457
#          95       0.00000      9.68      1.00     2   4.4659
#          96       0.00000      4.14      1.00     4   4.4750
#          97       0.00000     16.47      2.00     3   4.4952
#          98       0.00000     11.17      1.00     4   4.4976
#          99       0.00000      4.52      2.00     3   4.5189
#         100       0.00000     15.75      2.00     3   4.5368
#         101       0.00000     14.74      2.00     3   4.5422
#         102       0.00000      9.20      1.00     2   4.5439
#         103       0.00000      9.09      1.00     2   4.5623
#         104       0.00000      8.91      1.00     2   4.5938
#         105       0.00000      4.87      2.00     3   4.5950
#         106       0.00000      8.80      1.00     2   4.6137
#         107       0.00000      9.00      1.00     4   4.6192
#         108       0.00000     17.04      2.00     3   4.6315
#         111       0.00000      8.67      1.00     2   4.6381
#         112       0.00000      4.29      2.00     3   4.6410
#         113       0.00000      8.44      1.00     4   4.6630
#         114       0.00000      4.21      2.00     3   4.6694
#         115       0.00000      7.74      1.00     4   4.6861
#         116       0.00000      8.26      1.00     2   4.7138
#         117       0.00000      9.69      1.00     4   4.7190
#         118       0.00000      8.22      1.00     2   4.7215
#         119       0.00000     12.10      2.00     3   4.7238
#         120       0.00000      7.32      2.00     3   4.7305
#         121       0.00000      6.32      2.00     3   4.7306
#         123       0.00000      6.06      2.00     3   4.7451
#         124       0.00000      5.57      2.00     3   4.7525
#         125       0.00000      7.60      2.00     3   4.7570
#         127       0.00000     15.20      2.00     3   4.7990
#         129       0.00000      6.40      2.00     3   4.8244
#         130       0.00000      7.70      1.00     2   4.8273
#         131       0.00000      4.22      2.00     4   4.8401
#         132       0.00000      7.57      1.00     2   4.8547
#         133       0.00000      5.12      2.00     3   4.8546
#         134       0.00000      8.43      1.00     2   4.8839
#         135       0.00000      8.54      1.00     4   4.8842
#         136       0.00000      6.02      1.00     4   4.8852
#         137       0.00000      8.42      1.00     2   4.8865
#         138       0.00000      4.88      2.00     3   4.9188
#         139       0.00000      9.05      2.00     3   4.9282
#         141       0.00000      7.08      2.00     3   4.9301
#         143       0.00000      8.20      1.00     2   4.9339
#         144       0.00000     12.70      2.00     3   4.9342
#         146       0.00000      6.06      2.00     3   4.9425
#         147       0.00000      5.99      2.00     3   4.9631
#         148       0.00000      7.09      1.00     2   4.9646
#         150       0.00000      5.29      2.00     3   4.9896
#         151       0.00000      4.15      2.00     3   4.9907
#         152       0.00000      9.65      2.00     3   4.9983
#         154       0.00000      6.99      2.00     3   5.0301
#         155       0.00000      6.80      1.00     4   5.0411
#         156       0.00000      6.26      2.00     3   5.0419
#         157       0.00000      6.75      1.00     2   5.0462
#         159       0.00000      7.09      2.00     3   5.0569
#         162       0.00000      6.62      1.00     2   5.0775
#         164       0.00000      7.55      2.00     3   5.0831
#         165       0.00000      9.00      2.00     3   5.0859
#         167       0.00000     15.87      2.00     3   5.0884
#         169       0.00000      9.72      1.00     4   5.0992
#         170       0.00000      4.74      1.00     4   5.1128
#         171       0.00000      4.53      2.00     4   5.1146
#         173       0.00000      6.62      2.00     3   5.1257
#         174       0.00000      4.12      1.00     4   5.1350
#         176       0.00000      5.44      2.00     4   5.1448
#         178       0.00000      6.33      1.00     2   5.1553
#         180       0.00000      7.51      2.00     3   5.1783
#         182       0.00000      6.18      1.00     2   5.1964
#         185       0.00000      6.05      1.00     2   5.2318
#         187       0.00000      7.95      2.00     3   5.2357
#         188       0.00000     14.32      2.00     3   5.2376
#         189       0.00000      8.60      1.00     4   5.2434
#         190       0.00000      5.98      1.00     2   5.2526
#         191       0.00000     14.40      2.00     3   5.2547
#         192       0.00000      4.41      2.00     3   5.2553
#         194       0.00000      8.74      1.00     4   5.2568
#         195       0.00000      7.07      2.00     3   5.2621
#         196       0.00000      6.85      1.00     2   5.2635
#         199       0.00000      6.75      1.00     2   5.2907
#         201       0.00000      6.72      1.00     2   5.3009
#         202       0.00000      6.69      1.00     2   5.3080
#         204       0.00000      6.95      2.00     3   5.3174
#         205       0.00000      5.68      1.00     2   5.3415
#         206       0.00000      5.67      1.00     2   5.3452
#         207       0.00000      4.71      2.00     3   5.3561
#         208       0.00000      6.50      1.00     2   5.3636
#         209       0.00000      7.23      2.00     3   5.3653
#         211       0.00000     10.57      2.00     3   5.3711
#         213       0.00000      5.10      2.00     3   5.3768
#         214       0.00000      6.03      2.00     3   5.3910
#         219       0.00000      5.46      1.00     2   5.4126
#         221       0.00000      6.31      1.00     2   5.4191
#         222       0.00000      6.09      2.00     3   5.4232
#         223       0.00000      5.21      1.00     4   5.4342
#         224       0.00000      5.38      1.00     2   5.4386
#         227       0.00000      6.57      2.00     3   5.4576
#         228       0.00000      4.76      2.00     3   5.4646
#         231       0.00000      4.99      2.00     3   5.4851
#         232       0.00000      4.53      2.00     3   5.4983
#         233       0.00000      5.18      1.00     2   5.5043
#         236       0.00000      4.19      2.00     4   5.5171
#         237       0.00000      4.83      2.00     3   5.5243
#         240       0.00000      7.00      2.00     3   5.5268
#         242       0.00000      5.10      1.00     2   5.5321
#         243       0.00000      6.75      2.00     3   5.5419
#         245       0.00000      5.05      1.00     2   5.5509
#         247       0.00000      4.15      2.00     3   5.5648
#         249       0.00000      5.80      1.00     2   5.5798
#         250       0.00000      5.44      2.00     3   5.5823
#         254       0.00000      5.66      1.00     2   5.6283
#         255       0.00000      4.22      2.00     3   5.6339
#         261       0.00000      4.99      2.00     3   5.6638
#         262       0.00000      4.52      2.00     3   5.6785
#         265       0.00000      5.91      2.00     3   5.6927
#         269       0.00000      4.25      2.00     3   5.7033
#         270       0.00000      5.12      2.00     3   5.7057
#         273       0.00000      4.46      2.00     3   5.7186
#         274       0.00000      4.35      2.00     4   5.7191
#         277       0.00000      5.38      1.00     2   5.7283
#         284       0.00000      4.49      2.00     3   5.7635
#         286       0.00000      4.98      2.00     3   5.7805
#         292       0.00000      5.14      1.00     2   5.8168
#         294       0.00000      4.36      1.00     2   5.8185
#         296       0.00000      5.11      1.00     2   5.8315
#         298       0.00000      5.89      2.00     3   5.8352
#         299       0.00000      4.31      1.00     2   5.8417
#         300       0.00000      5.08      1.00     2   5.8427
#         305       0.00000      4.42      2.00     3   5.8521
#         306       0.00000      5.28      2.00     3   5.8588
#         311       0.00000      4.98      2.00     3   5.8866
#         316       0.00000      4.14      1.00     2   5.9192
#         317       0.00000      4.88      1.00     2   5.9206
#   219/ 287 paths used
#  -----------------------------------------------------------------------
#       k          chi          mag           phase @#
    -0.7000   -2.911910E-01  3.026191E-01 -1.846493E+00
    -0.6500   -3.174903E-01  3.365881E-01 -1.909276E+00
    -0.6000   -3.485724E-01  3.704944E-01 -1.916520E+00
    -0.5500   -3.810053E-01  4.020117E-01 -1.895496E+00
    -0.5000   -4.106584E-01  4.286425E-01 -1.861494E+00
    -0.4500   -4.372727E-01  4.514132E-01 -1.821754E+00
    -0.4000   -4.594526E-01  4.699478E-01 -1.782533E+00
    -0.3500   -4.792445E-01  4.864782E-01 -1.743461E+00
    -0.3000   -4.949580E-01  4.996897E-01 -1.708522E+00
    -0.2500   -5.071504E-01  5.101035E-01 -1.678452E+00
    -0.2000   -5.163513E-01  5.181276E-01 -1.653623E+00
    -0.1500   -5.236045E-01  5.246247E-01 -1.633171E+00
    -0.1000   -5.286724E-01  5.292668E-01 -1.618192E+00
    -0.0500   -5.315971E-01  5.319890E-01 -1.609182E+00
     0.0000   -5.325526E-01  5.328860E-01 -1.606175E+00
     0.0500   -5.334983E-01  5.337779E-01 -1.603167E+00
     0.1000   -5.362767E-01  5.364227E-01 -1.594134E+00
     0.1500   -5.407111E-01  5.407295E-01 -1.579055E+00
     0.2000   -5.465050E-01  5.465504E-01 -1.557909E+00
     0.2500   -5.532416E-01  5.536868E-01 -1.530692E+00
     0.3000   -5.603855E-01  5.618970E-01 -1.497431E+00
     0.3500   -5.675564E-01  5.712126E-01 -1.457593E+00
     0.4000   -5.746649E-01  5.822340E-01 -1.409375E+00
     0.4500   -5.797999E-01  5.935743E-01 -1.354944E+00
     0.5000   -5.819527E-01  6.048900E-01 -1.294529E+00
     0.5500   -5.804176E-01  6.164865E-01 -1.227033E+00
     0.6000   -5.741607E-01  6.287819E-01 -1.150901E+00
     0.6500   -5.612615E-01  6.400989E-01 -1.069240E+00
     0.7000   -5.408178E-01  6.505957E-01 -9.813804E-01
     0.7500   -5.115680E-01  6.612137E-01 -8.846295E-01
     0.8000   -4.726540E-01  6.699414E-01 -7.831503E-01
     0.8500   -4.233874E-01  6.775334E-01 -6.749973E-01
     0.9000   -3.631738E-01  6.839385E-01 -5.597846E-01
     0.9500   -2.934392E-01  6.877245E-01 -4.408202E-01
     1.0000   -2.131094E-01  6.904171E-01 -3.137919E-01
     1.0500   -1.255871E-01  6.903676E-01 -1.829319E-01
     1.1000   -3.247446E-02  6.879662E-01 -4.722111E-02
     1.1500    6.410498E-02  6.833679E-01  9.394554E-02
     1.2000    1.588661E-01  6.756665E-01  2.373472E-01
     1.2500    2.514912E-01  6.661435E-01  3.871308E-01
     1.3000    3.350147E-01  6.535436E-01  5.382248E-01
     1.3500    4.084319E-01  6.388529E-01  6.936146E-01
     1.4000    4.673915E-01  6.216893E-01  8.508011E-01
     1.4500    5.102378E-01  6.024498E-01  1.010200E+00
     1.5000    5.357176E-01  5.814073E-01  1.171707E+00
     1.5500    5.430210E-01  5.586490E-01  1.333705E+00
     1.6000    5.333892E-01  5.348070E-01  1.497965E+00
     1.6500    5.077132E-01  5.098009E-01  1.661326E+00
     1.7000    4.685548E-01  4.843613E-01  1.826972E+00
     1.7500    4.185119E-01  4.584333E-01  1.991216E+00
     1.8000    3.602274E-01  4.325175E-01  2.157334E+00
     1.8500    2.970702E-01  4.067019E-01  2.322631E+00
     1.9000    2.309152E-01  3.812077E-01  2.490889E+00
     1.9500    1.649599E-01  3.560923E-01  2.659933E+00
     2.0000    1.020268E-01  3.314087E-01  2.828652E+00
     2.0500    4.408558E-02  3.071467E-01  2.997563E+00
     2.1000   -7.766609E-03  2.825899E-01  3.169080E+00
     2.1500   -5.167295E-02  2.575390E-01  3.343605E+00
     2.2000   -8.565902E-02  2.326570E-01  3.518641E+00
     2.2500   -1.089996E-01  2.078453E-01  3.693634E+00
     2.3000   -1.211910E-01  1.827637E-01  3.866548E+00
     2.3500   -1.220661E-01  1.567431E-01  4.034288E+00
     2.4000   -1.137570E-01  1.308379E-01  4.195682E+00
     2.4500   -9.825699E-02  1.053658E-01  4.342955E+00
     2.5000   -7.839547E-02  8.099791E-02  4.458211E+00
     2.5500   -5.916031E-02  6.110517E-02  4.459413E+00
     2.6000   -4.313917E-02  4.699532E-02  4.304465E+00
     2.6500   -3.351233E-02  4.369339E-02  4.015727E+00
     2.7000   -3.204267E-02  5.107245E-02  3.819798E+00
     2.7500   -3.674055E-02  5.983751E-02  3.802718E+00
     2.8000   -4.599502E-02  6.944687E-02  3.865484E+00
     2.8500   -5.863152E-02  7.896235E-02  3.978425E+00
     2.9000   -7.291965E-02  8.769799E-02  4.123370E+00
     2.9500   -8.692265E-02  9.548868E-02  4.285583E+00
     3.0000   -9.896304E-02  1.021426E-01  4.462224E+00
     3.0500   -1.072630E-01  1.074711E-01  4.650147E+00
     3.1000   -1.103880E-01  1.113885E-01  4.846519E+00
     3.1500   -1.078082E-01  1.142173E-01  5.048976E+00
     3.2000   -9.893861E-02  1.157721E-01  5.258409E+00
     3.2500   -8.386256E-02  1.157932E-01  5.473247E+00
     3.3000   -6.375356E-02  1.143067E-01  5.691523E+00
     3.3500   -4.033093E-02  1.118034E-01  5.914134E+00
     3.4000   -1.523506E-02  1.083370E-01  6.142091E+00
     3.4500    9.424884E-03  1.037252E-01  6.374175E+00
     3.5000    3.153377E-02  9.808912E-02  6.610478E+00
     3.5500    4.931661E-02  9.160496E-02  6.851677E+00
     3.6000    6.142232E-02  8.439056E-02  7.098343E+00
     3.6500    6.707574E-02  7.655525E-02  7.351052E+00
     3.7000    6.628037E-02  6.827931E-02  7.611412E+00
     3.7500    5.973070E-02  5.975515E-02  7.882585E+00
     3.8000    4.862723E-02  5.114255E-02  8.168914E+00
     3.8500    3.463971E-02  4.264848E-02  8.476840E+00
     3.9000    1.966531E-02  3.455727E-02  8.819411E+00
     3.9500    5.536567E-03  2.723402E-02  9.220055E+00
     4.0000   -6.117177E-03  2.128015E-02  9.716351E+00
     4.0500   -1.405929E-02  1.780970E-02  1.033464E+01
     4.1000   -1.765968E-02  1.766012E-02  1.100264E+01
     4.1500   -1.684074E-02  2.024353E-02  1.158383E+01
     4.2000   -1.198050E-02  2.417619E-02  1.204790E+01
     4.2500   -4.031045E-03  2.843327E-02  1.242412E+01
     4.3000    5.826413E-03  3.247594E-02  1.274675E+01
     4.3500    1.635709E-02  3.607368E-02  1.303699E+01
     4.4000    2.647383E-02  3.918672E-02  1.330812E+01
     4.4500    3.498877E-02  4.168863E-02  1.356234E+01
     4.5000    4.117560E-02  4.357966E-02  1.380346E+01
     4.5500    4.467725E-02  4.491494E-02  1.403424E+01
     4.6000    4.551970E-02  4.585516E-02  1.425820E+01
     4.6500    4.375829E-02  4.635377E-02  1.447339E+01
     4.7000    3.979478E-02  4.649014E-02  1.468051E+01
     4.7500    3.414420E-02  4.637459E-02  1.488042E+01
     4.8000    2.729761E-02  4.622682E-02  1.507627E+01
     4.8500    1.963472E-02  4.597852E-02  1.526675E+01
     4.9000    1.151321E-02  4.570966E-02  1.545334E+01
     4.9500    3.168063E-03  4.548411E-02  1.563825E+01
     5.0000   -5.381049E-03  4.537012E-02  1.582685E+01
     5.0500   -1.380648E-02  4.528251E-02  1.601779E+01
     5.1000   -2.186715E-02  4.518652E-02  1.621310E+01
     5.1500   -2.922980E-02  4.502339E-02  1.641451E+01
     5.2000   -3.552782E-02  4.476211E-02  1.662484E+01
     5.2500   -4.011809E-02  4.426097E-02  1.684264E+01
     5.3000   -4.248894E-02  4.344685E-02  1.706838E+01
     5.3500   -4.224396E-02  4.225569E-02  1.730232E+01
     5.4000   -3.922062E-02  4.065688E-02  1.754535E+01
     5.4500   -3.353247E-02  3.858415E-02  1.779623E+01
     5.5000   -2.570512E-02  3.602839E-02  1.805512E+01
     5.5500   -1.659901E-02  3.300442E-02  1.832257E+01
     5.6000   -7.315289E-03  2.952253E-02  1.859916E+01
     5.6500    9.452582E-04  2.565351E-02  1.888641E+01
     5.7000    7.137011E-03  2.148263E-02  1.918821E+01
     5.7500    1.054286E-02  1.712088E-02  1.951294E+01
     5.8000    1.082855E-02  1.266122E-02  1.987560E+01
     5.8500    8.338781E-03  8.370014E-03  2.033394E+01
     5.9000    3.855099E-03  4.911089E-03  2.108849E+01
     5.9500   -1.520364E-03  4.445535E-03  2.234019E+01
     6.0000   -6.625500E-03  7.062571E-03  2.320829E+01
     6.0500   -1.021890E-02  1.032962E-02  2.370849E+01
     6.1000   -1.155676E-02  1.336408E-02  2.408806E+01
     6.1500   -1.041813E-02  1.591244E-02  2.441893E+01
     6.2000   -7.106077E-03  1.786420E-02  2.472364E+01
     6.2500   -2.345043E-03  1.916656E-02  2.501008E+01
     6.3000    2.913034E-03  1.980748E-02  2.528034E+01
     6.3500    7.725806E-03  1.981413E-02  2.553328E+01
     6.4000    1.138292E-02  1.925749E-02  2.576515E+01
     6.4500    1.355999E-02  1.826222E-02  2.596956E+01
     6.5000    1.449421E-02  1.709957E-02  2.614425E+01
     6.5500    1.454438E-02  1.599366E-02  2.627454E+01
     6.6000    1.437921E-02  1.529007E-02  2.635663E+01
     6.6500    1.468366E-02  1.535782E-02  2.640614E+01
     6.7000    1.590828E-02  1.640216E-02  2.645752E+01
     6.7500    1.811740E-02  1.835364E-02  2.654292E+01
     6.8000    2.094244E-02  2.095150E-02  2.667412E+01
     6.8500    2.365207E-02  2.389645E-02  2.684667E+01
     6.9000    2.532167E-02  2.693108E-02  2.705100E+01
     6.9500    2.505931E-02  2.985444E-02  2.727819E+01
     7.0000    2.222092E-02  3.259800E-02  2.752430E+01
     7.0500    1.655162E-02  3.500154E-02  2.778177E+01
     7.1000    8.364882E-03  3.695767E-02  2.804602E+01
     7.1500   -1.539079E-03  3.841331E-02  2.831441E+01
     7.2000   -1.202386E-02  3.934083E-02  2.858494E+01
     7.2500   -2.183055E-02  3.973590E-02  2.885597E+01
     7.3000   -2.980899E-02  3.961546E-02  2.912612E+01
     7.3500   -3.511466E-02  3.901545E-02  2.939415E+01
     7.4000   -3.733126E-02  3.798820E-02  2.965889E+01
     7.4500   -3.649916E-02  3.659955E-02  2.991921E+01
     7.5000   -3.312657E-02  3.500682E-02  3.017437E+01
     7.5500   -2.785521E-02  3.324635E-02  3.042261E+01
     7.6000   -2.145450E-02  3.136972E-02  3.066280E+01
     7.6500   -1.468057E-02  2.946150E-02  3.089429E+01
     7.7000   -8.131833E-03  2.759956E-02  3.111685E+01
     7.7500   -2.197257E-03  2.584970E-02  3.133082E+01
     7.8000    2.936859E-03  2.426058E-02  3.153728E+01
     7.8500    7.236784E-03  2.285992E-02  3.173804E+01
     7.9000    1.075119E-02  2.165320E-02  3.193551E+01
     7.9500    1.354482E-02  2.062571E-02  3.213236E+01
     8.0000    1.570051E-02  1.979894E-02  3.233164E+01
     8.0500    1.719190E-02  1.910449E-02  3.253544E+01
     8.1000    1.793640E-02  1.847423E-02  3.274484E+01
     8.1500    1.786799E-02  1.787415E-02  3.296047E+01
     8.2000    1.694991E-02  1.728012E-02  3.318253E+01
     8.2500    1.519951E-02  1.667856E-02  3.341104E+01
     8.3000    1.269761E-02  1.606503E-02  3.364608E+01
     8.3500    9.583320E-03  1.544173E-02  3.388800E+01
     8.4000    6.040302E-03  1.481470E-02  3.413756E+01
     8.4500    2.282349E-03  1.419138E-02  3.439599E+01
     8.5000   -1.462141E-03  1.358378E-02  3.466537E+01
     8.5500   -4.933105E-03  1.299217E-02  3.494699E+01
     8.6000   -7.859801E-03  1.241975E-02  3.524274E+01
     8.6500   -9.976767E-03  1.187565E-02  3.555499E+01
     8.7000   -1.104077E-02  1.137323E-02  3.588593E+01
     8.7500   -1.086744E-02  1.093217E-02  3.623718E+01
     8.8000   -9.378853E-03  1.057890E-02  3.660925E+01
     8.8500   -6.650562E-03  1.034433E-02  3.700081E+01
     8.9000   -2.942318E-03  1.025790E-02  3.740819E+01
     8.9500    1.303277E-03  1.033907E-02  3.782550E+01
     9.0000    5.496375E-03  1.058098E-02  3.824533E+01
     9.0500    8.996989E-03  1.096338E-02  3.866164E+01
     9.1000    1.122688E-02  1.145518E-02  3.906993E+01
     9.1500    1.177486E-02  1.200818E-02  3.946736E+01
     9.2000    1.049334E-02  1.256914E-02  3.985284E+01
     9.2500    7.542434E-03  1.308575E-02  4.022641E+01
     9.3000    3.370847E-03  1.351089E-02  4.058855E+01
     9.3500   -1.366192E-03  1.380535E-02  4.093983E+01
     9.4000   -5.935584E-03  1.393959E-02  4.128056E+01
     9.4500   -9.672317E-03  1.389499E-02  4.161066E+01
     9.5000   -1.211889E-02  1.367406E-02  4.192993E+01
     9.5500   -1.308184E-02  1.328343E-02  4.223706E+01
     9.6000   -1.264672E-02  1.273560E-02  4.252971E+01
     9.6500   -1.114254E-02  1.206495E-02  4.280507E+01
     9.7000   -9.026755E-03  1.132263E-02  4.305960E+01
     9.7500   -6.755595E-03  1.057767E-02  4.328953E+01
     9.8000   -4.667233E-03  9.915552E-03  4.349222E+01
     9.8500   -2.909132E-03  9.429960E-03  4.366868E+01
     9.9000   -1.428027E-03  9.203132E-03  4.382650E+01
     9.9500   -2.291253E-05  9.277871E-03  4.397983E+01
    10.0000    1.569106E-03  9.662628E-03  4.414541E+01
    10.0500    3.548166E-03  1.029239E-02  4.433426E+01
    10.1000    5.938166E-03  1.105608E-02  4.454929E+01
    10.1500    8.564333E-03  1.186220E-02  4.478896E+01
    10.2000    1.106298E-02  1.263129E-02  4.504947E+01
    10.2500    1.296025E-02  1.329986E-02  4.532663E+01
    10.3000    1.379208E-02  1.382003E-02  4.561671E+01
    10.3500    1.323248E-02  1.415797E-02  4.591667E+01
    10.4000    1.119426E-02  1.429222E-02  4.622403E+01
    10.4500    7.873129E-03  1.421230E-02  4.653677E+01
    10.5000    3.721606E-03  1.391753E-02  4.685319E+01
    10.5500   -6.419848E-04  1.341593E-02  4.717176E+01
    10.6000   -4.566347E-03  1.272320E-02  4.749098E+01
    10.6500   -7.507745E-03  1.186170E-02  4.780923E+01
    10.7000   -9.142247E-03  1.085950E-02  4.812462E+01
    10.7500   -9.421787E-03  9.749525E-03  4.843466E+01
    10.8000   -8.561658E-03  8.568934E-03  4.873590E+01
    10.8500   -6.965568E-03  7.359041E-03  4.902317E+01
    10.9000   -5.110716E-03  6.166235E-03  4.928848E+01
    10.9500   -3.425026E-03  5.044813E-03  4.951919E+01
    11.0000   -2.198050E-03  4.076114E-03  4.969593E+01
    11.0500   -1.508203E-03  3.348118E-03  4.979820E+01
    11.1000   -1.241014E-03  2.940615E-03  4.982980E+01
    11.1500   -1.167364E-03  2.883547E-03  4.984868E+01
    11.2000   -1.023208E-03  3.083512E-03  4.992724E+01
    11.2500   -6.039259E-04  3.393200E-03  5.008655E+01
    11.3000    1.670900E-04  3.699321E-03  5.031067E+01
    11.3500    1.214832E-03  3.936633E-03  5.057920E+01
    11.4000    2.339112E-03  4.072319E-03  5.087735E+01
    11.4500    3.280883E-03  4.092672E-03  5.119553E+01
    11.5000    3.806604E-03  3.995511E-03  5.152755E+01
    11.5500    3.783980E-03  3.786021E-03  5.186912E+01
    11.6000    3.225655E-03  3.474295E-03  5.221690E+01
    11.6500    2.287654E-03  3.073731E-03  5.256765E+01
    11.7000    1.223337E-03  2.599934E-03  5.291719E+01
    11.7500    3.072069E-04  2.070110E-03  5.325812E+01
    11.8000   -2.480313E-04  1.503559E-03  5.357280E+01
    11.8500   -3.557564E-04  9.273563E-04  5.380079E+01
    11.9000   -8.129932E-05  4.338283E-04  5.359559E+01
    11.9500    3.788588E-04  5.310336E-04  5.261268E+01
    12.0000    7.581715E-04  1.059055E-03  5.260917E+01
    12.0500    8.026702E-04  1.628510E-03  5.289167E+01
    12.1000    3.559406E-04  2.186792E-03  5.324358E+01
    12.1500   -5.827429E-04  2.720233E-03  5.362297E+01
    12.2000   -1.843952E-03  3.221831E-03  5.401642E+01
    12.2500   -3.124322E-03  3.686981E-03  5.441813E+01
    12.3000   -4.064280E-03  4.112209E-03  5.482504E+01
    12.3500   -4.346509E-03  4.494571E-03  5.523526E+01
    12.4000   -3.788055E-03  4.831257E-03  5.564747E+01
    12.4500   -2.400216E-03  5.119358E-03  5.606068E+01
    12.5000   -3.988504E-04  5.355745E-03  5.647413E+01
    12.5500    1.838940E-03  5.537074E-03  5.688721E+01
    12.6000    3.861295E-03  5.659893E-03  5.729946E+01
    12.6500    5.249116E-03  5.720825E-03  5.771053E+01
    12.7000    5.716817E-03  5.716818E-03  5.812017E+01
    12.7500    5.180327E-03  5.645409E-03  5.852822E+01
    12.8000    3.775095E-03  5.504989E-03  5.893461E+01
    12.8500    1.820048E-03  5.295050E-03  5.933938E+01
    12.9000   -2.624647E-04  5.016367E-03  5.974261E+01
    12.9500   -2.049574E-03  4.671144E-03  6.014449E+01
    13.0000   -3.224748E-03  4.269940E-03  6.054625E+01
    13.0500   -3.635130E-03  3.819737E-03  6.094889E+01
    13.1000   -3.302122E-03  3.315837E-03  6.135204E+01
    13.1500   -2.431796E-03  2.765541E-03  6.175742E+01
    13.2000   -1.340557E-03  2.177535E-03  6.216867E+01
    13.2500   -3.661090E-04  1.562116E-03  6.259529E+01
    13.3000    2.223756E-04  9.330374E-04  6.307250E+01
    13.3500    2.916802E-04  3.334794E-04  6.389658E+01
    13.4000   -1.268903E-04  4.317317E-04  6.627176E+01
    13.4500   -8.535434E-04  1.031657E-03  6.694782E+01
    13.5000   -1.614617E-03  1.630905E-03  6.740280E+01
    13.5500   -2.120072E-03  2.200326E-03  6.781516E+01
    13.6000   -2.142948E-03  2.727916E-03  6.821143E+01
    13.6500   -1.580284E-03  3.204634E-03  6.859936E+01
    13.7000   -4.806382E-04  3.623117E-03  6.898199E+01
    13.7500    9.674695E-04  3.977522E-03  6.936074E+01
    13.8000    2.481770E-03  4.263540E-03  6.973634E+01
    13.8500    3.754191E-03  4.478424E-03  7.010917E+01
    13.9000    4.522903E-03  4.621006E-03  7.047941E+01
    13.9500    4.630779E-03  4.691674E-03  7.084713E+01
    14.0000    4.061793E-03  4.700058E-03  7.121307E+01
    14.0500    2.922159E-03  4.654123E-03  7.157782E+01
    14.1000    1.415124E-03  4.544561E-03  7.193998E+01
    14.1500   -1.866739E-04  4.376159E-03  7.229930E+01
    14.2000   -1.613465E-03  4.154743E-03  7.265546E+01
    14.2500   -2.653420E-03  3.887016E-03  7.300800E+01
    14.3000   -3.190222E-03  3.580390E-03  7.335623E+01
    14.3500   -3.216199E-03  3.242815E-03  7.369922E+01
    14.4000   -2.820433E-03  2.882624E-03  7.403553E+01
    14.4500   -2.157207E-03  2.508414E-03  7.436298E+01
    14.5000   -1.404141E-03  2.129012E-03  7.467803E+01
    14.5500   -7.208105E-04  1.753637E-03  7.497463E+01
    14.6000   -2.172140E-04  1.392502E-03  7.524160E+01
    14.6500    6.194173E-05  1.058622E-03  7.545677E+01
    14.7000    1.356900E-04  7.729374E-04  7.557469E+01
    14.7500    7.078118E-05  5.761881E-04  7.552138E+01
    14.8000   -4.297089E-05  5.267019E-04  7.531655E+01
    14.8500   -1.189220E-04  6.181832E-04  7.520464E+01
    14.9000   -9.502268E-05  7.711154E-04  7.527468E+01
    14.9500    5.383871E-05  9.311240E-04  7.545608E+01
    15.0000    3.106670E-04  1.078903E-03  7.569031E+01
    15.0500    6.352393E-04  1.210282E-03  7.595078E+01
    15.1000    9.748148E-04  1.316596E-03  7.623190E+01
    15.1500    1.261049E-03  1.396253E-03  7.652531E+01
    15.2000    1.434690E-03  1.449414E-03  7.682636E+01
    15.2500    1.457616E-03  1.477267E-03  7.713231E+01
    15.3000    1.319274E-03  1.481622E-03  7.744154E+01
    15.3500    1.037013E-03  1.464655E-03  7.775312E+01
    15.4000    6.511508E-04  1.428720E-03  7.806659E+01
    15.4500    2.165107E-04  1.376208E-03  7.838184E+01
    15.5000   -2.075558E-04  1.309447E-03  7.869899E+01
    15.5500   -5.667774E-04  1.230634E-03  7.901844E+01
    15.6000   -8.198200E-04  1.141803E-03  7.934075E+01
    15.6500   -9.435551E-04  1.044822E-03  7.966670E+01
    15.7000   -9.353798E-04  9.414184E-04  7.999729E+01
    15.7500   -8.125588E-04  8.332237E-04  8.033379E+01
    15.8000   -6.087673E-04  7.218285E-04  8.067789E+01
    15.8500   -3.682040E-04  6.088385E-04  8.103194E+01
    15.9000   -1.379060E-04  4.959259E-04  8.139962E+01
    15.9500    4.075589E-05  3.848839E-04  8.178750E+01
    16.0000    1.371705E-04  2.768788E-04  8.219972E+01
    16.0500    1.413952E-04  1.728632E-04  8.263926E+01
    16.1000    7.710228E-05  7.712551E-05  8.322766E+01
    16.1500   -1.962474E-05  3.210231E-05  8.548073E+01
    16.2000   -1.038075E-04  1.061842E-04  8.660577E+01
    16.2500   -1.334420E-04  1.832928E-04  8.714916E+01
    16.3000   -8.158247E-05  2.578078E-04  8.764261E+01
    16.3500    5.438645E-05  3.325500E-04  8.812888E+01
    16.4000    2.489651E-04  4.115571E-04  8.861428E+01
    16.4500    4.518532E-04  4.990818E-04  8.909684E+01
    16.5000    5.983579E-04  5.987683E-04  8.957242E+01
    16.5500    6.250724E-04  7.130153E-04  9.003731E+01
    16.6000    4.874264E-04  8.426696E-04  9.048938E+01
    16.6500    1.748102E-04  9.870353E-04  9.092814E+01
    16.7000   -2.809230E-04  1.144068E-03  9.135427E+01
    16.7500   -8.065686E-04  1.310629E-03  9.176909E+01
    16.8000   -1.299179E-03  1.482736E-03  9.217412E+01
    16.8500   -1.646460E-03  1.655778E-03  9.257084E+01
    16.9000   -1.751836E-03  1.824727E-03  9.296058E+01
    16.9500   -1.558451E-03  1.984316E-03  9.334446E+01
    17.0000   -1.065266E-03  2.129826E-03  9.372399E+01
    17.0500   -3.316549E-04  2.256655E-03  9.410028E+01
    17.1000    5.252086E-04  2.358665E-03  9.447233E+01
    17.1500    1.358455E-03  2.431678E-03  9.484054E+01
    17.2000    2.021420E-03  2.472208E-03  9.520511E+01
    17.2500    2.399072E-03  2.477599E-03  9.556613E+01
    17.3000    2.432693E-03  2.446149E-03  9.592351E+01
    17.3500    2.131800E-03  2.377204E-03  9.627696E+01
    17.4000    1.570386E-03  2.271236E-03  9.662591E+01
    17.4500    8.683804E-04  2.129902E-03  9.696943E+01
    17.5000    1.629847E-04  1.956086E-03  9.730595E+01
    17.5500   -4.229957E-04  1.753968E-03  9.763294E+01
    17.6000   -8.079489E-04  1.529160E-03  9.794604E+01
    17.6500   -9.668597E-04  1.289067E-03  9.823750E+01
    17.7000   -9.318028E-04  1.043845E-03  9.849259E+01
    17.7500   -7.779296E-04  8.090595E-04  9.868187E+01
    17.8000   -5.991324E-04  6.126701E-04  9.874956E+01
    17.8500   -4.802008E-04  5.053524E-04  9.864334E+01
    17.9000   -4.730705E-04  5.316190E-04  9.848643E+01
    17.9500   -5.834941E-04  6.567091E-04  9.848346E+01
    18.0000   -7.719439E-04  8.157458E-04  9.863098E+01
    18.0500   -9.665585E-04  9.710250E-04  9.886422E+01
    18.1000   -1.084927E-03  1.103338E-03  9.914311E+01
    18.1500   -1.062745E-03  1.203252E-03  9.944826E+01
    18.2000   -8.728177E-04  1.265487E-03  9.976988E+01
    18.2500   -5.345232E-04  1.287311E-03  1.001028E+02
    18.3000   -1.098063E-04  1.267899E-03  1.004443E+02
    18.3500    3.131164E-04  1.208038E-03  1.007932E+02
    18.4000    6.437155E-04  1.109960E-03  1.011496E+02
    18.4500    8.140177E-04  9.772314E-04  1.015154E+02
    18.5000    7.974190E-04  8.147076E-04  1.018954E+02
    18.5500    6.162022E-04  6.287321E-04  1.023017E+02
    18.6000    3.356868E-04  4.284349E-04  1.027722E+02
    18.6500    4.664522E-05  2.350716E-04  1.034728E+02
    18.7000   -1.591636E-04  1.640967E-04  1.049975E+02
    18.7500   -2.136625E-04  3.210989E-04  1.060861E+02
    18.8000   -9.067018E-05  5.254733E-04  1.066407E+02
    18.8500    1.871446E-04  7.261935E-04  1.070748E+02
    18.9000    5.542519E-04  9.109077E-04  1.074683E+02
    18.9500    9.193666E-04  1.072965E-03  1.078433E+02
    19.0000    1.189045E-03  1.207821E-03  1.082084E+02
    19.0500    1.290733E-03  1.312559E-03  1.085676E+02
    19.1000    1.190440E-03  1.385201E-03  1.089217E+02
    19.1500    9.006361E-04  1.425043E-03  1.092716E+02
    19.2000    4.748784E-04  1.432570E-03  1.096179E+02
    19.2500   -6.765968E-06  1.409391E-03  1.099605E+02
    19.3000   -4.577564E-04  1.358145E-03  1.102995E+02
    19.3500   -8.050717E-04  1.282366E-03  1.106345E+02
    19.4000   -1.004078E-03  1.186336E-03  1.109649E+02
    19.4500   -1.044965E-03  1.074890E-03  1.112900E+02
    19.5000   -9.499844E-04  9.532219E-04  1.116090E+02
    19.5500   -7.632879E-04  8.266537E-04  1.119206E+02
    19.6000   -5.369604E-04  7.003968E-04  1.122237E+02
    19.6500   -3.175269E-04  5.792848E-04  1.125172E+02
    19.7000   -1.365528E-04  4.674752E-04  1.128009E+02
    19.7500   -7.341584E-06  3.681132E-04  1.130774E+02
    19.8000    7.232766E-05  2.830071E-04  1.133558E+02
    19.8500    1.133240E-04  2.125773E-04  1.136596E+02
    19.9000    1.271385E-04  1.569253E-04  1.140418E+02
    19.9500    1.197429E-04  1.200300E-04  1.145989E+02