# # tequil.ion_motion                                            FEFF 9.05   
# # POT  SCF  30  5.5000   1, core-hole, AFOLP (folp(0)= 1.150)
# # Abs   Z=30 Rmt= 1.261 Rnm= 1.401 K  shell
# # Pot 1 Z=26 Rmt= 1.325 Rnm= 1.406
# # Pot 2 Z= 8 Rmt= 0.977 Rnm= 1.070
# # Gam_ch=1.897E+00 H-L exch
# # Mu=-1.177E+01 kf=2.209E+00 Vint=-1.940E+01 Rs_int= 1.642
# # PATH  Rmax= 8.500,  Keep_limit= 0.00, Heap_limit 0.00  Pwcrit= 2.50%
#  S02=1.000                                        Global_sig2= 0.00000
#  Energy zero shift, vr, vi   -2.00000E+00   0.00000E+00
#  Curved wave amplitude ratio filter   4.000%
#     file         sig2 tot  cw amp ratio   deg  nlegs   reff  inp sig2
#           1       0.00000    100.00      1.00     2   1.8701
#           2       0.00000     90.54      1.00     2   1.9446
#           3       0.00000     85.77      1.00     2   1.9863
#           4       0.00000     56.67      1.00     2   2.3342
#           5       0.00000     49.34      1.00     2   2.4622
#           6       0.00000     43.84      1.00     2   2.5759
#           7       0.00000     29.40      1.00     2   2.9518
#           8       0.00000     28.74      1.00     2   2.9813
#           9       0.00000     25.77      1.00     2   3.1265
#          10       0.00000     25.01      1.00     2   3.1668
#          11       0.00000     24.15      1.00     2   3.2146
#          12       0.00000     23.75      1.00     2   3.2380
#          13       0.00000     23.16      1.00     2   3.2728
#          14       0.00000     23.05      1.00     2   3.2781
#          15       0.00000     22.97      1.00     2   3.2842
#          16       0.00000     21.98      1.00     2   3.3359
#          17       0.00000     21.90      1.00     2   3.3405
#          18       0.00000     20.84      1.00     2   3.4020
#          19       0.00000      9.82      2.00     3   3.4679
#          20       0.00000     10.44      2.00     3   3.4787
#          21       0.00000     19.82      1.00     2   3.4944
#          22       0.00000      9.69      2.00     3   3.4971
#          23       0.00000      6.89      2.00     3   3.5109
#          24       0.00000     17.19      2.00     3   3.5237
#          25       0.00000     15.77      2.00     3   3.5243
#          26       0.00000     18.57      1.00     2   3.5482
#          27       0.00000      8.86      2.00     3   3.5833
#          28       0.00000     10.26      2.00     3   3.5904
#          29       0.00000      7.57      2.00     3   3.6014
#          30       0.00000     13.73      2.00     3   3.6190
#          31       0.00000     18.13      1.00     2   3.6259
#          32       0.00000     12.86      2.00     3   3.6390
#          33       0.00000      6.94      2.00     3   3.6473
#          34       0.00000      7.97      2.00     3   3.6538
#          35       0.00000     17.64      1.00     2   3.6667
#          36       0.00000     15.45      2.00     3   3.7006
#          37       0.00000      7.36      2.00     3   3.7401
#          38       0.00000     10.77      1.00     4   3.7402
#          39       0.00000      7.36      2.00     3   3.7509
#          40       0.00000      6.15      2.00     3   3.7712
#          41       0.00000      6.46      2.00     3   3.8006
#          42       0.00000      4.55      1.00     4   3.8093
#          44       0.00000     15.75      2.00     3   3.8234
#          45       0.00000      4.56      1.00     4   3.8341
#          46       0.00000      6.57      2.00     4   3.8565
#          47       0.00000      8.75      1.00     4   3.8892
#          48       0.00000     14.27      1.00     2   3.9004
#          49       0.00000      5.44      1.00     4   3.9067
#          50       0.00000      8.51      2.00     3   3.9401
#          51       0.00000     14.64      1.00     2   3.9535
#          52       0.00000      7.83      1.00     4   3.9727
#          53       0.00000      4.73      1.00     4   3.9762
#          54       0.00000      6.68      1.00     4   3.9801
#          55       0.00000      4.64      1.00     4   3.9841
#          56       0.00000     13.39      1.00     2   3.9894
#          58       0.00000      8.54      2.00     3   4.0020
#          59       0.00000      7.91      2.00     3   4.0051
#          60       0.00000     14.13      1.00     2   4.0099
#          61       0.00000      7.84      2.00     3   4.0316
#          63       0.00000      7.03      2.00     3   4.0949
#          64       0.00000      7.98      2.00     3   4.1029
#          65       0.00000      6.89      2.00     3   4.1027
#          66       0.00000     13.32      1.00     2   4.1042
#          67       0.00000     11.44      2.00     3   4.1319
#          68       0.00000     16.42      2.00     3   4.1857
#          69       0.00000     10.22      2.00     3   4.2150
#          70       0.00000     11.37      1.00     2   4.2244
#          71       0.00000      6.09      2.00     3   4.2676
#          72       0.00000     10.20      2.00     4   4.2788
#          73       0.00000     10.79      1.00     2   4.3021
#          74       0.00000     12.15      2.00     3   4.3043
#          75       0.00000      4.39      1.00     4   4.3104
#          76       0.00000     10.64      1.00     2   4.3238
#          77       0.00000      8.94      2.00     3   4.3380
#          78       0.00000     10.50      1.00     2   4.3429
#          79       0.00000      8.96      2.00     3   4.3453
#          80       0.00000     15.72      2.00     3   4.3848
#          81       0.00000      6.93      2.00     3   4.3865
#          82       0.00000     10.03      1.00     2   4.4125
#          83       0.00000     10.01      1.00     2   4.4151
#          84       0.00000     19.85      2.00     3   4.4174
#          86       0.00000      9.97      1.00     2   4.4224
#          87       0.00000     16.85      2.00     3   4.4332
#          88       0.00000      9.84      1.00     2   4.4411
#          89       0.00000     10.70      2.00     4   4.4460
#          90       0.00000      6.44      2.00     4   4.4486
#          91       0.00000     17.92      2.00     3   4.4534
#          92       0.00000     11.58      1.00     4   4.5110
#          93       0.00000      9.24      1.00     2   4.5382
#          94       0.00000     14.84      2.00     3   4.5550
#          95       0.00000      9.15      1.00     4   4.5644
#          96       0.00000      9.98      1.00     4   4.5640
#          97       0.00000      9.06      1.00     2   4.5696
#          99       0.00000      8.98      1.00     2   4.5832
#         100       0.00000      4.47      2.00     3   4.5929
#         101       0.00000      8.89      1.00     2   4.5990
#         102       0.00000     12.16      2.00     3   4.5997
#         103       0.00000     11.13      2.00     3   4.6297
#         104       0.00000      8.57      1.00     2   4.6559
#         105       0.00000      6.01      2.00     3   4.6657
#         107       0.00000     17.82      2.00     3   4.6697
#         108       0.00000      7.79      1.00     4   4.6949
#         111       0.00000     10.48      1.00     4   4.7405
#         112       0.00000      7.99      1.00     2   4.7677
#         113       0.00000      7.97      1.00     2   4.7732
#         114       0.00000      6.03      2.00     3   4.7850
#         115       0.00000      7.90      1.00     2   4.7870
#         116       0.00000      5.87      1.00     4   4.7869
#         117       0.00000      5.12      1.00     4   4.8370
#         118       0.00000      5.71      2.00     3   4.8458
#         119       0.00000      7.51      2.00     3   4.8566
#         120       0.00000      9.72      2.00     3   4.8566
#         122       0.00000     14.13      2.00     3   4.8653
#         123       0.00000      6.41      2.00     3   4.8829
#         124       0.00000      4.94      2.00     3   4.8838
#         125       0.00000      7.80      2.00     3   4.8853
#         126       0.00000      7.13      2.00     3   4.8854
#         127       0.00000      4.99      2.00     3   4.8963
#         128       0.00000      6.74      2.00     3   4.8978
#         129       0.00000      6.44      2.00     3   4.9061
#         130       0.00000      5.97      2.00     3   4.9068
#         131       0.00000      4.55      2.00     3   4.9125
#         134       0.00000      8.22      1.00     2   4.9271
#         135       0.00000      5.16      2.00     4   4.9381
#         136       0.00000      7.80      1.00     4   4.9573
#         138       0.00000      6.96      1.00     2   4.9937
#         141       0.00000      6.85      1.00     2   5.0220
#         142       0.00000      7.74      1.00     2   5.0349
#         143       0.00000      9.31      2.00     3   5.0432
#         145       0.00000      6.75      2.00     3   5.0503
#         146       0.00000      4.51      1.00     4   5.0574
#         147       0.00000      6.68      1.00     2   5.0646
#         148       0.00000      7.61      1.00     2   5.0664
#         149       0.00000      6.67      1.00     2   5.0668
#         151       0.00000      6.38      2.00     3   5.0918
#         154       0.00000      5.61      2.00     3   5.1246
#         155       0.00000      7.26      1.00     2   5.1547
#         156       0.00000      4.56      1.00     4   5.1593
#         157       0.00000      7.88      2.00     3   5.1669
#         159       0.00000      7.12      1.00     2   5.1905
#         160       0.00000      7.08      1.00     2   5.2009
#         161       0.00000      6.51      2.00     3   5.2021
#         162       0.00000      6.15      1.00     2   5.2040
#         163       0.00000      7.87      2.00     3   5.2090
#         164       0.00000     12.31      2.00     3   5.2091
#         165       0.00000      7.03      1.00     2   5.2140
#         167       0.00000     12.18      2.00     2   5.2211
#         168       0.00000     14.86      2.00     3   5.2218
#         169       0.00000      9.11      1.00     4   5.2226
#         172       0.00000      6.00      1.00     2   5.2455
#         173       0.00000      6.00      1.00     2   5.2465
#         174       0.00000      6.22      1.00     4   5.2635
#         175       0.00000      6.82      1.00     2   5.2687
#         177       0.00000      5.77      2.00     3   5.2818
#         178       0.00000      6.19      2.00     3   5.2826
#         179       0.00000      4.68      2.00     4   5.2851
#         180       0.00000      6.74      1.00     2   5.2918
#         181       0.00000      5.82      1.00     2   5.2992
#         184       0.00000      6.56      2.00     3   5.3134
#         185       0.00000      5.39      2.00     3   5.3166
#         187       0.00000      6.55      2.00     3   5.3240
#         188       0.00000      4.92      2.00     3   5.3266
#         191       0.00000      6.34      2.00     3   5.3413
#         194       0.00000      7.42      2.00     3   5.3489
#         196       0.00000      8.04      2.00     3   5.3540
#         197       0.00000      7.84      2.00     3   5.3575
#         198       0.00000      5.53      1.00     2   5.3884
#         199       0.00000      5.33      2.00     4   5.3884
#         200       0.00000      4.72      2.00     3   5.4055
#         201       0.00000      4.54      2.00     4   5.4183
#         202       0.00000      5.43      1.00     2   5.4221
#         203       0.00000      5.77      2.00     3   5.4279
#         204       0.00000     12.18      2.00     3   5.4315
#         206       0.00000      6.99      1.00     4   5.4409
#         210       0.00000      5.32      1.00     2   5.4553
#         213       0.00000      5.27      2.00     3   5.4768
#         219       0.00000      4.93      2.00     3   5.5230
#         223       0.00000      5.06      1.00     2   5.5459
#         224       0.00000     11.61      2.00     3   5.5468
#         225       0.00000      6.71      1.00     4   5.5477
#         226       0.00000      5.05      1.00     2   5.5502
#         227       0.00000      4.17      2.00     3   5.5562
#         231       0.00000      5.41      2.00     3   5.5706
#         234       0.00000      6.22      2.00     3   5.5917
#         236       0.00000      4.74      2.00     3   5.6003
#         239       0.00000      4.85      2.00     3   5.6170
#         249       0.00000      5.61      2.00     3   5.6676
#         252       0.00000      5.41      1.00     2   5.7138
#         254       0.00000      4.32      2.00     3   5.7158
#         258       0.00000      5.88      2.00     3   5.7338
#         261       0.00000      4.55      2.00     4   5.7484
#         265       0.00000     10.48      2.00     2   5.7780
#         269       0.00000      5.18      1.00     2   5.7988
#         272       0.00000      5.17      1.00     2   5.8027
#         275       0.00000      5.05      2.00     3   5.8517
#         278       0.00000      4.04      2.00     3   5.8989
#         280       0.00000      5.59      2.00     3   5.9101
#         283       0.00000      4.88      1.00     2   5.9198
#         285       0.00000      4.85      1.00     2   5.9303
#         287       0.00000      4.09      2.00     5   5.9320
#         288       0.00000      4.36      2.00     3   5.9348
#         291       0.00000      4.06      1.00     2   5.9506
#         294       0.00000      4.02      1.00     2   5.9704
#   203/ 267 paths used
#  -----------------------------------------------------------------------
#       k          chi          mag           phase @#
    -0.7000   -5.605151E-01  5.791339E-01 -1.316540E+00
    -0.6500   -5.207655E-01  5.487414E-01 -1.250106E+00
    -0.6000   -4.863412E-01  5.237606E-01 -1.190504E+00
    -0.5500   -4.544185E-01  5.015961E-01 -1.133606E+00
    -0.5000   -4.268072E-01  4.828294E-01 -1.084288E+00
    -0.4500   -4.022524E-01  4.663256E-01 -1.040387E+00
    -0.4000   -3.819192E-01  4.526791E-01 -1.004114E+00
    -0.3500   -3.630391E-01  4.400862E-01 -9.700734E-01
    -0.3000   -3.478310E-01  4.298610E-01 -9.427398E-01
    -0.2500   -3.357465E-01  4.216748E-01 -9.210236E-01
    -0.2000   -3.263638E-01  4.152779E-01 -9.041383E-01
    -0.1500   -3.188058E-01  4.100722E-01 -8.905824E-01
    -0.1000   -3.134295E-01  4.063392E-01 -8.809589E-01
    -0.0500   -3.102787E-01  4.041416E-01 -8.753185E-01
     0.0000   -3.092408E-01  4.034160E-01 -8.734603E-01
     0.0500   -3.082090E-01  4.026939E-01 -8.716129E-01
     0.1000   -3.051501E-01  4.005484E-01 -8.661347E-01
     0.1500   -3.001720E-01  3.970413E-01 -8.572142E-01
     0.2000   -2.934488E-01  3.922737E-01 -8.451515E-01
     0.2500   -2.852130E-01  3.863837E-01 -8.303389E-01
     0.3000   -2.757434E-01  3.795430E-01 -8.132357E-01
     0.3500   -2.651769E-01  3.718138E-01 -7.940501E-01
     0.4000   -2.534486E-01  3.630727E-01 -7.726925E-01
     0.4500   -2.416086E-01  3.541214E-01 -7.508716E-01
     0.5000   -2.300197E-01  3.452822E-01 -7.290734E-01
     0.5500   -2.188880E-01  3.368158E-01 -7.074192E-01
     0.6000   -2.085135E-01  3.291469E-01 -6.860641E-01
     0.6500   -1.992817E-01  3.228676E-01 -6.652097E-01
     0.7000   -1.911805E-01  3.183898E-01 -6.440770E-01
     0.7500   -1.842354E-01  3.164618E-01 -6.213983E-01
     0.8000   -1.777063E-01  3.169604E-01 -5.951800E-01
     0.8500   -1.710303E-01  3.203860E-01 -5.631185E-01
     0.9000   -1.631417E-01  3.268954E-01 -5.225182E-01
     0.9500   -1.524786E-01  3.354148E-01 -4.719198E-01
     1.0000   -1.376666E-01  3.468217E-01 -4.081781E-01
     1.0500   -1.170906E-01  3.593646E-01 -3.318861E-01
     1.1000   -8.945238E-02  3.728112E-01 -2.423042E-01
     1.1500   -5.357174E-02  3.867639E-01 -1.389596E-01
     1.2000   -9.865572E-03  3.995897E-01 -2.469177E-02
     1.2500    4.254066E-02  4.121059E-01  1.034117E-01
     1.3000    1.004917E-01  4.221835E-01  2.403356E-01
     1.3500    1.629062E-01  4.303471E-01  3.882249E-01
     1.4000    2.254273E-01  4.354805E-01  5.441042E-01
     1.4500    2.844322E-01  4.374466E-01  7.078610E-01
     1.5000    3.357447E-01  4.359882E-01  8.789627E-01
     1.5500    3.746693E-01  4.306604E-01  1.055178E+00
     1.6000    3.985828E-01  4.217145E-01  1.238049E+00
     1.6500    4.043239E-01  4.087499E-01  1.423502E+00
     1.7000    3.918808E-01  3.922596E-01  1.614748E+00
     1.7500    3.618383E-01  3.721328E-01  1.806559E+00
     1.8000    3.168245E-01  3.486859E-01  2.001615E+00
     1.8500    2.615475E-01  3.224140E-01  2.195363E+00
     1.9000    2.003583E-01  2.934382E-01  2.390011E+00
     1.9500    1.398377E-01  2.625873E-01  2.579996E+00
     2.0000    8.592114E-02  2.309500E-01  2.760394E+00
     2.0500    4.249654E-02  1.994963E-01  2.926929E+00
     2.1000    1.194992E-02  1.681765E-01  3.070477E+00
     2.1500   -4.552017E-03  1.385513E-01  3.174453E+00
     2.2000   -9.667083E-03  1.138887E-01  3.226577E+00
     2.2500   -7.468887E-03  9.608008E-02  3.219407E+00
     2.3000   -1.988919E-03  8.659092E-02  3.164564E+00
     2.3500    2.765052E-03  8.594242E-02  3.109414E+00
     2.4000    1.707102E-03  8.972995E-02  3.122567E+00
     2.4500   -5.782883E-03  9.377004E-02  3.203303E+00
     2.5000   -1.790844E-02  9.561739E-02  3.329998E+00
     2.5500   -3.018086E-02  9.657666E-02  3.459423E+00
     2.6000   -4.156627E-02  9.493349E-02  3.594794E+00
     2.6500   -5.010723E-02  9.099826E-02  3.724723E+00
     2.7000   -5.489412E-02  8.546425E-02  3.839095E+00
     2.7500   -6.098603E-02  8.196952E-02  3.980643E+00
     2.8000   -6.463966E-02  7.783144E-02  4.121612E+00
     2.8500   -6.546247E-02  7.301836E-02  4.253445E+00
     2.9000   -6.398153E-02  6.788400E-02  4.371664E+00
     2.9500   -6.093514E-02  6.256988E-02  4.483299E+00
     3.0000   -5.679623E-02  5.732004E-02  4.577094E+00
     3.0500   -5.253843E-02  5.265373E-02  4.646199E+00
     3.1000   -4.904286E-02  4.905416E-02  4.690929E+00
     3.1500   -4.669283E-02  4.669285E-02  4.713446E+00
     3.2000   -4.588787E-02  4.589447E-02  4.729342E+00
     3.2500   -4.650575E-02  4.654614E-02  4.754050E+00
     3.3000   -4.818606E-02  4.835425E-02  4.795820E+00
     3.3500   -5.056315E-02  5.112018E-02  4.860147E+00
     3.4000   -5.279832E-02  5.434659E-02  4.951659E+00
     3.4500   -5.391513E-02  5.747671E-02  5.066271E+00
     3.5000   -5.321773E-02  6.017271E-02  5.197944E+00
     3.5500   -5.052209E-02  6.241599E-02  5.339985E+00
     3.6000   -4.572999E-02  6.412944E-02  5.489291E+00
     3.6500   -3.882966E-02  6.503211E-02  5.643324E+00
     3.7000   -3.036142E-02  6.512730E-02  5.798211E+00
     3.7500   -2.112205E-02  6.464316E-02  5.950324E+00
     3.8000   -1.180301E-02  6.381661E-02  6.097162E+00
     3.8500   -2.908593E-03  6.259692E-02  6.236703E+00
     3.9000    5.123737E-03  6.119855E-02  6.367007E+00
     3.9500    1.213676E-02  5.998033E-02  6.486938E+00
     4.0000    1.836879E-02  5.933934E-02  6.597910E+00
     4.0500    2.421570E-02  5.927942E-02  6.703996E+00
     4.1000    3.012312E-02  5.994165E-02  6.809720E+00
     4.1500    3.656117E-02  6.145923E-02  6.920308E+00
     4.2000    4.395735E-02  6.393445E-02  7.041278E+00
     4.2500    5.208281E-02  6.688275E-02  7.175805E+00
     4.3000    6.047792E-02  7.005644E-02  7.324907E+00
     4.3500    6.844041E-02  7.327438E-02  7.488717E+00
     4.4000    7.520257E-02  7.652511E-02  7.667797E+00
     4.4500    7.924460E-02  7.924535E-02  7.858332E+00
     4.5000    7.954631E-02  8.123766E-02  8.058395E+00
     4.5500    7.549090E-02  8.240149E-02  8.266447E+00
     4.6000    6.705300E-02  8.287631E-02  8.482204E+00
     4.6500    5.438693E-02  8.225758E-02  8.702390E+00
     4.7000    3.855612E-02  8.050937E-02  8.925374E+00
     4.7500    2.110077E-02  7.767495E-02  9.149666E+00
     4.8000    3.688636E-03  7.406323E-02  9.374953E+00
     4.8500   -1.192758E-02  6.945399E-02  9.597367E+00
     4.9000   -2.428961E-02  6.397946E-02  9.814193E+00
     4.9500   -3.251446E-02  5.782727E-02  1.002190E+01
     5.0000   -3.660620E-02  5.138438E-02  1.021769E+01
     5.0500   -3.681052E-02  4.472840E-02  1.039141E+01
     5.1000   -3.419179E-02  3.822889E-02  1.053186E+01
     5.1500   -3.017336E-02  3.238375E-02  1.062396E+01
     5.2000   -2.636832E-02  2.795519E-02  1.065702E+01
     5.2500   -2.383329E-02  2.549137E-02  1.063291E+01
     5.3000   -2.334329E-02  2.537329E-02  1.059284E+01
     5.3500   -2.507266E-02  2.726493E-02  1.059182E+01
     5.4000   -2.863622E-02  3.036378E-02  1.065662E+01
     5.4500   -3.306568E-02  3.387536E-02  1.077650E+01
     5.5000   -3.720229E-02  3.726770E-02  1.093632E+01
     5.5500   -3.988439E-02  4.021085E-02  1.112309E+01
     5.6000   -4.017853E-02  4.251568E-02  1.132869E+01
     5.6500   -3.760708E-02  4.409716E-02  1.154500E+01
     5.7000   -3.219039E-02  4.492441E-02  1.176753E+01
     5.7500   -2.441824E-02  4.501438E-02  1.199301E+01
     5.8000   -1.515900E-02  4.445825E-02  1.221842E+01
     5.8500   -5.397813E-03  4.332712E-02  1.244146E+01
     5.9000    3.918161E-03  4.172585E-02  1.266041E+01
     5.9500    1.203712E-02  3.977572E-02  1.287382E+01
     6.0000    1.846700E-02  3.768467E-02  1.307851E+01
     6.0500    2.312081E-02  3.553648E-02  1.327477E+01
     6.1000    2.611955E-02  3.343003E-02  1.346315E+01
     6.1500    2.771122E-02  3.144507E-02  1.364489E+01
     6.2000    2.816595E-02  2.962328E-02  1.382219E+01
     6.2500    2.769314E-02  2.796377E-02  1.399793E+01
     6.3000    2.640685E-02  2.642587E-02  1.417511E+01
     6.3500    2.434349E-02  2.493965E-02  1.435626E+01
     6.4000    2.151937E-02  2.342114E-02  1.454293E+01
     6.4500    1.800400E-02  2.178818E-02  1.473542E+01
     6.5000    1.416336E-02  2.014139E-02  1.492808E+01
     6.5500    1.015834E-02  1.831279E-02  1.511995E+01
     6.6000    6.355000E-03  1.625346E-02  1.530625E+01
     6.6500    3.197229E-03  1.399220E-02  1.547743E+01
     6.7000    1.061593E-03  1.161035E-02  1.561640E+01
     6.7500    1.560731E-04  9.279275E-03  1.569114E+01
     6.8000    4.477122E-04  7.354565E-03  1.564705E+01
     6.8500    1.641523E-03  6.482191E-03  1.545194E+01
     6.9000    3.220630E-03  7.179264E-03  1.524276E+01
     6.9500    4.542321E-03  9.078980E-03  1.518400E+01
     7.0000    4.882453E-03  1.157727E-02  1.527261E+01
     7.0500    3.758252E-03  1.419839E-02  1.544007E+01
     7.1000    9.946405E-04  1.672354E-02  1.564845E+01
     7.1500   -3.273321E-03  1.904136E-02  1.588073E+01
     7.2000   -8.593622E-03  2.108032E-02  1.612785E+01
     7.2500   -1.427412E-02  2.279367E-02  1.638467E+01
     7.3000   -1.950621E-02  2.415314E-02  1.664804E+01
     7.3500   -2.350891E-02  2.514585E-02  1.691595E+01
     7.4000   -2.566392E-02  2.577226E-02  1.718704E+01
     7.4500   -2.561604E-02  2.604448E-02  1.746039E+01
     7.5000   -2.334300E-02  2.602778E-02  1.773696E+01
     7.5500   -1.906230E-02  2.572191E-02  1.801486E+01
     7.6000   -1.327841E-02  2.514183E-02  1.829315E+01
     7.6500   -6.670075E-03  2.432607E-02  1.857180E+01
     7.7000    3.336523E-05  2.331584E-02  1.885099E+01
     7.7500    6.153938E-03  2.215338E-02  1.913105E+01
     7.8000    1.114451E-02  2.088049E-02  1.941256E+01
     7.8500    1.463692E-02  1.953738E-02  1.969637E+01
     7.9000    1.645739E-02  1.816186E-02  1.998365E+01
     7.9500    1.661424E-02  1.678904E-02  2.027593E+01
     8.0000    1.526661E-02  1.545037E-02  2.057474E+01
     8.0500    1.268484E-02  1.416859E-02  2.088209E+01
     8.1000    9.217337E-03  1.297172E-02  2.120084E+01
     8.1500    5.249061E-03  1.189010E-02  2.153392E+01
     8.2000    1.171930E-03  1.095688E-02  2.188399E+01
     8.2500   -2.637693E-03  1.020820E-02  2.225250E+01
     8.3000   -5.837869E-03  9.680405E-03  2.263848E+01
     8.3500   -8.139047E-03  9.403287E-03  2.303740E+01
     8.4000   -9.322757E-03  9.390865E-03  2.344143E+01
     8.4500   -9.260704E-03  9.634699E-03  2.384148E+01
     8.5000   -7.920875E-03  1.008844E-02  2.422981E+01
     8.5500   -5.415465E-03  1.071732E-02  2.460301E+01
     8.6000   -1.970333E-03  1.148596E-02  2.496035E+01
     8.6500    2.090923E-03  1.234991E-02  2.530287E+01
     8.7000    6.360019E-03  1.326892E-02  2.563262E+01
     8.7500    1.037933E-02  1.420768E-02  2.595186E+01
     8.8000    1.368823E-02  1.513540E-02  2.626268E+01
     8.8500    1.587577E-02  1.602528E-02  2.656683E+01
     8.9000    1.663274E-02  1.685395E-02  2.686573E+01
     8.9500    1.579554E-02  1.760121E-02  2.716046E+01
     9.0000    1.337080E-02  1.825713E-02  2.745255E+01
     9.0500    9.539816E-03  1.881038E-02  2.774245E+01
     9.1000    4.653694E-03  1.924533E-02  2.803010E+01
     9.1500   -8.104348E-04  1.955311E-02  2.831579E+01
     9.2000   -6.305913E-03  1.972798E-02  2.859969E+01
     9.2500   -1.128399E-02  1.976743E-02  2.888186E+01
     9.3000   -1.526170E-02  1.967222E-02  2.916232E+01
     9.3500   -1.787979E-02  1.944628E-02  2.944100E+01
     9.4000   -1.894194E-02  1.909648E-02  2.971782E+01
     9.4500   -1.842996E-02  1.863234E-02  2.999265E+01
     9.5000   -1.650370E-02  1.808044E-02  3.026585E+01
     9.5500   -1.343716E-02  1.745034E-02  3.053705E+01
     9.6000   -9.596956E-03  1.674420E-02  3.080558E+01
     9.6500   -5.399064E-03  1.597734E-02  3.107122E+01
     9.7000   -1.244937E-03  1.516535E-02  3.133374E+01
     9.7500    2.522099E-03  1.432364E-02  3.159293E+01
     9.8000    5.646228E-03  1.346692E-02  3.184856E+01
     9.8500    7.972527E-03  1.260886E-02  3.210044E+01
     9.9000    9.445569E-03  1.176190E-02  3.234835E+01
     9.9500    1.009645E-02  1.093716E-02  3.259208E+01
    10.0000    1.004520E-02  1.016833E-02  3.283094E+01
    10.0500    9.430550E-03  9.459266E-03  3.306466E+01
    10.1000    8.384731E-03  8.795590E-03  3.329358E+01
    10.1500    7.056900E-03  8.184242E-03  3.351781E+01
    10.2000    5.578324E-03  7.631168E-03  3.373774E+01
    10.2500    4.052255E-03  7.141153E-03  3.395411E+01
    10.3000    2.549914E-03  6.717429E-03  3.416816E+01
    10.3500    1.112628E-03  6.361142E-03  3.438170E+01
    10.4000   -2.404100E-04  6.070787E-03  3.459713E+01
    10.4500   -1.500133E-03  5.841882E-03  3.481722E+01
    10.5000   -2.653755E-03  5.667071E-03  3.504486E+01
    10.5500   -3.672420E-03  5.536762E-03  3.528271E+01
    10.6000   -4.504072E-03  5.440195E-03  3.553292E+01
    10.6500   -5.074666E-03  5.366659E-03  3.579693E+01
    10.7000   -5.299181E-03  5.306587E-03  3.607548E+01
    10.7500   -5.101343E-03  5.252296E-03  3.636864E+01
    10.8000   -4.438096E-03  5.198307E-03  3.667595E+01
    10.8500   -3.322596E-03  5.141230E-03  3.699643E+01
    10.9000   -1.838669E-03  5.079314E-03  3.732871E+01
    10.9500   -1.407728E-04  5.011749E-03  3.767102E+01
    11.0000    1.561884E-03  4.933696E-03  3.802123E+01
    11.0500    3.034898E-03  4.842470E-03  3.837646E+01
    11.1000    4.076327E-03  4.740919E-03  3.873402E+01
    11.1500    4.552888E-03  4.626568E-03  3.909120E+01
    11.2000    4.426983E-03  4.495777E-03  3.944507E+01
    11.2500    3.764496E-03  4.344371E-03  3.979251E+01
    11.3000    2.719258E-03  4.168665E-03  4.013008E+01
    11.3500    1.496826E-03  3.966903E-03  4.045379E+01
    11.4000    3.059649E-04  3.741114E-03  4.075883E+01
    11.4500   -6.899800E-04  3.499517E-03  4.103917E+01
    11.5000   -1.408854E-03  3.259511E-03  4.128767E+01
    11.5500   -1.862533E-03  3.050787E-03  4.149741E+01
    11.6000   -2.142643E-03  2.916070E-03  4.166603E+01
    11.6500   -2.382480E-03  2.903857E-03  4.180291E+01
    11.7000   -2.705423E-03  3.049661E-03  4.193178E+01
    11.7500   -3.174661E-03  3.357615E-03  4.207986E+01
    11.8000   -3.759494E-03  3.801392E-03  4.226289E+01
    11.8500   -4.329597E-03  4.340548E-03  4.248255E+01
    11.9000   -4.681159E-03  4.934259E-03  4.273318E+01
    11.9500   -4.589811E-03  5.546586E-03  4.300765E+01
    12.0000   -3.879406E-03  6.157891E-03  4.330076E+01
    12.0500   -2.468050E-03  6.747967E-03  4.360786E+01
    12.1000   -4.227266E-04  7.281899E-03  4.392421E+01
    12.1500    2.027375E-03  7.741087E-03  4.424729E+01
    12.2000    4.531629E-03  8.110139E-03  4.457519E+01
    12.2500    6.685739E-03  8.376969E-03  4.490645E+01
    12.3000    8.117731E-03  8.532937E-03  4.523986E+01
    12.3500    8.571050E-03  8.572986E-03  4.557435E+01
    12.4000    7.963612E-03  8.495741E-03  4.590890E+01
    12.4500    6.407399E-03  8.303551E-03  4.624247E+01
    12.5000    4.183115E-03  8.002472E-03  4.657384E+01
    12.5500    1.676112E-03  7.602213E-03  4.690159E+01
    12.6000   -7.101496E-04  7.116088E-03  4.722385E+01
    12.6500   -2.641076E-03  6.561022E-03  4.753818E+01
    12.7000   -3.916488E-03  5.957727E-03  4.784123E+01
    12.7500   -4.498965E-03  5.331182E-03  4.812839E+01
    12.8000   -4.499502E-03  4.711554E-03  4.839353E+01
    12.8500   -4.126590E-03  4.135498E-03  4.862904E+01
    12.9000   -3.614576E-03  3.646808E-03  4.882774E+01
    12.9500   -3.152217E-03  3.292988E-03  4.898814E+01
    13.0000   -2.836504E-03  3.117755E-03  4.912270E+01
    13.0500   -2.646422E-03  3.132094E-03  4.925904E+01
    13.1000   -2.456817E-03  3.296966E-03  4.942469E+01
    13.1500   -2.104998E-03  3.558651E-03  4.963255E+01
    13.2000   -1.448116E-03  3.864266E-03  4.988136E+01
    13.2500   -4.232668E-04  4.173324E-03  5.016389E+01
    13.3000    9.159362E-04  4.458470E-03  5.047239E+01
    13.3500    2.397808E-03  4.702566E-03  5.080054E+01
    13.4000    3.767290E-03  4.895727E-03  5.114355E+01
    13.4500    4.747603E-03  5.033102E-03  5.149785E+01
    13.5000    5.111788E-03  5.113315E-03  5.186072E+01
    13.5500    4.744217E-03  5.137367E-03  5.223004E+01
    13.6000    3.675024E-03  5.107818E-03  5.260401E+01
    13.6500    2.077965E-03  5.028191E-03  5.298104E+01
    13.7000    2.324129E-04  4.902532E-03  5.335965E+01
    13.7500   -1.540142E-03  4.735116E-03  5.373836E+01
    13.8000   -2.948065E-03  4.530294E-03  5.411564E+01
    13.8500   -3.791318E-03  4.292462E-03  5.448982E+01
    13.9000   -3.997761E-03  4.026156E-03  5.485904E+01
    13.9500   -3.626298E-03  3.736249E-03  5.522107E+01
    14.0000   -2.838351E-03  3.428924E-03  5.557355E+01
    14.0500   -1.847017E-03  3.111003E-03  5.591301E+01
    14.1000   -8.629332E-04  2.789750E-03  5.623419E+01
    14.1500   -4.373827E-05  2.476135E-03  5.653100E+01
    14.2000    5.348222E-04  2.184580E-03  5.679600E+01
    14.2500    8.808234E-04  1.933775E-03  5.702159E+01
    14.3000    1.064441E-03  1.745905E-03  5.720432E+01
    14.3500    1.181670E-03  1.641551E-03  5.735225E+01
    14.4000    1.315832E-03  1.629541E-03  5.748855E+01
    14.4500    1.508599E-03  1.699472E-03  5.764096E+01
    14.5000    1.748224E-03  1.826357E-03  5.782590E+01
    14.5500    1.976774E-03  1.982268E-03  5.804500E+01
    14.6000    2.112200E-03  2.144028E-03  5.829199E+01
    14.6500    2.076984E-03  2.295042E-03  5.855891E+01
    14.7000    1.823884E-03  2.424482E-03  5.883875E+01
    14.7500    1.351076E-03  2.526086E-03  5.912593E+01
    14.8000    7.030502E-04  2.597214E-03  5.941615E+01
    14.8500   -4.163183E-05  2.638202E-03  5.970604E+01
    14.9000   -7.906237E-04  2.651872E-03  5.999300E+01
    14.9500   -1.459063E-03  2.643083E-03  6.027506E+01
    15.0000   -1.988846E-03  2.621501E-03  6.055152E+01
    15.0500   -2.349638E-03  2.595108E-03  6.082261E+01
    15.1000   -2.525355E-03  2.563904E-03  6.108743E+01
    15.1500   -2.524862E-03  2.534237E-03  6.134710E+01
    15.2000   -2.364818E-03  2.510730E-03  6.160366E+01
    15.2500   -2.061241E-03  2.495406E-03  6.185985E+01
    15.3000   -1.627283E-03  2.487235E-03  6.211866E+01
    15.3500   -1.077766E-03  2.482265E-03  6.238272E+01
    15.4000   -4.378632E-04  2.474297E-03  6.265395E+01
    15.4500    2.488364E-04  2.455874E-03  6.293335E+01
    15.5000    9.179002E-04  2.419318E-03  6.322101E+01
    15.5500    1.490495E-03  2.357623E-03  6.351625E+01
    15.6000    1.888597E-03  2.265106E-03  6.381777E+01
    15.6500    2.055212E-03  2.137853E-03  6.412370E+01
    15.7000    1.973170E-03  1.973987E-03  6.443142E+01
    15.7500    1.675524E-03  1.773860E-03  6.473718E+01
    15.8000    1.242485E-03  1.540291E-03  6.503497E+01
    15.8500    7.838398E-04  1.279143E-03  6.531387E+01
    15.9000    4.105722E-04  1.001128E-03  6.555087E+01
    15.9500    2.034810E-04  7.282677E-04  6.569027E+01
    16.0000    1.902657E-04  5.183672E-04  6.559761E+01
    16.0500    3.339686E-04  5.021259E-04  6.524581E+01
    16.1000    5.341387E-04  7.001418E-04  6.510566E+01
    16.1500    6.654692E-04  9.835686E-04  6.523033E+01
    16.2000    6.127380E-04  1.282831E-03  6.547547E+01
    16.2500    3.085947E-04  1.570923E-03  6.577572E+01
    16.3000   -2.405705E-04  1.833904E-03  6.610500E+01
    16.3500   -9.491982E-04  2.062684E-03  6.645164E+01
    16.4000   -1.670381E-03  2.250741E-03  6.680971E+01
    16.4500   -2.232910E-03  2.393410E-03  6.717594E+01
    16.5000   -2.487604E-03  2.487625E-03  6.754835E+01
    16.5500   -2.349829E-03  2.531800E-03  6.792569E+01
    16.6000   -1.825739E-03  2.525744E-03  6.830712E+01
    16.6500   -1.014167E-03  2.470565E-03  6.869204E+01
    16.7000   -8.295362E-05  2.368561E-03  6.908001E+01
    16.7500    7.740734E-04  2.223079E-03  6.947069E+01
    16.8000    1.387532E-03  2.038360E-03  6.986377E+01
    16.8500    1.656096E-03  1.819365E-03  7.025895E+01
    16.9000    1.570888E-03  1.571594E-03  7.065587E+01
    16.9500    1.213748E-03  1.300904E-03  7.105396E+01
    17.0000    7.308581E-04  1.013768E-03  7.145148E+01
    17.0500    2.888761E-04  7.160927E-04  7.184139E+01
    17.1000    2.171912E-05  4.127288E-04  7.220398E+01
    17.1500   -5.857801E-06  1.147490E-04  7.230770E+01
    17.2000    1.824992E-04  2.022240E-04  7.024049E+01
    17.2500    4.842806E-04  4.912279E-04  7.051745E+01
    17.3000    7.519539E-04  7.695871E-04  7.090031E+01
    17.3500    8.408563E-04  1.031548E-03  7.130366E+01
    17.4000    6.566867E-04  1.273614E-03  7.171491E+01
    17.4500    1.882573E-04  1.493001E-03  7.213020E+01
    17.5000   -4.844421E-04  1.687462E-03  7.254781E+01
    17.5500   -1.209471E-03  1.855217E-03  7.296676E+01
    17.6000   -1.803971E-03  1.994910E-03  7.338634E+01
    17.6500   -2.105075E-03  2.105561E-03  7.380596E+01
    17.7000   -2.015935E-03  2.186532E-03  7.422507E+01
    17.7500   -1.533568E-03  2.237506E-03  7.464308E+01
    17.8000   -7.507029E-04  2.258465E-03  7.505938E+01
    17.8500    1.686243E-04  2.249698E-03  7.547325E+01
    17.9000    1.032351E-03  2.211811E-03  7.588383E+01
    17.9500    1.669916E-03  2.145777E-03  7.629007E+01
    18.0000    1.975944E-03  2.054870E-03  7.669096E+01
    18.0500    1.930458E-03  1.943488E-03  7.708488E+01
    18.1000    1.588558E-03  1.809383E-03  7.746824E+01
    18.1500    1.069993E-03  1.655936E-03  7.783728E+01
    18.2000    5.150498E-04  1.488002E-03  7.818637E+01
    18.2500    4.312695E-05  1.312735E-03  7.850696E+01
    18.3000   -2.784682E-04  1.141037E-03  7.878635E+01
    18.3500   -4.467339E-04  9.897957E-04  7.900808E+01
    18.4000   -5.136216E-04  8.835949E-04  7.916012E+01
    18.4500   -5.593330E-04  8.497756E-04  7.925826E+01
    18.5000   -6.577480E-04  9.010323E-04  7.935813E+01
    18.5500   -8.456210E-04  1.023615E-03  7.951199E+01
    18.6000   -1.105660E-03  1.190392E-03  7.973103E+01
    18.6500   -1.368946E-03  1.377086E-03  8.000183E+01
    18.7000   -1.535874E-03  1.566347E-03  8.030819E+01
    18.7500   -1.508895E-03  1.746121E-03  8.063797E+01
    18.8000   -1.226608E-03  1.907727E-03  8.098304E+01
    18.8500   -6.883221E-04  2.044691E-03  8.133806E+01
    18.9000    3.880439E-05  2.152158E-03  8.169944E+01
    18.9500    8.326028E-04  2.226614E-03  8.206465E+01
    19.0000    1.546681E-03  2.267028E-03  8.243225E+01
    19.0500    2.047001E-03  2.274274E-03  8.280133E+01
    19.1000    2.237266E-03  2.244922E-03  8.316960E+01
    19.1500    2.092867E-03  2.179970E-03  8.353584E+01
    19.2000    1.661381E-03  2.081578E-03  8.389881E+01
    19.2500    1.047343E-03  1.953040E-03  8.425700E+01
    19.3000    3.828688E-04  1.798755E-03  8.460851E+01
    19.3500   -2.069089E-04  1.624183E-03  8.495074E+01
    19.4000   -6.335551E-04  1.435837E-03  8.527999E+01
    19.4500   -8.621419E-04  1.241332E-03  8.559077E+01
    19.5000   -9.114097E-04  1.049562E-03  8.587491E+01
    19.5500   -8.387715E-04  8.710756E-04  8.612061E+01
    19.6000   -7.161373E-04  7.184680E-04  8.631323E+01
    19.6500   -6.049169E-04  6.056591E-04  8.644331E+01
    19.7000   -5.381720E-04  5.429445E-04  8.652648E+01
    19.7500   -5.149888E-04  5.275303E-04  8.661229E+01
    19.8000   -5.077562E-04  5.413374E-04  8.674788E+01
    19.8500   -4.786557E-04  5.620418E-04  8.694549E+01
    19.9000   -3.987277E-04  5.726665E-04  8.719441E+01
    19.9500   -2.622945E-04  5.630489E-04  8.748000E+01