# # tequil.ion_motion                                            FEFF 9.05   
# # POT  SCF  30  5.5000   1, core-hole, AFOLP (folp(0)= 1.150)
# # Abs   Z=30 Rmt= 1.353 Rnm= 1.428 K  shell
# # Pot 1 Z=26 Rmt= 1.336 Rnm= 1.422
# # Pot 2 Z= 8 Rmt= 0.993 Rnm= 1.082
# # Gam_ch=1.897E+00 H-L exch
# # Mu=-1.171E+01 kf=2.160E+00 Vint=-1.883E+01 Rs_int= 1.679
# # PATH  Rmax= 8.500,  Keep_limit= 0.00, Heap_limit 0.00  Pwcrit= 2.50%
#  S02=1.000                                        Global_sig2= 0.00000
#  Energy zero shift, vr, vi   -2.00000E+00   0.00000E+00
#  Curved wave amplitude ratio filter   4.000%
#     file         sig2 tot  cw amp ratio   deg  nlegs   reff  inp sig2
#           1       0.00000    100.00      1.00     2   1.9550
#           2       0.00000     88.18      1.00     2   2.0523
#           3       0.00000     83.04      1.00     2   2.1004
#           4       0.00000     72.54      1.00     2   2.2123
#           5       0.00000     71.44      1.00     2   2.2253
#           6       0.00000     65.22      1.00     2   2.3044
#           7       0.00000     34.56      1.00     2   2.8719
#           8       0.00000     33.28      1.00     2   2.9200
#           9       0.00000     31.16      1.00     2   3.0051
#          10       0.00000     30.21      1.00     2   3.0459
#          11       0.00000     24.32      1.00     2   3.3306
#          12       0.00000     23.94      1.00     2   3.3634
#          13       0.00000     23.68      1.00     2   3.3789
#          14       0.00000     23.31      1.00     2   3.3826
#          15       0.00000     23.57      1.00     2   3.3852
#          16       0.00000     13.15      2.00     3   3.4136
#          17       0.00000     22.50      1.00     2   3.4260
#          18       0.00000      9.47      2.00     3   3.4730
#          19       0.00000     21.46      1.00     2   3.4854
#          20       0.00000     11.70      2.00     3   3.4940
#          21       0.00000     10.15      2.00     3   3.5081
#          22       0.00000     11.32      2.00     3   3.5200
#          23       0.00000     20.52      1.00     2   3.5416
#          24       0.00000     11.97      2.00     3   3.5540
#          25       0.00000     20.25      1.00     2   3.5588
#          26       0.00000      8.33      2.00     3   3.5592
#          27       0.00000      8.79      2.00     3   3.5633
#          28       0.00000      8.08      2.00     3   3.5973
#          29       0.00000     20.26      1.00     2   3.6047
#          30       0.00000     10.00      2.00     3   3.6190
#          31       0.00000      9.72      2.00     3   3.6240
#          32       0.00000     17.99      2.00     3   3.6299
#          33       0.00000      8.47      2.00     3   3.6366
#          34       0.00000      7.70      2.00     3   3.6405
#          35       0.00000     18.03      2.00     3   3.6435
#          36       0.00000      8.72      2.00     3   3.6499
#          37       0.00000      8.40      2.00     3   3.6522
#          38       0.00000      9.41      2.00     3   3.6740
#          39       0.00000      8.14      2.00     3   3.6746
#          40       0.00000      7.64      2.00     3   3.6785
#          41       0.00000      7.24      2.00     3   3.6805
#          42       0.00000     18.95      1.00     2   3.7049
#          43       0.00000      5.99      2.00     3   3.7144
#          44       0.00000     13.47      2.00     3   3.7293
#          45       0.00000     17.33      1.00     2   3.7621
#          46       0.00000      5.64      2.00     3   3.8217
#          47       0.00000     17.53      1.00     2   3.8229
#          48       0.00000     17.37      1.00     2   3.8378
#          49       0.00000     14.55      2.00     3   3.8455
#          50       0.00000     17.17      1.00     2   3.8556
#          51       0.00000     17.14      1.00     2   3.8584
#          52       0.00000     15.92      1.00     2   3.8769
#          53       0.00000      5.07      1.00     4   3.8810
#          54       0.00000      4.67      1.00     4   3.9018
#          55       0.00000     15.13      2.00     3   3.9051
#          56       0.00000      6.67      1.00     4   3.9071
#          57       0.00000     10.29      1.00     4   3.9099
#          58       0.00000     14.85      1.00     2   3.9731
#          59       0.00000     14.88      2.00     3   3.9917
#          61       0.00000      8.73      2.00     3   4.0296
#          62       0.00000      5.31      1.00     4   4.0349
#          64       0.00000     13.08      2.00     3   4.0594
#          65       0.00000      8.30      2.00     3   4.0685
#          66       0.00000      5.06      1.00     4   4.0741
#          67       0.00000      4.81      1.00     4   4.0863
#          68       0.00000     11.57      2.00     3   4.0889
#          70       0.00000      5.45      1.00     4   4.0961
#          71       0.00000      7.93      1.00     4   4.1046
#          72       0.00000      5.02      1.00     4   4.1054
#          73       0.00000      7.76      2.00     3   4.1455
#          74       0.00000      5.89      1.00     4   4.1606
#          75       0.00000      7.25      2.00     3   4.1708
#          76       0.00000      7.91      2.00     3   4.1793
#          77       0.00000      7.75      2.00     3   4.1826
#          78       0.00000      7.16      2.00     3   4.1879
#          79       0.00000     18.94      2.00     3   4.1986
#          80       0.00000      7.01      1.00     4   4.2007
#          81       0.00000      7.09      2.00     3   4.2154
#          82       0.00000     21.97      2.00     3   4.2253
#          83       0.00000     19.39      2.00     4   4.2593
#          84       0.00000      4.53      1.00     4   4.2631
#          85       0.00000     20.26      2.00     3   4.2702
#          86       0.00000      6.50      2.00     3   4.2700
#          87       0.00000     14.33      2.00     4   4.2776
#          88       0.00000     17.11      2.00     4   4.3127
#          89       0.00000     11.64      1.00     2   4.3237
#          90       0.00000      7.36      2.00     3   4.3312
#          92       0.00000     11.50      1.00     2   4.3415
#          93       0.00000      6.14      2.00     3   4.3455
#          94       0.00000     11.29      1.00     2   4.3679
#          95       0.00000     11.15      1.00     2   4.3878
#          96       0.00000     11.13      1.00     2   4.3902
#          97       0.00000      8.59      2.00     3   4.3899
#          98       0.00000      7.15      2.00     3   4.4030
#          99       0.00000      5.33      1.00     4   4.4246
#         100       0.00000     10.82      1.00     2   4.4323
#         101       0.00000      5.17      1.00     4   4.4506
#         102       0.00000      5.65      2.00     3   4.4647
#         103       0.00000     10.52      1.00     2   4.4747
#         104       0.00000     10.31      1.00     2   4.5055
#         105       0.00000     18.73      2.00     3   4.5055
#         106       0.00000     10.25      1.00     2   4.5147
#         107       0.00000     16.61      2.00     3   4.5306
#         108       0.00000      5.33      2.00     3   4.5558
#         109       0.00000      5.27      2.00     3   4.5566
#         110       0.00000      9.94      1.00     2   4.5617
#         111       0.00000     19.56      2.00     3   4.5675
#         112       0.00000     21.18      2.00     3   4.5749
#         113       0.00000      4.30      1.00     4   4.6088
#         114       0.00000     10.41      1.00     4   4.6208
#         115       0.00000      9.55      1.00     2   4.6245
#         116       0.00000     12.67      1.00     4   4.6442
#         117       0.00000     11.32      1.00     4   4.6603
#         118       0.00000      9.43      2.00     3   4.6608
#         120       0.00000     14.24      2.00     3   4.6715
#         121       0.00000      8.82      1.00     4   4.6734
#         122       0.00000      4.78      2.00     3   4.6741
#         123       0.00000      4.60      2.00     3   4.6779
#         124       0.00000      9.22      1.00     2   4.6796
#         125       0.00000      9.56      2.00     3   4.7086
#         127       0.00000     13.50      2.00     3   4.7224
#         128       0.00000      6.90      2.00     3   4.7286
#         129       0.00000      7.15      2.00     3   4.7295
#         130       0.00000      4.32      2.00     3   4.7334
#         131       0.00000      8.90      1.00     2   4.7342
#         132       0.00000      4.92      2.00     3   4.7540
#         134       0.00000      8.70      1.00     2   4.7718
#         135       0.00000      6.00      2.00     3   4.7821
#         136       0.00000      6.28      2.00     3   4.7967
#         137       0.00000     14.46      2.00     3   4.8039
#         138       0.00000      5.86      2.00     3   4.8046
#         140       0.00000      7.30      1.00     4   4.8283
#         141       0.00000      8.39      1.00     2   4.8304
#         142       0.00000      7.87      2.00     3   4.8399
#         144       0.00000      8.26      1.00     2   4.8555
#         146       0.00000      7.61      2.00     3   4.8646
#         147       0.00000      5.94      2.00     3   4.8685
#         148       0.00000      8.18      1.00     2   4.8713
#         150       0.00000      6.77      1.00     4   4.8831
#         152       0.00000      5.12      2.00     4   4.9242
#         153       0.00000      7.72      2.00     3   4.9258
#         154       0.00000      7.68      1.00     4   4.9282
#         155       0.00000      9.93      2.00     3   4.9426
#         156       0.00000      7.81      1.00     2   4.9461
#         158       0.00000     12.88      2.00     3   4.9563
#         159       0.00000     10.48      2.00     3   4.9591
#         160       0.00000      4.88      2.00     4   4.9601
#         161       0.00000      4.70      2.00     3   4.9843
#         166       0.00000      8.57      1.00     2   5.0229
#         168       0.00000      8.48      1.00     2   5.0417
#         169       0.00000      7.33      1.00     2   5.0504
#         170       0.00000      8.43      1.00     2   5.0536
#         171       0.00000     17.79      2.00     3   5.0621
#         172       0.00000     11.05      1.00     4   5.0738
#         173       0.00000      6.73      1.00     4   5.0823
#         176       0.00000      7.03      1.00     2   5.1210
#         177       0.00000     17.85      2.00     3   5.1214
#         178       0.00000      7.81      2.00     3   5.1217
#         179       0.00000     11.37      1.00     4   5.1218
#         180       0.00000      8.08      1.00     2   5.1297
#         182       0.00000      7.16      2.00     3   5.1345
#         183       0.00000      8.02      1.00     2   5.1428
#         184       0.00000      4.95      1.00     4   5.1463
#         186       0.00000      4.50      1.00     4   5.1509
#         188       0.00000      7.97      1.00     2   5.1558
#         189       0.00000      8.26      2.00     3   5.1595
#         190       0.00000      8.04      2.00     3   5.1723
#         191       0.00000      8.40      2.00     3   5.1885
#         195       0.00000      6.59      1.00     2   5.2289
#         197       0.00000      6.61      2.00     3   5.2323
#         198       0.00000     10.23      2.00     3   5.2384
#         199       0.00000      6.49      1.00     2   5.2566
#         201       0.00000     14.88      2.00     3   5.2755
#         203       0.00000      8.87      1.00     4   5.2944
#         204       0.00000      7.85      2.00     3   5.3027
#         205       0.00000      6.11      2.00     3   5.3188
#         207       0.00000      4.45      2.00     3   5.3221
#         210       0.00000      5.36      2.00     3   5.3282
#         213       0.00000      4.88      1.00     4   5.3340
#         214       0.00000      6.19      1.00     2   5.3361
#         215       0.00000      6.24      2.00     3   5.3419
#         217       0.00000      6.12      1.00     2   5.3555
#         218       0.00000      6.16      2.00     3   5.3699
#         220       0.00000      7.05      1.00     2   5.3826
#         221       0.00000      5.27      2.00     4   5.3828
#         224       0.00000      4.40      2.00     3   5.4232
#         225       0.00000      5.17      2.00     3   5.4267
#         226       0.00000      6.82      1.00     2   5.4479
#         227       0.00000      6.79      1.00     2   5.4545
#         228       0.00000      5.78      1.00     2   5.4571
#         229       0.00000      9.03      2.00     3   5.4581
#         234       0.00000      4.44      2.00     3   5.4855
#         235       0.00000      5.66      1.00     2   5.4923
#         238       0.00000      5.21      2.00     3   5.5038
#         239       0.00000      4.66      2.00     3   5.5052
#         240       0.00000      6.27      2.00     3   5.5075
#         243       0.00000      4.41      2.00     3   5.5236
#         245       0.00000      5.99      2.00     3   5.5282
#         249       0.00000      6.46      1.00     2   5.5498
#         250       0.00000      6.45      1.00     2   5.5545
#         251       0.00000      6.98      2.00     3   5.5543
#         253       0.00000      5.45      1.00     2   5.5599
#         254       0.00000      7.74      2.00     3   5.5618
#         258       0.00000      5.38      1.00     2   5.5844
#         259       0.00000      5.62      2.00     3   5.5948
#         261       0.00000      6.27      1.00     2   5.6094
#         263       0.00000      8.84      2.00     3   5.6184
#         264       0.00000      4.93      2.00     3   5.6229
#         265       0.00000      5.23      1.00     2   5.6349
#         269       0.00000      5.35      2.00     3   5.6456
#         271       0.00000      7.41      2.00     3   5.6538
#         272       0.00000      5.15      1.00     2   5.6608
#         276       0.00000      4.63      2.00     3   5.6716
#         277       0.00000      4.42      2.00     3   5.6728
#         283       0.00000      5.41      2.00     3   5.7075
#         285       0.00000      4.41      2.00     3   5.7117
#         287       0.00000      4.93      2.00     3   5.7154
#         288       0.00000      5.12      2.00     3   5.7182
#         291       0.00000      4.99      2.00     3   5.7501
#         294       0.00000      5.75      2.00     3   5.7562
#         298       0.00000      4.07      2.00     3   5.7624
#         301       0.00000      5.74      1.00     2   5.7791
#         302       0.00000      9.60      2.00     2   5.7903
#         307       0.00000     10.42      2.00     3   5.8130
#         308       0.00000      5.63      1.00     2   5.8199
#         310       0.00000      4.08      2.00     3   5.8273
#         312       0.00000      4.07      2.00     3   5.8304
#         315       0.00000      5.19      2.00     3   5.8358
#         317       0.00000      5.15      1.00     4   5.8469
#         318       0.00000      9.27      2.00     3   5.8553
#         324       0.00000      5.45      1.00     2   5.8829
#         325       0.00000      4.22      2.00     3   5.8887
#         326       0.00000      4.32      1.00     4   5.8906
#         334       0.00000      4.72      2.00     3   5.9164
#         336       0.00000      5.36      1.00     2   5.9182
#         339       0.00000      5.30      1.00     2   5.9378
#         341       0.00000      5.28      1.00     2   5.9455
#   237/ 307 paths used
#  -----------------------------------------------------------------------
#       k          chi          mag           phase @#
    -0.7000   -4.821434E-01  4.930877E-01 -1.359713E+00
    -0.6500   -4.562945E-01  4.657485E-01 -1.368967E+00
    -0.6000   -4.442128E-01  4.526931E-01 -1.376932E+00
    -0.5500   -4.397234E-01  4.479972E-01 -1.378310E+00
    -0.5000   -4.397694E-01  4.484477E-01 -1.373745E+00
    -0.4500   -4.420355E-01  4.516736E-01 -1.363843E+00
    -0.4000   -4.452869E-01  4.561930E-01 -1.351695E+00
    -0.3500   -4.486156E-01  4.612838E-01 -1.335894E+00
    -0.3000   -4.517565E-01  4.662709E-01 -1.320631E+00
    -0.2500   -4.544575E-01  4.707866E-01 -1.306649E+00
    -0.2000   -4.566286E-01  4.746262E-01 -1.294530E+00
    -0.1500   -4.583008E-01  4.778566E-01 -1.283721E+00
    -0.1000   -4.594678E-01  4.802547E-01 -1.275503E+00
    -0.0500   -4.601492E-01  4.817074E-01 -1.270491E+00
     0.0000   -4.603728E-01  4.821937E-01 -1.268807E+00
     0.0500   -4.605947E-01  4.826809E-01 -1.267117E+00
     0.1000   -4.612487E-01  4.841479E-01 -1.262006E+00
     0.1500   -4.622973E-01  4.866084E-01 -1.253363E+00
     0.2000   -4.636683E-01  4.900779E-01 -1.241009E+00
     0.2500   -4.652419E-01  4.945648E-01 -1.224716E+00
     0.3000   -4.668376E-01  5.000603E-01 -1.204227E+00
     0.3500   -4.682682E-01  5.066978E-01 -1.178822E+00
     0.4000   -4.693567E-01  5.149588E-01 -1.146783E+00
     0.4500   -4.693785E-01  5.242006E-01 -1.109369E+00
     0.5000   -4.677495E-01  5.342858E-01 -1.066401E+00
     0.5500   -4.638495E-01  5.454946E-01 -1.016609E+00
     0.6000   -4.567580E-01  5.582301E-01 -9.583172E-01
     0.6500   -4.453618E-01  5.713392E-01 -8.938754E-01
     0.7000   -4.287160E-01  5.849646E-01 -8.225632E-01
     0.7500   -4.054279E-01  5.999848E-01 -7.419548E-01
     0.8000   -3.745340E-01  6.146262E-01 -6.552643E-01
     0.8500   -3.348033E-01  6.295628E-01 -5.607280E-01
     0.9000   -2.849829E-01  6.447338E-01 -4.578453E-01
     0.9500   -2.255318E-01  6.585925E-01 -3.495182E-01
     1.0000   -1.545928E-01  6.726920E-01 -2.318847E-01
     1.0500   -7.431710E-02  6.851043E-01 -1.086895E-01
     1.1000    1.459752E-02  6.961084E-01  2.097172E-02
     1.1500    1.108279E-01  7.057305E-01  1.576927E-01
     1.2000    2.094914E-01  7.126074E-01  2.983868E-01
     1.2500    3.104379E-01  7.181618E-01  4.470057E-01
     1.3000    4.060045E-01  7.204533E-01  5.986653E-01
     1.3500    4.944913E-01  7.205407E-01  7.563594E-01
     1.4000    5.698231E-01  7.175446E-01  9.175733E-01
     1.4500    6.285989E-01  7.116826E-01  1.082764E+00
     1.5000    6.675449E-01  7.029936E-01  1.251877E+00
     1.5500    6.836752E-01  6.911914E-01  1.423188E+00
     1.6000    6.766032E-01  6.768669E-01  1.598713E+00
     1.6500    6.458566E-01  6.595427E-01  1.774870E+00
     1.7000    5.932716E-01  6.400788E-01  1.955598E+00
     1.7500    5.218704E-01  6.180373E-01  2.136149E+00
     1.8000    4.348270E-01  5.939771E-01  2.320251E+00
     1.8500    3.379607E-01  5.679397E-01  2.504247E+00
     1.9000    2.341353E-01  5.400954E-01  2.693211E+00
     1.9500    1.304841E-01  5.106280E-01  2.883190E+00
     2.0000    3.358957E-02  4.799568E-01  3.071551E+00
     2.0500   -5.208173E-02  4.484473E-01  3.257993E+00
     2.1000   -1.228389E-01  4.146810E-01  3.442331E+00
     2.1500   -1.755284E-01  3.788055E-01  3.623391E+00
     2.2000   -2.100440E-01  3.433433E-01  3.799877E+00
     2.2500   -2.275487E-01  3.086413E-01  3.970598E+00
     2.3000   -2.293534E-01  2.740963E-01  4.132936E+00
     2.3500   -2.162839E-01  2.383717E-01  4.278502E+00
     2.4000   -1.960195E-01  2.058071E-01  4.402747E+00
     2.4500   -1.737798E-01  1.777570E-01  4.500453E+00
     2.5000   -1.539980E-01  1.555607E-01  4.570529E+00
     2.5500   -1.411457E-01  1.416507E-01  4.627920E+00
     2.6000   -1.318988E-01  1.320039E-01  4.672479E+00
     2.6500   -1.266587E-01  1.266592E-01  4.715381E+00
     2.7000   -1.246604E-01  1.248701E-01  4.770346E+00
     2.7500   -1.234866E-01  1.246112E-01  4.846839E+00
     2.8000   -1.223692E-01  1.255378E-01  4.937542E+00
     2.8500   -1.202252E-01  1.270701E-01  5.042109E+00
     2.9000   -1.160788E-01  1.287057E-01  5.159051E+00
     2.9500   -1.092161E-01  1.301707E-01  5.287702E+00
     3.0000   -9.924851E-02  1.311809E-01  5.425122E+00
     3.0500   -8.624892E-02  1.315976E-01  5.568475E+00
     3.1000   -7.064540E-02  1.314183E-01  5.715643E+00
     3.1500   -5.268100E-02  1.305515E-01  5.867817E+00
     3.2000   -3.327555E-02  1.290879E-01  6.022467E+00
     3.2500   -1.343504E-02  1.271857E-01  6.177355E+00
     3.3000    6.043137E-03  1.249275E-01  6.331577E+00
     3.3500    2.465961E-02  1.224706E-01  6.485923E+00
     3.4000    4.183799E-02  1.199553E-01  6.639454E+00
     3.4500    5.714838E-02  1.175370E-01  6.790940E+00
     3.5000    7.054649E-02  1.153620E-01  6.941169E+00
     3.5500    8.215515E-02  1.135027E-01  7.092503E+00
     3.6000    9.184662E-02  1.119340E-01  7.245545E+00
     3.6500    9.945446E-02  1.106580E-01  7.400108E+00
     3.7000    1.048454E-01  1.096258E-01  7.557579E+00
     3.7500    1.077562E-01  1.087335E-01  7.719801E+00
     3.8000    1.077822E-01  1.078426E-01  7.887451E+00
     3.8500    1.045859E-01  1.068381E-01  8.059676E+00
     3.9000    9.797232E-02  1.056030E-01  8.236462E+00
     3.9500    8.795186E-02  1.040945E-01  8.418356E+00
     4.0000    7.474782E-02  1.022972E-01  8.605442E+00
     4.0500    5.893004E-02  1.000353E-01  8.794842E+00
     4.1000    4.137677E-02  9.729399E-02  8.985511E+00
     4.1500    2.310580E-02  9.410495E-02  9.176709E+00
     4.2000    5.146417E-03  9.054844E-02  9.367911E+00
     4.2500   -1.140307E-02  8.669328E-02  9.556694E+00
     4.3000   -2.577844E-02  8.266436E-02  9.741912E+00
     4.3500   -3.753728E-02  7.861375E-02  9.922574E+00
     4.4000   -4.657363E-02  7.472187E-02  1.009772E+01
     4.4500   -5.307959E-02  7.111322E-02  1.026743E+01
     4.5000   -5.743318E-02  6.791823E-02  1.043251E+01
     4.5500   -6.006399E-02  6.523797E-02  1.059462E+01
     4.6000   -6.136539E-02  6.317182E-02  1.075585E+01
     4.6500   -6.146507E-02  6.164358E-02  1.091945E+01
     4.7000   -6.030586E-02  6.056681E-02  1.108844E+01
     4.7500   -5.766558E-02  5.982696E-02  1.126519E+01
     4.8000   -5.334460E-02  5.939970E-02  1.145103E+01
     4.8500   -4.693042E-02  5.900293E-02  1.164672E+01
     4.9000   -3.832873E-02  5.850669E-02  1.185203E+01
     4.9500   -2.772805E-02  5.781893E-02  1.206621E+01
     5.0000   -1.564383E-02  5.696749E-02  1.228819E+01
     5.0500   -2.779480E-03  5.582298E-02  1.251656E+01
     5.1000    9.937027E-03  5.439382E-02  1.275009E+01
     5.1500    2.155835E-02  5.271840E-02  1.298766E+01
     5.2000    3.129691E-02  5.090464E-02  1.322852E+01
     5.2500    3.851251E-02  4.896707E-02  1.347149E+01
     5.3000    4.288849E-02  4.699126E-02  1.371619E+01
     5.3500    4.437892E-02  4.506315E-02  1.396268E+01
     5.4000    4.316070E-02  4.327878E-02  1.421105E+01
     5.4500    3.949369E-02  4.167922E-02  1.446244E+01
     5.5000    3.369445E-02  4.031222E-02  1.471831E+01
     5.5500    2.607506E-02  3.920532E-02  1.498035E+01
     5.6000    1.697581E-02  3.836891E-02  1.524965E+01
     5.6500    6.758261E-03  3.778177E-02  1.552812E+01
     5.7000   -4.063344E-03  3.742349E-02  1.581676E+01
     5.7500   -1.478288E-02  3.726790E-02  1.611584E+01
     5.8000   -2.447414E-02  3.725875E-02  1.642462E+01
     5.8500   -3.213023E-02  3.737579E-02  1.674255E+01
     5.9000   -3.675968E-02  3.758995E-02  1.706819E+01
     5.9500   -3.759107E-02  3.786761E-02  1.739969E+01
     6.0000   -3.414779E-02  3.806106E-02  1.773620E+01
     6.0500   -2.671859E-02  3.820808E-02  1.807515E+01
     6.1000   -1.614041E-02  3.828388E-02  1.841435E+01
     6.1500   -3.732288E-03  3.824864E-02  1.875182E+01
     6.2000    8.904359E-03  3.806484E-02  1.908567E+01
     6.2500    2.017042E-02  3.770168E-02  1.941406E+01
     6.3000    2.875821E-02  3.714016E-02  1.973519E+01
     6.3500    3.387485E-02  3.637847E-02  2.004719E+01
     6.4000    3.534495E-02  3.543733E-02  2.034813E+01
     6.4500    3.356853E-02  3.436473E-02  2.063603E+01
     6.5000    2.924675E-02  3.318613E-02  2.091255E+01
     6.5500    2.337681E-02  3.205901E-02  2.117402E+01
     6.6000    1.684050E-02  3.112523E-02  2.141946E+01
     6.6500    1.019496E-02  3.052153E-02  2.165058E+01
     6.7000    3.621828E-03  3.036913E-02  2.187160E+01
     6.7500   -3.002094E-03  3.074480E-02  2.208895E+01
     6.8000   -9.920183E-03  3.165887E-02  2.230986E+01
     6.8500   -1.725937E-02  3.305160E-02  2.254057E+01
     6.9000   -2.482147E-02  3.480916E-02  2.278502E+01
     6.9500   -3.197656E-02  3.678884E-02  2.304471E+01
     7.0000   -3.771869E-02  3.882796E-02  2.332234E+01
     7.0500   -4.072896E-02  4.078479E-02  2.361427E+01
     7.1000   -3.987859E-02  4.254250E-02  2.391770E+01
     7.1500   -3.452105E-02  4.400308E-02  2.423083E+01
     7.2000   -2.473876E-02  4.509075E-02  2.455200E+01
     7.2500   -1.145069E-02  4.575132E-02  2.487977E+01
     7.3000    3.678406E-03  4.595094E-02  2.521288E+01
     7.3500    1.851847E-02  4.567459E-02  2.555021E+01
     7.4000    3.088395E-02  4.492437E-02  2.589073E+01
     7.4500    3.897631E-02  4.371765E-02  2.623349E+01
     7.5000    4.175109E-02  4.207606E-02  2.657917E+01
     7.5500    3.906242E-02  4.004671E-02  2.692571E+01
     7.6000    3.177646E-02  3.768586E-02  2.727114E+01
     7.6500    2.150211E-02  3.505403E-02  2.761398E+01
     7.7000    1.019608E-02  3.221849E-02  2.795233E+01
     7.7500   -2.749556E-04  2.925286E-02  2.828373E+01
     7.8000   -8.515790E-03  2.623765E-02  2.860488E+01
     7.8500   -1.383681E-02  2.326250E-02  2.891137E+01
     7.9000   -1.629206E-02  2.043026E-02  2.919739E+01
     7.9500   -1.652686E-02  1.786267E-02  2.945594E+01
     8.0000   -1.548063E-02  1.569221E-02  2.968073E+01
     8.0500   -1.408661E-02  1.409074E-02  2.986933E+01
     8.1000   -1.296894E-02  1.319605E-02  3.003092E+01
     8.1500   -1.227729E-02  1.303803E-02  3.018842E+01
     8.2000   -1.170679E-02  1.350749E-02  3.036740E+01
     8.2500   -1.066464E-02  1.440306E-02  3.058220E+01
     8.3000   -8.529520E-03  1.551470E-02  3.083384E+01
     8.3500   -4.918909E-03  1.667204E-02  3.111643E+01
     8.4000    1.200153E-04  1.775178E-02  3.142269E+01
     8.4500    6.055202E-03  1.866842E-02  3.174626E+01
     8.5000    1.197330E-02  1.936199E-02  3.208262E+01
     8.5500    1.678107E-02  1.979118E-02  3.242795E+01
     8.6000    1.950469E-02  1.993248E-02  3.277917E+01
     8.6500    1.955977E-02  1.977414E-02  3.313410E+01
     8.7000    1.691069E-02  1.931483E-02  3.349099E+01
     8.7500    1.208864E-02  1.856265E-02  3.384831E+01
     8.8000    6.060573E-03  1.753454E-02  3.420460E+01
     8.8500   -1.283505E-05  1.625583E-02  3.455831E+01
     8.9000   -5.061093E-03  1.475979E-02  3.490752E+01
     8.9500   -8.351569E-03  1.308729E-02  3.524960E+01
     9.0000   -9.633937E-03  1.128791E-02  3.558013E+01
     9.0500   -9.156252E-03  9.418540E-03  3.589176E+01
     9.1000   -7.542745E-03  7.549805E-03  3.617156E+01
     9.1500   -5.577856E-03  5.779940E-03  3.639353E+01
     9.2000   -3.970362E-03  4.271124E-03  3.650583E+01
     9.2500   -3.160843E-03  3.321202E-03  3.644033E+01
     9.3000   -3.225353E-03  3.259340E-03  3.627286E+01
     9.3500   -3.896072E-03  3.920841E-03  3.624078E+01
     9.4000   -4.684237E-03  4.832072E-03  3.637631E+01
     9.4500   -5.061354E-03  5.707215E-03  3.660866E+01
     9.5000   -4.650398E-03  6.439455E-03  3.689217E+01
     9.5500   -3.313022E-03  6.970196E-03  3.720379E+01
     9.6000   -1.214196E-03  7.261726E-03  3.753112E+01
     9.6500    1.224144E-03  7.309222E-03  3.786738E+01
     9.7000    3.470614E-03  7.120766E-03  3.820821E+01
     9.7500    5.049181E-03  6.714550E-03  3.855017E+01
     9.8000    5.680454E-03  6.117161E-03  3.888976E+01
     9.8500    5.356386E-03  5.362438E-03  3.922239E+01
     9.9000    4.327738E-03  4.491110E-03  3.954046E+01
     9.9500    3.011580E-03  3.552395E-03  3.982896E+01
    10.0000    1.858634E-03  2.623233E-03  4.005329E+01
    10.0500    1.189396E-03  1.813672E-03  4.012547E+01
    10.1000    1.111786E-03  1.381875E-03  3.990579E+01
    10.1500    1.499895E-03  1.607968E-03  3.963863E+01
    10.2000    2.036841E-03  2.215577E-03  3.967434E+01
    10.2500    2.331185E-03  2.881740E-03  3.989834E+01
    10.3000    2.058988E-03  3.483419E-03  4.020830E+01
    10.3500    1.085327E-03  3.974883E-03  4.056415E+01
    10.4000   -4.743106E-04  4.339463E-03  4.095022E+01
    10.4500   -2.273420E-03  4.576915E-03  4.136051E+01
    10.5000   -3.830099E-03  4.699909E-03  4.179331E+01
    10.5500   -4.670516E-03  4.732903E-03  4.224896E+01
    10.6000   -4.476829E-03  4.711175E-03  4.272824E+01
    10.6500   -3.194426E-03  4.678417E-03  4.323071E+01
    10.7000   -1.065260E-03  4.681129E-03  4.375272E+01
    10.7500    1.424010E-03  4.759032E-03  4.428617E+01
    10.8000    3.665181E-03  4.934080E-03  4.481958E+01
    10.8500    5.088174E-03  5.204145E-03  4.534159E+01
    10.9000    5.311933E-03  5.545581E-03  4.584441E+01
    10.9500    4.244221E-03  5.922088E-03  4.632486E+01
    11.0000    2.104336E-03  6.301868E-03  4.678343E+01
    11.0500   -6.517941E-04  6.652892E-03  4.722202E+01
    11.1000   -3.438176E-03  6.937515E-03  4.764241E+01
    11.1500   -5.684733E-03  7.132402E-03  4.804625E+01
    11.2000   -6.979018E-03  7.221977E-03  4.843456E+01
    11.2500   -7.153042E-03  7.198850E-03  4.880756E+01
    11.3000   -6.298655E-03  7.064227E-03  4.916456E+01
    11.3500   -4.712135E-03  6.828475E-03  4.950389E+01
    11.4000   -2.789107E-03  6.511965E-03  4.982287E+01
    11.4500   -9.042361E-04  6.146195E-03  5.011783E+01
    11.5000    6.874166E-04  5.774793E-03  5.038480E+01
    11.5500    1.899246E-03  5.452945E-03  5.062124E+01
    11.6000    2.800916E-03  5.242003E-03  5.082919E+01
    11.6500    3.553556E-03  5.195815E-03  5.101861E+01
    11.7000    4.317078E-03  5.341615E-03  5.120657E+01
    11.7500    5.162455E-03  5.668913E-03  5.141036E+01
    11.8000    6.019415E-03  6.136705E-03  5.164045E+01
    11.8500    6.678120E-03  6.691343E-03  5.189916E+01
    11.9000    6.845838E-03  7.281068E-03  5.218379E+01
    11.9500    6.241859E-03  7.862582E-03  5.248993E+01
    12.0000    4.701886E-03  8.415368E-03  5.281423E+01
    12.0500    2.239741E-03  8.921750E-03  5.315332E+01
    12.1000   -8.962742E-04  9.348743E-03  5.350309E+01
    12.1500   -4.249900E-03  9.684939E-03  5.386136E+01
    12.2000   -7.251411E-03  9.924137E-03  5.422640E+01
    12.2500   -9.342860E-03  1.006454E-02  5.459688E+01
    12.3000   -1.010784E-02  1.010803E-02  5.497167E+01
    12.3500   -9.371610E-03  1.005949E-02  5.534983E+01
    12.4000   -7.245392E-03  9.926131E-03  5.573045E+01
    12.4500   -4.103668E-03  9.716871E-03  5.611266E+01
    12.5000   -5.011759E-04  9.441766E-03  5.649556E+01
    12.5500    2.948261E-03  9.111495E-03  5.687817E+01
    12.6000    5.699954E-03  8.736952E-03  5.725941E+01
    12.6500    7.382284E-03  8.328970E-03  5.763804E+01
    12.7000    7.853201E-03  7.898177E-03  5.801269E+01
    12.7500    7.199942E-03  7.455017E-03  5.838181E+01
    12.8000    5.687994E-03  7.009895E-03  5.874368E+01
    12.8500    3.677831E-03  6.573441E-03  5.909648E+01
    12.9000    1.534360E-03  6.156784E-03  5.943839E+01
    12.9500   -4.470054E-04  5.771729E-03  5.976779E+01
    13.0000   -2.086163E-03  5.436551E-03  6.008409E+01
    13.0500   -3.316952E-03  5.166036E-03  6.038745E+01
    13.1000   -4.144043E-03  4.962654E-03  6.067848E+01
    13.1500   -4.617371E-03  4.834437E-03  6.096026E+01
    13.2000   -4.782547E-03  4.783892E-03  6.123735E+01
    13.2500   -4.652775E-03  4.806742E-03  6.151484E+01
    13.3000   -4.205566E-03  4.892234E-03  6.179729E+01
    13.3500   -3.403288E-03  5.024917E-03  6.208779E+01
    13.4000   -2.228225E-03  5.187086E-03  6.238783E+01
    13.4500   -7.179482E-04  5.360995E-03  6.269753E+01
    13.5000    1.013129E-03  5.530380E-03  6.301609E+01
    13.5500    2.775532E-03  5.681303E-03  6.334227E+01
    13.6000    4.331690E-03  5.802495E-03  6.367467E+01
    13.6500    5.441871E-03  5.885419E-03  6.401193E+01
    13.7000    5.916814E-03  5.924181E-03  6.435277E+01
    13.7500    5.662577E-03  5.915376E-03  6.469606E+01
    13.8000    4.705219E-03  5.857895E-03  6.504075E+01
    13.8500    3.188633E-03  5.752711E-03  6.538594E+01
    13.9000    1.346222E-03  5.602636E-03  6.573079E+01
    13.9500   -5.460006E-04  5.412067E-03  6.607450E+01
    14.0000   -2.228307E-03  5.194161E-03  6.641683E+01
    14.0500   -3.501998E-03  4.959546E-03  6.675744E+01
    14.1000   -4.235552E-03  4.702352E-03  6.709489E+01
    14.1500   -4.400383E-03  4.429964E-03  6.742861E+01
    14.2000   -4.055393E-03  4.149931E-03  6.775810E+01
    14.2500   -3.321456E-03  3.869613E-03  6.808301E+01
    14.3000   -2.348885E-03  3.595833E-03  6.840320E+01
    14.3500   -1.286728E-03  3.334524E-03  6.871888E+01
    14.4000   -2.605751E-04  3.090402E-03  6.903062E+01
    14.4500    6.381163E-04  2.866705E-03  6.933951E+01
    14.5000    1.352084E-03  2.665042E-03  6.964713E+01
    14.5500    1.851486E-03  2.485416E-03  6.995548E+01
    14.6000    2.125193E-03  2.326436E-03  7.026684E+01
    14.6500    2.174299E-03  2.185730E-03  7.058352E+01
    14.7000    2.009971E-03  2.060463E-03  7.090767E+01
    14.7500    1.655237E-03  1.947878E-03  7.124109E+01
    14.8000    1.148380E-03  1.845749E-03  7.158511E+01
    14.8500    5.448131E-04  1.752674E-03  7.194055E+01
    14.9000   -8.511735E-05  1.668183E-03  7.230768E+01
    14.9500   -6.633158E-04  1.592671E-03  7.268620E+01
    15.0000   -1.119864E-03  1.528764E-03  7.307866E+01
    15.0500   -1.394945E-03  1.480029E-03  7.348670E+01
    15.1000   -1.441597E-03  1.445525E-03  7.390116E+01
    15.1500   -1.257849E-03  1.426342E-03  7.431841E+01
    15.2000   -8.764489E-04  1.422745E-03  7.473454E+01
    15.2500   -3.580553E-04  1.434157E-03  7.514589E+01
    15.3000    2.200630E-04  1.459357E-03  7.554960E+01
    15.3500    7.767281E-04  1.496802E-03  7.594382E+01
    15.4000    1.238065E-03  1.544914E-03  7.632782E+01
    15.4500    1.545418E-03  1.602265E-03  7.670185E+01
    15.5000    1.659637E-03  1.667608E-03  7.706683E+01
    15.5500    1.562647E-03  1.739784E-03  7.742419E+01
    15.6000    1.257744E-03  1.817559E-03  7.777557E+01
    15.6500    7.696690E-04  1.899447E-03  7.812261E+01
    15.7000    1.445878E-04  1.983570E-03  7.846686E+01
    15.7500   -5.510592E-04  2.067587E-03  7.880960E+01
    15.8000   -1.234465E-03  2.148704E-03  7.915183E+01
    15.8500   -1.814523E-03  2.223750E-03  7.949423E+01
    15.9000   -2.204260E-03  2.289310E-03  7.983718E+01
    15.9500   -2.336124E-03  2.341888E-03  8.018078E+01
    16.0000   -2.181004E-03  2.382107E-03  8.052447E+01
    16.0500   -1.752944E-03  2.411384E-03  8.086755E+01
    16.1000   -1.097238E-03  2.418657E-03  8.121055E+01
    16.1500   -3.079964E-04  2.401376E-03  8.155280E+01
    16.2000    4.960191E-04  2.357694E-03  8.189338E+01
    16.2500    1.194512E-03  2.286652E-03  8.223105E+01
    16.3000    1.690510E-03  2.188343E-03  8.256419E+01
    16.3500    1.930581E-03  2.064101E-03  8.289055E+01
    16.4000    1.914774E-03  1.916727E-03  8.320706E+01
    16.4500    1.693244E-03  1.750806E-03  8.350934E+01
    16.5000    1.350215E-03  1.573220E-03  8.379115E+01
    16.5500    9.795824E-04  1.393964E-03  8.404377E+01
    16.6000    6.590694E-04  1.227318E-03  8.425613E+01
    16.6500    4.303283E-04  1.092742E-03  8.441823E+01
    16.7000    2.907444E-04  1.012869E-03  8.453186E+01
    16.7500    1.991963E-04  1.004496E-03  8.462337E+01
    16.8000    9.383322E-05  1.066526E-03  8.473491E+01
    16.8500   -8.374030E-05  1.180061E-03  8.489402E+01
    16.9000   -3.654539E-04  1.320697E-03  8.510337E+01
    16.9500   -7.421810E-04  1.467707E-03  8.535316E+01
    17.0000   -1.163326E-03  1.606168E-03  8.563300E+01
    17.0500   -1.548104E-03  1.727057E-03  8.593454E+01
    17.1000   -1.804312E-03  1.823290E-03  8.624939E+01
    17.1500   -1.859629E-03  1.889874E-03  8.657294E+01
    17.2000   -1.680933E-03  1.923712E-03  8.690164E+01
    17.2500   -1.285646E-03  1.923395E-03  8.723250E+01
    17.3000   -7.388045E-04  1.889104E-03  8.756278E+01
    17.3500   -1.365715E-04  1.822591E-03  8.788959E+01
    17.4000    4.189409E-04  1.727220E-03  8.820959E+01
    17.4500    8.459751E-04  1.608110E-03  8.851856E+01
    17.5000    1.102665E-03  1.472412E-03  8.881097E+01
    17.5500    1.194013E-03  1.329804E-03  8.907954E+01
    17.6000    1.164453E-03  1.193156E-03  8.931560E+01
    17.6500    1.078643E-03  1.078946E-03  8.951169E+01
    17.7000    9.968689E-04  1.005794E-03  8.966871E+01
    17.7500    9.530877E-04  9.887606E-04  8.980483E+01
    17.8000    9.428506E-04  1.031092E-03  8.995212E+01
    17.8500    9.251674E-04  1.122156E-03  9.013695E+01
    17.9000    8.379203E-04  1.244514E-03  9.036754E+01
    17.9500    6.220342E-04  1.381661E-03  9.063919E+01
    18.0000    2.438616E-04  1.521519E-03  9.094522E+01
    18.0500   -2.860113E-04  1.656395E-03  9.127973E+01
    18.1000   -8.929854E-04  1.780293E-03  9.163163E+01
    18.1500   -1.469211E-03  1.890365E-03  9.199641E+01
    18.2000   -1.892729E-03  1.985163E-03  9.237062E+01
    18.2500   -2.058464E-03  2.064196E-03  9.275152E+01
    18.3000   -1.906625E-03  2.127586E-03  9.313678E+01
    18.3500   -1.440387E-03  2.175812E-03  9.352430E+01
    18.4000   -7.277725E-04  2.209518E-03  9.391213E+01
    18.4500    1.128092E-04  2.229404E-03  9.429840E+01
    18.5000    9.392702E-04  2.236206E-03  9.468126E+01
    18.5500    1.617370E-03  2.230746E-03  9.505887E+01
    18.6000    2.048524E-03  2.214074E-03  9.542942E+01
    18.6500    2.186835E-03  2.187659E-03  9.579114E+01
    18.7000    2.041731E-03  2.153613E-03  9.614233E+01
    18.7500    1.666990E-03  2.114897E-03  9.648147E+01
    18.8000    1.140783E-03  2.075440E-03  9.680742E+01
    18.8500    5.436462E-04  2.040100E-03  9.711963E+01
    18.9000   -5.881997E-05  2.014354E-03  9.741858E+01
    18.9500   -6.238812E-04  2.003657E-03  9.770601E+01
    19.0000   -1.131113E-03  2.014116E-03  9.798568E+01
    19.0500   -1.572052E-03  2.050630E-03  9.826293E+01
    19.1000   -1.925827E-03  2.108574E-03  9.854076E+01
    19.1500   -2.164309E-03  2.184807E-03  9.882308E+01
    19.2000   -2.247426E-03  2.273798E-03  9.911262E+01
    19.2500   -2.131998E-03  2.368431E-03  9.941080E+01
    19.3000   -1.787525E-03  2.460871E-03  9.971793E+01
    19.3500   -1.213555E-03  2.543313E-03  1.000336E+02
    19.4000   -4.520520E-04  2.608526E-03  1.003568E+02
    19.4500    4.107436E-04  2.650235E-03  1.006866E+02
    19.5000    1.255453E-03  2.663363E-03  1.010218E+02
    19.5500    1.952106E-03  2.644182E-03  1.013615E+02
    19.6000    2.388675E-03  2.590406E-03  1.017045E+02
    19.6500    2.497866E-03  2.501217E-03  1.020500E+02
    19.7000    2.274413E-03  2.377265E-03  1.023970E+02
    19.7500    1.777499E-03  2.220614E-03  1.027445E+02
    19.8000    1.117042E-03  2.034654E-03  1.030914E+02
    19.8500    4.272194E-04  1.823987E-03  1.034361E+02
    19.9000   -1.657048E-04  1.594291E-03  1.037767E+02
    19.9500   -5.724738E-04  1.352192E-03  1.041097E+02