# # tequil.ion_motion                                            FEFF 9.05   
# # POT  SCF  30  5.5000   1, core-hole, AFOLP (folp(0)= 1.150)
# # Abs   Z=30 Rmt= 1.270 Rnm= 1.379 K  shell
# # Pot 1 Z=26 Rmt= 1.293 Rnm= 1.378
# # Pot 2 Z= 8 Rmt= 0.968 Rnm= 1.060
# # Gam_ch=1.897E+00 H-L exch
# # Mu=-1.189E+01 kf=2.259E+00 Vint=-1.999E+01 Rs_int= 1.606
# # PATH  Rmax= 8.500,  Keep_limit= 0.00, Heap_limit 0.00  Pwcrit= 2.50%
#  S02=1.000                                        Global_sig2= 0.00000
#  Energy zero shift, vr, vi   -2.00000E+00   0.00000E+00
#  Curved wave amplitude ratio filter   4.000%
#     file         sig2 tot  cw amp ratio   deg  nlegs   reff  inp sig2
#           1       0.00000    100.00      1.00     2   1.8378
#           2       0.00000     91.59      1.00     2   1.9033
#           3       0.00000     68.60      1.00     2   2.1340
#           4       0.00000     66.65      1.00     2   2.1583
#           5       0.00000     60.65      1.00     2   2.2397
#           6       0.00000     58.53      1.00     2   2.2712
#           7       0.00000     31.33      1.00     2   2.8322
#           8       0.00000     29.80      1.00     2   2.8966
#           9       0.00000     25.80      1.00     2   3.0860
#          10       0.00000     25.36      1.00     2   3.1088
#          11       0.00000     24.75      1.00     2   3.1419
#          12       0.00000     23.04      1.00     2   3.2400
#          13       0.00000     22.53      1.00     2   3.2713
#          14       0.00000     10.43      2.00     3   3.3400
#          15       0.00000     12.68      2.00     3   3.3430
#          16       0.00000     10.51      2.00     3   3.3737
#          17       0.00000     20.62      1.00     2   3.3765
#          18       0.00000      9.00      2.00     3   3.3997
#          19       0.00000     19.68      1.00     2   3.4350
#          20       0.00000      7.90      2.00     3   3.4447
#          21       0.00000     15.15      2.00     3   3.4456
#          22       0.00000     19.05      1.00     2   3.4763
#          23       0.00000      8.75      2.00     3   3.4848
#          24       0.00000      8.24      2.00     3   3.5122
#          25       0.00000     17.11      2.00     3   3.5139
#          26       0.00000      7.14      2.00     3   3.5141
#          27       0.00000      7.18      2.00     3   3.5263
#          28       0.00000      9.60      2.00     3   3.5275
#          29       0.00000     18.10      1.00     2   3.5419
#          30       0.00000      9.23      2.00     3   3.5563
#          31       0.00000      6.21      2.00     3   3.5859
#          32       0.00000      9.35      2.00     3   3.5873
#          33       0.00000      5.76      2.00     3   3.6152
#          34       0.00000     11.92      2.00     3   3.6316
#          35       0.00000      7.66      2.00     3   3.6351
#          36       0.00000     17.35      1.00     2   3.6484
#          37       0.00000     16.43      1.00     2   3.6695
#          38       0.00000     16.36      1.00     2   3.6751
#          39       0.00000     10.81      1.00     4   3.6757
#          40       0.00000     16.92      1.00     2   3.6866
#          41       0.00000     16.03      1.00     2   3.7025
#          42       0.00000      6.05      2.00     3   3.7154
#          44       0.00000      6.14      2.00     3   3.7543
#          45       0.00000      4.62      1.00     4   3.7566
#          46       0.00000     16.07      1.00     2   3.7647
#          47       0.00000     18.20      2.00     3   3.7751
#          48       0.00000      5.64      2.00     3   3.7796
#          49       0.00000      4.70      1.00     4   3.7825
#          50       0.00000      5.29      2.00     3   3.7880
#          51       0.00000      5.78      1.00     4   3.7894
#          52       0.00000      5.52      2.00     3   3.7965
#          53       0.00000      9.00      1.00     4   3.8066
#          54       0.00000     15.61      1.00     2   3.8086
#          55       0.00000     14.90      2.00     3   3.8380
#          56       0.00000      5.45      1.00     4   3.8478
#          57       0.00000     15.03      1.00     2   3.8677
#          58       0.00000      8.30      1.00     4   3.9019
#          59       0.00000      9.38      2.00     3   3.9367
#          60       0.00000     12.37      2.00     3   3.9476
#          61       0.00000      8.18      2.00     3   3.9765
#          62       0.00000     13.12      1.00     2   3.9780
#          63       0.00000      5.84      1.00     4   3.9894
#          64       0.00000     11.84      2.00     3   3.9957
#          65       0.00000     13.84      1.00     2   3.9972
#          66       0.00000     12.86      1.00     2   4.0067
#          68       0.00000     22.70      2.00     3   4.0441
#          69       0.00000     10.78      2.00     3   4.0699
#          70       0.00000     16.72      2.00     4   4.0776
#          72       0.00000      7.45      2.00     3   4.1206
#          73       0.00000     19.63      2.00     3   4.1235
#          74       0.00000      6.58      2.00     3   4.1268
#          75       0.00000      4.61      1.00     4   4.1305
#          76       0.00000     13.26      2.00     4   4.1744
#          77       0.00000      4.25      1.00     4   4.1828
#          78       0.00000      6.16      2.00     3   4.2066
#          79       0.00000      6.93      2.00     3   4.2276
#          80       0.00000     10.92      1.00     2   4.2449
#          81       0.00000     17.62      2.00     3   4.2453
#          82       0.00000      5.02      1.00     4   4.2680
#          84       0.00000     11.72      2.00     4   4.2923
#          85       0.00000      6.16      2.00     3   4.3164
#          86       0.00000      4.74      1.00     4   4.3166
#          87       0.00000      5.86      2.00     3   4.3244
#          88       0.00000     10.32      1.00     2   4.3292
#          89       0.00000      5.35      2.00     3   4.3489
#          90       0.00000      5.62      2.00     3   4.3643
#          91       0.00000      5.20      2.00     3   4.3666
#          92       0.00000     10.04      1.00     2   4.3709
#          93       0.00000      9.82      1.00     2   4.4047
#          94       0.00000      9.78      1.00     2   4.4103
#          95       0.00000      4.76      2.00     3   4.4114
#          96       0.00000      6.89      2.00     3   4.4170
#          97       0.00000     18.91      2.00     3   4.4244
#          99       0.00000      9.42      1.00     2   4.4675
#         101       0.00000      9.32      1.00     2   4.4844
#         102       0.00000     17.77      2.00     3   4.4997
#         103       0.00000      9.15      1.00     2   4.5125
#         104       0.00000     10.92      1.00     4   4.5196
#         105       0.00000      9.01      1.00     2   4.5380
#         106       0.00000      8.98      1.00     2   4.5422
#         108       0.00000     17.64      2.00     3   4.5696
#         109       0.00000      4.99      2.00     3   4.5735
#         110       0.00000     15.50      2.00     3   4.5814
#         111       0.00000     10.11      1.00     4   4.5948
#         112       0.00000      8.64      1.00     2   4.6025
#         113       0.00000      8.61      1.00     2   4.6088
#         114       0.00000      6.85      2.00     3   4.6157
#         115       0.00000      4.26      2.00     3   4.6415
#         116       0.00000      4.32      2.00     3   4.6460
#         118       0.00000      8.40      1.00     2   4.6484
#         119       0.00000     10.24      1.00     4   4.6548
#         120       0.00000      8.08      2.00     3   4.6577
#         121       0.00000      5.94      2.00     3   4.6661
#         122       0.00000      4.07      2.00     3   4.6659
#         123       0.00000      8.28      1.00     2   4.6713
#         124       0.00000      4.27      2.00     3   4.6736
#         125       0.00000      4.06      2.00     3   4.6777
#         126       0.00000     12.98      2.00     3   4.6815
#         127       0.00000      7.28      2.00     3   4.6947
#         128       0.00000      8.46      1.00     4   4.6952
#         129       0.00000      7.03      2.00     3   4.7004
#         130       0.00000      9.95      2.00     3   4.7221
#         131       0.00000     15.96      2.00     3   4.7238
#         132       0.00000      4.37      2.00     3   4.7304
#         133       0.00000      7.95      1.00     2   4.7351
#         134       0.00000      4.52      2.00     4   4.7355
#         135       0.00000      6.70      2.00     3   4.7535
#         136       0.00000      4.18      2.00     3   4.7828
#         137       0.00000      8.98      1.00     4   4.7992
#         140       0.00000      7.77      2.00     3   4.8105
#         141       0.00000      6.58      1.00     4   4.8208
#         143       0.00000      7.53      1.00     2   4.8239
#         144       0.00000      6.80      2.00     3   4.8241
#         145       0.00000      5.34      2.00     3   4.8301
#         146       0.00000      8.59      2.00     3   4.8355
#         147       0.00000      4.66      2.00     3   4.8531
#         150       0.00000      7.36      1.00     2   4.8614
#         151       0.00000     11.60      2.00     3   4.8707
#         152       0.00000      4.60      2.00     3   4.8801
#         153       0.00000     10.39      2.00     3   4.8999
#         154       0.00000      6.98      2.00     3   4.8998
#         155       0.00000      4.46      2.00     4   4.9018
#         156       0.00000      8.02      2.00     3   4.9105
#         159       0.00000      4.56      1.00     4   4.9318
#         161       0.00000      4.17      1.00     4   4.9385
#         162       0.00000      6.91      1.00     2   4.9646
#         166       0.00000      5.98      1.00     4   5.0063
#         167       0.00000      7.63      1.00     2   5.0074
#         169       0.00000      7.58      1.00     2   5.0203
#         170       0.00000      6.53      1.00     2   5.0616
#         172       0.00000     15.86      2.00     3   5.0706
#         173       0.00000      9.82      1.00     4   5.0796
#         175       0.00000      6.62      2.00     3   5.0900
#         176       0.00000      7.28      1.00     2   5.0941
#         177       0.00000      7.27      1.00     2   5.0962
#         179       0.00000      6.28      1.00     2   5.1265
#         180       0.00000      6.38      2.00     3   5.1312
#         181       0.00000      6.26      1.00     2   5.1325
#         182       0.00000     15.16      2.00     3   5.1370
#         183       0.00000      9.28      1.00     4   5.1415
#         184       0.00000      6.22      1.00     2   5.1425
#         185       0.00000     15.22      2.00     3   5.1451
#         186       0.00000      9.37      1.00     4   5.1477
#         188       0.00000      7.03      1.00     2   5.1586
#         189       0.00000      6.15      1.00     2   5.1632
#         190       0.00000      6.29      2.00     3   5.1698
#         191       0.00000      4.16      2.00     4   5.1698
#         192       0.00000      6.95      1.00     2   5.1784
#         193       0.00000      6.69      2.00     3   5.1785
#         197       0.00000      8.75      2.00     3   5.1946
#         199       0.00000      4.91      2.00     3   5.2119
#         200       0.00000      5.21      2.00     3   5.2130
#         201       0.00000      6.63      2.00     3   5.2210
#         204       0.00000      6.07      2.00     3   5.2300
#         205       0.00000      5.86      2.00     3   5.2381
#         206       0.00000      6.17      2.00     3   5.2557
#         208       0.00000      5.75      1.00     2   5.2791
#         209       0.00000      5.19      2.00     3   5.2794
#         211       0.00000      6.05      2.00     3   5.2886
#         212       0.00000      7.81      2.00     3   5.2926
#         213       0.00000      5.12      2.00     3   5.2969
#         220       0.00000      6.32      1.00     2   5.3588
#         223       0.00000      4.32      2.00     3   5.3759
#         225       0.00000      6.23      1.00     2   5.3843
#         226       0.00000      5.42      1.00     2   5.3842
#         227       0.00000      5.40      2.00     3   5.4012
#         233       0.00000      5.26      1.00     2   5.4350
#         234       0.00000      4.22      2.00     3   5.4415
#         235       0.00000      5.95      1.00     2   5.4709
#         238       0.00000      5.51      2.00     3   5.5089
#         240       0.00000      4.06      2.00     3   5.5117
#         241       0.00000      4.67      2.00     3   5.5136
#         242       0.00000      5.80      1.00     2   5.5217
#         244       0.00000      4.14      2.00     4   5.5315
#         245       0.00000      4.34      2.00     3   5.5349
#         247       0.00000      4.95      1.00     2   5.5439
#         248       0.00000      5.19      2.00     3   5.5626
#         251       0.00000      4.05      2.00     3   5.5990
#         252       0.00000      4.14      2.00     3   5.6003
#         253       0.00000      6.56      2.00     3   5.6005
#         254       0.00000      5.30      2.00     3   5.6101
#         255       0.00000      5.54      1.00     2   5.6115
#         259       0.00000      5.15      2.00     3   5.6222
#         260       0.00000      4.99      2.00     3   5.6307
#         261       0.00000      4.03      2.00     3   5.6320
#         262       0.00000      5.48      1.00     2   5.6324
#         264       0.00000      4.17      2.00     4   5.6403
#         267       0.00000      4.27      2.00     3   5.6518
#         271       0.00000      4.63      1.00     2   5.6657
#         272       0.00000      4.01      2.00     3   5.6683
#         276       0.00000      4.59      1.00     2   5.6850
#         277       0.00000      4.58      1.00     2   5.6873
#         279       0.00000      6.60      2.00     3   5.6956
#         284       0.00000      4.49      1.00     2   5.7236
#         287       0.00000      5.62      2.00     3   5.7527
#         289       0.00000      5.02      2.00     3   5.7582
#         292       0.00000      4.84      2.00     3   5.7793
#         293       0.00000      5.06      1.00     2   5.7870
#         294       0.00000      4.33      1.00     2   5.7889
#         301       0.00000      4.08      2.00     3   5.8041
#         302       0.00000      4.11      2.00     5   5.8059
#         303       0.00000      5.01      1.00     2   5.8066
#         306       0.00000      9.17      2.00     3   5.8249
#         309       0.00000      8.35      2.00     3   5.8343
#         312       0.00000      4.41      1.00     4   5.8433
#         316       0.00000      5.05      2.00     3   5.8609
#         318       0.00000      4.86      1.00     2   5.8697
#         323       0.00000      4.11      2.00     4   5.8785
#         326       0.00000      4.04      2.00     5   5.8819
#         330       0.00000      4.78      1.00     2   5.9023
#   230/ 288 paths used
#  -----------------------------------------------------------------------
#       k          chi          mag           phase @#
    -0.7000   -1.760997E-01  2.026720E-01 -2.088637E+00
    -0.6500   -2.186638E-01  2.706053E-01 -2.200751E+00
    -0.6000   -2.683817E-01  3.312303E-01 -2.197002E+00
    -0.5500   -3.203663E-01  3.839324E-01 -2.154487E+00
    -0.5000   -3.681934E-01  4.266095E-01 -2.100278E+00
    -0.4500   -4.115173E-01  4.621241E-01 -2.043170E+00
    -0.4000   -4.480559E-01  4.905306E-01 -1.990007E+00
    -0.3500   -4.808525E-01  5.154262E-01 -1.939148E+00
    -0.3000   -5.072929E-01  5.351578E-01 -1.894916E+00
    -0.2500   -5.281448E-01  5.506358E-01 -1.857594E+00
    -0.2000   -5.441381E-01  5.625301E-01 -1.827213E+00
    -0.1500   -5.567580E-01  5.720433E-01 -1.802487E+00
    -0.1000   -5.656329E-01  5.788021E-01 -1.784523E+00
    -0.0500   -5.707991E-01  5.827619E-01 -1.773766E+00
     0.0000   -5.724946E-01  5.840662E-01 -1.770185E+00
     0.0500   -5.741768E-01  5.853627E-01 -1.766605E+00
     0.1000   -5.791430E-01  5.892062E-01 -1.755881E+00
     0.1500   -5.871517E-01  5.954613E-01 -1.738053E+00
     0.2000   -5.977975E-01  6.039105E-01 -1.713201E+00
     0.2500   -6.105101E-01  6.142667E-01 -1.681448E+00
     0.3000   -6.245570E-01  6.261872E-01 -1.642969E+00
     0.3500   -6.394364E-01  6.396614E-01 -1.597321E+00
     0.4000   -6.551029E-01  6.553618E-01 -1.542684E+00
     0.4500   -6.688964E-01  6.715657E-01 -1.481606E+00
     0.5000   -6.794410E-01  6.878301E-01 -1.414455E+00
     0.5500   -6.858312E-01  7.044854E-01 -1.340159E+00
     0.6000   -6.867843E-01  7.220001E-01 -1.257182E+00
     0.6500   -6.795562E-01  7.383936E-01 -1.168890E+00
     0.7000   -6.629345E-01  7.538445E-01 -1.074611E+00
     0.7500   -6.353880E-01  7.694484E-01 -9.715675E-01
     0.8000   -5.953993E-01  7.828806E-01 -8.641194E-01
     0.8500   -5.420599E-01  7.950430E-01 -7.502197E-01
     0.9000   -4.744347E-01  8.059040E-01 -6.294482E-01
     0.9500   -3.938481E-01  8.137901E-01 -5.051832E-01
     1.0000   -2.989249E-01  8.205516E-01 -3.728783E-01
     1.0500   -1.933973E-01  8.242278E-01 -2.368489E-01
     1.1000   -7.904282E-02  8.252955E-01 -9.592220E-02
     1.1500    4.172012E-02  8.239498E-01  5.065596E-02
     1.2000    1.624214E-01  8.190348E-01  1.996316E-01
     1.2500    2.827331E-01  8.121354E-01  3.555814E-01
     1.3000    3.935905E-01  8.015795E-01  5.132588E-01
     1.3500    4.934322E-01  7.885448E-01  6.760930E-01
     1.4000    5.759794E-01  7.724102E-01  8.415715E-01
     1.4500    6.382836E-01  7.535469E-01  1.010390E+00
     1.5000    6.776858E-01  7.321391E-01  1.182682E+00
     1.5500    6.919408E-01  7.080883E-01  1.356826E+00
     1.6000    6.815712E-01  6.820056E-01  1.535104E+00
     1.6500    6.469261E-01  6.536171E-01  1.714005E+00
     1.7000    5.906772E-01  6.237002E-01  1.897663E+00
     1.7500    5.164575E-01  5.919974E-01  2.081505E+00
     1.8000    4.279748E-01  5.589680E-01  2.269539E+00
     1.8500    3.313279E-01  5.247446E-01  2.458225E+00
     1.9000    2.301164E-01  4.894927E-01  2.652175E+00
     1.9500    1.311388E-01  4.534030E-01  2.848168E+00
     2.0000    4.059305E-02  4.168594E-01  3.044060E+00
     2.0500   -3.727198E-02  3.801892E-01  3.239786E+00
     2.1000   -1.007238E-01  3.426690E-01  3.439938E+00
     2.1500   -1.467603E-01  3.042107E-01  3.645019E+00
     2.2000   -1.730116E-01  2.662916E-01  3.848792E+00
     2.2500   -1.807935E-01  2.292157E-01  4.050362E+00
     2.3000   -1.719129E-01  1.922423E-01  4.248348E+00
     2.3500   -1.478966E-01  1.536036E-01  4.438944E+00
     2.4000   -1.166010E-01  1.171804E-01  4.612907E+00
     2.4500   -8.365889E-02  8.372095E-02  4.750897E+00
     2.5000   -5.430799E-02  5.451861E-02  4.800318E+00
     2.5500   -3.389768E-02  3.420795E-02  4.577602E+00
     2.6000   -2.269404E-02  2.962382E-02  4.014303E+00
     2.6500   -2.093860E-02  4.015162E-02  3.690187E+00
     2.7000   -2.719599E-02  5.394267E-02  3.670007E+00
     2.7500   -3.644349E-02  6.520977E-02  3.734610E+00
     2.8000   -4.924558E-02  7.575494E-02  3.849262E+00
     2.8500   -6.421216E-02  8.526833E-02  3.994293E+00
     2.9000   -7.950582E-02  9.352654E-02  4.157746E+00
     2.9500   -9.370501E-02  1.010258E-01  4.329357E+00
     3.0000   -1.052665E-01  1.074880E-01  4.508726E+00
     3.0500   -1.127576E-01  1.127755E-01  4.694548E+00
     3.1000   -1.151822E-01  1.169272E-01  4.885372E+00
     3.1500   -1.118198E-01  1.199716E-01  5.083149E+00
     3.2000   -1.025127E-01  1.220159E-01  5.285609E+00
     3.2500   -8.771156E-02  1.231462E-01  5.490479E+00
     3.3000   -6.822154E-02  1.233803E-01  5.697300E+00
     3.3500   -4.505806E-02  1.228435E-01  5.907626E+00
     3.4000   -1.952499E-02  1.215636E-01  6.121871E+00
     3.4500    6.658508E-03  1.195088E-01  6.338930E+00
     3.5000    3.177996E-02  1.167575E-01  6.558851E+00
     3.5500    5.425061E-02  1.134276E-01  6.781885E+00
     3.6000    7.267500E-02  1.095808E-01  7.008284E+00
     3.6500    8.589897E-02  1.052291E-01  7.238169E+00
     3.7000    9.318929E-02  1.004371E-01  7.471758E+00
     3.7500    9.437683E-02  9.537161E-02  7.709422E+00
     3.8000    8.971189E-02  9.014150E-02  7.951652E+00
     3.8500    7.967313E-02  8.465420E-02  8.198732E+00
     3.9000    6.531360E-02  7.898056E-02  8.451103E+00
     3.9500    4.803985E-02  7.323576E-02  8.709322E+00
     4.0000    2.941380E-02  6.752286E-02  8.974059E+00
     4.0500    1.101987E-02  6.182509E-02  9.245578E+00
     4.1000   -5.589072E-03  5.621611E-02  9.524364E+00
     4.1500   -1.912911E-02  5.079159E-02  9.810922E+00
     4.2000   -2.873517E-02  4.565558E-02  1.010555E+01
     4.2500   -3.396608E-02  4.080821E-02  1.040808E+01
     4.3000   -3.492216E-02  3.630750E-02  1.071844E+01
     4.3500   -3.217548E-02  3.220179E-02  1.103600E+01
     4.4000   -2.665490E-02  2.851407E-02  1.135868E+01
     4.4500   -1.951606E-02  2.525573E-02  1.168323E+01
     4.5000   -1.192117E-02  2.241346E-02  1.200556E+01
     4.5500   -4.863263E-03  1.995802E-02  1.232022E+01
     4.6000    9.490773E-04  1.786474E-02  1.261952E+01
     4.6500    5.244388E-03  1.610486E-02  1.289806E+01
     4.7000    8.086129E-03  1.466393E-02  1.315045E+01
     4.7500    9.793499E-03  1.355382E-02  1.337387E+01
     4.8000    1.082332E-02  1.283256E-02  1.357000E+01
     4.8500    1.156740E-02  1.249927E-02  1.374858E+01
     4.9000    1.224186E-02  1.252885E-02  1.392272E+01
     4.9500    1.283668E-02  1.284318E-02  1.410535E+01
     5.0000    1.316320E-02  1.335505E-02  1.430687E+01
     5.0500    1.282668E-02  1.387344E-02  1.452811E+01
     5.1000    1.151259E-02  1.426082E-02  1.476842E+01
     5.1500    9.076508E-03  1.439858E-02  1.502593E+01
     5.2000    5.630304E-03  1.421994E-02  1.530087E+01
     5.2500    1.618997E-03  1.361796E-02  1.558879E+01
     5.3000   -2.276972E-03  1.255713E-02  1.589030E+01
     5.3500   -5.297744E-03  1.103053E-02  1.620894E+01
     5.4000   -6.783999E-03  9.056030E-03  1.655469E+01
     5.4500   -6.342721E-03  6.694333E-03  1.695321E+01
     5.5000   -4.041337E-03  4.150884E-03  1.750901E+01
     5.5500   -4.096692E-04  2.456024E-03  1.868197E+01
     5.6000    3.658772E-03  4.046513E-03  1.997901E+01
     5.6500    7.070623E-03  7.165177E-03  2.058299E+01
     5.7000    8.813249E-03  1.052625E-02  2.099889E+01
     5.7500    8.200092E-03  1.382715E-02  2.135632E+01
     5.8000    4.989137E-03  1.691391E-02  2.169172E+01
     5.8500   -4.074226E-04  1.966192E-02  2.201187E+01
     5.9000   -7.112056E-03  2.196332E-02  2.232091E+01
     5.9500   -1.396858E-02  2.373339E-02  2.262043E+01
     6.0000   -1.989946E-02  2.494176E-02  2.291485E+01
     6.0500   -2.387768E-02  2.554734E-02  2.319841E+01
     6.1000   -2.544352E-02  2.555552E-02  2.346829E+01
     6.1500   -2.470386E-02  2.502010E-02  2.372110E+01
     6.2000   -2.224253E-02  2.404977E-02  2.395209E+01
     6.2500   -1.891896E-02  2.281982E-02  2.415532E+01
     6.3000   -1.559784E-02  2.158201E-02  2.432501E+01
     6.3500   -1.288664E-02  2.065776E-02  2.445913E+01
     6.4000   -1.095635E-02  2.038420E-02  2.456528E+01
     6.4500   -9.498182E-03  2.099775E-02  2.466335E+01
     6.5000   -7.787835E-03  2.256723E-02  2.478040E+01
     6.5500   -5.015463E-03  2.487512E-02  2.492972E+01
     6.6000   -5.170230E-04  2.762258E-02  2.511402E+01
     6.6500    5.956584E-03  3.051461E-02  2.532921E+01
     6.7000    1.406862E-02  3.329532E-02  2.556899E+01
     6.7500    2.289261E-02  3.575800E-02  2.582751E+01
     6.8000    3.107682E-02  3.774255E-02  2.610010E+01
     6.8500    3.714026E-02  3.913089E-02  2.638320E+01
     6.9000    3.982615E-02  3.984337E-02  2.667414E+01
     6.9500    3.842099E-02  3.983597E-02  2.697087E+01
     7.0000    3.301594E-02  3.915040E-02  2.727092E+01
     7.0500    2.438237E-02  3.776718E-02  2.757253E+01
     7.1000    1.390676E-02  3.571285E-02  2.787435E+01
     7.1500    3.287856E-03  3.305761E-02  2.817471E+01
     7.2000   -5.856657E-03  2.989498E-02  2.847152E+01
     7.2500   -1.233707E-02  2.633914E-02  2.876181E+01
     7.3000   -1.562464E-02  2.252313E-02  2.904097E+01
     7.3500   -1.591532E-02  1.859966E-02  2.930119E+01
     7.4000   -1.401428E-02  1.474894E-02  2.952818E+01
     7.4500   -1.107776E-02  1.120492E-02  2.969433E+01
     7.5000   -8.309222E-03  8.352088E-03  2.974377E+01
     7.5500   -6.605712E-03  6.754203E-03  2.963505E+01
     7.6000   -6.348935E-03  6.792478E-03  2.948175E+01
     7.6500   -7.372023E-03  7.932538E-03  2.946695E+01
     7.7000   -9.054095E-03  9.341221E-03  2.959655E+01
     7.7500   -1.054316E-02  1.054829E-02  2.981394E+01
     7.8000   -1.103341E-02  1.135229E-02  3.008271E+01
     7.8500   -1.001720E-02  1.167883E-02  3.038510E+01
     7.9000   -7.441975E-03  1.152017E-02  3.071360E+01
     7.9500   -3.731622E-03  1.091246E-02  3.106692E+01
     8.0000    3.018674E-04  9.954337E-03  3.144626E+01
     8.0500    3.755249E-03  8.724116E-03  3.186091E+01
     8.1000    5.832205E-03  7.355795E-03  3.233143E+01
     8.1500    6.052877E-03  6.081178E-03  3.289021E+01
     8.2000    4.396648E-03  5.250648E-03  3.356510E+01
     8.2500    1.302620E-03  5.219800E-03  3.430530E+01
     8.3000   -2.451509E-03  5.981867E-03  3.497978E+01
     8.3500   -5.954741E-03  7.175425E-03  3.553641E+01
     8.4000   -8.393485E-03  8.460133E-03  3.600271E+01
     8.4500   -9.244833E-03  9.627727E-03  3.641129E+01
     8.5000   -8.361659E-03  1.053409E-02  3.678213E+01
     8.5500   -6.040258E-03  1.113422E-02  3.712571E+01
     8.6000   -2.855945E-03  1.142064E-02  3.744636E+01
     8.6500    5.232532E-04  1.139765E-02  3.774504E+01
     8.7000    3.502146E-03  1.109742E-02  3.802018E+01
     8.7500    5.700821E-03  1.058062E-02  3.826812E+01
     8.8000    7.020773E-03  9.938170E-03  3.848357E+01
     8.8500    7.623029E-03  9.291842E-03  3.866122E+01
     8.9000    7.832816E-03  8.786631E-03  3.879964E+01
     8.9500    8.005612E-03  8.562398E-03  3.890730E+01
     9.0000    8.418295E-03  8.723908E-03  3.900443E+01
     9.0500    9.148024E-03  9.256298E-03  3.911681E+01
     9.1000    1.003952E-02  1.004009E-02  3.925926E+01
     9.1500    1.079338E-02  1.093891E-02  3.943321E+01
     9.2000    1.105833E-02  1.182933E-02  3.963294E+01
     9.2500    1.054657E-02  1.261713E-02  3.985095E+01
     9.3000    9.125364E-03  1.323909E-02  4.008022E+01
     9.3500    6.857481E-03  1.366049E-02  4.031480E+01
     9.4000    3.980697E-03  1.387262E-02  4.054967E+01
     9.4500    8.362314E-04  1.389074E-02  4.078047E+01
     9.5000   -2.245259E-03  1.377231E-02  4.100446E+01
     9.5500   -5.003567E-03  1.357048E-02  4.121833E+01
     9.6000   -7.298640E-03  1.334224E-02  4.141952E+01
     9.6500   -9.145464E-03  1.316800E-02  4.160846E+01
     9.7000   -1.065539E-02  1.312181E-02  4.178834E+01
     9.7500   -1.195563E-02  1.325487E-02  4.196504E+01
     9.8000   -1.310557E-02  1.358219E-02  4.214580E+01
     9.8500   -1.404033E-02  1.407927E-02  4.233711E+01
     9.9000   -1.456327E-02  1.469039E-02  4.254315E+01
     9.9500   -1.439267E-02  1.534330E-02  4.276536E+01
    10.0000   -1.328025E-02  1.601062E-02  4.300415E+01
    10.0500   -1.101989E-02  1.662360E-02  4.325760E+01
    10.1000   -7.582199E-03  1.708347E-02  4.352243E+01
    10.1500   -3.210373E-03  1.734702E-02  4.379616E+01
    10.2000    1.634304E-03  1.738589E-02  4.407644E+01
    10.2500    6.354720E-03  1.718647E-02  4.436104E+01
    10.3000    1.034178E-02  1.674922E-02  4.464779E+01
    10.3500    1.310667E-02  1.608791E-02  4.493449E+01
    10.4000    1.438543E-02  1.522860E-02  4.521877E+01
    10.4500    1.418707E-02  1.420868E-02  4.549794E+01
    10.5000    1.277280E-02  1.307593E-02  4.576884E+01
    10.5500    1.057342E-02  1.188768E-02  4.602776E+01
    10.6000    8.069647E-03  1.070979E-02  4.627055E+01
    10.6500    5.669942E-03  9.614801E-03  4.649319E+01
    10.7000    3.620605E-03  8.677070E-03  4.669346E+01
    10.7500    1.972093E-03  7.962133E-03  4.687360E+01
    10.8000    6.084021E-04  7.509052E-03  4.704278E+01
    10.8500   -6.728629E-04  7.313279E-03  4.721603E+01
    10.9000   -2.057100E-03  7.324998E-03  4.740855E+01
    10.9500   -3.619975E-03  7.468016E-03  4.762994E+01
    11.0000   -5.286433E-03  7.672268E-03  4.788404E+01
    11.0500   -6.813754E-03  7.877602E-03  4.816895E+01
    11.1000   -7.851627E-03  8.036009E-03  4.848006E+01
    11.1500   -8.067877E-03  8.125551E-03  4.881390E+01
    11.2000   -7.246677E-03  8.139213E-03  4.916739E+01
    11.2500   -5.374726E-03  8.080883E-03  4.953783E+01
    11.3000   -2.675204E-03  7.961416E-03  4.992279E+01
    11.3500    4.233191E-04  7.794882E-03  5.031982E+01
    11.4000    3.376946E-03  7.595094E-03  5.072623E+01
    11.4500    5.652057E-03  7.372633E-03  5.113905E+01
    11.5000    6.852371E-03  7.132739E-03  5.155497E+01
    11.5500    6.812607E-03  6.874443E-03  5.197051E+01
    11.6000    5.633091E-03  6.591106E-03  5.238220E+01
    11.6500    3.646282E-03  6.272217E-03  5.278670E+01
    11.7000    1.325195E-03  5.906015E-03  5.318077E+01
    11.7500   -8.402328E-04  5.482426E-03  5.356094E+01
    11.8000   -2.464452E-03  4.995991E-03  5.392294E+01
    11.8500   -3.352389E-03  4.448897E-03  5.426049E+01
    11.9000   -3.528294E-03  3.854869E-03  5.456328E+01
    11.9500   -3.202130E-03  3.245969E-03  5.481334E+01
    12.0000   -2.684989E-03  2.685025E-03  5.498307E+01
    12.0500   -2.276820E-03  2.281202E-03  5.503986E+01
    12.1000   -2.187342E-03  2.187881E-03  5.500007E+01
    12.1500   -2.467482E-03  2.467535E-03  5.498442E+01
    12.2000   -2.995966E-03  3.010912E-03  5.507755E+01
    12.2500   -3.522195E-03  3.672658E-03  5.526510E+01
    12.3000   -3.749044E-03  4.354081E-03  5.551135E+01
    12.3500   -3.429861E-03  4.994384E-03  5.579167E+01
    12.4000   -2.450340E-03  5.553576E-03  5.609171E+01
    12.4500   -8.710707E-04  6.003814E-03  5.640307E+01
    12.5000    1.081353E-03  6.325805E-03  5.672045E+01
    12.5500    3.071402E-03  6.507413E-03  5.704021E+01
    12.6000    4.742544E-03  6.543164E-03  5.735942E+01
    12.6500    5.810109E-03  6.434131E-03  5.767540E+01
    12.7000    6.132296E-03  6.187991E-03  5.798520E+01
    12.7500    5.739599E-03  5.819291E-03  5.828515E+01
    12.8000    4.815522E-03  5.350068E-03  5.857029E+01
    12.8500    3.635840E-03  4.811181E-03  5.883353E+01
    12.9000    2.485508E-03  4.244906E-03  5.906473E+01
    12.9500    1.578225E-03  3.709047E-03  5.925074E+01
    13.0000    1.003427E-03  3.290510E-03  5.938038E+01
    13.0500    7.036361E-04  3.078688E-03  5.945967E+01
    13.1000    5.137716E-04  3.111777E-03  5.952440E+01
    13.1500    2.274120E-04  3.369958E-03  5.962273E+01
    13.2000   -3.314450E-04  3.775508E-03  5.977816E+01
    13.2500   -1.241431E-03  4.243568E-03  5.998715E+01
    13.3000   -2.447316E-03  4.708535E-03  6.023683E+01
    13.3500   -3.765151E-03  5.125484E-03  6.051533E+01
    13.4000   -4.927703E-03  5.464929E-03  6.081394E+01
    13.4500   -5.656893E-03  5.708367E-03  6.112666E+01
    13.5000   -5.742090E-03  5.845442E-03  6.144938E+01
    13.5500   -5.101578E-03  5.872208E-03  6.177915E+01
    13.6000   -3.809607E-03  5.789971E-03  6.211374E+01
    13.6500   -2.081501E-03  5.604415E-03  6.245133E+01
    13.7000   -2.214182E-04  5.324868E-03  6.279026E+01
    13.7500    1.452227E-03  4.963639E-03  6.312877E+01
    13.8000    2.682732E-03  4.535417E-03  6.346478E+01
    13.8500    3.331757E-03  4.056776E-03  6.379551E+01
    13.9000    3.402088E-03  3.545883E-03  6.411689E+01
    13.9500    3.021993E-03  3.022594E-03  6.442258E+01
    14.0000    2.400016E-03  2.511351E-03  6.470153E+01
    14.0500    1.756966E-03  2.039740E-03  6.493549E+01
    14.1000    1.259750E-03  1.642928E-03  6.509965E+01
    14.1500    9.879822E-04  1.375583E-03  6.517219E+01
    14.2000    9.170248E-04  1.290224E-03  6.518288E+01
    14.2500    9.378118E-04  1.383179E-03  6.522839E+01
    14.3000    9.016030E-04  1.587911E-03  6.536962E+01
    14.3500    6.750450E-04  1.836771E-03  6.559711E+01
    14.4000    1.885408E-04  2.089172E-03  6.588308E+01
    14.4500   -5.363945E-04  2.324910E-03  6.620626E+01
    14.5000   -1.388367E-03  2.534731E-03  6.655310E+01
    14.5500   -2.194815E-03  2.714853E-03  6.691495E+01
    14.6000   -2.769098E-03  2.864108E-03  6.728595E+01
    14.6500   -2.961834E-03  2.982417E-03  6.766179E+01
    14.7000   -2.701685E-03  3.069984E-03  6.803911E+01
    14.7500   -2.014402E-03  3.126938E-03  6.841505E+01
    14.8000   -1.015628E-03  3.153295E-03  6.878711E+01
    14.8500    1.193573E-04  3.149165E-03  6.915295E+01
    14.9000    1.199469E-03  3.115126E-03  6.951030E+01
    14.9500    2.062427E-03  3.052722E-03  6.985682E+01
    15.0000    2.614008E-03  2.970026E-03  7.019117E+01
    15.0500    2.831315E-03  2.874750E-03  7.051178E+01
    15.1000    2.741354E-03  2.763921E-03  7.081371E+01
    15.1500    2.430089E-03  2.647732E-03  7.109413E+01
    15.2000    1.998487E-03  2.539771E-03  7.135090E+01
    15.2500    1.530691E-03  2.456326E-03  7.158385E+01
    15.3000    1.072429E-03  2.414217E-03  7.179633E+01
    15.3500    6.252978E-04  2.426981E-03  7.199605E+01
    15.4000    1.573760E-04  2.500716E-03  7.219366E+01
    15.4500   -3.744220E-04  2.632058E-03  7.239937E+01
    15.5000   -9.981981E-04  2.809675E-03  7.261984E+01
    15.5500   -1.705900E-03  3.017927E-03  7.285737E+01
    15.6000   -2.444025E-03  3.240404E-03  7.311112E+01
    15.6500   -3.119244E-03  3.462139E-03  7.337860E+01
    15.7000   -3.617386E-03  3.670623E-03  7.365691E+01
    15.7500   -3.830279E-03  3.856105E-03  7.394323E+01
    15.8000   -3.682785E-03  4.011583E-03  7.423512E+01
    15.8500   -3.152584E-03  4.132671E-03  7.453052E+01
    15.9000   -2.277601E-03  4.217419E-03  7.482773E+01
    15.9500   -1.149679E-03  4.266093E-03  7.512536E+01
    16.0000    1.031124E-04  4.285329E-03  7.542229E+01
    16.0500    1.346852E-03  4.284379E-03  7.571801E+01
    16.1000    2.454051E-03  4.259037E-03  7.601229E+01
    16.1500    3.318891E-03  4.214175E-03  7.630505E+01
    16.2000    3.869785E-03  4.154736E-03  7.659651E+01
    16.2500    4.071587E-03  4.085264E-03  7.688717E+01
    16.3000    3.922391E-03  4.009493E-03  7.717784E+01
    16.3500    3.447946E-03  3.930038E-03  7.746954E+01
    16.4000    2.696433E-03  3.848246E-03  7.776345E+01
    16.4500    1.735023E-03  3.764219E-03  7.806078E+01
    16.5000    6.478761E-04  3.677021E-03  7.836270E+01
    16.5500   -4.662078E-04  3.585005E-03  7.867023E+01
    16.6000   -1.498782E-03  3.486209E-03  7.898422E+01
    16.6500   -2.341049E-03  3.378757E-03  7.930528E+01
    16.7000   -2.897484E-03  3.261185E-03  7.963383E+01
    16.7500   -3.101791E-03  3.132678E-03  7.997007E+01
    16.8000   -2.931475E-03  2.993191E-03  8.031403E+01
    16.8500   -2.416708E-03  2.843452E-03  8.066557E+01
    16.9000   -1.639831E-03  2.684870E-03  8.102438E+01
    16.9500   -7.239863E-04  2.519364E-03  8.138993E+01
    17.0000    1.916080E-04  2.350982E-03  8.176300E+01
    17.0500    9.759025E-04  2.184384E-03  8.214455E+01
    17.1000    1.513530E-03  2.017592E-03  8.252972E+01
    17.1500    1.748880E-03  1.852271E-03  8.291651E+01
    17.2000    1.687437E-03  1.689558E-03  8.330233E+01
    17.2500    1.389759E-03  1.530112E-03  8.368386E+01
    17.3000    9.528740E-04  1.374334E-03  8.405689E+01
    17.3500    4.841351E-04  1.222785E-03  8.441592E+01
    17.4000    7.462327E-05  1.076834E-03  8.475365E+01
    17.4500   -2.208212E-04  9.395850E-04  8.506024E+01
    17.5000   -3.918509E-04  8.171342E-04  8.532314E+01
    17.5500   -4.674997E-04  7.198593E-04  8.552984E+01
    17.6000   -4.999323E-04  6.620246E-04  8.567889E+01
    17.6500   -5.424524E-04  6.561141E-04  8.579633E+01
    17.7000   -6.287097E-04  7.031476E-04  8.592950E+01
    17.7500   -7.595203E-04  7.908765E-04  8.611127E+01
    17.8000   -9.012943E-04  9.023481E-04  8.634547E+01
    17.8500   -9.964809E-04  1.022889E-03  8.662152E+01
    17.9000   -9.827664E-04  1.141568E-03  8.692757E+01
    17.9500   -8.150860E-04  1.250429E-03  8.725458E+01
    18.0000   -4.815632E-04  1.344653E-03  8.759833E+01
    18.0500   -1.022100E-05  1.421845E-03  8.795741E+01
    18.1000    5.202770E-04  1.476804E-03  8.832462E+01
    18.1500    1.009854E-03  1.507710E-03  8.869852E+01
    18.2000    1.358347E-03  1.513759E-03  8.907829E+01
    18.2500    1.491246E-03  1.495106E-03  8.946352E+01
    18.3000    1.379588E-03  1.452788E-03  8.985419E+01
    18.3500    1.048395E-03  1.388633E-03  9.025056E+01
    18.4000    5.711887E-04  1.305139E-03  9.065321E+01
    18.4500    5.196757E-05  1.205347E-03  9.106306E+01
    18.5000   -4.005291E-04  1.092691E-03  9.148149E+01
    18.5500   -6.993773E-04  9.708508E-04  9.191053E+01
    18.6000   -7.998130E-04  8.436312E-04  9.235327E+01
    18.6500   -7.081255E-04  7.148821E-04  9.281458E+01
    18.7000   -4.770560E-04  5.885523E-04  9.330267E+01
    18.7500   -1.893284E-04  4.690338E-04  9.383227E+01
    18.8000    6.592193E-05  3.622212E-04  9.443079E+01
    18.8500    2.173066E-04  2.780898E-04  9.514473E+01
    18.9000    2.294821E-04  2.336299E-04  9.600729E+01
    18.9500    1.109393E-04  2.426802E-04  9.691459E+01
    19.0000   -8.992886E-05  2.938224E-04  9.770043E+01
    19.0500   -3.001362E-04  3.649453E-04  9.835501E+01
    19.1000   -4.449776E-04  4.451902E-04  9.892926E+01
    19.1500   -4.658970E-04  5.293483E-04  9.945482E+01
    19.2000   -3.380953E-04  6.148113E-04  9.994870E+01
    19.2500   -7.759576E-05  6.997724E-04  1.004198E+02
    19.3000    2.626315E-04  7.825047E-04  1.008732E+02
    19.3500    6.061483E-04  8.611202E-04  1.013118E+02
    19.4000    8.723371E-04  9.335476E-04  1.017376E+02
    19.4500    9.963549E-04  9.976108E-04  1.021519E+02
    19.5000    9.446555E-04  1.051152E-03  1.025558E+02
    19.5500    7.223475E-04  1.092165E-03  1.029499E+02
    19.6000    3.709091E-04  1.118923E-03  1.033347E+02
    19.6500   -4.270745E-05  1.130097E-03  1.037104E+02
    19.7000   -4.424428E-04  1.124852E-03  1.040768E+02
    19.7500   -7.606330E-04  1.102934E-03  1.044336E+02
    19.8000   -9.522928E-04  1.064746E-03  1.047796E+02
    19.8500   -1.002892E-03  1.011429E-03  1.051133E+02
    19.9000   -9.281773E-04  9.449636E-04  1.054321E+02
    19.9500   -7.666754E-04  8.683215E-04  1.057321E+02