# # tequil.ion_motion                                            FEFF 9.05   
# # POT  SCF  30  5.5000   1, core-hole, AFOLP (folp(0)= 1.150)
# # Abs   Z=30 Rmt= 1.319 Rnm= 1.402 K  shell
# # Pot 1 Z=26 Rmt= 1.267 Rnm= 1.388
# # Pot 2 Z= 8 Rmt= 0.968 Rnm= 1.085
# # Gam_ch=1.897E+00 H-L exch
# # Mu=-1.168E+01 kf=2.170E+00 Vint=-1.835E+01 Rs_int= 1.672
# # PATH  Rmax= 8.500,  Keep_limit= 0.00, Heap_limit 0.00  Pwcrit= 2.50%
#  S02=1.000                                        Global_sig2= 0.00000
#  Energy zero shift, vr, vi   -2.00000E+00   0.00000E+00
#  Curved wave amplitude ratio filter   4.000%
#     file         sig2 tot  cw amp ratio   deg  nlegs   reff  inp sig2
#           1       0.00000    100.00      1.00     2   1.8991
#           2       0.00000     83.04      1.00     2   2.0383
#           3       0.00000     80.00      1.00     2   2.0674
#           4       0.00000     71.26      1.00     2   2.1603
#           5       0.00000     65.26      1.00     2   2.2336
#           6       0.00000     62.72      1.00     2   2.2675
#           7       0.00000     35.25      1.00     2   2.7380
#           8       0.00000     32.84      1.00     2   2.8282
#           9       0.00000     30.54      1.00     2   2.9225
#          10       0.00000     28.97      1.00     2   2.9917
#          11       0.00000     27.29      1.00     2   3.0710
#          12       0.00000     26.52      1.00     2   3.1250
#          13       0.00000     10.11      2.00     3   3.3844
#          14       0.00000     12.86      2.00     3   3.3930
#          15       0.00000     21.10      1.00     2   3.4231
#          16       0.00000     12.05      2.00     3   3.4249
#          17       0.00000     15.91      2.00     3   3.4416
#          18       0.00000     20.15      1.00     2   3.4525
#          19       0.00000      7.78      2.00     3   3.4695
#          20       0.00000      7.40      2.00     3   3.5028
#          21       0.00000      8.45      2.00     3   3.5077
#          22       0.00000      9.28      2.00     3   3.5226
#          23       0.00000      9.87      2.00     3   3.5290
#          24       0.00000     19.52      1.00     2   3.5333
#          25       0.00000      7.50      2.00     3   3.5459
#          26       0.00000     18.58      1.00     2   3.5543
#          27       0.00000      7.42      2.00     3   3.5633
#          28       0.00000     18.36      1.00     2   3.5699
#          29       0.00000      7.26      2.00     3   3.5708
#          30       0.00000      7.16      2.00     3   3.5824
#          31       0.00000      9.33      2.00     3   3.5934
#          32       0.00000      8.47      2.00     3   3.5994
#          33       0.00000      9.55      2.00     3   3.6026
#          34       0.00000      8.67      2.00     3   3.6108
#          35       0.00000      8.36      2.00     3   3.6191
#          36       0.00000      9.23      2.00     3   3.6297
#          37       0.00000      6.87      2.00     3   3.6346
#          38       0.00000      9.52      2.00     3   3.6389
#          39       0.00000     10.13      2.00     3   3.6446
#          40       0.00000     15.67      2.00     3   3.6874
#          41       0.00000     17.34      1.00     2   3.7041
#          42       0.00000     17.05      1.00     2   3.7286
#          43       0.00000     16.23      1.00     2   3.7298
#          44       0.00000     16.92      1.00     2   3.7401
#          45       0.00000     15.94      1.00     2   3.7535
#          46       0.00000     15.26      2.00     3   3.7553
#          47       0.00000     15.73      1.00     2   3.7708
#          48       0.00000     12.23      1.00     4   3.7981
#          49       0.00000     15.37      1.00     2   3.8022
#          50       0.00000     16.13      1.00     2   3.8107
#          51       0.00000      5.69      1.00     4   3.8122
#          52       0.00000      6.13      1.00     4   3.8635
#          53       0.00000     15.16      1.00     2   3.9030
#          54       0.00000     13.75      2.00     3   3.9205
#          55       0.00000     13.17      2.00     3   3.9330
#          56       0.00000      8.48      2.00     3   3.9363
#          57       0.00000      5.40      2.00     4   3.9373
#          58       0.00000     13.83      1.00     2   3.9453
#          59       0.00000      4.13      1.00     4   3.9517
#          60       0.00000     14.44      2.00     3   3.9703
#          61       0.00000      4.83      1.00     4   3.9774
#          62       0.00000      9.93      2.00     3   4.0506
#          63       0.00000      4.66      1.00     4   4.0663
#          64       0.00000     13.10      2.00     3   4.0671
#          65       0.00000      8.27      1.00     4   4.0765
#          66       0.00000     13.50      1.00     2   4.0790
#          67       0.00000      8.09      2.00     3   4.0788
#          68       0.00000      8.93      2.00     3   4.0974
#          69       0.00000     12.39      1.00     2   4.0992
#          70       0.00000     12.28      1.00     2   4.1125
#          71       0.00000      5.12      1.00     4   4.1123
#          72       0.00000     22.04      2.00     3   4.1275
#          73       0.00000      6.37      1.00     4   4.1299
#          74       0.00000      7.66      1.00     4   4.1348
#          76       0.00000     22.47      2.00     4   4.1665
#          77       0.00000      6.99      2.00     3   4.1792
#          78       0.00000     20.75      2.00     3   4.1919
#          79       0.00000     20.97      2.00     4   4.2277
#          80       0.00000      5.57      1.00     4   4.2312
#          81       0.00000     20.26      2.00     3   4.2425
#          82       0.00000      6.05      2.00     3   4.2522
#          83       0.00000      8.48      2.00     3   4.2595
#          84       0.00000      6.76      2.00     3   4.2663
#          85       0.00000     20.76      2.00     4   4.2719
#          86       0.00000      7.29      2.00     3   4.2806
#          87       0.00000      7.08      2.00     3   4.3079
#          88       0.00000      6.04      1.00     4   4.3206
#          89       0.00000      5.92      2.00     3   4.3337
#          90       0.00000     10.53      1.00     2   4.3355
#          91       0.00000      6.81      2.00     3   4.3557
#          94       0.00000      5.49      2.00     3   4.3668
#          95       0.00000      6.34      2.00     3   4.3783
#          96       0.00000     23.45      2.00     3   4.3985
#          97       0.00000      5.79      2.00     3   4.4296
#          98       0.00000      9.87      1.00     2   4.4312
#          99       0.00000      4.62      2.00     3   4.4515
#         100       0.00000     15.05      1.00     4   4.4614
#         101       0.00000      5.05      1.00     4   4.4672
#         102       0.00000      9.54      1.00     2   4.4833
#         103       0.00000      9.53      1.00     2   4.4845
#         104       0.00000      8.22      2.00     3   4.4859
#         105       0.00000      5.04      2.00     3   4.4982
#         106       0.00000      4.89      2.00     3   4.5065
#         107       0.00000      5.94      2.00     3   4.5113
#         108       0.00000      9.36      1.00     2   4.5125
#         110       0.00000      9.34      1.00     2   4.5162
#         111       0.00000      4.66      1.00     4   4.5349
#         112       0.00000      4.96      2.00     3   4.5394
#         113       0.00000      6.81      2.00     3   4.5450
#         114       0.00000      9.14      1.00     2   4.5495
#         115       0.00000     16.52      2.00     3   4.5522
#         116       0.00000      6.72      2.00     3   4.5520
#         117       0.00000      9.05      1.00     2   4.5633
#         118       0.00000      5.08      2.00     3   4.5870
#         119       0.00000      6.39      2.00     3   4.5976
#         120       0.00000      4.82      2.00     3   4.6153
#         121       0.00000     14.54      2.00     3   4.6230
#         123       0.00000      5.71      2.00     3   4.6300
#         124       0.00000      8.64      1.00     2   4.6352
#         126       0.00000     15.15      2.00     3   4.6683
#         127       0.00000      9.35      1.00     4   4.6731
#         128       0.00000      7.00      2.00     3   4.6889
#         130       0.00000      8.19      1.00     2   4.7186
#         131       0.00000     11.02      2.00     3   4.7188
#         132       0.00000      5.88      2.00     3   4.7273
#         133       0.00000      8.11      1.00     2   4.7353
#         134       0.00000     14.97      2.00     3   4.7417
#         135       0.00000      8.02      1.00     2   4.7524
#         137       0.00000      7.82      1.00     4   4.7628
#         138       0.00000      7.96      1.00     2   4.7638
#         139       0.00000      8.40      1.00     4   4.7871
#         140       0.00000      7.77      1.00     2   4.8020
#         141       0.00000      7.76      1.00     2   4.8048
#         143       0.00000      4.61      2.00     4   4.8053
#         144       0.00000      7.80      2.00     3   4.8131
#         145       0.00000     14.38      2.00     3   4.8205
#         147       0.00000      7.55      1.00     2   4.8486
#         148       0.00000      8.39      1.00     4   4.8482
#         149       0.00000     20.15      2.00     3   4.8515
#         150       0.00000     13.54      1.00     4   4.8544
#         151       0.00000      7.75      2.00     3   4.8557
#         152       0.00000      6.35      2.00     3   4.8587
#         154       0.00000     14.97      2.00     3   4.8801
#         157       0.00000      8.17      1.00     2   4.8985
#         159       0.00000      7.85      2.00     3   4.9131
#         160       0.00000      5.32      1.00     4   4.9214
#         161       0.00000      8.07      1.00     4   4.9223
#         162       0.00000      5.13      2.00     3   4.9382
#         163       0.00000      7.13      1.00     2   4.9417
#         164       0.00000      8.64      1.00     4   4.9583
#         165       0.00000      6.73      2.00     4   4.9607
#         166       0.00000      7.88      1.00     2   4.9624
#         168       0.00000      8.35      2.00     3   4.9721
#         169       0.00000      8.67      2.00     3   4.9848
#         170       0.00000      7.77      1.00     2   4.9868
#         172       0.00000      9.32      2.00     3   4.9984
#         174       0.00000      7.71      2.00     3   5.0092
#         175       0.00000      4.92      2.00     3   5.0225
#         176       0.00000      6.54      2.00     3   5.0250
#         177       0.00000      6.68      1.00     2   5.0482
#         178       0.00000      7.80      2.00     3   5.0482
#         179       0.00000     16.38      2.00     3   5.0608
#         180       0.00000     10.33      1.00     4   5.0735
#         182       0.00000      6.53      1.00     2   5.0872
#         183       0.00000      7.62      2.00     3   5.0898
#         184       0.00000     15.54      2.00     3   5.1044
#         185       0.00000      8.88      2.00     3   5.1080
#         187       0.00000      4.64      2.00     3   5.1150
#         188       0.00000      6.41      1.00     2   5.1174
#         189       0.00000      9.62      1.00     4   5.1215
#         190       0.00000      4.47      2.00     4   5.1385
#         193       0.00000      5.61      2.00     3   5.1778
#         194       0.00000      7.26      2.00     3   5.1796
#         195       0.00000      4.45      1.00     4   5.1921
#         196       0.00000      4.24      2.00     4   5.1924
#         199       0.00000      6.87      1.00     2   5.2039
#         203       0.00000      6.82      1.00     2   5.2174
#         204       0.00000      6.59      2.00     3   5.2197
#         205       0.00000      4.39      1.00     4   5.2292
#         208       0.00000      6.59      1.00     2   5.2799
#         210       0.00000      5.89      2.00     3   5.2969
#         211       0.00000      7.18      2.00     3   5.3156
#         212       0.00000      4.87      2.00     4   5.3385
#         213       0.00000      4.71      2.00     4   5.3516
#         214       0.00000      6.25      1.00     2   5.3767
#         216       0.00000      5.73      2.00     3   5.3935
#         218       0.00000      6.11      1.00     2   5.4187
#         220       0.00000      5.25      2.00     3   5.4390
#         221       0.00000      5.27      1.00     2   5.4523
#         222       0.00000      5.14      2.00     3   5.4558
#         223       0.00000      4.85      2.00     3   5.4568
#         226       0.00000      4.63      2.00     3   5.5003
#         227       0.00000      6.50      2.00     3   5.5078
#         228       0.00000      5.82      1.00     2   5.5097
#         229       0.00000      5.82      1.00     2   5.5109
#         230       0.00000      5.05      1.00     2   5.5261
#         233       0.00000      4.99      1.00     2   5.5468
#         234       0.00000      5.47      2.00     3   5.5541
#         235       0.00000      5.54      2.00     3   5.5640
#         238       0.00000      5.62      1.00     2   5.5743
#         239       0.00000      5.60      1.00     2   5.5807
#         244       0.00000      4.99      2.00     4   5.6032
#         245       0.00000      5.52      1.00     2   5.6078
#         247       0.00000      4.29      2.00     3   5.6178
#         249       0.00000      5.48      1.00     2   5.6223
#         250       0.00000      4.77      1.00     2   5.6289
#         256       0.00000      7.47      2.00     3   5.6679
#         257       0.00000      4.53      2.00     3   5.6709
#         258       0.00000      4.41      2.00     3   5.6730
#         259       0.00000      4.93      2.00     3   5.6817
#         260       0.00000      4.62      1.00     2   5.6847
#         261       0.00000      5.30      1.00     2   5.6873
#         263       0.00000      4.07      2.00     3   5.6911
#         265       0.00000      4.58      1.00     2   5.7018
#         266       0.00000      4.58      1.00     2   5.7025
#         267       0.00000      5.37      2.00     3   5.7192
#         268       0.00000      4.34      2.00     3   5.7279
#         269       0.00000      4.62      2.00     3   5.7301
#         270       0.00000      4.50      1.00     2   5.7350
#         274       0.00000      4.39      2.00     3   5.7522
#         275       0.00000      7.22      2.00     3   5.7542
#         276       0.00000      4.95      2.00     3   5.7541
#         282       0.00000      5.02      1.00     2   5.7912
#         287       0.00000      5.00      1.00     2   5.8002
#         289       0.00000      4.66      2.00     3   5.8076
#         290       0.00000      4.49      2.00     3   5.8137
#         292       0.00000      4.30      1.00     2   5.8178
#         294       0.00000      4.28      1.00     2   5.8225
#         296       0.00000      5.35      2.00     3   5.8307
#         300       0.00000      8.68      2.00     3   5.8337
#         301       0.00000      8.56      2.00     3   5.8345
#         302       0.00000      4.91      1.00     2   5.8353
#         309       0.00000      4.18      1.00     4   5.8672
#         311       0.00000      4.15      1.00     4   5.8778
#         313       0.00000      4.15      1.00     2   5.8814
#         314       0.00000      4.14      1.00     2   5.8857
#         315       0.00000      4.14      1.00     2   5.8859
#         317       0.00000      4.75      1.00     2   5.8982
#         318       0.00000      5.70      2.00     3   5.9028
#   239/ 298 paths used
#  -----------------------------------------------------------------------
#       k          chi          mag           phase @#
    -0.7000   -3.503444E-01  3.510818E-01 -1.635620E+00
    -0.6500   -3.466877E-01  3.506487E-01 -1.721245E+00
    -0.6000   -3.557935E-01  3.633803E-01 -1.775498E+00
    -0.5500   -3.729170E-01  3.831388E-01 -1.802307E+00
    -0.5000   -3.934494E-01  4.046998E-01 -1.807140E+00
    -0.4500   -4.154256E-01  4.263730E-01 -1.797892E+00
    -0.4000   -4.361599E-01  4.459792E-01 -1.781029E+00
    -0.3500   -4.568376E-01  4.650500E-01 -1.759005E+00
    -0.3000   -4.746151E-01  4.811926E-01 -1.736329E+00
    -0.2500   -4.893450E-01  4.944837E-01 -1.715088E+00
    -0.2000   -5.010838E-01  5.050731E-01 -1.696565E+00
    -0.1500   -5.108349E-01  5.139308E-01 -1.680613E+00
    -0.1000   -5.179020E-01  5.203884E-01 -1.668591E+00
    -0.0500   -5.220767E-01  5.242195E-01 -1.661243E+00
     0.0000   -5.234568E-01  5.254891E-01 -1.658772E+00
     0.0500   -5.248310E-01  5.267550E-01 -1.656292E+00
     0.1000   -5.289172E-01  5.305299E-01 -1.648790E+00
     0.1500   -5.356010E-01  5.367450E-01 -1.636100E+00
     0.2000   -5.446753E-01  5.452821E-01 -1.617977E+00
     0.2500   -5.558195E-01  5.559710E-01 -1.594144E+00
     0.3000   -5.685763E-01  5.685882E-01 -1.564335E+00
     0.3500   -5.827696E-01  5.833118E-01 -1.527679E+00
     0.4000   -5.987811E-01  6.011570E-01 -1.481860E+00
     0.4500   -6.139477E-01  6.201748E-01 -1.428968E+00
     0.5000   -6.269504E-01  6.399246E-01 -1.369087E+00
     0.5500   -6.369577E-01  6.608713E-01 -1.300962E+00
     0.6000   -6.426388E-01  6.836078E-01 -1.222834E+00
     0.6500   -6.406056E-01  7.056825E-01 -1.137964E+00
     0.7000   -6.293018E-01  7.272928E-01 -1.045681E+00
     0.7500   -6.068588E-01  7.497737E-01 -9.431114E-01
     0.8000   -5.707575E-01  7.700265E-01 -8.348831E-01
     0.8500   -5.197485E-01  7.889735E-01 -7.191767E-01
     0.9000   -4.525097E-01  8.064100E-01 -5.957635E-01
     0.9500   -3.701580E-01  8.202622E-01 -4.681856E-01
     1.0000   -2.716335E-01  8.325516E-01 -3.323510E-01
     1.0500   -1.610033E-01  8.409179E-01 -1.926509E-01
     1.1000   -4.084325E-02  8.458416E-01 -4.830590E-02
     1.1500    8.551853E-02  8.475167E-01  1.010769E-01
     1.2000    2.108291E-01  8.447248E-01  2.522498E-01
     1.2500    3.337532E-01  8.392573E-01  4.089835E-01
     1.3000    4.450766E-01  8.294675E-01  5.663804E-01
     1.3500    5.429588E-01  8.167491E-01  7.271999E-01
     1.4000    6.217218E-01  8.007041E-01  8.890427E-01
     1.4500    6.792376E-01  7.819754E-01  1.052405E+00
     1.5000    7.139617E-01  7.610163E-01  1.217302E+00
     1.5500    7.248855E-01  7.379518E-01  1.382336E+00
     1.6000    7.134489E-01  7.136093E-01  1.549593E+00
     1.6500    6.806044E-01  6.878625E-01  1.716195E+00
     1.7000    6.288960E-01  6.615293E-01  1.886205E+00
     1.7500    5.611828E-01  6.343603E-01  2.055863E+00
     1.8000    4.798603E-01  6.066848E-01  2.229225E+00
     1.8500    3.891479E-01  5.783932E-01  2.403594E+00
     1.9000    2.905725E-01  5.491677E-01  2.584036E+00
     1.9500    1.894966E-01  5.189335E-01  2.767782E+00
     2.0000    9.139878E-02  4.876765E-01  2.953061E+00
     2.0500    7.376356E-04  4.552772E-01  3.139972E+00
     2.1000   -7.933332E-02  4.200539E-01  3.331598E+00
     2.1500   -1.437388E-01  3.817232E-01  3.527665E+00
     2.2000   -1.880015E-01  3.423314E-01  3.722975E+00
     2.2500   -2.111778E-01  3.021298E-01  3.915540E+00
     2.3000   -2.130508E-01  2.600456E-01  4.101751E+00
     2.3500   -1.932150E-01  2.136430E-01  4.271523E+00
     2.4000   -1.614673E-01  1.691589E-01  4.409672E+00
     2.4500   -1.257067E-01  1.289355E-01  4.488127E+00
     2.5000   -9.395300E-02  9.701269E-02  4.460571E+00
     2.5500   -7.470032E-02  8.037967E-02  4.334223E+00
     2.6000   -6.505635E-02  7.699759E-02  4.147997E+00
     2.6500   -6.600534E-02  8.521581E-02  4.027623E+00
     2.7000   -7.659544E-02  9.928721E-02  4.022715E+00
     2.7500   -9.039720E-02  1.117619E-01  4.083764E+00
     2.8000   -1.075130E-01  1.242972E-01  4.186677E+00
     2.8500   -1.258034E-01  1.361866E-01  4.319372E+00
     2.9000   -1.426080E-01  1.468190E-01  4.472305E+00
     2.9500   -1.555739E-01  1.560131E-01  4.637344E+00
     3.0000   -1.628024E-01  1.635891E-01  4.810495E+00
     3.0500   -1.629437E-01  1.694046E-01  4.989459E+00
     3.1000   -1.554465E-01  1.734930E-01  5.172549E+00
     3.1500   -1.404741E-01  1.762669E-01  5.360974E+00
     3.2000   -1.186072E-01  1.777065E-01  5.552428E+00
     3.2500   -9.118509E-02  1.777888E-01  5.744644E+00
     3.3000   -5.998181E-02  1.766717E-01  5.936789E+00
     3.3500   -2.653183E-02  1.746093E-01  6.130645E+00
     3.4000    7.281545E-03  1.716392E-01  6.325622E+00
     3.4500    3.930696E-02  1.678398E-01  6.519574E+00
     3.5000    6.796857E-02  1.633763E-01  6.712255E+00
     3.5500    9.247032E-02  1.585952E-01  6.905674E+00
     3.6000    1.119291E-01  1.535068E-01  7.100261E+00
     3.6500    1.253236E-01  1.479596E-01  7.293525E+00
     3.7000    1.325152E-01  1.420636E-01  7.485257E+00
     3.7500    1.338286E-01  1.359485E-01  7.677154E+00
     3.8000    1.295840E-01  1.296007E-01  7.870022E+00
     3.8500    1.203913E-01  1.230080E-01  8.060614E+00
     3.9000    1.073310E-01  1.162598E-01  8.248453E+00
     3.9500    9.158568E-02  1.095483E-01  8.434770E+00
     4.0000    7.415414E-02  1.029806E-01  8.620862E+00
     4.0500    5.622201E-02  9.642635E-02  8.802292E+00
     4.1000    3.887614E-02  9.001659E-02  8.978205E+00
     4.1500    2.286339E-02  8.389443E-02  9.148761E+00
     4.2000    8.582681E-03  7.816045E-02  9.314748E+00
     4.2500   -3.504772E-03  7.292730E-02  9.472855E+00
     4.3000   -1.348653E-02  6.833150E-02  9.623452E+00
     4.3500   -2.172115E-02  6.445673E-02  9.768494E+00
     4.4000   -2.866643E-02  6.128293E-02  9.911546E+00
     4.4500   -3.464606E-02  5.888622E-02  1.005380E+01
     4.5000   -4.000870E-02  5.719908E-02  1.019943E+01
     4.5500   -4.488028E-02  5.608181E-02  1.035251E+01
     4.6000   -4.910311E-02  5.533622E-02  1.051636E+01
     4.6500   -5.229670E-02  5.480372E-02  1.069193E+01
     4.7000   -5.393282E-02  5.429501E-02  1.088001E+01
     4.7500   -5.345135E-02  5.364375E-02  1.108030E+01
     4.8000   -5.044004E-02  5.272532E-02  1.129107E+01
     4.8500   -4.474275E-02  5.145701E-02  1.151215E+01
     4.9000   -3.652538E-02  4.976482E-02  1.174224E+01
     4.9500   -2.636044E-02  4.761866E-02  1.197972E+01
     5.0000   -1.522232E-02  4.506418E-02  1.222180E+01
     5.0500   -4.134700E-03  4.211224E-02  1.246803E+01
     5.1000    5.818365E-03  3.881783E-02  1.271683E+01
     5.1500    1.372843E-02  3.525471E-02  1.296636E+01
     5.2000    1.899297E-02  3.152449E-02  1.321298E+01
     5.2500    2.149835E-02  2.770991E-02  1.345441E+01
     5.3000    2.153337E-02  2.392238E-02  1.368645E+01
     5.3500    1.973031E-02  2.028303E-02  1.390318E+01
     5.4000    1.688901E-02  1.690464E-02  1.409416E+01
     5.4500    1.387036E-02  1.395793E-02  1.424925E+01
     5.5000    1.133356E-02  1.161497E-02  1.435774E+01
     5.5500    9.636104E-03  1.003499E-02  1.442007E+01
     5.6000    8.803170E-03  9.274622E-03  1.445738E+01
     5.6500    8.549705E-03  9.210594E-03  1.451829E+01
     5.7000    8.396792E-03  9.556110E-03  1.463487E+01
     5.7500    7.835185E-03  1.002852E-02  1.481123E+01
     5.8000    6.530483E-03  1.044374E-02  1.503245E+01
     5.8500    4.325483E-03  1.068934E-02  1.529136E+01
     5.9000    1.371998E-03  1.072071E-02  1.557963E+01
     5.9500   -1.920383E-03  1.053401E-02  1.589129E+01
     6.0000   -4.923871E-03  1.013771E-02  1.621513E+01
     6.0500   -7.147631E-03  9.555588E-03  1.655301E+01
     6.1000   -8.213942E-03  8.827047E-03  1.690385E+01
     6.1500   -7.992908E-03  7.993556E-03  1.726602E+01
     6.2000   -6.642282E-03  7.094892E-03  1.763788E+01
     6.2500   -4.559311E-03  6.165878E-03  1.801731E+01
     6.3000   -2.269125E-03  5.234088E-03  1.840115E+01
     6.3500   -2.821731E-04  4.318824E-03  1.878417E+01
     6.4000    1.038807E-03  3.431917E-03  1.915707E+01
     6.4500    1.565205E-03  2.581657E-03  1.950093E+01
     6.5000    1.343539E-03  1.722959E-03  1.974388E+01
     6.5500    7.611839E-04  1.019476E-03  1.969256E+01
     6.6000    2.605926E-04  9.311833E-04  1.913319E+01
     6.6500    2.040499E-04  1.534188E-03  1.898295E+01
     6.7000    7.721484E-04  2.317331E-03  1.918926E+01
     6.7500    1.902208E-03  3.118491E-03  1.950559E+01
     6.8000    3.301756E-03  3.891142E-03  1.986276E+01
     6.8500    4.533085E-03  4.609266E-03  2.023829E+01
     6.9000    5.144206E-03  5.252078E-03  2.062338E+01
     6.9500    4.808088E-03  5.801737E-03  2.101431E+01
     7.0000    3.438572E-03  6.233193E-03  2.140680E+01
     7.0500    1.223503E-03  6.535927E-03  2.180284E+01
     7.1000   -1.414311E-03  6.708260E-03  2.220357E+01
     7.1500   -3.915623E-03  6.752493E-03  2.260973E+01
     7.2000   -5.729610E-03  6.677922E-03  2.302250E+01
     7.2500   -6.455557E-03  6.501146E-03  2.344345E+01
     7.3000   -5.943619E-03  6.245958E-03  2.387436E+01
     7.3500   -4.327979E-03  5.942625E-03  2.431691E+01
     7.4000   -1.985427E-03  5.626172E-03  2.477208E+01
     7.4500    5.664288E-04  5.333147E-03  2.523915E+01
     7.5000    2.793509E-03  5.079137E-03  2.571510E+01
     7.5500    4.274979E-03  4.896827E-03  2.619408E+01
     7.6000    4.801554E-03  4.804886E-03  2.666630E+01
     7.6500    4.386988E-03  4.799048E-03  2.712096E+01
     7.7000    3.226788E-03  4.864336E-03  2.754904E+01
     7.7500    1.612545E-03  4.984703E-03  2.794491E+01
     7.8000   -1.659363E-04  5.152522E-03  2.830654E+01
     7.8500   -1.897431E-03  5.374361E-03  2.863517E+01
     7.9000   -3.480790E-03  5.671507E-03  2.893511E+01
     7.9500   -4.903762E-03  6.074857E-03  2.921377E+01
     8.0000   -6.187661E-03  6.621468E-03  2.948114E+01
     8.0500   -7.302132E-03  7.337470E-03  2.974695E+01
     8.1000   -8.101566E-03  8.225735E-03  3.001910E+01
     8.1500   -8.319452E-03  9.272644E-03  3.030253E+01
     8.2000   -7.618121E-03  1.045038E-02  3.059910E+01
     8.2500   -5.694740E-03  1.172204E-02  3.090863E+01
     8.3000   -2.412260E-03  1.304606E-02  3.122995E+01
     8.3500    2.086529E-03  1.437940E-02  3.156155E+01
     8.4000    7.324038E-03  1.567980E-02  3.190193E+01
     8.4500    1.252101E-02  1.690743E-02  3.224983E+01
     8.5000    1.672928E-02  1.803560E-02  3.260378E+01
     8.5500    1.902531E-02  1.903064E-02  3.296306E+01
     8.6000    1.871973E-02  1.985991E-02  3.332722E+01
     8.6500    1.556116E-02  2.050211E-02  3.369574E+01
     8.7000    9.843532E-03  2.094228E-02  3.406819E+01
     8.7500    2.393234E-03  2.117193E-02  3.444424E+01
     8.8000   -5.571401E-03  2.118885E-02  3.482359E+01
     8.8500   -1.268104E-02  2.099669E-02  3.520597E+01
     8.9000   -1.770218E-02  2.060431E-02  3.559112E+01
     8.9500   -1.980136E-02  2.002493E-02  3.597875E+01
     9.0000   -1.873170E-02  1.928549E-02  3.636854E+01
     9.0500   -1.484957E-02  1.840049E-02  3.676002E+01
     9.1000   -9.033816E-03  1.738221E-02  3.715259E+01
     9.1500   -2.486175E-03  1.625122E-02  3.754552E+01
     9.2000    3.553662E-03  1.502787E-02  3.793784E+01
     9.2500    8.080252E-03  1.373181E-02  3.832823E+01
     9.3000    1.052293E-02  1.238180E-02  3.871485E+01
     9.3500    1.082846E-02  1.099606E-02  3.909509E+01
     9.4000    9.411353E-03  9.593378E-03  3.946502E+01
     9.4500    6.992651E-03  8.195302E-03  3.981852E+01
     9.5000    4.376840E-03  6.837447E-03  4.014604E+01
     9.5500    2.217205E-03  5.561796E-03  4.043066E+01
     9.6000    8.728753E-04  4.442072E-03  4.064292E+01
     9.6500    3.453084E-04  3.624733E-03  4.074530E+01
     9.7000    3.238584E-04  3.318525E-03  4.074296E+01
     9.7500    3.256835E-04  3.614832E-03  4.075049E+01
     9.8000   -1.189372E-04  4.342780E-03  4.086810E+01
     9.8500   -1.292677E-03  5.271751E-03  4.108844E+01
     9.9000   -3.180417E-03  6.254288E-03  4.137417E+01
     9.9500   -5.453902E-03  7.208909E-03  4.169873E+01
    10.0000   -7.571596E-03  8.098335E-03  4.204884E+01
    10.0500   -8.893582E-03  8.893645E-03  4.241527E+01
    10.1000   -8.882152E-03  9.563886E-03  4.279136E+01
    10.1500   -7.295691E-03  1.009291E-02  4.317438E+01
    10.2000   -4.264853E-03  1.046966E-02  4.356274E+01
    10.2500   -2.851887E-04  1.068790E-02  4.395561E+01
    10.3000    3.889316E-03  1.074618E-02  4.435263E+01
    10.3500    7.424098E-03  1.064789E-02  4.475383E+01
    10.4000    9.606223E-03  1.040123E-02  4.515958E+01
    10.4500    1.001754E-02  1.001907E-02  4.557054E+01
    10.5000    8.633766E-03  9.518816E-03  4.598774E+01
    10.5500    5.824733E-03  8.922121E-03  4.641256E+01
    10.6000    2.257659E-03  8.254543E-03  4.684685E+01
    10.6500   -1.269486E-03  7.545161E-03  4.729295E+01
    10.7000   -4.019983E-03  6.826064E-03  4.775361E+01
    10.7500   -5.486322E-03  6.131536E-03  4.823181E+01
    10.8000   -5.493030E-03  5.496458E-03  4.873001E+01
    10.8500   -4.212095E-03  4.953149E-03  4.924876E+01
    10.9000   -2.092549E-03  4.525866E-03  4.978484E+01
    10.9500    2.721155E-04  4.223655E-03  5.032995E+01
    11.0000    2.307406E-03  4.041504E-03  5.087312E+01
    11.0500    3.586886E-03  3.952600E-03  5.140272E+01
    11.1000    3.901305E-03  3.911760E-03  5.190941E+01
    11.1500    3.300786E-03  3.879835E-03  5.238966E+01
    11.2000    2.044117E-03  3.824846E-03  5.284324E+01
    11.2500    5.046137E-04  3.724914E-03  5.327119E+01
    11.3000   -9.418487E-04  3.568412E-03  5.367418E+01
    11.3500   -2.014382E-03  3.353147E-03  5.405151E+01
    11.4000   -2.585044E-03  3.085722E-03  5.440021E+01
    11.4500   -2.685604E-03  2.781724E-03  5.471422E+01
    11.5000   -2.467206E-03  2.467246E-03  5.498359E+01
    11.5500   -2.130176E-03  2.181673E-03  5.519558E+01
    11.6000   -1.848318E-03  1.978516E-03  5.534267E+01
    11.6500   -1.711419E-03  1.913257E-03  5.544134E+01
    11.7000   -1.702138E-03  2.010983E-03  5.553944E+01
    11.7500   -1.711656E-03  2.246210E-03  5.568224E+01
    11.8000   -1.586254E-03  2.565970E-03  5.588223E+01
    11.8500   -1.187997E-03  2.920648E-03  5.612977E+01
    11.9000   -4.493653E-04  3.274143E-03  5.641099E+01
    11.9500    5.952592E-04  3.602156E-03  5.671468E+01
    12.0000    1.816198E-03  3.892847E-03  5.703405E+01
    12.0500    3.011883E-03  4.138831E-03  5.736365E+01
    12.1000    3.950906E-03  4.329688E-03  5.769806E+01
    12.1500    4.446929E-03  4.463080E-03  5.803436E+01
    12.2000    4.397695E-03  4.539633E-03  5.837019E+01
    12.2500    3.806513E-03  4.562643E-03  5.870344E+01
    12.3000    2.775308E-03  4.537877E-03  5.903220E+01
    12.3500    1.473397E-03  4.473420E-03  5.935463E+01
    12.4000    9.299260E-05  4.379508E-03  5.966903E+01
    12.4500   -1.194572E-03  4.268279E-03  5.997392E+01
    12.5000   -2.269404E-03  4.153325E-03  6.026833E+01
    12.5500   -3.073239E-03  4.048879E-03  6.055209E+01
    12.6000   -3.599273E-03  3.968525E-03  6.082626E+01
    12.6500   -3.868373E-03  3.923435E-03  6.109333E+01
    12.7000   -3.902425E-03  3.920480E-03  6.135707E+01
    12.7500   -3.705737E-03  3.960830E-03  6.162191E+01
    12.8000   -3.261848E-03  4.039643E-03  6.189202E+01
    12.8500   -2.546940E-03  4.146997E-03  6.217053E+01
    12.9000   -1.554647E-03  4.269614E-03  6.245917E+01
    12.9500   -3.223295E-04  4.392744E-03  6.275841E+01
    13.0000    1.057626E-03  4.510116E-03  6.306856E+01
    13.0500    2.439564E-03  4.613571E-03  6.338902E+01
    13.1000    3.623087E-03  4.679168E-03  6.371746E+01
    13.1500    4.411905E-03  4.696638E-03  6.405266E+01
    13.2000    4.657648E-03  4.657847E-03  6.439342E+01
    13.2500    4.302069E-03  4.556917E-03  6.473867E+01
    13.3000    3.400454E-03  4.390293E-03  6.508746E+01
    13.3500    2.117621E-03  4.156761E-03  6.543891E+01
    13.4000    6.953500E-04  3.857435E-03  6.579219E+01
    13.4500   -6.016887E-04  3.495693E-03  6.614643E+01
    13.5000   -1.547928E-03  3.077078E-03  6.650057E+01
    13.5500   -2.010377E-03  2.609150E-03  6.685309E+01
    13.6000   -1.978917E-03  2.101327E-03  6.720123E+01
    13.6500   -1.564786E-03  1.564810E-03  6.753875E+01
    13.7000   -9.672265E-04  1.013069E-03  6.784622E+01
    13.7500   -4.170590E-04  4.680128E-04  6.801521E+01
    13.8000   -1.124379E-04  2.023201E-04  6.656270E+01
    13.8500   -1.643111E-04  6.696171E-04  6.622136E+01
    13.9000   -5.665371E-04  1.159597E-03  6.648389E+01
    13.9500   -1.198846E-03  1.609409E-03  6.681383E+01
    14.0000   -1.862001E-03  2.004582E-03  6.716480E+01
    14.0500   -2.337466E-03  2.337892E-03  6.752516E+01
    14.1000   -2.447334E-03  2.602357E-03  6.789115E+01
    14.1500   -2.103876E-03  2.792099E-03  6.826165E+01
    14.2000   -1.336815E-03  2.903367E-03  6.863655E+01
    14.2500   -2.890120E-04  2.934705E-03  6.901640E+01
    14.3000    8.183320E-04  2.887105E-03  6.940242E+01
    14.3500    1.741798E-03  2.764204E-03  6.979675E+01
    14.4000    2.278409E-03  2.572582E-03  7.020293E+01
    14.4500    2.318339E-03  2.322372E-03  7.062689E+01
    14.5000    1.873893E-03  2.028618E-03  7.107893E+01
    14.5500    1.077253E-03  1.714448E-03  7.157722E+01
    14.6000    1.476838E-04  1.418213E-03  7.215231E+01
    14.6500   -6.632887E-04  1.205057E-03  7.283950E+01
    14.7000   -1.134639E-03  1.159976E-03  7.361804E+01
    14.7500   -1.130705E-03  1.315238E-03  7.436355E+01
    14.8000   -6.345724E-04  1.610858E-03  7.499332E+01
    14.8500    2.479039E-04  1.970675E-03  7.552435E+01
    14.9000    1.313831E-03  2.344912E-03  7.599296E+01
    14.9500    2.311809E-03  2.704201E-03  7.642357E+01
    15.0000    3.001760E-03  3.030822E-03  7.683043E+01
    15.0500    3.208535E-03  3.313850E-03  7.722180E+01
    15.1000    2.857252E-03  3.543839E-03  7.760202E+01
    15.1500    1.991817E-03  3.715175E-03  7.797397E+01
    15.2000    7.608858E-04  3.824676E-03  7.833954E+01
    15.2500   -6.172963E-04  3.871305E-03  7.869995E+01
    15.3000   -1.903330E-03  3.855977E-03  7.905605E+01
    15.3500   -2.886694E-03  3.781359E-03  7.940838E+01
    15.4000   -3.426156E-03  3.651677E-03  7.975733E+01
    15.4500   -3.472400E-03  3.472497E-03  8.010314E+01
    15.5000   -3.069421E-03  3.250490E-03  8.044596E+01
    15.5500   -2.336341E-03  2.993182E-03  8.078586E+01
    15.6000   -1.435582E-03  2.708695E-03  8.112282E+01
    15.6500   -5.357754E-04  2.405484E-03  8.145679E+01
    15.7000    2.219002E-04  2.092073E-03  8.178768E+01
    15.7500    7.470321E-04  1.776810E-03  8.211533E+01
    15.8000    1.009204E-03  1.467630E-03  8.243964E+01
    15.8500    1.033067E-03  1.171838E-03  8.276060E+01
    15.9000    8.824508E-04  8.959194E-04  8.307859E+01
    15.9500    6.387930E-04  6.453782E-04  8.339518E+01
    16.0000    3.790455E-04  4.242301E-04  8.371794E+01
    16.0500    1.594722E-04  2.351336E-04  8.407766E+01
    16.1000    1.228217E-05  8.488339E-05  8.467780E+01
    16.1500   -5.861112E-05  6.549679E-05  8.685645E+01
    16.2000   -6.968007E-05  1.498356E-04  8.748091E+01
    16.2500   -4.658140E-05  2.156368E-04  8.774686E+01
    16.3000   -1.258651E-05  2.653751E-04  8.791715E+01
    16.3500    2.003899E-05  3.106539E-04  8.802914E+01
    16.4000    5.357113E-05  3.653889E-04  8.811174E+01
    16.4500    1.027461E-04  4.407398E-04  8.819988E+01
    16.5000    1.881135E-04  5.411965E-04  8.831959E+01
    16.5500    3.270531E-04  6.650364E-04  8.847873E+01
    16.6000    5.251976E-04  8.072065E-04  8.867302E+01
    16.6500    7.707882E-04  9.615657E-04  8.889456E+01
    16.7000    1.033643E-03  1.121918E-03  8.913605E+01
    16.7500    1.269197E-03  1.282385E-03  8.939186E+01
    16.8000    1.426775E-03  1.437540E-03  8.965784E+01
    16.8500    1.460224E-03  1.582476E-03  8.993104E+01
    16.9000    1.338439E-03  1.712860E-03  9.020927E+01
    16.9500    1.053342E-03  1.824977E-03  9.049091E+01
    17.0000    6.224402E-04  1.915205E-03  9.077518E+01
    17.0500    8.881690E-05  1.980459E-03  9.106133E+01
    17.1000   -4.825940E-04  2.020482E-03  9.134737E+01
    17.1500   -1.022190E-03  2.034511E-03  9.163259E+01
    17.2000   -1.465057E-03  2.022526E-03  9.191631E+01
    17.2500   -1.761685E-03  1.985221E-03  9.219786E+01
    17.3000   -1.885441E-03  1.923951E-03  9.247657E+01
    17.3500   -1.835511E-03  1.840646E-03  9.275170E+01
    17.4000   -1.635053E-03  1.737718E-03  9.302244E+01
    17.4500   -1.325321E-03  1.617944E-03  9.328787E+01
    17.5000   -9.572940E-04  1.484332E-03  9.354684E+01
    17.5500   -5.826911E-04  1.339992E-03  9.379791E+01
    17.6000   -2.461483E-04  1.188013E-03  9.403907E+01
    17.6500    2.017893E-05  1.031370E-03  9.426735E+01
    17.7000    1.990447E-04  8.729365E-04  9.447782E+01
    17.7500    2.877786E-04  7.156995E-04  9.466158E+01
    17.8000    2.959547E-04  5.635595E-04  9.480067E+01
    17.8500    2.420804E-04  4.238191E-04  9.485573E+01
    17.9000    1.502317E-04  3.147111E-04  9.474543E+01
    17.9500    4.720861E-05  2.771214E-04  9.441897E+01
    18.0000   -4.012503E-05  3.391479E-04  9.412919E+01
    18.0500   -8.557486E-05  4.672765E-04  9.406360E+01
    18.1000   -6.449506E-05  6.247585E-04  9.414436E+01
    18.1500    4.009161E-05  7.967015E-04  9.429812E+01
    18.2000    2.355731E-04  9.768663E-04  9.449133E+01
    18.2500    5.164731E-04  1.161560E-03  9.470855E+01
    18.3000    8.621414E-04  1.347668E-03  9.494192E+01
    18.3500    1.236507E-03  1.532032E-03  9.518701E+01
    18.4000    1.590750E-03  1.711298E-03  9.544099E+01
    18.4500    1.869160E-03  1.881951E-03  9.570192E+01
    18.5000    2.017595E-03  2.040428E-03  9.596832E+01
    18.5500    1.993172E-03  2.183279E-03  9.623898E+01
    18.6000    1.773207E-03  2.307327E-03  9.651286E+01
    18.6500    1.361351E-03  2.409826E-03  9.678904E+01
    18.7000    7.892814E-04  2.488607E-03  9.706664E+01
    18.7500    1.132037E-04  2.542202E-03  9.734483E+01
    18.8000   -5.944006E-04  2.569941E-03  9.762278E+01
    18.8500   -1.256236E-03  2.572012E-03  9.789966E+01
    18.9000   -1.802520E-03  2.549496E-03  9.817463E+01
    18.9500   -2.181606E-03  2.504356E-03  9.844686E+01
    19.0000   -2.367682E-03  2.440413E-03  9.871542E+01
    19.0500   -2.362453E-03  2.362886E-03  9.897933E+01
    19.1000   -2.186045E-03  2.273261E-03  9.923807E+01
    19.1500   -1.876472E-03  2.176075E-03  9.949113E+01
    19.2000   -1.478438E-03  2.075943E-03  9.973837E+01
    19.2500   -1.034813E-03  1.977187E-03  9.998016E+01
    19.3000   -5.807291E-04  1.883403E-03  1.002175E+02
    19.3500   -1.413655E-04  1.797042E-03  1.004522E+02
    19.4000    2.666320E-04  1.719091E-03  1.006867E+02
    19.4500    6.312771E-04  1.648951E-03  1.009238E+02
    19.5000    9.407879E-04  1.584599E-03  1.011666E+02
    19.5500    1.180509E-03  1.522988E-03  1.014179E+02
    19.6000    1.332635E-03  1.460619E-03  1.016800E+02
    19.6500    1.379170E-03  1.394144E-03  1.019551E+02
    19.7000    1.307386E-03  1.320889E-03  1.022449E+02
    19.7500    1.116110E-03  1.239273E-03  1.025514E+02
    19.8000    8.206913E-04  1.149114E-03  1.028771E+02
    19.8500    4.546935E-04  1.051898E-03  1.032256E+02
    19.9000    6.715963E-05  9.510636E-04  1.036019E+02
    19.9500   -2.845072E-04  8.523816E-04  1.040129E+02