# # tequil.ion_motion                                            FEFF 9.05   
# # POT  SCF  30  5.5000   1, core-hole, AFOLP (folp(0)= 1.150)
# # Abs   Z=30 Rmt= 1.346 Rnm= 1.422 K  shell
# # Pot 1 Z=26 Rmt= 1.298 Rnm= 1.406
# # Pot 2 Z= 8 Rmt= 0.995 Rnm= 1.078
# # Gam_ch=1.897E+00 H-L exch
# # Mu=-1.162E+01 kf=2.179E+00 Vint=-1.902E+01 Rs_int= 1.664
# # PATH  Rmax= 8.500,  Keep_limit= 0.00, Heap_limit 0.00  Pwcrit= 2.50%
#  S02=1.000                                        Global_sig2= 0.00000
#  Energy zero shift, vr, vi   -2.00000E+00   0.00000E+00
#  Curved wave amplitude ratio filter   4.000%
#     file         sig2 tot  cw amp ratio   deg  nlegs   reff  inp sig2
#           1       0.00000    100.00      1.00     2   1.9945
#           2       0.00000     96.87      1.00     2   2.0194
#           3       0.00000     92.97      1.00     2   2.0520
#           4       0.00000     83.54      1.00     2   2.1390
#           5       0.00000     77.67      1.00     2   2.2002
#           6       0.00000     60.23      1.00     2   2.4264
#           7       0.00000     35.63      1.00     2   2.8883
#           8       0.00000     35.41      1.00     2   2.8963
#           9       0.00000     34.81      1.00     2   2.9183
#          10       0.00000     30.36      1.00     2   3.0987
#          11       0.00000     26.90      1.00     2   3.2638
#          12       0.00000     26.54      1.00     2   3.2981
#          13       0.00000     25.37      1.00     2   3.3461
#          14       0.00000     24.91      1.00     2   3.3752
#          15       0.00000     12.15      2.00     3   3.4066
#          16       0.00000     24.30      1.00     2   3.4075
#          17       0.00000     13.33      2.00     3   3.4714
#          18       0.00000      9.00      2.00     3   3.5039
#          19       0.00000     10.50      2.00     3   3.5061
#          20       0.00000      9.29      2.00     3   3.5222
#          21       0.00000      8.63      2.00     3   3.5467
#          22       0.00000      8.12      2.00     3   3.5569
#          23       0.00000     21.39      1.00     2   3.5676
#          24       0.00000     21.64      1.00     2   3.5754
#          25       0.00000      8.15      2.00     3   3.5801
#          26       0.00000     21.17      1.00     2   3.5809
#          27       0.00000     21.13      1.00     2   3.5832
#          28       0.00000      8.76      2.00     3   3.5877
#          29       0.00000      9.18      2.00     3   3.5956
#          30       0.00000      7.21      2.00     3   3.5989
#          31       0.00000     11.30      2.00     3   3.6002
#          32       0.00000      7.76      2.00     3   3.6003
#          33       0.00000     15.92      2.00     3   3.6116
#          34       0.00000      9.56      2.00     3   3.6335
#          35       0.00000     19.05      2.00     3   3.6347
#          36       0.00000      7.32      2.00     3   3.6476
#          37       0.00000     19.94      1.00     2   3.6585
#          38       0.00000     15.76      2.00     3   3.6637
#          39       0.00000     10.09      2.00     3   3.6822
#          40       0.00000      9.51      2.00     3   3.6868
#          41       0.00000     10.43      2.00     3   3.7064
#          42       0.00000      8.41      2.00     3   3.7093
#          43       0.00000      9.41      2.00     3   3.7316
#          44       0.00000     17.45      2.00     3   3.7614
#          45       0.00000     18.97      1.00     2   3.7732
#          46       0.00000     18.72      1.00     2   3.7933
#          47       0.00000     17.76      1.00     2   3.8129
#          48       0.00000      5.08      1.00     4   3.8619
#          49       0.00000     16.71      1.00     2   3.8963
#          50       0.00000     34.91      2.00     2   3.9015
#          51       0.00000      6.42      1.00     4   3.9249
#          52       0.00000     15.53      2.00     3   3.9430
#          53       0.00000      6.20      1.00     4   3.9473
#          54       0.00000      4.46      1.00     4   3.9594
#          55       0.00000     16.67      1.00     2   3.9737
#          56       0.00000      4.20      1.00     4   3.9813
#          57       0.00000      9.50      1.00     4   3.9891
#          58       0.00000      9.19      2.00     3   4.0033
#          59       0.00000     15.39      1.00     2   4.0115
#          60       0.00000      4.18      2.00     4   4.0139
#          61       0.00000     18.76      2.00     3   4.0186
#          62       0.00000      8.90      1.00     4   4.0387
#          63       0.00000     13.00      2.00     3   4.0925
#          64       0.00000      8.18      1.00     4   4.1040
#          65       0.00000      4.73      1.00     4   4.1115
#          66       0.00000      6.02      1.00     4   4.1128
#          67       0.00000      8.06      2.00     3   4.1179
#          68       0.00000      4.87      1.00     4   4.1261
#          69       0.00000     22.75      2.00     3   4.1288
#          70       0.00000      8.22      1.00     4   4.1358
#          71       0.00000     21.14      2.00     3   4.1408
#          72       0.00000      7.29      2.00     3   4.1422
#          73       0.00000     13.15      2.00     3   4.1480
#          74       0.00000      4.03      1.00     4   4.1683
#          75       0.00000      8.42      2.00     3   4.1732
#          76       0.00000     13.72      1.00     2   4.1760
#          77       0.00000     17.56      2.00     4   4.1910
#          78       0.00000     15.41      2.00     4   4.2196
#          79       0.00000     13.25      1.00     2   4.2261
#          80       0.00000      7.69      2.00     3   4.2295
#          81       0.00000     13.21      1.00     2   4.2307
#          82       0.00000      7.63      2.00     3   4.2414
#          83       0.00000     13.05      1.00     2   4.2486
#          84       0.00000      7.24      2.00     3   4.2713
#          85       0.00000      6.58      1.00     4   4.2780
#          86       0.00000      5.32      1.00     4   4.2838
#          87       0.00000      6.86      2.00     3   4.2983
#          88       0.00000      9.90      2.00     3   4.2988
#          89       0.00000      4.77      1.00     4   4.3224
#          90       0.00000     12.21      1.00     2   4.3475
#          91       0.00000      6.68      2.00     3   4.3534
#          92       0.00000      6.69      2.00     3   4.3577
#          93       0.00000     20.31      2.00     3   4.3675
#          94       0.00000      7.38      2.00     3   4.3773
#          95       0.00000     20.68      2.00     3   4.4001
#          96       0.00000      5.68      1.00     4   4.4004
#          97       0.00000     17.78      2.00     4   4.4209
#          98       0.00000      5.98      2.00     3   4.4871
#          99       0.00000     10.28      2.00     3   4.4976
#         100       0.00000     10.92      1.00     4   4.5042
#         101       0.00000      7.23      2.00     3   4.5068
#         102       0.00000     10.92      1.00     2   4.5176
#         103       0.00000     10.87      1.00     2   4.5241
#         104       0.00000     10.77      1.00     2   4.5384
#         105       0.00000     10.18      2.00     3   4.5396
#         106       0.00000      5.66      2.00     3   4.5464
#         107       0.00000     10.65      1.00     2   4.5558
#         108       0.00000     10.64      1.00     2   4.5572
#         109       0.00000      5.71      2.00     3   4.5633
#         110       0.00000      5.49      2.00     3   4.5750
#         112       0.00000      5.00      2.00     3   4.6012
#         113       0.00000      8.50      2.00     3   4.6151
#         114       0.00000      5.19      2.00     3   4.6189
#         115       0.00000     18.91      2.00     3   4.6222
#         116       0.00000      5.66      2.00     3   4.6219
#         117       0.00000     21.33      2.00     3   4.6291
#         118       0.00000      4.91      2.00     3   4.6299
#         119       0.00000     10.15      1.00     2   4.6311
#         120       0.00000     10.06      1.00     2   4.6443
#         121       0.00000     18.24      2.00     3   4.6472
#         122       0.00000      6.97      2.00     3   4.6704
#         123       0.00000      8.95      2.00     3   4.6751
#         124       0.00000     15.87      2.00     3   4.6926
#         125       0.00000      9.71      1.00     2   4.7007
#         126       0.00000     12.52      1.00     4   4.7009
#         128       0.00000      9.57      1.00     2   4.7239
#         129       0.00000     10.52      1.00     4   4.7267
#         131       0.00000      6.16      2.00     3   4.7349
#         132       0.00000     11.73      2.00     3   4.7405
#         133       0.00000      5.30      2.00     3   4.7513
#         134       0.00000     10.02      1.00     4   4.7559
#         135       0.00000      8.07      2.00     3   4.7838
#         136       0.00000      6.35      2.00     3   4.7843
#         137       0.00000      5.34      2.00     3   4.7871
#         138       0.00000     13.74      2.00     3   4.7891
#         139       0.00000      9.12      1.00     2   4.8007
#         140       0.00000      9.08      1.00     2   4.8075
#         142       0.00000      8.28      1.00     4   4.8295
#         143       0.00000      4.03      2.00     3   4.8428
#         146       0.00000      8.98      2.00     3   4.8634
#         147       0.00000      4.79      2.00     3   4.8649
#         148       0.00000      8.70      1.00     2   4.8767
#         149       0.00000     15.66      2.00     3   4.9061
#         151       0.00000      6.47      2.00     4   4.9157
#         152       0.00000      8.44      1.00     2   4.9269
#         153       0.00000     10.65      2.00     3   4.9301
#         155       0.00000      6.84      1.00     4   4.9470
#         157       0.00000      8.32      1.00     2   4.9512
#         158       0.00000     21.80      2.00     3   4.9516
#         159       0.00000     14.29      1.00     4   4.9520
#         160       0.00000      7.82      2.00     3   4.9528
#         161       0.00000      5.31      1.00     4   4.9569
#         162       0.00000      9.28      1.00     2   4.9617
#         163       0.00000      6.74      2.00     3   4.9815
#         166       0.00000      9.09      1.00     2   4.9985
#         167       0.00000      7.85      2.00     3   4.9982
#         168       0.00000      7.75      2.00     3   5.0015
#         170       0.00000      8.53      1.00     4   5.0046
#         172       0.00000      8.96      1.00     2   5.0254
#         173       0.00000      9.33      2.00     3   5.0288
#         174       0.00000     10.91      2.00     3   5.0497
#         176       0.00000     10.05      2.00     3   5.0702
#         183       0.00000      4.85      1.00     4   5.1363
#         184       0.00000      4.81      1.00     4   5.1378
#         185       0.00000      8.68      2.00     3   5.1392
#         186       0.00000      8.33      1.00     2   5.1576
#         187       0.00000      8.64      2.00     3   5.1629
#         188       0.00000      8.21      1.00     2   5.1839
#         189       0.00000      7.65      2.00     3   5.1891
#         190       0.00000      8.03      1.00     2   5.2246
#         191       0.00000      7.03      1.00     2   5.2334
#         192       0.00000      6.99      1.00     2   5.2444
#         193       0.00000     17.22      2.00     3   5.2468
#         194       0.00000      9.02      2.00     3   5.2479
#         195       0.00000     10.68      1.00     4   5.2491
#         197       0.00000      4.04      1.00     4   5.2569
#         200       0.00000      4.54      1.00     4   5.2638
#         201       0.00000      4.05      1.00     4   5.2799
#         203       0.00000      6.97      2.00     3   5.2955
#         204       0.00000      7.14      2.00     3   5.2974
#         205       0.00000      6.77      1.00     2   5.2987
#         207       0.00000      4.28      2.00     3   5.3018
#         209       0.00000     11.06      2.00     3   5.3066
#         210       0.00000      6.01      2.00     3   5.3102
#         211       0.00000      5.80      2.00     3   5.3158
#         212       0.00000      6.01      2.00     4   5.3175
#         213       0.00000     14.66      2.00     3   5.3244
#         214       0.00000      6.34      2.00     3   5.3373
#         215       0.00000      6.61      1.00     2   5.3394
#         219       0.00000      8.35      1.00     4   5.3502
#         220       0.00000      7.41      1.00     2   5.3766
#         223       0.00000      5.26      1.00     4   5.3887
#         225       0.00000      7.27      1.00     2   5.4110
#         226       0.00000      5.88      2.00     3   5.4117
#         227       0.00000      6.07      2.00     3   5.4202
#         228       0.00000      4.00      2.00     4   5.4272
#         233       0.00000      6.20      1.00     2   5.4531
#         235       0.00000      7.04      1.00     2   5.4729
#         239       0.00000      4.67      2.00     3   5.4907
#         241       0.00000      6.89      2.00     3   5.4935
#         242       0.00000      7.75      2.00     3   5.5076
#         243       0.00000      6.00      1.00     2   5.5102
#         244       0.00000      6.88      1.00     2   5.5182
#         245       0.00000      5.45      2.00     3   5.5265
#         246       0.00000      5.90      1.00     2   5.5385
#         249       0.00000      5.82      1.00     2   5.5648
#         250       0.00000      5.80      1.00     2   5.5720
#         252       0.00000      7.90      2.00     3   5.5815
#         253       0.00000      6.62      1.00     2   5.5905
#         255       0.00000      6.28      2.00     3   5.6044
#         257       0.00000      5.15      2.00     3   5.6107
#         259       0.00000      6.54      1.00     2   5.6150
#         260       0.00000      4.22      2.00     3   5.6251
#         261       0.00000      4.01      2.00     3   5.6320
#         262       0.00000      6.47      2.00     3   5.6333
#         264       0.00000      5.55      1.00     2   5.6485
#         265       0.00000      5.51      2.00     3   5.6514
#         266       0.00000      5.32      2.00     3   5.6520
#         270       0.00000      6.44      2.00     3   5.6701
#         271       0.00000      4.19      2.00     3   5.6774
#         273       0.00000      4.41      2.00     3   5.6873
#         277       0.00000      4.24      2.00     3   5.7067
#         278       0.00000      5.05      2.00     3   5.7103
#         282       0.00000      5.34      1.00     2   5.7187
#         283       0.00000      4.50      2.00     3   5.7284
#         284       0.00000      6.20      2.00     3   5.7293
#         290       0.00000      5.24      1.00     2   5.7563
#         296       0.00000      6.03      1.00     2   5.7725
#         298       0.00000      7.60      2.00     3   5.7782
#         305       0.00000      4.46      2.00     3   5.7964
#         309       0.00000      5.86      1.00     2   5.8289
#         310       0.00000      4.76      2.00     3   5.8304
#         312       0.00000      4.27      2.00     3   5.8385
#         313       0.00000      4.13      2.00     3   5.8404
#         317       0.00000      4.11      2.00     3   5.8547
#         318       0.00000      7.85      2.00     3   5.8562
#         320       0.00000      5.75      1.00     2   5.8671
#         321       0.00000      9.31      2.00     3   5.8678
#         323       0.00000      5.73      1.00     2   5.8744
#         325       0.00000      4.88      1.00     2   5.8846
#         331       0.00000      4.22      1.00     4   5.9066
#         332       0.00000      4.70      2.00     3   5.9130
#         335       0.00000      5.60      1.00     2   5.9204
#         336       0.00000      5.59      1.00     2   5.9228
#         338       0.00000      4.77      1.00     2   5.9303
#         343       0.00000      6.04      2.00     3   5.9388
#         345       0.00000      7.28      2.00     3   5.9423
#         347       0.00000      5.34      2.00     3   5.9447
#         349       0.00000      4.91      2.00     4   5.9480
#   249/ 321 paths used
#  -----------------------------------------------------------------------
#       k          chi          mag           phase @#
    -0.7000   -5.212654E-01  5.378503E-01 -1.321817E+00
    -0.6500   -4.893406E-01  5.065444E-01 -1.309426E+00
    -0.6000   -4.698012E-01  4.874388E-01 -1.300965E+00
    -0.5500   -4.573657E-01  4.757930E-01 -1.291575E+00
    -0.5000   -4.502010E-01  4.696777E-01 -1.281805E+00
    -0.4500   -4.460799E-01  4.669569E-01 -1.270644E+00
    -0.4000   -4.441893E-01  4.666070E-01 -1.259561E+00
    -0.3500   -4.430712E-01  4.674841E-01 -1.246195E+00
    -0.3000   -4.428170E-01  4.691875E-01 -1.233931E+00
    -0.2500   -4.429719E-01  4.711879E-01 -1.222974E+00
    -0.2000   -4.432774E-01  4.731442E-01 -1.213586E+00
    -0.1500   -4.435750E-01  4.749383E-01 -1.205347E+00
    -0.1000   -4.438263E-01  4.763520E-01 -1.199118E+00
    -0.0500   -4.439918E-01  4.772399E-01 -1.195319E+00
     0.0000   -4.440491E-01  4.775422E-01 -1.194042E+00
     0.0500   -4.441073E-01  4.778475E-01 -1.192760E+00
     0.1000   -4.442868E-01  4.787812E-01 -1.188884E+00
     0.1500   -4.445985E-01  4.803941E-01 -1.182320E+00
     0.2000   -4.450492E-01  4.827612E-01 -1.172911E+00
     0.2500   -4.456249E-01  4.859700E-01 -1.160444E+00
     0.3000   -4.462725E-01  4.901052E-01 -1.144648E+00
     0.3500   -4.469181E-01  4.953726E-01 -1.124810E+00
     0.4000   -4.474856E-01  5.022950E-01 -1.099283E+00
     0.4500   -4.475345E-01  5.104613E-01 -1.069012E+00
     0.5000   -4.466251E-01  5.198365E-01 -1.033635E+00
     0.5500   -4.442814E-01  5.307703E-01 -9.918693E-01
     0.6000   -4.397592E-01  5.437590E-01 -9.420053E-01
     0.6500   -4.319044E-01  5.577428E-01 -8.857332E-01
     0.7000   -4.196641E-01  5.728552E-01 -8.221093E-01
     0.7500   -4.014523E-01  5.899319E-01 -7.484533E-01
     0.8000   -3.760855E-01  6.072419E-01 -6.678939E-01
     0.8500   -3.420471E-01  6.254096E-01 -5.786772E-01
     0.9000   -2.976533E-01  6.443303E-01 -4.802012E-01
     0.9500   -2.427217E-01  6.623445E-01 -3.751998E-01
     1.0000   -1.748638E-01  6.809143E-01 -2.597174E-01
     1.0500   -9.570589E-02  6.979793E-01 -1.375519E-01
     1.1000   -5.580356E-03  7.136903E-01 -7.819096E-03
     1.1500    9.442614E-02  7.279443E-01  1.300827E-01
     1.2000    1.993109E-01  7.392139E-01  2.730040E-01
     1.2500    3.087905E-01  7.488292E-01  4.250479E-01
     1.3000    4.142659E-01  7.546317E-01  5.811247E-01
     1.3500    5.131835E-01  7.575517E-01  7.442546E-01
     1.4000    5.981603E-01  7.565413E-01  9.118718E-01
     1.4500    6.645304E-01  7.516920E-01  1.084449E+00
     1.5000    7.077401E-01  7.429013E-01  1.261902E+00
     1.5500    7.237517E-01  7.297594E-01  1.442393E+00
     1.6000    7.116062E-01  7.127689E-01  1.627922E+00
     1.6500    6.709221E-01  6.913812E-01  1.814676E+00
     1.7000    6.041626E-01  6.664272E-01  2.006509E+00
     1.7500    5.160494E-01  6.375130E-01  2.198339E+00
     1.8000    4.116001E-01  6.052477E-01  2.393759E+00
     1.8500    2.993299E-01  5.698458E-01  2.588546E+00
     1.9000    1.844964E-01  5.316758E-01  2.787212E+00
     1.9500    7.652127E-02  4.911915E-01  2.985168E+00
     2.0000   -1.675823E-02  4.491995E-01  3.178908E+00
     2.0500   -9.085922E-02  4.064996E-01  3.367013E+00
     2.1000   -1.435887E-01  3.625442E-01  3.548813E+00
     2.1500   -1.741677E-01  3.180365E-01  3.721127E+00
     2.2000   -1.852615E-01  2.756137E-01  3.878739E+00
     2.2500   -1.814069E-01  2.362600E-01  4.017036E+00
     2.3000   -1.669432E-01  1.999953E-01  4.129245E+00
     2.3500   -1.450506E-01  1.663541E-01  4.200741E+00
     2.4000   -1.240782E-01  1.404636E-01  4.224550E+00
     2.4500   -1.082129E-01  1.237529E-01  4.205847E+00
     2.5000   -9.988143E-02  1.163884E-01  4.173294E+00
     2.5500   -1.008141E-01  1.169406E-01  4.180986E+00
     2.6000   -1.056613E-01  1.201134E-01  4.216780E+00
     2.6500   -1.132738E-01  1.247227E-01  4.280569E+00
     2.7000   -1.224259E-01  1.299428E-01  4.370587E+00
     2.7500   -1.304095E-01  1.339956E-01  4.480516E+00
     2.8000   -1.367892E-01  1.376098E-01  4.603125E+00
     2.8500   -1.406179E-01  1.406556E-01  4.735526E+00
     2.9000   -1.411141E-01  1.430069E-01  4.875271E+00
     2.9500   -1.379049E-01  1.446961E-01  5.019980E+00
     3.0000   -1.307816E-01  1.456784E-01  5.168568E+00
     3.0500   -1.198738E-01  1.459894E-01  5.319827E+00
     3.1000   -1.055804E-01  1.457207E-01  5.472820E+00
     3.1500   -8.832352E-02  1.450091E-01  5.628273E+00
     3.2000   -6.861176E-02  1.437742E-01  5.785698E+00
     3.2500   -4.732110E-02  1.420130E-01  5.943472E+00
     3.3000   -2.540493E-02  1.398551E-01  6.100519E+00
     3.3500   -3.475520E-03  1.375929E-01  6.257923E+00
     3.4000    1.789870E-02  1.351836E-01  6.415978E+00
     3.4500    3.794881E-02  1.325921E-01  6.573451E+00
     3.5000    5.616385E-02  1.298991E-01  6.730299E+00
     3.5500    7.236851E-02  1.273177E-01  6.887756E+00
     3.6000    8.628542E-02  1.248548E-01  7.046176E+00
     3.6500    9.744438E-02  1.223610E-01  7.204451E+00
     3.7000    1.056829E-01  1.198575E-01  7.362719E+00
     3.7500    1.109760E-01  1.173869E-01  7.521965E+00
     3.8000    1.132718E-01  1.149463E-01  7.683087E+00
     3.8500    1.124570E-01  1.124614E-01  7.845190E+00
     3.9000    1.086110E-01  1.099173E-01  8.008305E+00
     3.9500    1.019666E-01  1.073963E-01  8.173323E+00
     4.0000    9.273587E-02  1.049511E-01  8.341261E+00
     4.0500    8.111519E-02  1.023870E-01  8.510305E+00
     4.1000    6.754986E-02  9.969692E-02  8.680349E+00
     4.1500    5.255084E-02  9.689079E-02  8.851520E+00
     4.2000    3.667276E-02  9.398421E-02  9.023928E+00
     4.2500    2.059035E-02  9.096326E-02  9.196440E+00
     4.3000    4.908123E-03  8.785515E-02  9.368883E+00
     4.3500   -9.830729E-03  8.469830E-02  9.541108E+00
     4.4000   -2.315979E-02  8.155341E-02  9.712724E+00
     4.4500   -3.475140E-02  7.842952E-02  9.883821E+00
     4.5000   -4.438468E-02  7.535106E-02  1.005465E+01
     4.5500   -5.193993E-02  7.234863E-02  1.022558E+01
     4.6000   -5.741732E-02  6.950033E-02  1.039701E+01
     4.6500   -6.073115E-02  6.670769E-02  1.056904E+01
     4.7000   -6.191001E-02  6.395506E-02  1.074201E+01
     4.7500   -6.104381E-02  6.123715E-02  1.091609E+01
     4.8000   -5.835442E-02  5.862150E-02  1.109107E+01
     4.8500   -5.393537E-02  5.598054E-02  1.126671E+01
     4.9000   -4.808949E-02  5.332910E-02  1.144257E+01
     4.9500   -4.117906E-02  5.069696E-02  1.161836E+01
     5.0000   -3.364422E-02  4.816417E-02  1.179303E+01
     5.0500   -2.580434E-02  4.571367E-02  1.196657E+01
     5.1000   -1.797084E-02  4.339490E-02  1.213939E+01
     5.1500   -1.035893E-02  4.124926E-02  1.231252E+01
     5.2000   -3.150061E-03  3.935498E-02  1.248624E+01
     5.2500    3.653429E-03  3.767659E-02  1.266349E+01
     5.3000    1.004550E-02  3.618803E-02  1.284766E+01
     5.3500    1.595292E-02  3.482098E-02  1.304227E+01
     5.4000    2.111683E-02  3.352743E-02  1.324771E+01
     5.4500    2.525042E-02  3.218685E-02  1.346825E+01
     5.5000    2.790816E-02  3.071426E-02  1.370638E+01
     5.5500    2.861457E-02  2.904631E-02  1.396454E+01
     5.6000    2.703646E-02  2.718705E-02  1.424247E+01
     5.6500    2.302760E-02  2.509252E-02  1.454569E+01
     5.7000    1.681382E-02  2.282108E-02  1.487969E+01
     5.7500    9.026668E-03  2.050238E-02  1.525206E+01
     5.8000    7.395688E-04  1.829207E-02  1.566752E+01
     5.8500   -6.867088E-03  1.648802E-02  1.613754E+01
     5.9000   -1.257493E-02  1.544775E-02  1.665902E+01
     5.9500   -1.539853E-02  1.544115E-02  1.720445E+01
     6.0000   -1.459676E-02  1.626699E-02  1.773589E+01
     6.0500   -1.040329E-02  1.784267E-02  1.822707E+01
     6.1000   -3.548507E-03  1.984309E-02  1.866976E+01
     6.1500    4.792083E-03  2.193909E-02  1.906976E+01
     6.2000    1.321157E-02  2.387926E-02  1.943583E+01
     6.2500    2.036342E-02  2.548932E-02  1.977502E+01
     6.3000    2.523385E-02  2.666055E-02  2.009173E+01
     6.3500    2.732790E-02  2.734217E-02  2.038805E+01
     6.4000    2.672404E-02  2.753889E-02  2.066422E+01
     6.4500    2.398606E-02  2.731245E-02  2.091904E+01
     6.5000    1.982358E-02  2.677680E-02  2.115759E+01
     6.5500    1.517597E-02  2.613993E-02  2.137172E+01
     6.6000    1.072439E-02  2.563561E-02  2.155953E+01
     6.6500    6.712508E-03  2.551705E-02  2.172496E+01
     6.7000    2.948580E-03  2.600252E-02  2.187751E+01
     6.7500   -1.073304E-03  2.720514E-02  2.203061E+01
     6.8000   -5.942274E-03  2.909498E-02  2.219683E+01
     6.8500   -1.205912E-02  3.151961E-02  2.238375E+01
     6.9000   -1.940660E-02  3.426041E-02  2.259333E+01
     6.9500   -2.743440E-02  3.708492E-02  2.282388E+01
     7.0000   -3.519421E-02  3.981245E-02  2.307550E+01
     7.0500   -4.122132E-02  4.224031E-02  2.334185E+01
     7.1000   -4.413639E-02  4.420733E-02  2.361860E+01
     7.1500   -4.296909E-02  4.559691E-02  2.390310E+01
     7.2000   -3.740085E-02  4.632593E-02  2.419311E+01
     7.2500   -2.790104E-02  4.634398E-02  2.448668E+01
     7.3000   -1.567626E-02  4.563244E-02  2.478206E+01
     7.3500   -2.440160E-03  4.420338E-02  2.507751E+01
     7.4000    9.941928E-03  4.209827E-02  2.537115E+01
     7.4500    1.984507E-02  3.938658E-02  2.566080E+01
     7.5000    2.625572E-02  3.620078E-02  2.594418E+01
     7.5500    2.884447E-02  3.263831E-02  2.621658E+01
     7.6000    2.806622E-02  2.883547E-02  2.647203E+01
     7.6500    2.498207E-02  2.498209E-02  2.670236E+01
     7.7000    2.092471E-02  2.131861E-02  2.689607E+01
     7.7500    1.713914E-02  1.815321E-02  2.703936E+01
     7.8000    1.447509E-02  1.585596E-02  2.712397E+01
     7.8500    1.320882E-02  1.475332E-02  2.716520E+01
     7.9000    1.303436E-02  1.489811E-02  2.720910E+01
     7.9500    1.321656E-02  1.597225E-02  2.729975E+01
     8.0000    1.288216E-02  1.754675E-02  2.744990E+01
     8.0500    1.122524E-02  1.920806E-02  2.765019E+01
     8.1000    7.822481E-03  2.067238E-02  2.788626E+01
     8.1500    2.776014E-03  2.178582E-02  2.814656E+01
     8.2000   -3.324455E-03  2.246788E-02  2.842284E+01
     8.2500   -9.559605E-03  2.268817E-02  2.870926E+01
     8.3000   -1.492489E-02  2.245236E-02  2.900147E+01
     8.3500   -1.858869E-02  2.179356E-02  2.929593E+01
     8.4000   -2.009128E-02  2.076648E-02  2.958943E+01
     8.4500   -1.943236E-02  1.944332E-02  2.987870E+01
     8.5000   -1.705476E-02  1.793828E-02  3.016029E+01
     8.5500   -1.362519E-02  1.633694E-02  3.042959E+01
     8.6000   -9.869985E-03  1.473263E-02  3.068180E+01
     8.6500   -6.388380E-03  1.324471E-02  3.091261E+01
     8.7000   -3.498115E-03  1.199334E-02  3.111995E+01
     8.7500   -1.202542E-03  1.108191E-02  3.130720E+01
     8.8000    7.357156E-04  1.056859E-02  3.148560E+01
     8.8500    2.645117E-03  1.044134E-02  3.167205E+01
     8.9000    4.772806E-03  1.062118E-02  3.188198E+01
     8.9500    7.148194E-03  1.099607E-02  3.212360E+01
     9.0000    9.543835E-03  1.147232E-02  3.239845E+01
     9.0500    1.148393E-02  1.196267E-02  3.270286E+01
     9.1000    1.239150E-02  1.240400E-02  3.303160E+01
     9.1500    1.179173E-02  1.276660E-02  3.338005E+01
     9.2000    9.473783E-03  1.303721E-02  3.374405E+01
     9.2500    5.598227E-03  1.321232E-02  3.411998E+01
     9.3000    7.032330E-04  1.329285E-02  3.450459E+01
     9.3500   -4.396628E-03  1.328012E-02  3.489495E+01
     9.4000   -8.793401E-03  1.317341E-02  3.528838E+01
     9.4500   -1.170078E-02  1.296890E-02  3.568241E+01
     9.5000   -1.264392E-02  1.266203E-02  3.607482E+01
     9.5500   -1.156281E-02  1.224493E-02  3.646367E+01
     9.6000   -8.814331E-03  1.170972E-02  3.684690E+01
     9.6500   -5.072265E-03  1.105256E-02  3.722233E+01
     9.7000   -1.145381E-03  1.027424E-02  3.758740E+01
     9.7500    2.227171E-03  9.382567E-03  3.793877E+01
     9.8000    4.548025E-03  8.394948E-03  3.827164E+01
     9.8500    5.656111E-03  7.341972E-03  3.857855E+01
     9.9000    5.722182E-03  6.273286E-03  3.884761E+01
     9.9500    5.153048E-03  5.268161E-03  3.906048E+01
    10.0000    4.451892E-03  4.464189E-03  3.919567E+01
    10.0500    4.024096E-03  4.024971E-03  3.924905E+01
    10.1000    4.060986E-03  4.060992E-03  3.927165E+01
    10.1500    4.510447E-03  4.522839E-03  3.934395E+01
    10.2000    5.097175E-03  5.231011E-03  3.949660E+01
    10.2500    5.428088E-03  6.014286E-03  3.971509E+01
    10.3000    5.134102E-03  6.755772E-03  3.997746E+01
    10.3500    4.002810E-03  7.380717E-03  4.026749E+01
    10.4000    2.060675E-03  7.840831E-03  4.057477E+01
    10.4500   -4.202282E-04  8.105333E-03  4.089257E+01
    10.5000   -2.992270E-03  8.156545E-03  4.121633E+01
    10.5500   -5.157088E-03  7.987724E-03  4.154255E+01
    10.6000   -6.506848E-03  7.601928E-03  4.186808E+01
    10.6500   -6.839230E-03  7.011385E-03  4.218944E+01
    10.7000   -6.211921E-03  6.237324E-03  4.250178E+01
    10.7500   -4.920989E-03  5.310728E-03  4.279699E+01
    10.8000   -3.410384E-03  4.275867E-03  4.305901E+01
    10.8500   -2.140112E-03  3.203501E-03  4.325071E+01
    10.9000   -1.452343E-03  2.242155E-03  4.327768E+01
    10.9500   -1.474641E-03  1.768940E-03  4.299665E+01
    11.0000   -2.092929E-03  2.180611E-03  4.269604E+01
    11.0500   -2.988211E-03  3.123307E-03  4.270669E+01
    11.1000   -3.718674E-03  4.195394E-03  4.289285E+01
    11.1500   -3.864316E-03  5.242240E-03  4.315345E+01
    11.2000   -3.150329E-03  6.195673E-03  4.344889E+01
    11.2500   -1.531099E-03  7.016697E-03  4.376232E+01
    11.3000    7.912910E-04  7.680391E-03  4.408551E+01
    11.3500    3.417747E-03  8.171398E-03  4.441382E+01
    11.4000    5.855882E-03  8.482354E-03  4.474428E+01
    11.4500    7.646111E-03  8.613184E-03  4.507467E+01
    11.5000    8.474369E-03  8.570661E-03  4.540305E+01
    11.5500    8.241061E-03  8.368015E-03  4.572751E+01
    11.6000    7.069779E-03  8.024557E-03  4.604588E+01
    11.6500    5.257233E-03  7.565348E-03  4.635560E+01
    11.7000    3.182485E-03  7.020970E-03  4.665344E+01
    11.7500    1.203998E-03  6.427458E-03  4.693546E+01
    11.8000   -4.254594E-04  5.826290E-03  4.719698E+01
    11.8500   -1.603370E-03  5.263936E-03  4.743340E+01
    11.9000   -2.372447E-03  4.789495E-03  4.764212E+01
    11.9500   -2.872438E-03  4.447913E-03  4.782595E+01
    12.0000   -3.276032E-03  4.274379E-03  4.799716E+01
    12.0500   -3.703182E-03  4.269865E-03  4.817361E+01
    12.1000   -4.165874E-03  4.395539E-03  4.837000E+01
    12.1500   -4.581489E-03  4.604482E-03  4.859471E+01
    12.2000   -4.791725E-03  4.848831E-03  4.884831E+01
    12.2500   -4.621102E-03  5.089366E-03  4.912702E+01
    12.3000   -3.944369E-03  5.297931E-03  4.942568E+01
    12.3500   -2.740298E-03  5.456287E-03  4.973931E+01
    12.4000   -1.114184E-03  5.554028E-03  5.006350E+01
    12.4500    7.183406E-04  5.586679E-03  5.039442E+01
    12.5000    2.481229E-03  5.554241E-03  5.072859E+01
    12.5500    3.906217E-03  5.460210E-03  5.106267E+01
    12.6000    4.798431E-03  5.311067E-03  5.139330E+01
    12.6500    5.079747E-03  5.116205E-03  5.171683E+01
    12.7000    4.797586E-03  4.888331E-03  5.202926E+01
    12.7500    4.097827E-03  4.644283E-03  5.232627E+01
    12.8000    3.171686E-03  4.406096E-03  5.260350E+01
    12.8500    2.194240E-03  4.201690E-03  5.285761E+01
    12.9000    1.274424E-03  4.063861E-03  5.308809E+01
    12.9500    4.321948E-04  4.025767E-03  5.329951E+01
    13.0000   -3.938964E-04  4.118155E-03  5.350287E+01
    13.0500   -1.306654E-03  4.355029E-03  5.371180E+01
    13.1000   -2.382603E-03  4.719536E-03  5.393627E+01
    13.1500   -3.628111E-03  5.187758E-03  5.418158E+01
    13.2000   -4.943173E-03  5.729213E-03  5.444786E+01
    13.2500   -6.123423E-03  6.312713E-03  5.473237E+01
    13.3000   -6.899272E-03  6.909169E-03  5.503140E+01
    13.3500   -7.002826E-03  7.492460E-03  5.534140E+01
    13.4000   -6.244282E-03  8.039525E-03  5.565926E+01
    13.4500   -4.575909E-03  8.530310E-03  5.598247E+01
    13.5000   -2.124528E-03  8.947788E-03  5.630894E+01
    13.5500    8.181987E-04  9.278078E-03  5.663697E+01
    13.6000    3.846820E-03  9.510641E-03  5.696507E+01
    13.6500    6.522297E-03  9.638511E-03  5.729193E+01
    13.7000    8.461308E-03  9.658522E-03  5.761627E+01
    13.7500    9.412303E-03  9.571505E-03  5.793682E+01
    13.8000    9.299882E-03  9.382456E-03  5.825223E+01
    13.8500    8.227821E-03  9.100651E-03  5.856101E+01
    13.9000    6.442159E-03  8.739722E-03  5.886147E+01
    13.9500    4.265995E-03  8.317676E-03  5.915172E+01
    14.0000    2.024394E-03  7.866118E-03  5.942998E+01
    14.0500   -2.993667E-05  7.416472E-03  5.969430E+01
    14.1000   -1.742355E-03  6.982136E-03  5.994247E+01
    14.1500   -3.065753E-03  6.594122E-03  6.017381E+01
    14.2000   -4.043231E-03  6.281962E-03  6.038949E+01
    14.2500   -4.765263E-03  6.068918E-03  6.059327E+01
    14.3000   -5.320579E-03  5.966677E-03  6.079138E+01
    14.3500   -5.755907E-03  5.971972E-03  6.099124E+01
    14.4000   -6.055841E-03  6.067363E-03  6.119942E+01
    14.4500   -6.147332E-03  6.225973E-03  6.142017E+01
    14.5000   -5.925837E-03  6.417627E-03  6.165509E+01
    14.5500   -5.294095E-03  6.613819E-03  6.190379E+01
    14.6000   -4.201437E-03  6.790539E-03  6.216474E+01
    14.6500   -2.672089E-03  6.929301E-03  6.243597E+01
    14.7000   -8.146167E-04  7.017094E-03  6.271550E+01
    14.7500    1.189840E-03  7.045820E-03  6.300154E+01
    14.8000    3.117187E-03  7.011572E-03  6.329256E+01
    14.8500    4.740205E-03  6.913867E-03  6.358729E+01
    14.9000    5.869037E-03  6.754926E-03  6.388473E+01
    14.9500    6.383421E-03  6.538986E-03  6.418408E+01
    15.0000    6.252607E-03  6.274113E-03  6.448547E+01
    15.0500    5.526488E-03  5.967001E-03  6.478931E+01
    15.1000    4.328866E-03  5.619289E-03  6.509404E+01
    15.1500    2.843994E-03  5.238166E-03  6.539952E+01
    15.2000    1.278110E-03  4.830626E-03  6.570567E+01
    15.2500   -1.721788E-04  4.403234E-03  6.601256E+01
    15.3000   -1.346780E-03  3.961999E-03  6.632028E+01
    15.3500   -2.141049E-03  3.512337E-03  6.662898E+01
    15.4000   -2.515248E-03  3.059127E-03  6.693873E+01
    15.4500   -2.494402E-03  2.606823E-03  6.724949E+01
    15.5000   -2.159304E-03  2.159602E-03  6.756085E+01
    15.5500   -1.630108E-03  1.721538E-03  6.787161E+01
    15.6000   -1.044530E-03  1.296772E-03  6.817854E+01
    15.6500   -5.334077E-04  8.898102E-04  6.847221E+01
    15.7000   -1.971382E-04  5.067192E-04  6.871544E+01
    15.7500   -8.704780E-05  1.708949E-04  6.858059E+01
    15.8000   -1.956587E-04  2.317730E-04  6.697848E+01
    15.8500   -4.587585E-04  5.195841E-04  6.705552E+01
    15.9000   -7.700776E-04  7.851427E-04  6.734803E+01
    15.9500   -1.006553E-03  1.017275E-03  6.768955E+01
    16.0000   -1.061907E-03  1.217293E-03  6.805505E+01
    16.0500   -8.702657E-04  1.388724E-03  6.843777E+01
    16.1000   -4.219510E-04  1.527978E-03  6.883525E+01
    16.1500    2.145500E-04  1.639720E-03  6.924626E+01
    16.2000    9.112300E-04  1.730112E-03  6.966974E+01
    16.2500    1.509170E-03  1.806236E-03  7.010414E+01
    16.3000    1.857157E-03  1.875185E-03  7.054706E+01
    16.3500    1.850731E-03  1.942918E-03  7.099512E+01
    16.4000    1.461347E-03  2.013101E-03  7.144426E+01
    16.4500    7.473678E-04  2.086300E-03  7.189026E+01
    16.5000   -1.568537E-04  2.159784E-03  7.232932E+01
    16.5500   -1.071696E-03  2.227990E-03  7.275844E+01
    16.6000   -1.815184E-03  2.283460E-03  7.317552E+01
    16.6500   -2.246854E-03  2.317970E-03  7.357908E+01
    16.7000   -2.300750E-03  2.323640E-03  7.396791E+01
    16.7500   -1.998534E-03  2.293952E-03  7.434054E+01
    16.8000   -1.439098E-03  2.224703E-03  7.469475E+01
    16.8500   -7.676895E-04  2.115038E-03  7.502677E+01
    16.9000   -1.334037E-04  1.968846E-03  7.533041E+01
    16.9500    3.526801E-04  1.796955E-03  7.559577E+01
    17.0000    6.474467E-04  1.622085E-03  7.580881E+01
    17.0500    7.834260E-04  1.481434E-03  7.595544E+01
    17.1000    8.475510E-04  1.422911E-03  7.603629E+01
    17.1500    9.536717E-04  1.493663E-03  7.609074E+01
    17.2000    1.198597E-03  1.703334E-03  7.617878E+01
    17.2500    1.623185E-03  2.021891E-03  7.633021E+01
    17.3000    2.189526E-03  2.407944E-03  7.653980E+01
    17.3500    2.781947E-03  2.826284E-03  7.679166E+01
    17.4000    3.232712E-03  3.249925E-03  7.707199E+01
    17.4500    3.366018E-03  3.657863E-03  7.737119E+01
    17.5000    3.048356E-03  4.033192E-03  7.768292E+01
    17.5500    2.231078E-03  4.362096E-03  7.800292E+01
    17.6000    9.728381E-04  4.633425E-03  7.832828E+01
    17.6500   -5.650509E-04  4.838566E-03  7.865686E+01
    17.7000   -2.149895E-03  4.971451E-03  7.898702E+01
    17.7500   -3.527778E-03  5.028606E-03  7.931738E+01
    17.8000   -4.479664E-03  5.009191E-03  7.964666E+01
    17.8500   -4.868951E-03  4.915019E-03  7.997359E+01
    17.9000   -4.668443E-03  4.750530E-03  8.029678E+01
    17.9500   -3.960420E-03  4.522740E-03  8.061459E+01
    18.0000   -2.912134E-03  4.244100E-03  8.092521E+01
    18.0500   -1.727826E-03  3.931414E-03  8.122638E+01
    18.1000   -5.974855E-04  3.592367E-03  8.151431E+01
    18.1500    3.354749E-04  3.243848E-03  8.178501E+01
    18.2000    1.002830E-03  2.905216E-03  8.203384E+01
    18.2500    1.412801E-03  2.597939E-03  8.225639E+01
    18.3000    1.630514E-03  2.344082E-03  8.245065E+01
    18.3500    1.745238E-03  2.162444E-03  8.262058E+01
    18.4000    1.835214E-03  2.062218E-03  8.277858E+01
    18.4500    1.940787E-03  2.037652E-03  8.294263E+01
    18.5000    2.053306E-03  2.069167E-03  8.312831E+01
    18.5500    2.122075E-03  2.130897E-03  8.334323E+01
    18.6000    2.075997E-03  2.198541E-03  8.358766E+01
    18.6500    1.852274E-03  2.253390E-03  8.385810E+01
    18.7000    1.422764E-03  2.282993E-03  8.415017E+01
    18.7500    8.096915E-04  2.280345E-03  8.446001E+01
    18.8000    8.598102E-05  2.242781E-03  8.478466E+01
    18.8500   -6.397125E-04  2.170984E-03  8.512211E+01
    18.9000   -1.248682E-03  2.068192E-03  8.547120E+01
    18.9500   -1.640981E-03  1.939551E-03  8.583156E+01
    19.0000   -1.760826E-03  1.792994E-03  8.620409E+01
    19.0500   -1.606468E-03  1.638094E-03  8.659062E+01
    19.1000   -1.223171E-03  1.479068E-03  8.699087E+01
    19.1500   -7.011898E-04  1.324044E-03  8.740649E+01
    19.2000   -1.481351E-04  1.180830E-03  8.783881E+01
    19.2500    3.354894E-04  1.056308E-03  8.828780E+01
    19.3000    6.760785E-04  9.555958E-04  8.875054E+01
    19.3500    8.376684E-04  8.810801E-04  8.922017E+01
    19.4000    8.223166E-04  8.317900E-04  8.968646E+01
    19.4500    6.618788E-04  8.037356E-04  9.013863E+01
    19.5000    4.050662E-04  7.912897E-04  9.056878E+01
    19.5500    1.042877E-04  7.888470E-04  9.097360E+01
    19.6000   -1.941188E-04  7.918813E-04  9.135385E+01
    19.6500   -4.545943E-04  7.971408E-04  9.171303E+01
    19.7000   -6.525075E-04  8.022578E-04  9.205606E+01
    19.7500   -7.718474E-04  8.051705E-04  9.238828E+01
    19.8000   -8.030662E-04  8.036457E-04  9.271496E+01
    19.8500   -7.429780E-04  7.950465E-04  9.304090E+01
    19.9000   -5.970862E-04  7.763629E-04  9.337038E+01
    19.9500   -3.830207E-04  7.444541E-04  9.370736E+01