# # tequil.ion_motion                                            FEFF 9.05   
# # POT  SCF  30  5.5000   1, core-hole, AFOLP (folp(0)= 1.150)
# # Abs   Z=30 Rmt= 1.250 Rnm= 1.390 K  shell
# # Pot 1 Z=26 Rmt= 1.251 Rnm= 1.368
# # Pot 2 Z= 8 Rmt= 1.003 Rnm= 1.077
# # Gam_ch=1.897E+00 H-L exch
# # Mu=-1.165E+01 kf=2.238E+00 Vint=-1.949E+01 Rs_int= 1.621
# # PATH  Rmax= 8.500,  Keep_limit= 0.00, Heap_limit 0.00  Pwcrit= 2.50%
#  S02=1.000                                        Global_sig2= 0.00000
#  Energy zero shift, vr, vi   -2.00000E+00   0.00000E+00
#  Curved wave amplitude ratio filter   4.000%
#     file         sig2 tot  cw amp ratio   deg  nlegs   reff  inp sig2
#           1       0.00000    100.00      1.00     2   1.9027
#           2       0.00000     98.40      1.00     2   1.9149
#           3       0.00000     97.03      1.00     2   1.9255
#           4       0.00000     63.10      1.00     2   2.2795
#           5       0.00000     53.67      1.00     2   2.4270
#           6       0.00000     46.46      1.00     2   2.5654
#           7       0.00000     33.65      1.00     2   2.8385
#           8       0.00000     29.04      1.00     2   3.0340
#           9       0.00000     28.55      1.00     2   3.0570
#          10       0.00000     25.63      1.00     2   3.2041
#          11       0.00000     24.33      1.00     2   3.2760
#          12       0.00000     24.11      1.00     2   3.2888
#          13       0.00000     23.82      1.00     2   3.3060
#          14       0.00000     23.43      1.00     2   3.3185
#          15       0.00000     12.27      2.00     3   3.3248
#          16       0.00000     22.69      1.00     2   3.3582
#          17       0.00000     22.20      1.00     2   3.3850
#          18       0.00000      8.22      2.00     3   3.4095
#          19       0.00000     21.73      1.00     2   3.4122
#          20       0.00000     21.44      1.00     2   3.4290
#          21       0.00000     12.94      2.00     3   3.4597
#          22       0.00000     20.83      1.00     2   3.4653
#          23       0.00000     10.96      2.00     3   3.4667
#          24       0.00000      8.84      2.00     3   3.4705
#          25       0.00000     17.99      2.00     3   3.4847
#          26       0.00000      9.93      2.00     3   3.5071
#          27       0.00000     10.89      2.00     3   3.5213
#          28       0.00000     20.29      1.00     2   3.5330
#          29       0.00000     10.47      2.00     3   3.5533
#          30       0.00000      8.51      2.00     3   3.5646
#          31       0.00000     12.78      2.00     3   3.5747
#          32       0.00000     15.00      2.00     3   3.5959
#          33       0.00000     15.22      2.00     3   3.6006
#          34       0.00000     18.48      1.00     2   3.6692
#          35       0.00000      7.18      2.00     3   3.6796
#          36       0.00000      8.29      2.00     3   3.7159
#          37       0.00000     17.87      1.00     2   3.7185
#          38       0.00000      6.12      2.00     3   3.7506
#          39       0.00000      4.82      1.00     4   3.7654
#          40       0.00000      7.15      2.00     3   3.7783
#          41       0.00000     10.08      1.00     4   3.8054
#          42       0.00000      6.37      1.00     4   3.8111
#          43       0.00000     12.46      2.00     3   3.8163
#          45       0.00000      9.75      1.00     4   3.8298
#          46       0.00000     16.58      1.00     2   3.8307
#          47       0.00000     15.44      2.00     3   3.8325
#          48       0.00000      5.25      2.00     4   3.8404
#          49       0.00000      9.47      1.00     4   3.8510
#          50       0.00000      4.95      1.00     4   3.8854
#          51       0.00000      4.15      1.00     4   3.8951
#          52       0.00000     15.87      1.00     2   3.8966
#          53       0.00000      5.81      2.00     3   3.8971
#          54       0.00000     15.00      1.00     2   3.9018
#          55       0.00000      4.07      1.00     4   3.9031
#          56       0.00000      5.48      2.00     3   3.9285
#          57       0.00000     14.43      1.00     2   3.9557
#          58       0.00000      9.61      2.00     3   3.9649
#          59       0.00000     15.07      1.00     2   3.9757
#          60       0.00000      4.30      1.00     4   3.9855
#          61       0.00000      6.57      1.00     4   3.9958
#          62       0.00000      8.51      2.00     3   4.0168
#          63       0.00000      8.53      2.00     3   4.0272
#          64       0.00000      8.71      2.00     3   4.0356
#          65       0.00000     11.41      2.00     3   4.0545
#          66       0.00000     13.43      1.00     2   4.0580
#          67       0.00000      7.42      2.00     3   4.0815
#          68       0.00000      7.42      2.00     3   4.0975
#          70       0.00000     20.59      2.00     3   4.1200
#          71       0.00000      7.09      2.00     3   4.1494
#          72       0.00000     10.18      2.00     3   4.1755
#          73       0.00000      6.83      2.00     3   4.1826
#          74       0.00000     13.89      2.00     4   4.1822
#          75       0.00000      9.89      2.00     3   4.2134
#          76       0.00000     16.71      2.00     3   4.2564
#          78       0.00000      9.34      2.00     3   4.2818
#          79       0.00000     10.04      2.00     3   4.2973
#          80       0.00000     10.18      2.00     4   4.3419
#          81       0.00000     10.90      1.00     2   4.3649
#          82       0.00000     10.83      1.00     2   4.3750
#          83       0.00000     14.09      2.00     3   4.3899
#          84       0.00000     10.59      1.00     2   4.4098
#          85       0.00000     10.44      1.00     2   4.4312
#          88       0.00000     10.24      1.00     2   4.4606
#          89       0.00000     23.22      2.00     3   4.4670
#          90       0.00000     10.18      1.00     2   4.4703
#          91       0.00000     10.15      1.00     2   4.4745
#          92       0.00000      8.03      2.00     4   4.4909
#          94       0.00000      6.75      2.00     3   4.5204
#          95       0.00000     15.60      2.00     3   4.5219
#          96       0.00000     14.43      1.00     4   4.5242
#          97       0.00000      9.70      1.00     2   4.5437
#          99       0.00000     14.69      2.00     3   4.5825
#         100       0.00000      9.46      1.00     2   4.5844
#         101       0.00000      9.43      1.00     2   4.5894
#         102       0.00000      7.23      2.00     3   4.6114
#         103       0.00000      9.24      1.00     2   4.6199
#         105       0.00000     20.91      2.00     3   4.6397
#         106       0.00000      9.08      1.00     2   4.6490
#         107       0.00000      4.55      2.00     3   4.6493
#         108       0.00000      4.24      2.00     3   4.6593
#         109       0.00000     12.29      2.00     3   4.6606
#         111       0.00000      8.14      1.00     4   4.6688
#         112       0.00000      4.07      2.00     3   4.6736
#         113       0.00000     12.94      1.00     4   4.6900
#         114       0.00000      4.20      2.00     3   4.6913
#         115       0.00000     13.69      2.00     3   4.6924
#         116       0.00000     15.00      2.00     3   4.7060
#         117       0.00000      8.74      1.00     2   4.7091
#         118       0.00000      8.73      1.00     2   4.7103
#         119       0.00000      7.57      1.00     4   4.7337
#         121       0.00000      8.53      1.00     2   4.7480
#         122       0.00000      5.42      2.00     3   4.7512
#         124       0.00000      6.55      2.00     3   4.7556
#         125       0.00000      8.34      1.00     2   4.7855
#         127       0.00000     15.23      2.00     3   4.8075
#         128       0.00000      5.66      2.00     3   4.8076
#         129       0.00000      8.22      1.00     2   4.8091
#         130       0.00000      4.44      2.00     3   4.8124
#         131       0.00000      4.86      2.00     4   4.8194
#         132       0.00000     11.49      2.00     3   4.8221
#         133       0.00000      8.09      1.00     4   4.8277
#         134       0.00000      7.04      1.00     4   4.8410
#         135       0.00000      6.29      2.00     3   4.8447
#         136       0.00000      5.91      1.00     4   4.8467
#         138       0.00000      5.77      2.00     3   4.8581
#         139       0.00000      8.96      2.00     3   4.8630
#         140       0.00000      6.07      2.00     3   4.8637
#         141       0.00000      4.19      2.00     3   4.8659
#         142       0.00000      6.05      2.00     3   4.8659
#         143       0.00000      7.57      2.00     3   4.8747
#         144       0.00000      6.68      2.00     3   4.8761
#         145       0.00000      8.45      1.00     4   4.9058
#         146       0.00000      5.15      2.00     3   4.9171
#         148       0.00000      4.58      2.00     3   4.9350
#         149       0.00000      4.39      2.00     4   4.9489
#         151       0.00000      7.51      1.00     2   4.9577
#         155       0.00000      5.64      1.00     4   4.9952
#         157       0.00000      8.06      1.00     2   5.0094
#         158       0.00000      6.59      2.00     3   5.0267
#         159       0.00000      7.21      2.00     3   5.0269
#         160       0.00000      7.02      2.00     3   5.0383
#         161       0.00000      7.87      1.00     2   5.0508
#         162       0.00000      7.85      1.00     2   5.0556
#         163       0.00000     12.50      2.00     3   5.0780
#         165       0.00000      6.18      2.00     3   5.1083
#         166       0.00000      4.19      2.00     4   5.1089
#         168       0.00000      6.79      1.00     2   5.1259
#         170       0.00000      7.53      1.00     2   5.1295
#         171       0.00000     16.46      2.00     3   5.1319
#         173       0.00000     10.12      1.00     4   5.1379
#         176       0.00000      6.27      1.00     4   5.1465
#         177       0.00000      7.45      1.00     2   5.1505
#         178       0.00000      7.34      1.00     2   5.1754
#         180       0.00000      8.41      2.00     3   5.1759
#         181       0.00000      8.35      2.00     3   5.1786
#         182       0.00000      7.30      1.00     2   5.1861
#         183       0.00000      5.06      2.00     3   5.1948
#         184       0.00000     11.52      2.00     3   5.1997
#         185       0.00000      6.50      1.00     2   5.2019
#         186       0.00000     15.67      2.00     3   5.2038
#         187       0.00000      9.53      1.00     4   5.2058
#         188       0.00000      6.13      2.00     3   5.2090
#         190       0.00000      6.43      1.00     2   5.2210
#         191       0.00000      6.42      1.00     2   5.2228
#         193       0.00000      8.77      2.00     3   5.2373
#         194       0.00000      7.07      1.00     2   5.2447
#         199       0.00000      4.74      2.00     4   5.2610
#         201       0.00000      8.27      2.00     3   5.2679
#         202       0.00000      5.75      1.00     4   5.2699
#         204       0.00000      6.31      2.00     3   5.2860
#         205       0.00000      8.23      2.00     3   5.2935
#         206       0.00000      4.01      1.00     4   5.3010
#         207       0.00000      7.85      2.00     3   5.3067
#         208       0.00000      6.08      1.00     2   5.3166
#         209       0.00000      4.89      2.00     3   5.3241
#         212       0.00000      8.43      2.00     3   5.3298
#         214       0.00000      4.19      2.00     3   5.3335
#         216       0.00000      5.61      2.00     3   5.3416
#         218       0.00000      4.93      2.00     4   5.3545
#         219       0.00000      6.66      1.00     2   5.3552
#         224       0.00000      4.54      2.00     4   5.3802
#         225       0.00000      5.84      1.00     2   5.3873
#         226       0.00000      5.83      1.00     2   5.3902
#         227       0.00000     13.35      2.00     3   5.3971
#         228       0.00000      7.79      1.00     4   5.4040
#         231       0.00000      5.69      1.00     2   5.4324
#         232       0.00000      8.34      2.00     3   5.4322
#         234       0.00000      5.64      1.00     2   5.4494
#         235       0.00000      4.25      2.00     3   5.4823
#         236       0.00000      5.53      1.00     2   5.4858
#         238       0.00000      4.62      2.00     3   5.5060
#         241       0.00000      4.12      2.00     3   5.5286
#         242       0.00000      6.32      2.00     3   5.5349
#         243       0.00000      4.96      2.00     3   5.5362
#         245       0.00000      4.63      2.00     3   5.5458
#         247       0.00000      4.45      2.00     3   5.5627
#         248       0.00000      5.29      1.00     2   5.5644
#         251       0.00000      6.02      2.00     3   5.5849
#         253       0.00000      4.03      2.00     3   5.5937
#         254       0.00000      4.01      2.00     3   5.6029
#         255       0.00000      6.38      2.00     3   5.6088
#         260       0.00000      5.72      1.00     2   5.6408
#         263       0.00000      4.61      2.00     3   5.6502
#         264       0.00000      4.21      2.00     3   5.6535
#         270       0.00000      4.80      2.00     3   5.7156
#         271       0.00000      4.87      1.00     2   5.7161
#         272       0.00000      4.09      2.00     3   5.7171
#         274       0.00000      4.11      2.00     3   5.7263
#         279       0.00000      5.42      1.00     2   5.7461
#         280       0.00000      6.13      2.00     3   5.7564
#         281       0.00000      5.91      2.00     3   5.7592
#         283       0.00000      4.58      2.00     4   5.7721
#         284       0.00000      4.49      2.00     3   5.7728
#         286       0.00000      4.13      2.00     3   5.7756
#         289       0.00000      4.94      2.00     3   5.7939
#         291       0.00000      5.26      1.00     2   5.8040
#         298       0.00000      4.56      1.00     2   5.8386
#         300       0.00000      5.15      1.00     2   5.8468
#         301       0.00000      4.53      1.00     2   5.8509
#         303       0.00000      5.63      2.00     3   5.8610
#         306       0.00000      5.10      1.00     2   5.8648
#         309       0.00000      5.43      2.00     3   5.8817
#         310       0.00000      4.45      1.00     2   5.8823
#         314       0.00000      5.06      2.00     3   5.8992
#         315       0.00000      4.41      1.00     2   5.9012
#         316       0.00000      5.85      2.00     3   5.9094
#         319       0.00000      4.98      1.00     2   5.9129
#         320       0.00000      7.33      2.00     3   5.9172
#         321       0.00000      4.96      1.00     2   5.9221
#         323       0.00000      4.68      2.00     3   5.9381
#   230/ 286 paths used
#  -----------------------------------------------------------------------
#       k          chi          mag           phase @#
    -0.7000   -4.726199E-01  4.760353E-01 -1.690658E+00
    -0.6500   -4.775687E-01  4.795486E-01 -1.661696E+00
    -0.6000   -4.834031E-01  4.841095E-01 -1.624828E+00
    -0.5500   -4.885289E-01  4.885611E-01 -1.582274E+00
    -0.5000   -4.919920E-01  4.922288E-01 -1.539776E+00
    -0.4500   -4.938245E-01  4.951385E-01 -1.497925E+00
    -0.4000   -4.942691E-01  4.973029E-01 -1.460281E+00
    -0.3500   -4.938300E-01  4.991894E-01 -1.424131E+00
    -0.3000   -4.926461E-01  5.005313E-01 -1.393060E+00
    -0.2500   -4.910749E-01  5.014545E-01 -1.366979E+00
    -0.2000   -4.894116E-01  5.020670E-01 -1.345793E+00
    -0.1500   -4.879381E-01  5.026347E-01 -1.328381E+00
    -0.1000   -4.867679E-01  5.030473E-01 -1.315697E+00
    -0.0500   -4.860127E-01  5.032772E-01 -1.308110E+00
     0.0000   -4.857523E-01  5.033509E-01 -1.305585E+00
     0.0500   -4.854874E-01  5.034231E-01 -1.303061E+00
     0.1000   -4.846670E-01  5.036310E-01 -1.295503E+00
     0.1500   -4.832140E-01  5.039486E-01 -1.282944E+00
     0.2000   -4.810031E-01  5.043329E-01 -1.265445E+00
     0.2500   -4.778656E-01  5.047254E-01 -1.243091E+00
     0.3000   -4.735967E-01  5.050537E-01 -1.215995E+00
     0.3500   -4.679941E-01  5.053726E-01 -1.183776E+00
     0.4000   -4.608322E-01  5.060150E-01 -1.144996E+00
     0.4500   -4.516924E-01  5.064177E-01 -1.101610E+00
     0.5000   -4.402972E-01  5.064812E-01 -1.053837E+00
     0.5500   -4.264072E-01  5.064775E-01 -1.000808E+00
     0.6000   -4.096434E-01  5.067855E-01 -9.412879E-01
     0.6500   -3.897057E-01  5.065681E-01 -8.777535E-01
     0.7000   -3.663932E-01  5.060522E-01 -8.096163E-01
     0.7500   -3.391779E-01  5.060176E-01 -7.345977E-01
     0.8000   -3.081887E-01  5.053023E-01 -6.559465E-01
     0.8500   -2.731161E-01  5.045753E-01 -5.719578E-01
     0.9000   -2.336471E-01  5.039670E-01 -4.820718E-01
     0.9500   -1.905103E-01  5.025285E-01 -3.888273E-01
     1.0000   -1.425503E-01  5.015221E-01 -2.882088E-01
     1.0500   -9.124362E-02  4.997345E-01 -1.836142E-01
     1.1000   -3.671408E-02  4.974796E-01 -7.386732E-02
     1.1500    2.075188E-02  4.948702E-01  4.194628E-02
     1.2000    7.876801E-02  4.910744E-01  1.610952E-01
     1.2500    1.383051E-01  4.870568E-01  2.879227E-01
     1.3000    1.953895E-01  4.815788E-01  4.177741E-01
     1.3500    2.499719E-01  4.752559E-01  5.538592E-01
     1.4000    2.990286E-01  4.675250E-01  6.939767E-01
     1.4500    3.410143E-01  4.584471E-01  8.388073E-01
     1.5000    3.741279E-01  4.479477E-01  9.885044E-01
     1.5500    3.962526E-01  4.357975E-01  1.141499E+00
     1.6000    4.067649E-01  4.221679E-01  1.299837E+00
     1.6500    4.043059E-01  4.067928E-01  1.460165E+00
     1.7000    3.893346E-01  3.899300E-01  1.626064E+00
     1.7500    3.622676E-01  3.714141E-01  1.793182E+00
     1.8000    3.243656E-01  3.512770E-01  1.964773E+00
     1.8500    2.782012E-01  3.297130E-01  2.137328E+00
     1.9000    2.257188E-01  3.065803E-01  2.314086E+00
     1.9500    1.707911E-01  2.821904E-01  2.491533E+00
     2.0000    1.174139E-01  2.570096E-01  2.667146E+00
     2.0500    6.874340E-02  2.313921E-01  2.839953E+00
     2.1000    2.696430E-02  2.047666E-01  3.009526E+00
     2.1500   -5.322726E-03  1.774139E-01  3.171599E+00
     2.2000   -2.684177E-02  1.509917E-01  3.320312E+00
     2.2500   -3.821603E-02  1.260587E-01  3.449600E+00
     2.3000   -4.034202E-02  1.027184E-01  3.545206E+00
     2.3500   -3.412666E-02  8.143220E-02  3.574025E+00
     2.4000   -2.488748E-02  6.547222E-02  3.531522E+00
     2.4500   -1.544466E-02  5.586384E-02  3.421711E+00
     2.5000   -7.817974E-03  5.263470E-02  3.290677E+00
     2.5500   -3.682459E-03  5.708595E-02  3.206145E+00
     2.6000   -3.624738E-03  6.319874E-02  3.198979E+00
     2.6500   -7.054716E-03  6.909077E-02  3.243879E+00
     2.7000   -1.290164E-02  7.399844E-02  3.316838E+00
     2.7500   -2.232386E-02  7.821314E-02  3.431041E+00
     2.8000   -3.305799E-02  8.148426E-02  3.559335E+00
     2.8500   -4.395098E-02  8.377689E-02  3.693861E+00
     2.9000   -5.418301E-02  8.518707E-02  3.830958E+00
     2.9500   -6.349357E-02  8.582533E-02  3.974366E+00
     3.0000   -7.103326E-02  8.570328E-02  4.118602E+00
     3.0500   -7.645240E-02  8.497244E-02  4.260747E+00
     3.1000   -7.973875E-02  8.379019E-02  4.400149E+00
     3.1500   -8.070090E-02  8.201650E-02  4.533036E+00
     3.2000   -7.994995E-02  8.004876E-02  4.662697E+00
     3.2500   -7.766810E-02  7.790825E-02  4.790927E+00
     3.3000   -7.399316E-02  7.551869E-02  4.913730E+00
     3.3500   -6.971786E-02  7.333185E-02  5.027644E+00
     3.4000   -6.523011E-02  7.158283E-02  5.136868E+00
     3.4500   -6.050675E-02  7.016312E-02  5.243248E+00
     3.5000   -5.557098E-02  6.906996E-02  5.348250E+00
     3.5500   -5.056504E-02  6.840094E-02  5.451237E+00
     3.6000   -4.545947E-02  6.820955E-02  5.553724E+00
     3.6500   -3.992995E-02  6.831608E-02  5.658936E+00
     3.7000   -3.386421E-02  6.865585E-02  5.767368E+00
     3.7500   -2.728516E-02  6.937874E-02  5.878991E+00
     3.8000   -2.006953E-02  7.057252E-02  5.994824E+00
     3.8500   -1.200683E-02  7.190080E-02  6.115408E+00
     3.9000   -3.124070E-03  7.334509E-02  6.240578E+00
     3.9500    6.576447E-03  7.503629E-02  6.370941E+00
     4.0000    1.719499E-02  7.710121E-02  6.508095E+00
     4.0500    2.851450E-02  7.921804E-02  6.651399E+00
     4.1000    4.026631E-02  8.134254E-02  6.801045E+00
     4.1500    5.216359E-02  8.351386E-02  6.957817E+00
     4.2000    6.390746E-02  8.580613E-02  7.123404E+00
     4.2500    7.449902E-02  8.779131E-02  7.296504E+00
     4.3000    8.305436E-02  8.933946E-02  7.476645E+00
     4.3500    8.879787E-02  9.043077E-02  7.663658E+00
     4.4000    9.119782E-02  9.119887E-02  7.858787E+00
     4.4500    8.928644E-02  9.120534E-02  8.059474E+00
     4.5000    8.284330E-02  9.036013E-02  8.264754E+00
     4.5500    7.216390E-02  8.864900E-02  8.473702E+00
     4.6000    5.804364E-02  8.621027E-02  8.686142E+00
     4.6500    4.150930E-02  8.286071E-02  8.900079E+00
     4.7000    2.402360E-02  7.862355E-02  9.114260E+00
     4.7500    7.186770E-03  7.358491E-02  9.326956E+00
     4.8000   -7.571602E-03  6.803537E-02  9.536298E+00
     4.8500   -1.914893E-02  6.193443E-02  9.739109E+00
     4.9000   -2.694218E-02  5.546736E-02  9.931976E+00
     4.9500   -3.093203E-02  4.886174E-02  1.011027E+01
     5.0000   -3.170459E-02  4.247348E-02  1.026750E+01
     5.0500   -3.013386E-02  3.651956E-02  1.039523E+01
     5.1000   -2.735588E-02  3.135387E-02  1.048505E+01
     5.1500   -2.446465E-02  2.734598E-02  1.053239E+01
     5.2000   -2.241651E-02  2.491001E-02  1.054432E+01
     5.2500   -2.158399E-02  2.395145E-02  1.054721E+01
     5.3000   -2.199193E-02  2.414266E-02  1.057028E+01
     5.3500   -2.330166E-02  2.496126E-02  1.062887E+01
     5.4000   -2.506776E-02  2.602256E-02  1.072385E+01
     5.4500   -2.657529E-02  2.687932E-02  1.084503E+01
     5.5000   -2.733687E-02  2.733943E-02  1.098189E+01
     5.5500   -2.711263E-02  2.734109E-02  1.112494E+01
     5.6000   -2.601489E-02  2.700153E-02  1.126674E+01
     5.6500   -2.425867E-02  2.638170E-02  1.139950E+01
     5.7000   -2.223634E-02  2.566486E-02  1.151840E+01
     5.7500   -2.031655E-02  2.507583E-02  1.162187E+01
     5.8000   -1.880140E-02  2.495450E-02  1.171311E+01
     5.8500   -1.757101E-02  2.537357E-02  1.180143E+01
     5.9000   -1.633242E-02  2.635374E-02  1.189796E+01
     5.9500   -1.464325E-02  2.780035E-02  1.201162E+01
     6.0000   -1.203703E-02  2.975844E-02  1.214995E+01
     6.0500   -8.042555E-03  3.183174E-02  1.231094E+01
     6.1000   -2.551385E-03  3.378153E-02  1.249077E+01
     6.1500    4.199320E-03  3.543746E-02  1.268515E+01
     6.2000    1.165867E-02  3.667460E-02  1.288988E+01
     6.2500    1.906850E-02  3.741425E-02  1.310116E+01
     6.3000    2.562317E-02  3.762228E-02  1.331558E+01
     6.3500    3.063995E-02  3.730655E-02  1.353006E+01
     6.4000    3.369556E-02  3.651384E-02  1.374170E+01
     6.4500    3.469431E-02  3.532597E-02  1.394778E+01
     6.5000    3.405223E-02  3.405497E-02  1.414987E+01
     6.5500    3.197102E-02  3.266038E-02  1.434299E+01
     6.6000    2.891123E-02  3.123302E-02  1.452518E+01
     6.6500    2.534423E-02  2.990676E-02  1.469682E+01
     6.7000    2.158988E-02  2.878961E-02  1.486002E+01
     6.7500    1.777149E-02  2.794360E-02  1.501869E+01
     6.8000    1.384182E-02  2.737154E-02  1.517777E+01
     6.8500    9.665969E-03  2.701782E-02  1.534209E+01
     6.9000    5.130675E-03  2.678395E-02  1.551521E+01
     6.9500    2.423075E-04  2.655248E-02  1.569884E+01
     7.0000   -4.880864E-03  2.628311E-02  1.589475E+01
     7.0500   -9.848586E-03  2.582078E-02  1.609930E+01
     7.1000   -1.418674E-02  2.508150E-02  1.630915E+01
     7.1500   -1.746576E-02  2.404211E-02  1.652113E+01
     7.2000   -1.939694E-02  2.271453E-02  1.673148E+01
     7.2500   -1.991412E-02  2.114482E-02  1.693590E+01
     7.3000   -1.919541E-02  1.941154E-02  1.712940E+01
     7.3500   -1.761685E-02  1.762359E-02  1.730642E+01
     7.4000   -1.565052E-02  1.591571E-02  1.746156E+01
     7.4500   -1.373683E-02  1.443718E-02  1.759151E+01
     7.5000   -1.222195E-02  1.337300E-02  1.769670E+01
     7.5500   -1.115653E-02  1.278825E-02  1.778946E+01
     7.6000   -1.036175E-02  1.264236E-02  1.788883E+01
     7.6500   -9.524222E-03  1.280819E-02  1.801111E+01
     7.7000   -8.294687E-03  1.310418E-02  1.816416E+01
     7.7500   -6.420295E-03  1.335226E-02  1.834794E+01
     7.8000   -3.849475E-03  1.341025E-02  1.855841E+01
     7.8500   -7.767896E-04  1.318011E-02  1.879059E+01
     7.9000    2.387429E-03  1.260462E-02  1.904012E+01
     7.9500    5.115907E-03  1.166130E-02  1.930372E+01
     8.0000    6.908558E-03  1.037700E-02  1.957806E+01
     8.0500    7.425061E-03  8.760754E-03  1.986088E+01
     8.1000    6.601495E-03  6.845686E-03  2.015245E+01
     8.1500    4.689282E-03  4.692382E-03  2.045670E+01
     8.2000    2.205587E-03  2.374381E-03  2.079969E+01
     8.2500   -1.850371E-04  2.621379E-04  2.277481E+01
     8.3000   -1.828708E-03  2.503693E-03  2.431383E+01
     8.3500   -2.238229E-03  4.868960E-03  2.465509E+01
     8.4000   -1.206595E-03  7.105837E-03  2.496211E+01
     8.4500    1.150128E-03  9.148466E-03  2.525879E+01
     8.5000    4.462457E-03  1.093805E-02  2.555298E+01
     8.5500    8.113057E-03  1.244279E-02  2.584300E+01
     8.6000    1.143578E-02  1.364496E-02  2.612652E+01
     8.6500    1.388696E-02  1.453820E-02  2.640309E+01
     8.7000    1.512533E-02  1.513291E-02  2.667188E+01
     8.7500    1.505448E-02  1.545578E-02  2.693191E+01
     8.8000    1.380099E-02  1.554840E-02  2.718219E+01
     8.8500    1.164237E-02  1.546447E-02  2.742196E+01
     8.9000    8.911718E-03  1.526558E-02  2.765096E+01
     8.9500    5.909627E-03  1.501493E-02  2.786981E+01
     9.0000    2.829949E-03  1.477618E-02  2.808162E+01
     9.0500   -2.125623E-04  1.459213E-02  2.828890E+01
     9.1000   -3.163394E-03  1.447844E-02  2.849460E+01
     9.1500   -5.996178E-03  1.442979E-02  2.870287E+01
     9.2000   -8.644596E-03  1.441849E-02  2.891727E+01
     9.2500   -1.096924E-02  1.440170E-02  2.914021E+01
     9.3000   -1.276154E-02  1.433058E-02  2.937280E+01
     9.3500   -1.378557E-02  1.415864E-02  2.961506E+01
     9.4000   -1.384481E-02  1.384789E-02  2.986621E+01
     9.4500   -1.285203E-02  1.337233E-02  3.012500E+01
     9.5000   -1.088182E-02  1.272717E-02  3.039036E+01
     9.5500   -8.168763E-03  1.191050E-02  3.066016E+01
     9.6000   -5.084740E-03  1.092881E-02  3.093200E+01
     9.6500   -2.066487E-03  9.806346E-03  3.120361E+01
     9.7000    4.821053E-04  8.576778E-03  3.147217E+01
     9.7500    2.276040E-03  7.281285E-03  3.173384E+01
     9.8000    3.204253E-03  5.966692E-03  3.198283E+01
     9.8500    3.338882E-03  4.684277E-03  3.220939E+01
     9.9000    2.897576E-03  3.490385E-03  3.239532E+01
     9.9500    2.171400E-03  2.452097E-03  3.250355E+01
    10.0000    1.434264E-03  1.668343E-03  3.245060E+01
    10.0500    8.936656E-04  1.300726E-03  3.217335E+01
    10.1000    6.402523E-04  1.362352E-03  3.190517E+01
    10.1500    6.347907E-04  1.574608E-03  3.183087E+01
    10.2000    7.554888E-04  1.730581E-03  3.186769E+01
    10.2500    8.627641E-04  1.776761E-03  3.192296E+01
    10.3000    8.658052E-04  1.752683E-03  3.193260E+01
    10.3500    7.680985E-04  1.779077E-03  3.186235E+01
    10.4000    6.761906E-04  2.022196E-03  3.175688E+01
    10.4500    7.679850E-04  2.567680E-03  3.171967E+01
    10.5000    1.230061E-03  3.372042E-03  3.178933E+01
    10.5500    2.183744E-03  4.349621E-03  3.194190E+01
    10.6000    3.623817E-03  5.424407E-03  3.214752E+01
    10.6500    5.390548E-03  6.534065E-03  3.238611E+01
    10.7000    7.186103E-03  7.625715E-03  3.264552E+01
    10.7500    8.633326E-03  8.653590E-03  3.291827E+01
    10.8000    9.362258E-03  9.578465E-03  3.319960E+01
    10.8500    9.101312E-03  1.036794E-02  3.348620E+01
    10.9000    7.748329E-03  1.099700E-02  3.377568E+01
    10.9500    5.402127E-03  1.144858E-02  3.406612E+01
    11.0000    2.337986E-03  1.173609E-02  3.435696E+01
    11.0500   -1.055332E-03  1.186379E-02  3.464659E+01
    11.1000   -4.324188E-03  1.181486E-02  3.493222E+01
    11.1500   -7.066350E-03  1.160391E-02  3.521227E+01
    11.2000   -9.004512E-03  1.125354E-02  3.548506E+01
    11.2500   -1.002577E-02  1.079362E-02  3.574885E+01
    11.3000   -1.017818E-02  1.026006E-02  3.600189E+01
    11.3500   -9.629594E-03  9.692977E-03  3.624274E+01
    11.4000   -8.604032E-03  9.133855E-03  3.647059E+01
    11.4500   -7.315795E-03  8.621537E-03  3.668588E+01
    11.5000   -5.920355E-03  8.186976E-03  3.689077E+01
    11.5500   -4.494142E-03  7.847770E-03  3.708936E+01
    11.6000   -3.045454E-03  7.604448E-03  3.728707E+01
    11.6500   -1.548711E-03  7.440639E-03  3.748944E+01
    11.7000    1.252944E-05  7.327601E-03  3.770082E+01
    11.7500    1.610149E-03  7.231262E-03  3.792366E+01
    11.8000    3.156432E-03  7.119037E-03  3.815848E+01
    11.8500    4.514601E-03  6.964591E-03  3.840436E+01
    11.9000    5.531185E-03  6.750245E-03  3.865948E+01
    11.9500    6.079047E-03  6.467580E-03  3.892153E+01
    12.0000    6.106494E-03  6.126710E-03  3.918865E+01
    12.0500    5.636880E-03  5.738203E-03  3.945811E+01
    12.1000    4.762657E-03  5.304110E-03  3.972569E+01
    12.1500    3.648474E-03  4.844598E-03  3.998794E+01
    12.2000    2.473567E-03  4.384141E-03  4.024123E+01
    12.2500    1.386024E-03  3.950130E-03  4.048219E+01
    12.3000    4.693183E-04  3.570835E-03  4.070889E+01
    12.3500   -2.683563E-04  3.271996E-03  4.092281E+01
    12.4000   -8.788599E-04  3.071809E-03  4.113086E+01
    12.4500   -1.438463E-03  2.975985E-03  4.134519E+01
    12.5000   -2.004069E-03  2.976759E-03  4.157928E+01
    12.5500   -2.576514E-03  3.057919E-03  4.184274E+01
    12.6000   -3.084187E-03  3.202615E-03  4.213870E+01
    12.6500   -3.393918E-03  3.398733E-03  4.246473E+01
    12.7000   -3.347419E-03  3.639848E-03  4.281509E+01
    12.7500   -2.813168E-03  3.923046E-03  4.318268E+01
    12.8000   -1.738201E-03  4.245715E-03  4.356050E+01
    12.8500   -1.834840E-04  4.602898E-03  4.394242E+01
    12.9000    1.669290E-03  4.985961E-03  4.432369E+01
    12.9500    3.543646E-03  5.382584E-03  4.470093E+01
    13.0000    5.131551E-03  5.784756E-03  4.507328E+01
    13.0500    6.142711E-03  6.182140E-03  4.544009E+01
    13.1000    6.352975E-03  6.549367E-03  4.579860E+01
    13.1500    5.690115E-03  6.871628E-03  4.614825E+01
    13.2000    4.235147E-03  7.136664E-03  4.648857E+01
    13.2500    2.201836E-03  7.335872E-03  4.681904E+01
    13.3000   -1.131540E-04  7.465232E-03  4.713905E+01
    13.3500   -2.395497E-03  7.526041E-03  4.744782E+01
    13.4000   -4.376242E-03  7.525417E-03  4.774450E+01
    13.4500   -5.876634E-03  7.476483E-03  4.802823E+01
    13.5000   -6.824706E-03  7.398046E-03  4.829840E+01
    13.5500   -7.242255E-03  7.313520E-03  4.855497E+01
    13.6000   -7.209455E-03  7.248768E-03  4.879888E+01
    13.6500   -6.820375E-03  7.228731E-03  4.903242E+01
    13.7000   -6.144532E-03  7.273191E-03  4.925926E+01
    13.7500   -5.206693E-03  7.392764E-03  4.948405E+01
    13.8000   -3.990721E-03  7.586593E-03  4.971157E+01
    13.8500   -2.465133E-03  7.842688E-03  4.994574E+01
    13.9000   -6.209212E-04  8.140634E-03  5.018913E+01
    13.9500    1.491922E-03  8.455398E-03  5.044286E+01
    14.0000    3.753956E-03  8.775437E-03  5.070752E+01
    14.0500    5.972838E-03  9.086323E-03  5.098277E+01
    14.1000    7.865205E-03  9.342354E-03  5.126625E+01
    14.1500    9.155806E-03  9.526092E-03  5.155655E+01
    14.2000    9.623742E-03  9.624973E-03  5.185227E+01
    14.2500    9.154864E-03  9.631349E-03  5.215214E+01
    14.3000    7.773385E-03  9.542313E-03  5.245500E+01
    14.3500    5.644140E-03  9.359379E-03  5.275976E+01
    14.4000    3.044638E-03  9.088043E-03  5.306545E+01
    14.4500    3.137799E-04  8.737274E-03  5.337115E+01
    14.5000   -2.210209E-03  8.318913E-03  5.367599E+01
    14.5500   -4.247977E-03  7.847030E-03  5.397912E+01
    14.6000   -5.620575E-03  7.337231E-03  5.427973E+01
    14.6500   -6.266545E-03  6.805930E-03  5.457707E+01
    14.7000   -6.233500E-03  6.269607E-03  5.487050E+01
    14.7500   -5.649499E-03  5.744046E-03  5.515956E+01
    14.8000   -4.683861E-03  5.243567E-03  5.544413E+01
    14.8500   -3.508426E-03  4.780288E-03  5.572457E+01
    14.9000   -2.268487E-03  4.363450E-03  5.600195E+01
    14.9500   -1.068548E-03  3.998931E-03  5.627817E+01
    15.0000    2.743617E-05  3.694677E-03  5.655609E+01
    15.0500    9.915816E-04  3.456778E-03  5.683961E+01
    15.1000    1.803219E-03  3.272241E-03  5.713231E+01
    15.1500    2.434082E-03  3.136030E-03  5.743723E+01
    15.2000    2.844461E-03  3.043176E-03  5.775609E+01
    15.2500    2.988245E-03  2.989640E-03  5.808891E+01
    15.3000    2.826542E-03  2.972433E-03  5.843407E+01
    15.3500    2.344636E-03  2.989073E-03  5.878853E+01
    15.4000    1.566060E-03  3.036774E-03  5.914844E+01
    15.4500    5.586262E-04  3.111751E-03  5.950976E+01
    15.5000   -5.700914E-04  3.208972E-03  5.986886E+01
    15.5500   -1.687101E-03  3.322373E-03  6.022289E+01
    15.6000   -2.654648E-03  3.445396E-03  6.056987E+01
    15.6500   -3.352143E-03  3.571613E-03  6.090867E+01
    15.7000   -3.694348E-03  3.695264E-03  6.123879E+01
    15.7500   -3.642301E-03  3.811598E-03  6.156022E+01
    15.8000   -3.205609E-03  3.917007E-03  6.187326E+01
    15.8500   -2.437028E-03  4.008961E-03  6.217845E+01
    15.9000   -1.421774E-03  4.085808E-03  6.247644E+01
    15.9500   -2.645781E-04  4.146471E-03  6.276800E+01
    16.0000    9.224447E-04  4.193365E-03  6.305364E+01
    16.0500    2.034568E-03  4.228162E-03  6.333387E+01
    16.1000    2.978244E-03  4.242639E-03  6.361003E+01
    16.1500    3.675604E-03  4.235255E-03  6.388273E+01
    16.2000    4.073204E-03  4.204131E-03  6.415243E+01
    16.2500    4.146647E-03  4.147224E-03  6.441933E+01
    16.3000    3.903589E-03  4.062619E-03  6.468337E+01
    16.3500    3.384013E-03  3.948907E-03  6.494412E+01
    16.4000    2.656512E-03  3.805615E-03  6.520077E+01
    16.4500    1.809900E-03  3.633643E-03  6.545205E+01
    16.5000    9.406161E-04  3.435676E-03  6.569613E+01
    16.5500    1.377994E-04  3.216587E-03  6.593059E+01
    16.6000   -5.309903E-04  2.983783E-03  6.615236E+01
    16.6500   -1.030047E-03  2.747497E-03  6.635774E+01
    16.7000   -1.359085E-03  2.520864E-03  6.654285E+01
    16.7500   -1.548931E-03  2.319482E-03  6.670468E+01
    16.8000   -1.650235E-03  2.159784E-03  6.684305E+01
    16.8500   -1.718022E-03  2.055597E-03  6.696299E+01
    16.9000   -1.796128E-03  2.013403E-03  6.707539E+01
    16.9500   -1.905626E-03  2.029004E-03  6.719372E+01
    17.0000   -2.040810E-03  2.089364E-03  6.732824E+01
    17.0500   -2.174648E-03  2.178686E-03  6.748335E+01
    17.1000   -2.262258E-03  2.277495E-03  6.765998E+01
    17.1500   -2.256527E-03  2.369968E-03  6.785490E+01
    17.2000   -2.121875E-03  2.444359E-03  6.806374E+01
    17.2500   -1.844634E-03  2.493054E-03  6.828210E+01
    17.3000   -1.437192E-03  2.512193E-03  6.850599E+01
    17.3500   -9.350942E-04  2.501188E-03  6.873187E+01
    17.4000   -3.883488E-04  2.462230E-03  6.895665E+01
    17.4500    1.502156E-04  2.399800E-03  6.917767E+01
    17.5000    6.360297E-04  2.320109E-03  6.939273E+01
    17.5500    1.040254E-03  2.230443E-03  6.960024E+01
    17.6000    1.351940E-03  2.138346E-03  6.979947E+01
    17.6500    1.574977E-03  2.050666E-03  6.999080E+01
    17.7000    1.721531E-03  1.972549E-03  7.017583E+01
    17.7500    1.804617E-03  1.906613E-03  7.035726E+01
    17.8000    1.832457E-03  1.852576E-03  7.053832E+01
    17.8500    1.806361E-03  1.807546E-03  7.072205E+01
    17.9000    1.722455E-03  1.766899E-03  7.091060E+01
    17.9500    1.576156E-03  1.725453E-03  7.110489E+01
    18.0000    1.366140E-03  1.677464E-03  7.130492E+01
    18.0500    1.099523E-03  1.618486E-03  7.150975E+01
    18.1000    7.964835E-04  1.549919E-03  7.171692E+01
    18.1500    4.798180E-04  1.471882E-03  7.192457E+01
    18.2000    1.738111E-04  1.385902E-03  7.213089E+01
    18.2500   -1.005952E-04  1.294510E-03  7.233442E+01
    18.3000   -3.293220E-04  1.200630E-03  7.253448E+01
    18.3500   -5.061188E-04  1.106847E-03  7.273155E+01
    18.4000   -6.307790E-04  1.014625E-03  7.292753E+01
    18.4500   -7.055560E-04  9.236932E-04  7.312588E+01
    18.5000   -7.315351E-04  8.317967E-04  7.333137E+01
    18.5500   -7.068367E-04  7.349733E-04  7.354983E+01
    18.6000   -6.278689E-04  6.283406E-04  7.378868E+01
    18.6500   -4.936142E-04  5.072698E-04  7.405998E+01
    18.7000   -3.115424E-04  3.691935E-04  7.439381E+01
    18.7500   -1.027311E-04  2.197512E-04  7.491178E+01
    18.8000    9.644180E-05  1.305992E-04  7.622900E+01
    18.8500    2.378984E-04  2.667777E-04  7.743862E+01
    18.9000    2.710272E-04  4.899463E-04  7.795364E+01
    18.9500    1.557411E-04  7.409485E-04  7.832805E+01
    19.0000   -1.246989E-04  1.007723E-03  7.866388E+01
    19.0500   -5.543168E-04  1.283359E-03  7.898644E+01
    19.1000   -1.076167E-03  1.558087E-03  7.930227E+01
    19.1500   -1.604080E-03  1.823665E-03  7.961482E+01
    19.2000   -2.036524E-03  2.071945E-03  7.992544E+01
    19.2500   -2.277577E-03  2.295172E-03  8.023451E+01
    19.3000   -2.258627E-03  2.486319E-03  8.054191E+01
    19.3500   -1.955211E-03  2.639432E-03  8.084719E+01
    19.4000   -1.394355E-03  2.749939E-03  8.114965E+01
    19.4500   -6.501382E-04  2.814940E-03  8.144834E+01
    19.5000    1.717661E-04  2.833453E-03  8.174207E+01
    19.5500    9.567905E-04  2.806629E-03  8.202929E+01
    19.6000    1.605679E-03  2.737941E-03  8.230808E+01
    19.6500    2.054007E-03  2.633336E-03  8.257608E+01
    19.7000    2.282138E-03  2.501371E-03  8.283041E+01
    19.7500    2.313392E-03  2.353261E-03  8.306787E+01
    19.8000    2.201517E-03  2.202729E-03  8.328538E+01
    19.8500    2.011451E-03  2.065305E-03  8.348107E+01
    19.9000    1.799173E-03  1.956580E-03  8.365607E+01
    19.9500    1.596475E-03  1.889058E-03  8.381622E+01