# # tequil.ion_motion                                            FEFF 9.05   
# # POT  SCF  30  5.5000   1, core-hole, AFOLP (folp(0)= 1.150)
# # Abs   Z=30 Rmt= 1.274 Rnm= 1.387 K  shell
# # Pot 1 Z=26 Rmt= 1.283 Rnm= 1.383
# # Pot 2 Z= 8 Rmt= 0.987 Rnm= 1.079
# # Gam_ch=1.897E+00 H-L exch
# # Mu=-1.182E+01 kf=2.207E+00 Vint=-1.934E+01 Rs_int= 1.643
# # PATH  Rmax= 8.500,  Keep_limit= 0.00, Heap_limit 0.00  Pwcrit= 2.50%
#  S02=1.000                                        Global_sig2= 0.00000
#  Energy zero shift, vr, vi   -2.00000E+00   0.00000E+00
#  Curved wave amplitude ratio filter   4.000%
#     file         sig2 tot  cw amp ratio   deg  nlegs   reff  inp sig2
#           1       0.00000    100.00      1.00     2   1.9021
#           2       0.00000     97.77      1.00     2   1.9189
#           3       0.00000     89.11      1.00     2   1.9896
#           4       0.00000     72.25      1.00     2   2.1587
#           5       0.00000     65.09      1.00     2   2.2477
#           6       0.00000     52.85      1.00     2   2.4353
#           7       0.00000     32.68      1.00     2   2.8758
#           8       0.00000     30.06      1.00     2   2.9864
#           9       0.00000     29.74      1.00     2   3.0003
#          10       0.00000     29.00      1.00     2   3.0341
#          11       0.00000     26.90      1.00     2   3.1357
#          12       0.00000     23.09      1.00     2   3.3231
#          13       0.00000     11.00      2.00     3   3.3369
#          14       0.00000     22.95      1.00     2   3.3550
#          15       0.00000     22.89      1.00     2   3.3590
#          16       0.00000     22.40      1.00     2   3.3602
#          17       0.00000     13.04      2.00     3   3.4038
#          18       0.00000     10.21      2.00     3   3.4170
#          19       0.00000     11.35      2.00     3   3.4305
#          20       0.00000     20.65      1.00     2   3.4612
#          21       0.00000      9.05      2.00     3   3.4782
#          22       0.00000     16.14      2.00     3   3.4790
#          23       0.00000     10.14      2.00     3   3.5105
#          24       0.00000     10.62      2.00     3   3.5386
#          25       0.00000      8.74      2.00     3   3.5419
#          26       0.00000      7.71      2.00     3   3.5536
#          27       0.00000      9.40      2.00     3   3.5625
#          28       0.00000      8.41      2.00     3   3.5626
#          29       0.00000      7.97      2.00     3   3.5662
#          30       0.00000     10.69      2.00     3   3.5668
#          31       0.00000     18.80      1.00     2   3.5816
#          32       0.00000     18.78      1.00     2   3.5830
#          33       0.00000      9.32      2.00     3   3.6089
#          34       0.00000      8.14      2.00     3   3.6359
#          35       0.00000     17.95      1.00     2   3.6415
#          36       0.00000     18.71      1.00     2   3.6472
#          37       0.00000      7.05      2.00     3   3.6492
#          38       0.00000      6.30      2.00     3   3.6517
#          39       0.00000      6.12      2.00     3   3.6516
#          40       0.00000     14.66      2.00     3   3.6539
#          41       0.00000     17.94      1.00     2   3.7091
#          42       0.00000     13.27      2.00     3   3.7104
#          43       0.00000     17.75      1.00     2   3.7246
#          44       0.00000     10.54      1.00     4   3.8042
#          45       0.00000     16.78      1.00     2   3.8083
#          46       0.00000     16.09      2.00     3   3.8117
#          47       0.00000     16.73      1.00     2   3.8124
#          49       0.00000      5.01      1.00     4   3.8224
#          50       0.00000     10.06      1.00     4   3.8378
#          51       0.00000     28.54      2.00     3   3.8463
#          52       0.00000      6.18      2.00     3   3.8533
#          53       0.00000     15.26      1.00     2   3.8593
#          54       0.00000     10.47      2.00     3   3.8913
#          55       0.00000     23.21      2.00     4   3.8917
#          56       0.00000     14.66      2.00     3   3.8958
#          57       0.00000     13.92      2.00     3   3.9094
#          58       0.00000      4.06      1.00     4   3.9527
#          59       0.00000      5.27      1.00     4   3.9583
#          60       0.00000      8.92      2.00     3   3.9687
#          61       0.00000      6.89      1.00     4   3.9762
#          62       0.00000      8.31      1.00     4   3.9792
#          63       0.00000     14.90      1.00     2   3.9888
#          64       0.00000     12.90      2.00     3   3.9972
#          65       0.00000     13.78      1.00     2   4.0018
#          66       0.00000     13.72      1.00     2   4.0081
#          67       0.00000      4.50      1.00     4   4.0208
#          68       0.00000      4.73      1.00     4   4.0432
#          70       0.00000      6.21      1.00     4   4.0669
#          71       0.00000      4.09      1.00     4   4.0909
#          72       0.00000      4.50      1.00     4   4.1096
#          73       0.00000      7.61      2.00     3   4.1283
#          75       0.00000      7.29      2.00     3   4.1621
#          76       0.00000      5.61      1.00     4   4.1861
#          77       0.00000     10.84      2.00     3   4.1927
#          78       0.00000      7.43      2.00     3   4.1961
#          79       0.00000      6.57      2.00     3   4.2447
#          80       0.00000     11.45      1.00     2   4.2699
#          81       0.00000      6.44      2.00     3   4.2801
#          82       0.00000      6.69      2.00     3   4.2941
#          83       0.00000     11.26      1.00     2   4.2950
#          84       0.00000     11.16      1.00     2   4.3081
#          85       0.00000      5.43      1.00     4   4.3174
#          86       0.00000     19.22      2.00     3   4.3244
#          87       0.00000     16.56      2.00     3   4.3444
#          88       0.00000     15.22      2.00     4   4.3542
#          89       0.00000      5.55      2.00     3   4.3584
#          90       0.00000      7.29      2.00     3   4.3591
#          91       0.00000     10.71      1.00     2   4.3690
#          92       0.00000      5.48      2.00     3   4.3903
#          94       0.00000     11.48      2.00     4   4.4065
#          96       0.00000     10.29      1.00     2   4.4306
#          97       0.00000     10.18      1.00     2   4.4469
#          98       0.00000      7.10      2.00     3   4.4648
#          99       0.00000      5.91      2.00     3   4.4650
#         100       0.00000     19.13      2.00     3   4.4721
#         101       0.00000      4.41      1.00     4   4.4955
#         102       0.00000     20.83      2.00     3   4.5198
#         103       0.00000     18.46      2.00     3   4.5313
#         104       0.00000      6.05      2.00     3   4.5323
#         105       0.00000      9.54      1.00     2   4.5466
#         107       0.00000      9.47      1.00     2   4.5575
#         108       0.00000      5.76      2.00     3   4.5645
#         109       0.00000      9.42      1.00     2   4.5659
#         110       0.00000     11.01      1.00     4   4.5752
#         111       0.00000      9.34      1.00     2   4.5791
#         112       0.00000      9.26      1.00     2   4.5931
#         113       0.00000     12.65      1.00     4   4.5927
#         114       0.00000      9.23      1.00     2   4.5982
#         115       0.00000      4.47      2.00     3   4.6148
#         116       0.00000      4.63      2.00     3   4.6170
#         117       0.00000      8.24      2.00     3   4.6252
#         118       0.00000      7.60      2.00     3   4.6323
#         119       0.00000     10.61      1.00     4   4.6319
#         120       0.00000      9.00      1.00     2   4.6376
#         121       0.00000      6.20      2.00     3   4.6539
#         122       0.00000      7.50      2.00     3   4.6675
#         123       0.00000     17.70      2.00     3   4.6734
#         124       0.00000      8.75      1.00     2   4.6817
#         125       0.00000      6.68      2.00     3   4.6975
#         126       0.00000     15.04      2.00     3   4.7004
#         127       0.00000      9.58      1.00     2   4.7013
#         128       0.00000      6.24      2.00     3   4.7027
#         129       0.00000      4.27      2.00     3   4.7135
#         131       0.00000     11.30      2.00     3   4.7502
#         132       0.00000     10.18      1.00     4   4.7536
#         133       0.00000     11.57      2.00     3   4.7779
#         134       0.00000     13.06      2.00     3   4.7794
#         135       0.00000      6.28      2.00     3   4.7953
#         136       0.00000      8.13      1.00     2   4.7995
#         137       0.00000      9.19      2.00     3   4.8113
#         138       0.00000      8.24      1.00     4   4.8217
#         139       0.00000      8.01      1.00     2   4.8245
#         140       0.00000     10.41      2.00     3   4.8272
#         141       0.00000      7.93      1.00     2   4.8408
#         142       0.00000      7.85      2.00     3   4.8455
#         143       0.00000      7.71      2.00     3   4.8476
#         144       0.00000      4.61      2.00     3   4.8549
#         148       0.00000      6.17      2.00     3   4.8873
#         149       0.00000      5.93      2.00     3   4.9117
#         150       0.00000      4.91      2.00     4   4.9192
#         151       0.00000      6.70      1.00     4   4.9212
#         154       0.00000      5.45      1.00     4   4.9429
#         155       0.00000      5.11      1.00     4   4.9531
#         157       0.00000      5.70      1.00     4   4.9576
#         158       0.00000      7.64      2.00     3   4.9591
#         159       0.00000      8.19      1.00     2   4.9712
#         161       0.00000      4.18      2.00     3   4.9730
#         166       0.00000      9.96      2.00     3   5.0018
#         167       0.00000      7.14      1.00     2   5.0125
#         170       0.00000      7.05      1.00     2   5.0341
#         172       0.00000     17.92      2.00     3   5.0353
#         173       0.00000     11.46      1.00     4   5.0366
#         175       0.00000      8.78      2.00     3   5.0492
#         177       0.00000      6.91      2.00     3   5.0597
#         178       0.00000      7.76      1.00     2   5.0677
#         179       0.00000      4.17      2.00     4   5.0866
#         180       0.00000      6.66      2.00     3   5.0965
#         182       0.00000      7.23      2.00     3   5.1068
#         184       0.00000      7.55      1.00     2   5.1155
#         185       0.00000      4.39      2.00     4   5.1253
#         186       0.00000      6.67      1.00     2   5.1270
#         187       0.00000     16.76      2.00     3   5.1346
#         188       0.00000     10.73      1.00     4   5.1423
#         189       0.00000      7.14      2.00     3   5.1487
#         191       0.00000      4.74      1.00     4   5.1791
#         192       0.00000      7.78      2.00     3   5.1820
#         193       0.00000      6.40      1.00     2   5.1983
#         194       0.00000      7.15      1.00     2   5.2142
#         196       0.00000      7.43      2.00     3   5.2358
#         198       0.00000      8.40      2.00     3   5.2372
#         200       0.00000      4.04      1.00     4   5.2576
#         201       0.00000      6.15      1.00     2   5.2666
#         202       0.00000      5.67      2.00     3   5.2682
#         204       0.00000     14.00      2.00     3   5.2812
#         205       0.00000      8.24      1.00     4   5.2959
#         207       0.00000      6.54      2.00     3   5.3346
#         209       0.00000      6.86      2.00     3   5.3567
#         210       0.00000      4.07      1.00     4   5.3589
#         211       0.00000      6.58      1.00     2   5.3672
#         212       0.00000      6.36      2.00     3   5.3711
#         213       0.00000      6.54      2.00     3   5.3724
#         214       0.00000      5.75      1.00     2   5.3826
#         215       0.00000      5.75      1.00     2   5.3831
#         220       0.00000      6.36      1.00     2   5.4303
#         221       0.00000      5.59      1.00     2   5.4325
#         222       0.00000      4.82      2.00     3   5.4480
#         224       0.00000      5.52      1.00     2   5.4557
#         226       0.00000      4.54      2.00     3   5.4632
#         228       0.00000      6.68      2.00     3   5.4774
#         229       0.00000      6.19      1.00     2   5.4807
#         231       0.00000      6.18      1.00     2   5.4832
#         232       0.00000      5.93      2.00     3   5.4842
#         236       0.00000      6.11      1.00     2   5.5069
#         237       0.00000      4.45      2.00     3   5.5105
#         238       0.00000      5.33      1.00     2   5.5174
#         239       0.00000      6.69      2.00     3   5.5344
#         240       0.00000      5.06      2.00     3   5.5507
#         241       0.00000      4.13      2.00     3   5.5546
#         243       0.00000      5.93      1.00     2   5.5625
#         244       0.00000      5.17      1.00     2   5.5714
#         248       0.00000      6.33      2.00     3   5.5928
#         251       0.00000      7.16      2.00     3   5.6172
#         252       0.00000      5.32      2.00     3   5.6182
#         256       0.00000      5.73      1.00     2   5.6284
#         257       0.00000      5.01      1.00     2   5.6311
#         258       0.00000      5.31      2.00     3   5.6377
#         259       0.00000      4.75      2.00     3   5.6386
#         264       0.00000      6.61      2.00     3   5.6754
#         265       0.00000      4.56      2.00     3   5.6802
#         266       0.00000      5.65      2.00     3   5.6802
#         267       0.00000      4.87      1.00     2   5.6808
#         274       0.00000      4.09      2.00     3   5.7256
#         276       0.00000      4.61      2.00     3   5.7339
#         278       0.00000      5.23      2.00     5   5.7484
#         281       0.00000      4.05      2.00     3   5.7612
#         283       0.00000      4.64      1.00     2   5.7677
#         286       0.00000      5.74      2.00     3   5.7724
#         288       0.00000      4.83      2.00     3   5.7812
#         292       0.00000      5.27      1.00     2   5.7904
#         296       0.00000      4.59      2.00     3   5.8035
#         297       0.00000      5.28      2.00     3   5.8106
#         299       0.00000      4.18      2.00     3   5.8229
#         304       0.00000      4.62      2.00     5   5.8359
#         305       0.00000      5.14      1.00     2   5.8396
#         307       0.00000      5.14      1.00     2   5.8411
#         311       0.00000      5.09      1.00     2   5.8588
#         314       0.00000      4.41      1.00     2   5.8657
#         319       0.00000      6.08      2.00     3   5.8870
#         323       0.00000      4.98      1.00     2   5.9005
#         324       0.00000      6.98      2.00     3   5.9020
#         329       0.00000      6.96      2.00     3   5.9192
#   231/ 300 paths used
#  -----------------------------------------------------------------------
#       k          chi          mag           phase @#
    -0.7000   -3.804182E-01  3.865156E-01 -1.748656E+00
    -0.6500   -3.852323E-01  3.951578E-01 -1.795401E+00
    -0.6000   -3.984707E-01  4.104519E-01 -1.813008E+00
    -0.5500   -4.161541E-01  4.283581E-01 -1.810073E+00
    -0.5000   -4.344651E-01  4.455636E-01 -1.794461E+00
    -0.4500   -4.523139E-01  4.615752E-01 -1.771455E+00
    -0.4000   -4.680712E-01  4.753824E-01 -1.746404E+00
    -0.3500   -4.828743E-01  4.882144E-01 -1.718837E+00
    -0.3000   -4.950757E-01  4.988176E-01 -1.693359E+00
    -0.2500   -5.048562E-01  5.073971E-01 -1.670915E+00
    -0.2000   -5.124485E-01  5.141455E-01 -1.652068E+00
    -0.1500   -5.186353E-01  5.197460E-01 -1.636184E+00
    -0.1000   -5.230535E-01  5.238061E-01 -1.624406E+00
    -0.0500   -5.256368E-01  5.262053E-01 -1.617284E+00
     0.0000   -5.264864E-01  5.269989E-01 -1.614901E+00
     0.0500   -5.273302E-01  5.277894E-01 -1.612514E+00
     0.1000   -5.298264E-01  5.301425E-01 -1.605328E+00
     0.1500   -5.338680E-01  5.340029E-01 -1.593277E+00
     0.2000   -5.392708E-01  5.392788E-01 -1.576262E+00
     0.2500   -5.457678E-01  5.458431E-01 -1.554178E+00
     0.3000   -5.530031E-01  5.535355E-01 -1.526932E+00
     0.3500   -5.607950E-01  5.624589E-01 -1.493860E+00
     0.4000   -5.692944E-01  5.732658E-01 -1.453019E+00
     0.4500   -5.768277E-01  5.847100E-01 -1.406412E+00
     0.5000   -5.825778E-01  5.965251E-01 -1.354128E+00
     0.5500   -5.860344E-01  6.090635E-01 -1.294929E+00
     0.6000   -5.863669E-01  6.227875E-01 -1.227113E+00
     0.6500   -5.815728E-01  6.361122E-01 -1.153681E+00
     0.7000   -5.707025E-01  6.492241E-01 -1.073872E+00
     0.7500   -5.524982E-01  6.630834E-01 -9.849161E-01
     0.8000   -5.254196E-01  6.756927E-01 -8.908421E-01
     0.8500   -4.884413E-01  6.878206E-01 -7.896814E-01
     0.9000   -4.403036E-01  6.994014E-01 -6.809656E-01
     0.9500   -3.812739E-01  7.089124E-01 -5.678603E-01
     1.0000   -3.097638E-01  7.178752E-01 -4.461559E-01
     1.0500   -2.278070E-01  7.245021E-01 -3.198587E-01
     1.1000   -1.362394E-01  7.291109E-01 -1.879617E-01
     1.1500   -3.644810E-02  7.317599E-01 -4.982944E-02
     1.2000    6.684580E-02  7.313301E-01  9.153081E-02
     1.2500    1.733248E-01  7.290741E-01  2.400310E-01
     1.3000    2.757181E-01  7.234307E-01  3.910136E-01
     1.3500    3.722611E-01  7.153400E-01  5.473164E-01
     1.4000    4.572056E-01  7.041497E-01  7.066659E-01
     1.4500    5.272480E-01  6.901119E-01  8.694956E-01
     1.5000    5.792243E-01  6.733237E-01  1.035753E+00
     1.5500    6.101450E-01  6.536402E-01  1.203933E+00
     1.6000    6.196288E-01  6.316130E-01  1.375685E+00
     1.6500    6.067807E-01  6.069387E-01  1.547978E+00
     1.7000    5.736296E-01  5.804186E-01  1.723895E+00
     1.7500    5.222251E-01  5.517678E-01  1.899511E+00
     1.8000    4.560061E-01  5.215764E-01  2.077633E+00
     1.8500    3.796185E-01  4.899519E-01  2.255182E+00
     1.9000    2.967734E-01  4.572864E-01  2.435339E+00
     1.9500    2.129814E-01  4.238084E-01  2.615057E+00
     2.0000    1.334645E-01  3.899099E-01  2.792234E+00
     2.0500    6.207760E-02  3.559880E-01  2.966315E+00
     2.1000    7.365386E-04  3.217543E-01  3.139304E+00
     2.1500   -4.820131E-02  2.874413E-01  3.310080E+00
     2.2000   -8.287529E-02  2.542078E-01  3.473677E+00
     2.2500   -1.039671E-01  2.224112E-01  3.628002E+00
     2.3000   -1.124884E-01  1.917076E-01  3.768658E+00
     2.3500   -1.090307E-01  1.610409E-01  3.885322E+00
     2.4000   -9.856315E-02  1.336314E-01  3.971064E+00
     2.4500   -8.497668E-02  1.107950E-01  4.015702E+00
     2.5000   -7.186184E-02  9.373502E-02  4.015198E+00
     2.5500   -6.406916E-02  8.567013E-02  3.986423E+00
     2.6000   -5.957134E-02  8.247437E-02  3.948717E+00
     2.6500   -5.906979E-02  8.341523E-02  3.928455E+00
     2.7000   -6.260237E-02  8.712420E-02  3.943296E+00
     2.7500   -6.805993E-02  8.977149E-02  4.002058E+00
     2.8000   -7.490824E-02  9.283860E-02  4.080419E+00
     2.8500   -8.264492E-02  9.619234E-02  4.175225E+00
     2.9000   -9.057133E-02  9.955723E-02  4.284253E+00
     2.9500   -9.761707E-02  1.025200E-01  4.401872E+00
     3.0000   -1.034423E-01  1.052349E-01  4.527548E+00
     3.0500   -1.075803E-01  1.077228E-01  4.660956E+00
     3.1000   -1.095068E-01  1.099415E-01  4.801339E+00
     3.1500   -1.085299E-01  1.115647E-01  4.946167E+00
     3.2000   -1.046568E-01  1.128798E-01  5.096445E+00
     3.2500   -9.765073E-02  1.139120E-01  5.253287E+00
     3.3000   -8.730092E-02  1.144256E-01  5.415322E+00
     3.3500   -7.402229E-02  1.144544E-01  5.579882E+00
     3.4000   -5.822590E-02  1.141206E-01  5.747752E+00
     3.4500   -4.030661E-02  1.133132E-01  5.919512E+00
     3.5000   -2.095364E-02  1.119999E-01  6.094990E+00
     3.5500   -1.111823E-03  1.101350E-01  6.273090E+00
     3.6000    1.819260E-02  1.077266E-01  6.452876E+00
     3.6500    3.610474E-02  1.048120E-01  6.634861E+00
     3.7000    5.175322E-02  1.014088E-01  6.818768E+00
     3.7500    6.437575E-02  9.758970E-02  7.003548E+00
     3.8000    7.349608E-02  9.346513E-02  7.188060E+00
     3.8500    7.891000E-02  8.901044E-02  7.372965E+00
     3.9000    8.059715E-02  8.426636E-02  7.557797E+00
     3.9500    7.879998E-02  7.930177E-02  7.741428E+00
     4.0000    7.407630E-02  7.425112E-02  7.922616E+00
     4.0500    6.705328E-02  6.918553E-02  8.102895E+00
     4.1000    5.832414E-02  6.412147E-02  8.282486E+00
     4.1500    4.855675E-02  5.908334E-02  8.460154E+00
     4.2000    3.853503E-02  5.418848E-02  8.633675E+00
     4.2500    2.865621E-02  4.941910E-02  8.806220E+00
     4.3000    1.933762E-02  4.477908E-02  8.978241E+00
     4.3500    1.096739E-02  4.027971E-02  9.149015E+00
     4.4000    3.948823E-03  3.597370E-02  9.314787E+00
     4.4500   -1.763207E-03  3.178259E-02  9.480284E+00
     4.5000   -6.062058E-03  2.767788E-02  9.645590E+00
     4.5500   -8.871679E-03  2.365428E-02  9.809235E+00
     4.6000   -1.016163E-02  1.979007E-02  9.964003E+00
     4.6500   -1.010247E-02  1.595040E-02  1.011068E+01
     4.7000   -8.822828E-03  1.214023E-02  1.023835E+01
     4.7500   -6.546218E-03  8.418653E-03  1.031559E+01
     4.8000   -3.628764E-03  5.085950E-03  1.021924E+01
     4.8500   -4.672043E-04  3.206667E-03  9.570996E+00
     4.9000    2.491977E-03  4.831090E-03  8.882812E+00
     4.9500    4.797921E-03  7.952971E-03  8.777162E+00
     5.0000    5.968785E-03  1.129347E-02  8.867926E+00
     5.0500    5.753891E-03  1.454448E-02  9.018050E+00
     5.1000    4.018230E-03  1.759415E-02  9.194360E+00
     5.1500    8.271815E-04  2.036861E-02  9.384156E+00
     5.2000   -3.645279E-03  2.285264E-02  9.584975E+00
     5.2500   -8.893880E-03  2.497677E-02  9.788854E+00
     5.3000   -1.438513E-02  2.671261E-02  9.993451E+00
     5.3500   -1.956755E-02  2.804871E-02  1.019686E+01
     5.4000   -2.404966E-02  2.904758E-02  1.040020E+01
     5.4500   -2.738364E-02  2.969105E-02  1.059873E+01
     5.5000   -2.940248E-02  3.002844E-02  1.079103E+01
     5.5500   -3.012444E-02  3.013016E-02  1.097608E+01
     5.6000   -2.973310E-02  3.011920E-02  1.115586E+01
     5.6500   -2.840846E-02  3.005406E-02  1.132803E+01
     5.7000   -2.637822E-02  3.002436E-02  1.149353E+01
     5.7500   -2.380294E-02  3.010680E-02  1.165456E+01
     5.8000   -2.072547E-02  3.039113E-02  1.181593E+01
     5.8500   -1.708898E-02  3.084965E-02  1.197928E+01
     5.9000   -1.279560E-02  3.144961E-02  1.214736E+01
     5.9500   -7.765003E-03  3.213047E-02  1.232228E+01
     6.0000   -1.931225E-03  3.287241E-02  1.250759E+01
     6.0500    4.495494E-03  3.353192E-02  1.270084E+01
     6.1000    1.116241E-02  3.401847E-02  1.290069E+01
     6.1500    1.759385E-02  3.426651E-02  1.310556E+01
     6.2000    2.326262E-02  3.423338E-02  1.331349E+01
     6.2500    2.769396E-02  3.390368E-02  1.352229E+01
     6.3000    3.056471E-02  3.329175E-02  1.372960E+01
     6.3500    3.176907E-02  3.244263E-02  1.393304E+01
     6.4000    3.143053E-02  3.143126E-02  1.413036E+01
     6.4500    2.985435E-02  3.035901E-02  1.431976E+01
     6.5000    2.749287E-02  2.941851E-02  1.450099E+01
     6.5500    2.464866E-02  2.868319E-02  1.467398E+01
     6.6000    2.152347E-02  2.824646E-02  1.484159E+01
     6.6500    1.813264E-02  2.817736E-02  1.500888E+01
     6.7000    1.430174E-02  2.848610E-02  1.518198E+01
     6.7500    9.749864E-03  2.912149E-02  1.536657E+01
     6.8000    4.223668E-03  2.998478E-02  1.556663E+01
     6.8500   -2.354740E-03  3.095275E-02  1.578411E+01
     6.9000   -9.770579E-03  3.190007E-02  1.601925E+01
     6.9500   -1.746900E-02  3.271535E-02  1.627125E+01
     7.0000   -2.463828E-02  3.335581E-02  1.653903E+01
     7.0500   -3.023383E-02  3.370930E-02  1.682067E+01
     7.1000   -3.326674E-02  3.371896E-02  1.711480E+01
     7.1500   -3.303742E-02  3.337170E-02  1.742042E+01
     7.2000   -2.931020E-02  3.267865E-02  1.773680E+01
     7.2500   -2.241196E-02  3.167230E-02  1.806343E+01
     7.3000   -1.321263E-02  3.040300E-02  1.839998E+01
     7.3500   -2.986446E-03  2.893470E-02  1.874616E+01
     7.4000    6.817852E-03  2.734006E-02  1.910159E+01
     7.4500    1.484662E-02  2.569468E-02  1.946560E+01
     7.5000    2.008716E-02  2.405683E-02  1.983767E+01
     7.5500    2.201871E-02  2.248662E-02  2.021599E+01
     7.6000    2.071110E-02  2.104108E-02  2.059769E+01
     7.6500    1.675151E-02  1.975450E-02  2.097898E+01
     7.7000    1.107215E-02  1.864036E-02  2.135514E+01
     7.7500    4.723786E-03  1.769455E-02  2.172091E+01
     7.8000   -1.349057E-03  1.690374E-02  2.207104E+01
     7.8500   -6.477139E-03  1.625675E-02  2.240095E+01
     7.9000   -1.034317E-02  1.575573E-02  2.270728E+01
     7.9500   -1.295652E-02  1.542333E-02  2.298854E+01
     8.0000   -1.457114E-02  1.531946E-02  2.324810E+01
     8.0500   -1.545448E-02  1.549512E-02  2.348950E+01
     8.1000   -1.578922E-02  1.598544E-02  2.371879E+01
     8.1500   -1.559148E-02  1.680551E-02  2.394438E+01
     8.2000   -1.468009E-02  1.793290E-02  2.417375E+01
     8.2500   -1.274530E-02  1.931028E-02  2.441189E+01
     8.3000   -9.478896E-03  2.085673E-02  2.466096E+01
     8.3500   -4.724571E-03  2.248073E-02  2.492100E+01
     8.4000    1.399082E-03  2.409049E-02  2.519085E+01
     8.4500    8.442971E-03  2.560070E-02  2.546883E+01
     8.5000    1.569081E-02  2.694466E-02  2.575434E+01
     8.5500    2.219320E-02  2.805580E-02  2.604524E+01
     8.6000    2.698556E-02  2.888063E-02  2.633926E+01
     8.6500    2.931732E-02  2.938631E-02  2.663500E+01
     8.7000    2.879313E-02  2.955574E-02  2.693120E+01
     8.7500    2.545715E-02  2.938758E-02  2.722668E+01
     8.8000    1.978124E-02  2.889571E-02  2.752032E+01
     8.8500    1.256240E-02  2.810834E-02  2.781101E+01
     8.9000    4.757620E-03  2.706663E-02  2.809764E+01
     8.9500   -2.701159E-03  2.582272E-02  2.837913E+01
     9.0000   -9.089034E-03  2.445213E-02  2.865518E+01
     9.0500   -1.393343E-02  2.301509E-02  2.892461E+01
     9.1000   -1.705403E-02  2.156736E-02  2.918634E+01
     9.1500   -1.854288E-02  2.017206E-02  2.944047E+01
     9.2000   -1.865043E-02  1.888313E-02  2.968798E+01
     9.2500   -1.767397E-02  1.773931E-02  2.993098E+01
     9.3000   -1.586776E-02  1.675921E-02  3.017276E+01
     9.3500   -1.339935E-02  1.593929E-02  3.041745E+01
     9.4000   -1.035934E-02  1.525609E-02  3.066949E+01
     9.4500   -6.813809E-03  1.467283E-02  3.093299E+01
     9.5000   -2.876801E-03  1.416214E-02  3.121137E+01
     9.5500    1.243818E-03  1.368203E-02  3.150696E+01
     9.6000    5.203534E-03  1.319443E-02  3.182131E+01
     9.6500    8.551746E-03  1.268821E-02  3.215553E+01
     9.7000    1.081371E-02  1.216879E-02  3.251030E+01
     9.7500    1.159771E-02  1.165692E-02  3.288589E+01
     9.8000    1.070217E-02  1.118524E-02  3.328169E+01
     9.8500    8.191232E-03  1.079219E-02  3.369575E+01
     9.9000    4.414781E-03  1.051348E-02  3.412417E+01
     9.9500   -3.671657E-05  1.037242E-02  3.456106E+01
    10.0000   -4.450725E-03  1.038477E-02  3.500044E+01
    10.0500   -8.108412E-03  1.053502E-02  3.543583E+01
    10.1000   -1.039573E-02  1.077886E-02  3.586089E+01
    10.1500   -1.095680E-02  1.107123E-02  3.627221E+01
    10.2000   -9.747117E-03  1.136443E-02  3.666836E+01
    10.2500   -7.028262E-03  1.161505E-02  3.704922E+01
    10.3000   -3.300032E-03  1.178801E-02  3.741537E+01
    10.3500    8.112702E-04  1.185846E-02  3.776758E+01
    10.4000    4.680251E-03  1.181219E-02  3.810651E+01
    10.4500    7.796034E-03  1.164512E-02  3.843260E+01
    10.5000    9.838470E-03  1.136244E-02  3.874601E+01
    10.5500    1.070478E-02  1.097730E-02  3.904662E+01
    10.6000    1.048771E-02  1.050936E-02  3.933410E+01
    10.6500    9.417739E-03  9.982996E-03  3.960803E+01
    10.7000    7.788939E-03  9.425288E-03  3.986804E+01
    10.7500    5.888866E-03  8.863625E-03  4.011403E+01
    10.8000    3.948347E-03  8.323039E-03  4.034644E+01
    10.8500    2.118932E-03  7.823429E-03  4.056643E+01
    10.9000    4.767680E-04  7.377144E-03  4.077603E+01
    10.9500   -9.554554E-04  6.987608E-03  4.097787E+01
    11.0000   -2.192086E-03  6.669892E-03  4.117558E+01
    11.0500   -3.248066E-03  6.411187E-03  4.137197E+01
    11.1000   -4.101647E-03  6.172867E-03  4.156748E+01
    11.1500   -4.731306E-03  5.941033E-03  4.176199E+01
    11.2000   -5.120442E-03  5.706980E-03  4.195415E+01
    11.2500   -5.271664E-03  5.469423E-03  4.214177E+01
    11.3000   -5.214512E-03  5.235294E-03  4.232237E+01
    11.3500   -5.001960E-03  5.019012E-03  4.249396E+01
    11.4000   -4.695952E-03  4.839957E-03  4.265605E+01
    11.4500   -4.346992E-03  4.717915E-03  4.281068E+01
    11.5000   -3.975669E-03  4.667042E-03  4.296277E+01
    11.5500   -3.563884E-03  4.690284E-03  4.311922E+01
    11.6000   -3.060515E-03  4.777012E-03  4.328692E+01
    11.6500   -2.401227E-03  4.905130E-03  4.347074E+01
    11.7000   -1.536949E-03  5.046151E-03  4.367280E+01
    11.7500   -4.619432E-04  5.170555E-03  4.389284E+01
    11.8000    7.683671E-04  5.251695E-03  4.412913E+01
    11.8500    2.037045E-03  5.267966E-03  4.437933E+01
    11.9000    3.184925E-03  5.203722E-03  4.464094E+01
    11.9500    4.045575E-03  5.049452E-03  4.491158E+01
    12.0000    4.495652E-03  4.807476E-03  4.519094E+01
    12.0500    4.466100E-03  4.478878E-03  4.547754E+01
    12.1000    3.969392E-03  4.061680E-03  4.576667E+01
    12.1500    3.125667E-03  3.566830E-03  4.605573E+01
    12.2000    2.122420E-03  3.009118E-03  4.634100E+01
    12.2500    1.170352E-03  2.406721E-03  4.661606E+01
    12.3000    4.528409E-04  1.781366E-03  4.686686E+01
    12.3500    8.269889E-05  1.161557E-03  4.705263E+01
    12.4000    7.792909E-05  6.082034E-04  4.699541E+01
    12.4500    3.628164E-04  4.278013E-04  4.611151E+01
    12.5000    7.935447E-04  8.048543E-04  4.572093E+01
    12.5500    1.200642E-03  1.249116E-03  4.583259E+01
    12.6000    1.435979E-03  1.638875E-03  4.605597E+01
    12.6500    1.411069E-03  1.947919E-03  4.631373E+01
    12.7000    1.116306E-03  2.166138E-03  4.658248E+01
    12.7500    6.165728E-04  2.290747E-03  4.685137E+01
    12.8000    2.567110E-05  2.324990E-03  4.711285E+01
    12.8500   -5.318725E-04  2.278393E-03  4.735951E+01
    12.9000   -9.596376E-04  2.167849E-03  4.758246E+01
    12.9500   -1.216993E-03  2.019580E-03  4.777064E+01
    13.0000   -1.330262E-03  1.874914E-03  4.791269E+01
    13.0500   -1.376253E-03  1.785561E-03  4.800394E+01
    13.1000   -1.449957E-03  1.798274E-03  4.806177E+01
    13.1500   -1.635807E-03  1.939561E-03  4.812745E+01
    13.2000   -1.969198E-03  2.195207E-03  4.823693E+01
    13.2500   -2.416941E-03  2.525877E-03  4.839993E+01
    13.3000   -2.879199E-03  2.889885E-03  4.860866E+01
    13.3500   -3.213079E-03  3.252969E-03  4.885145E+01
    13.4000   -3.271531E-03  3.589060E-03  4.911850E+01
    13.4500   -2.946548E-03  3.878807E-03  4.940270E+01
    13.5000   -2.204262E-03  4.108263E-03  4.969915E+01
    13.5500   -1.101702E-03  4.268047E-03  5.000440E+01
    13.6000    2.198768E-04  4.352813E-03  5.031602E+01
    13.6500    1.563654E-03  4.360875E-03  5.063221E+01
    13.7000    2.720374E-03  4.293877E-03  5.095161E+01
    13.7500    3.514584E-03  4.156445E-03  5.127312E+01
    13.8000    3.841994E-03  3.955807E-03  5.159582E+01
    13.8500    3.688738E-03  3.701359E-03  5.191888E+01
    13.9000    3.128452E-03  3.404192E-03  5.224154E+01
    13.9500    2.299230E-03  3.076577E-03  5.256304E+01
    14.0000    1.372413E-03  2.735893E-03  5.288159E+01
    14.0500    5.041669E-04  2.397014E-03  5.319516E+01
    14.1000   -2.011131E-04  2.064445E-03  5.350465E+01
    14.1500   -6.861092E-04  1.749600E-03  5.381004E+01
    14.2000   -9.482040E-04  1.462330E-03  5.411258E+01
    14.2500   -1.024255E-03  1.210365E-03  5.441596E+01
    14.3000   -9.680167E-04  9.989908E-04  5.472820E+01
    14.3500   -8.283598E-04  8.314108E-04  5.506357E+01
    14.4000   -6.353193E-04  7.104413E-04  5.544189E+01
    14.4500   -3.977310E-04  6.414373E-04  5.587985E+01
    14.5000   -1.119623E-04  6.332334E-04  5.637092E+01
    14.5500    2.226447E-04  6.923840E-04  5.687605E+01
    14.6000    5.882795E-04  8.158759E-04  5.735397E+01
    14.6500    9.397755E-04  9.927754E-04  5.779123E+01
    14.7000    1.206741E-03  1.210155E-03  5.819459E+01
    14.7500    1.307386E-03  1.455783E-03  5.857491E+01
    14.8000    1.170660E-03  1.718290E-03  5.894073E+01
    14.8500    7.602955E-04  1.986885E-03  5.929759E+01
    14.9000    9.316572E-05  2.251280E-03  5.964887E+01
    14.9500   -7.543706E-04  2.501807E-03  5.999656E+01
    15.0000   -1.658434E-03  2.732112E-03  6.034256E+01
    15.0500   -2.466721E-03  2.935851E-03  6.068792E+01
    15.1000   -3.019892E-03  3.101272E-03  6.103146E+01
    15.1500   -3.202844E-03  3.223099E-03  6.137322E+01
    15.2000   -2.966639E-03  3.297853E-03  6.171308E+01
    15.2500   -2.340270E-03  3.323949E-03  6.205075E+01
    15.3000   -1.424305E-03  3.301717E-03  6.238583E+01
    15.3500   -3.681686E-04  3.233359E-03  6.271774E+01
    15.4000    6.628430E-04  3.122847E-03  6.304574E+01
    15.4500    1.522277E-03  2.975769E-03  6.336885E+01
    15.5000    2.110306E-03  2.799135E-03  6.368585E+01
    15.5500    2.388222E-03  2.601153E-03  6.399521E+01
    15.6000    2.377168E-03  2.390986E-03  6.429509E+01
    15.6500    2.142999E-03  2.178481E-03  6.458338E+01
    15.7000    1.772724E-03  1.973835E-03  6.485799E+01
    15.7500    1.349737E-03  1.787106E-03  6.511739E+01
    15.8000    9.347384E-04  1.627442E-03  6.536162E+01
    15.8500    5.568966E-04  1.501917E-03  6.559359E+01
    15.9000    2.164435E-04  1.414139E-03  6.581979E+01
    15.9500   -1.036043E-04  1.363303E-03  6.604951E+01
    16.0000   -4.201319E-04  1.344753E-03  6.629119E+01
    16.0500   -7.386504E-04  1.353366E-03  6.655077E+01
    16.1000   -1.047864E-03  1.381909E-03  6.683411E+01
    16.1500   -1.309746E-03  1.423901E-03  6.714109E+01
    16.2000   -1.470712E-03  1.474877E-03  6.746907E+01
    16.2500   -1.476805E-03  1.532230E-03  6.781403E+01
    16.3000   -1.291059E-03  1.594562E-03  6.817146E+01
    16.3500   -9.077461E-04  1.660944E-03  6.853683E+01
    16.4000   -3.591962E-04  1.730314E-03  6.890593E+01
    16.4500    2.869825E-04  1.801118E-03  6.927506E+01
    16.5000    9.396873E-04  1.871230E-03  6.964115E+01
    16.5500    1.502069E-03  1.938086E-03  7.000180E+01
    16.6000    1.890668E-03  1.998974E-03  7.035515E+01
    16.6500    2.051166E-03  2.051367E-03  7.069983E+01
    16.7000    1.967102E-03  2.093267E-03  7.103480E+01
    16.7500    1.659924E-03  2.123483E-03  7.135925E+01
    16.8000    1.181126E-03  2.141838E-03  7.167252E+01
    16.8500    5.991360E-04  2.149280E-03  7.197413E+01
    16.9000   -1.524499E-05  2.147889E-03  7.226373E+01
    16.9500   -6.011630E-04  2.140749E-03  7.254128E+01
    17.0000   -1.116243E-03  2.132452E-03  7.280753E+01
    17.0500   -1.536624E-03  2.127184E-03  7.306386E+01
    17.1000   -1.849068E-03  2.126760E-03  7.331068E+01
    17.1500   -2.052940E-03  2.134654E-03  7.354984E+01
    17.2000   -2.151258E-03  2.153317E-03  7.378370E+01
    17.2500   -2.145567E-03  2.183798E-03  7.401482E+01
    17.3000   -2.033826E-03  2.225624E-03  7.424562E+01
    17.3500   -1.811696E-03  2.276953E-03  7.447812E+01
    17.4000   -1.476473E-03  2.334953E-03  7.471366E+01
    17.4500   -1.032070E-03  2.396294E-03  7.495296E+01
    17.5000   -4.932384E-04  2.457624E-03  7.519615E+01
    17.5500    1.124984E-04  2.515973E-03  7.544295E+01
    17.6000    7.459238E-04  2.569023E-03  7.569282E+01
    17.6500    1.360024E-03  2.615262E-03  7.594511E+01
    17.7000    1.905701E-03  2.654023E-03  7.619921E+01
    17.7500    2.337862E-03  2.685438E-03  7.645458E+01
    17.8000    2.620508E-03  2.710305E-03  7.671089E+01
    17.8500    2.729903E-03  2.729905E-03  7.696799E+01
    17.9000    2.655594E-03  2.745768E-03  7.722601E+01
    17.9500    2.399763E-03  2.759433E-03  7.748531E+01
    18.0000    1.975474E-03  2.772766E-03  7.774682E+01
    18.0500    1.403676E-03  2.787134E-03  7.801202E+01
    18.1000    7.173051E-04  2.801270E-03  7.828087E+01
    18.1500   -4.018217E-05  2.814929E-03  7.855409E+01
    18.2000   -8.154231E-04  2.827469E-03  7.883236E+01
    18.2500   -1.546779E-03  2.837969E-03  7.911624E+01
    18.3000   -2.168025E-03  2.845381E-03  7.940613E+01
    18.3500   -2.614470E-03  2.848691E-03  7.970227E+01
    18.4000   -2.831125E-03  2.847065E-03  8.000474E+01
    18.4500   -2.781737E-03  2.839973E-03  8.031347E+01
    18.5000   -2.456885E-03  2.827253E-03  8.062823E+01
    18.5500   -1.879139E-03  2.809151E-03  8.094863E+01
    18.6000   -1.103599E-03  2.786292E-03  8.127416E+01
    18.6500   -2.129988E-04  2.759632E-03  8.160415E+01
    18.7000    6.923234E-04  2.730365E-03  8.193777E+01
    18.7500    1.508051E-03  2.699823E-03  8.227407E+01
    18.8000    2.140707E-03  2.669369E-03  8.261197E+01
    18.8500    2.520854E-03  2.640310E-03  8.295025E+01
    18.9000    2.612196E-03  2.613840E-03  8.328767E+01
    18.9500    2.414953E-03  2.591016E-03  8.362297E+01
    19.0000    1.964713E-03  2.574512E-03  8.395484E+01
    19.0500    1.322456E-03  2.568286E-03  8.428209E+01
    19.1000    5.573654E-04  2.568765E-03  8.460428E+01
    19.1500   -2.519874E-04  2.576739E-03  8.492095E+01
    19.2000   -1.031076E-03  2.593014E-03  8.523194E+01
    19.2500   -1.715541E-03  2.618361E-03  8.553744E+01
    19.3000   -2.254011E-03  2.653429E-03  8.583798E+01
    19.3500   -2.608294E-03  2.698597E-03  8.613437E+01
    19.4000   -2.752249E-03  2.753824E-03  8.642762E+01
    19.4500   -2.670895E-03  2.818500E-03  8.671886E+01
    19.5000   -2.360883E-03  2.891352E-03  8.700922E+01
    19.5500   -1.832675E-03  2.970418E-03  8.729970E+01
    19.6000   -1.113809E-03  3.053090E-03  8.759116E+01
    19.6500   -2.517830E-04  3.136234E-03  8.788423E+01
    19.7000    6.852579E-04  3.216349E-03  8.817929E+01
    19.7500    1.611620E-03  3.289758E-03  8.847656E+01
    19.8000    2.431695E-03  3.352804E-03  8.877602E+01
    19.8500    3.051659E-03  3.402039E-03  8.907755E+01
    19.9000    3.393475E-03  3.434391E-03  8.938088E+01
    19.9500    3.408465E-03  3.447310E-03  8.968566E+01