# # tequil.ion_motion                                            FEFF 9.05   
# # POT  SCF  30  5.5000   1, core-hole, AFOLP (folp(0)= 1.150)
# # Abs   Z=30 Rmt= 1.307 Rnm= 1.401 K  shell
# # Pot 1 Z=26 Rmt= 1.311 Rnm= 1.417
# # Pot 2 Z= 8 Rmt= 0.995 Rnm= 1.082
# # Gam_ch=1.897E+00 H-L exch
# # Mu=-1.173E+01 kf=2.165E+00 Vint=-1.860E+01 Rs_int= 1.675
# # PATH  Rmax= 8.500,  Keep_limit= 0.00, Heap_limit 0.00  Pwcrit= 2.50%
#  S02=1.000                                        Global_sig2= 0.00000
#  Energy zero shift, vr, vi   -2.00000E+00   0.00000E+00
#  Curved wave amplitude ratio filter   4.000%
#     file         sig2 tot  cw amp ratio   deg  nlegs   reff  inp sig2
#           1       0.00000    100.00      1.00     2   1.9116
#           2       0.00000     87.92      1.00     2   2.0085
#           3       0.00000     83.93      1.00     2   2.0447
#           4       0.00000     78.71      1.00     2   2.0956
#           5       0.00000     71.42      1.00     2   2.1750
#           6       0.00000     51.28      1.00     2   2.4670
#           7       0.00000     32.26      1.00     2   2.8470
#           8       0.00000     30.35      1.00     2   2.9248
#           9       0.00000     28.81      1.00     2   2.9924
#          10       0.00000     28.38      1.00     2   3.0121
#          11       0.00000     22.81      1.00     2   3.3077
#          12       0.00000     22.23      1.00     2   3.3441
#          13       0.00000     22.15      1.00     2   3.3672
#          14       0.00000     21.52      1.00     2   3.3896
#          15       0.00000     21.50      1.00     2   3.4036
#          16       0.00000     10.32      2.00     3   3.4043
#          17       0.00000     11.18      2.00     3   3.4314
#          18       0.00000     12.71      2.00     3   3.4372
#          19       0.00000      9.36      2.00     3   3.4499
#          20       0.00000      8.89      2.00     3   3.4786
#          21       0.00000      9.07      2.00     3   3.5026
#          22       0.00000     10.98      2.00     3   3.5034
#          23       0.00000      7.43      2.00     3   3.5230
#          24       0.00000      8.05      2.00     3   3.5320
#          25       0.00000      9.61      2.00     3   3.5353
#          26       0.00000     19.20      1.00     2   3.5453
#          27       0.00000     19.19      1.00     2   3.5462
#          28       0.00000     19.16      1.00     2   3.5477
#          29       0.00000      7.41      2.00     3   3.5658
#          30       0.00000      8.54      2.00     3   3.5686
#          31       0.00000     16.47      2.00     3   3.5951
#          32       0.00000      7.78      2.00     3   3.5988
#          33       0.00000     10.73      2.00     3   3.6106
#          34       0.00000     18.23      1.00     2   3.6114
#          35       0.00000     15.83      2.00     3   3.6211
#          36       0.00000      6.36      2.00     3   3.6361
#          37       0.00000     17.91      1.00     2   3.6576
#          38       0.00000      6.84      2.00     3   3.6615
#          39       0.00000      9.11      2.00     3   3.6760
#          40       0.00000     15.12      2.00     3   3.6769
#          41       0.00000      7.49      2.00     3   3.6831
#          42       0.00000     16.84      1.00     2   3.7504
#          43       0.00000     16.59      1.00     2   3.7732
#          44       0.00000     16.52      1.00     2   3.7799
#          45       0.00000      7.20      2.00     3   3.7828
#          46       0.00000     15.85      1.00     2   3.7960
#          47       0.00000     17.07      2.00     3   3.8070
#          48       0.00000     16.13      1.00     2   3.8158
#          49       0.00000     11.37      1.00     4   3.8232
#          50       0.00000      4.35      1.00     4   3.8824
#          51       0.00000      4.45      1.00     4   3.8980
#          52       0.00000     16.47      2.00     3   3.9101
#          54       0.00000     13.33      2.00     3   3.9447
#          55       0.00000      9.82      2.00     3   3.9453
#          56       0.00000     14.81      1.00     2   3.9483
#          57       0.00000      7.42      1.00     4   3.9563
#          59       0.00000      5.94      1.00     4   3.9616
#          61       0.00000     13.94      1.00     2   3.9709
#          62       0.00000     13.89      1.00     2   3.9764
#          63       0.00000      5.00      1.00     4   3.9948
#          64       0.00000     11.78      2.00     3   4.0062
#          65       0.00000      8.68      1.00     4   4.0171
#          66       0.00000      7.13      1.00     4   4.0471
#          67       0.00000     21.35      2.00     3   4.0772
#          68       0.00000      4.83      1.00     4   4.0805
#          69       0.00000      7.89      1.00     4   4.0894
#          70       0.00000     20.20      2.00     3   4.1152
#          71       0.00000      8.29      2.00     3   4.1179
#          72       0.00000      7.30      2.00     3   4.1325
#          73       0.00000      4.72      1.00     4   4.1390
#          74       0.00000     18.36      2.00     4   4.1403
#          75       0.00000      4.22      1.00     4   4.1448
#          76       0.00000      7.90      2.00     3   4.1581
#          77       0.00000     10.92      2.00     3   4.1663
#          78       0.00000     16.97      2.00     4   4.1836
#          79       0.00000      6.91      1.00     4   4.1912
#          80       0.00000     11.72      1.00     2   4.2177
#          81       0.00000      4.30      1.00     4   4.2325
#          82       0.00000     11.56      1.00     2   4.2383
#          83       0.00000     11.38      1.00     2   4.2613
#          84       0.00000      7.01      2.00     3   4.2650
#          85       0.00000      6.41      2.00     3   4.2774
#          86       0.00000      6.44      2.00     3   4.2795
#          87       0.00000      6.43      2.00     3   4.2802
#          88       0.00000      6.23      2.00     3   4.3217
#          89       0.00000      5.67      1.00     4   4.3501
#          90       0.00000     19.14      2.00     3   4.3522
#          91       0.00000     17.97      2.00     4   4.3786
#          93       0.00000     10.43      1.00     2   4.3904
#          94       0.00000      6.52      2.00     3   4.3970
#          95       0.00000      7.88      2.00     3   4.4035
#          96       0.00000     10.15      1.00     2   4.4311
#          97       0.00000     10.05      1.00     2   4.4464
#          98       0.00000      9.98      1.00     2   4.4567
#          99       0.00000      5.59      2.00     3   4.4679
#         100       0.00000      6.79      2.00     3   4.4700
#         101       0.00000      9.73      1.00     2   4.4956
#         102       0.00000     17.39      2.00     3   4.5110
#         103       0.00000      5.11      2.00     3   4.5181
#         104       0.00000      9.47      1.00     2   4.5364
#         105       0.00000     17.76      2.00     3   4.5520
#         106       0.00000      5.65      2.00     3   4.5548
#         107       0.00000      9.52      2.00     3   4.5569
#         109       0.00000      8.21      2.00     3   4.5854
#         110       0.00000     17.72      2.00     3   4.5950
#         112       0.00000     18.81      2.00     3   4.6150
#         113       0.00000     13.79      2.00     3   4.6186
#         114       0.00000      7.12      2.00     3   4.6189
#         115       0.00000      8.92      1.00     2   4.6290
#         116       0.00000      9.78      1.00     4   4.6317
#         117       0.00000      8.88      1.00     2   4.6354
#         118       0.00000      6.89      2.00     3   4.6467
#         119       0.00000      4.78      2.00     3   4.6486
#         120       0.00000     10.10      1.00     4   4.6576
#         121       0.00000      6.19      2.00     3   4.6699
#         122       0.00000     11.18      1.00     4   4.6937
#         123       0.00000     10.27      1.00     4   4.6944
#         124       0.00000      6.56      2.00     3   4.7259
#         126       0.00000      5.62      2.00     3   4.7408
#         127       0.00000      7.84      2.00     3   4.7509
#         128       0.00000      8.25      1.00     2   4.7516
#         129       0.00000      8.13      1.00     2   4.7744
#         130       0.00000      7.13      1.00     4   4.7806
#         131       0.00000     12.51      2.00     3   4.7835
#         132       0.00000     12.48      2.00     3   4.7897
#         133       0.00000      7.97      1.00     2   4.8065
#         134       0.00000      7.93      1.00     2   4.8153
#         135       0.00000      6.89      2.00     3   4.8152
#         137       0.00000      7.81      1.00     2   4.8399
#         138       0.00000      7.80      1.00     2   4.8419
#         141       0.00000      7.59      1.00     2   4.8864
#         142       0.00000     12.25      2.00     3   4.8899
#         143       0.00000      5.81      2.00     3   4.9021
#         144       0.00000      7.43      2.00     3   4.9062
#         145       0.00000      4.52      2.00     3   4.9214
#         146       0.00000      8.28      1.00     2   4.9239
#         147       0.00000      4.48      2.00     4   4.9237
#         149       0.00000     10.90      2.00     3   4.9377
#         150       0.00000      6.41      1.00     4   4.9379
#         151       0.00000      6.41      1.00     4   4.9439
#         152       0.00000      8.10      1.00     2   4.9635
#         153       0.00000      8.10      1.00     2   4.9645
#         154       0.00000      5.50      2.00     4   4.9694
#         155       0.00000      5.70      2.00     3   4.9706
#         157       0.00000     11.15      2.00     3   5.0138
#         160       0.00000      6.39      1.00     4   5.0282
#         164       0.00000      7.45      2.00     3   5.0670
#         166       0.00000      8.04      2.00     3   5.0736
#         167       0.00000      7.45      2.00     3   5.0734
#         168       0.00000      5.47      1.00     4   5.1011
#         169       0.00000      5.45      1.00     4   5.1037
#         170       0.00000      6.62      2.00     3   5.1139
#         171       0.00000      6.61      1.00     2   5.1145
#         172       0.00000     17.05      2.00     3   5.1168
#         173       0.00000     11.06      1.00     4   5.1192
#         174       0.00000      6.57      1.00     2   5.1224
#         175       0.00000     16.74      2.00     3   5.1253
#         176       0.00000     10.74      1.00     4   5.1281
#         177       0.00000      6.67      2.00     3   5.1404
#         178       0.00000      6.40      2.00     3   5.1409
#         179       0.00000      6.78      2.00     3   5.1605
#         180       0.00000      6.34      1.00     2   5.1835
#         183       0.00000      7.05      1.00     2   5.2188
#         184       0.00000      7.04      1.00     2   5.2194
#         185       0.00000      5.73      2.00     3   5.2502
#         186       0.00000      6.89      1.00     2   5.2601
#         188       0.00000      5.57      2.00     3   5.2858
#         190       0.00000      6.87      2.00     3   5.3089
#         191       0.00000      5.89      1.00     2   5.3100
#         193       0.00000     13.98      2.00     3   5.3168
#         194       0.00000      7.09      2.00     3   5.3194
#         195       0.00000      8.47      2.00     3   5.3233
#         196       0.00000      8.44      1.00     4   5.3237
#         199       0.00000      5.78      1.00     2   5.3410
#         200       0.00000      4.50      2.00     3   5.3642
#         201       0.00000      5.68      1.00     2   5.3708
#         202       0.00000      6.85      2.00     3   5.3728
#         203       0.00000      5.29      2.00     3   5.3840
#         204       0.00000      6.44      1.00     2   5.3856
#         205       0.00000      5.64      1.00     2   5.3852
#         207       0.00000      6.41      1.00     2   5.3970
#         208       0.00000      5.58      1.00     2   5.4040
#         209       0.00000      4.88      2.00     4   5.4121
#         210       0.00000      4.57      2.00     4   5.4118
#         211       0.00000      5.17      2.00     3   5.4181
#         212       0.00000      4.02      1.00     4   5.4273
#         214       0.00000      4.95      2.00     3   5.4386
#         217       0.00000      6.24      1.00     2   5.4478
#         220       0.00000      5.60      2.00     3   5.4618
#         222       0.00000      5.38      1.00     2   5.4672
#         223       0.00000      5.34      1.00     2   5.4784
#         227       0.00000      6.86      2.00     3   5.4967
#         228       0.00000      5.24      2.00     3   5.4992
#         229       0.00000      4.50      2.00     3   5.5245
#         233       0.00000      5.89      1.00     2   5.5571
#         234       0.00000      6.79      2.00     3   5.5653
#         236       0.00000      4.83      2.00     3   5.5704
#         237       0.00000      5.05      1.00     2   5.5778
#         238       0.00000      6.61      2.00     3   5.5917
#         240       0.00000      4.06      2.00     3   5.5937
#         241       0.00000      5.77      1.00     2   5.5950
#         243       0.00000      5.74      1.00     2   5.6068
#         244       0.00000      5.63      2.00     3   5.6081
#         245       0.00000      4.70      2.00     4   5.6111
#         246       0.00000      5.53      2.00     3   5.6228
#         247       0.00000      4.04      2.00     3   5.6491
#         250       0.00000      5.66      2.00     3   5.6727
#         255       0.00000      4.76      1.00     2   5.6856
#         260       0.00000      4.19      2.00     3   5.7115
#         262       0.00000      6.11      2.00     3   5.7149
#         263       0.00000      4.00      2.00     3   5.7154
#         270       0.00000      5.27      2.00     3   5.7475
#         271       0.00000      4.37      2.00     3   5.7478
#         276       0.00000      4.17      2.00     3   5.7829
#         279       0.00000      4.52      2.00     5   5.7988
#         287       0.00000      4.44      1.00     2   5.8129
#         290       0.00000      4.72      2.00     3   5.8187
#         294       0.00000      5.95      2.00     3   5.8366
#         301       0.00000      4.34      1.00     2   5.8541
#         307       0.00000      4.30      1.00     2   5.8707
#         308       0.00000      5.00      1.00     2   5.8783
#         311       0.00000      4.98      1.00     2   5.8844
#         313       0.00000      4.98      1.00     2   5.8854
#         316       0.00000      4.95      1.00     2   5.8990
#         321       0.00000      8.09      2.00     3   5.9152
#   225/ 292 paths used
#  -----------------------------------------------------------------------
#       k          chi          mag           phase @#
    -0.7000   -5.194825E-01  5.195227E-01 -1.583233E+00
    -0.6500   -4.935622E-01  4.936051E-01 -1.583995E+00
    -0.6000   -4.802493E-01  4.803009E-01 -1.585444E+00
    -0.5500   -4.749533E-01  4.749878E-01 -1.582846E+00
    -0.5000   -4.748830E-01  4.748914E-01 -1.576731E+00
    -0.4500   -4.779236E-01  4.779274E-01 -1.566848E+00
    -0.4000   -4.823307E-01  4.823893E-01 -1.555198E+00
    -0.3500   -4.877860E-01  4.880139E-01 -1.540235E+00
    -0.3000   -4.929915E-01  4.934928E-01 -1.525720E+00
    -0.2500   -4.975934E-01  4.984438E-01 -1.512375E+00
    -0.2000   -5.014193E-01  5.026510E-01 -1.500776E+00
    -0.1500   -5.047430E-01  5.063807E-01 -1.490349E+00
    -0.1000   -5.072062E-01  5.091953E-01 -1.482379E+00
    -0.0500   -5.086757E-01  5.108973E-01 -1.477507E+00
     0.0000   -5.091638E-01  5.114666E-01 -1.475868E+00
     0.0500   -5.096508E-01  5.120367E-01 -1.474221E+00
     0.1000   -5.111050E-01  5.137521E-01 -1.469240E+00
     0.1500   -5.135025E-01  5.166249E-01 -1.460796E+00
     0.2000   -5.167911E-01  5.206677E-01 -1.448693E+00
     0.2500   -5.208753E-01  5.258834E-01 -1.432678E+00
     0.3000   -5.255968E-01  5.322544E-01 -1.412465E+00
     0.3500   -5.309429E-01  5.400143E-01 -1.387244E+00
     0.4000   -5.371941E-01  5.499445E-01 -1.355042E+00
     0.4500   -5.430369E-01  5.609699E-01 -1.317263E+00
     0.5000   -5.478103E-01  5.729062E-01 -1.273717E+00
     0.5500   -5.510755E-01  5.861663E-01 -1.223027E+00
     0.6000   -5.520596E-01  6.012821E-01 -1.163354E+00
     0.6500   -5.487880E-01  6.166365E-01 -1.097279E+00
     0.7000   -5.401496E-01  6.323717E-01 -1.023942E+00
     0.7500   -5.246358E-01  6.494251E-01 -9.404891E-01
     0.8000   -5.005264E-01  6.656843E-01 -8.509356E-01
     0.8500   -4.665863E-01  6.819413E-01 -7.535103E-01
     0.9000   -4.212502E-01  6.980922E-01 -6.477964E-01
     0.9500   -3.643310E-01  7.123607E-01 -5.368618E-01
     1.0000   -2.940463E-01  7.264104E-01 -4.167531E-01
     1.0500   -2.121059E-01  7.381839E-01 -2.914432E-01
     1.1000   -1.192612E-01  7.480180E-01 -1.601196E-01
     1.1500   -1.683280E-02  7.559834E-01 -2.226794E-02
     1.2000    9.040627E-02  7.607315E-01  1.191228E-01
     1.2500    2.020866E-01  7.638166E-01  2.677629E-01
     1.3000    3.106003E-01  7.633050E-01  4.190743E-01
     1.3500    4.140184E-01  7.603620E-01  5.757949E-01
     1.4000    5.061184E-01  7.541697E-01  7.356828E-01
     1.4500    5.832483E-01  7.450427E-01  8.992151E-01
     1.5000    6.417886E-01  7.330787E-01  1.066408E+00
     1.5500    6.780810E-01  7.179925E-01  1.235803E+00
     1.6000    6.913398E-01  7.004559E-01  1.409286E+00
     1.6500    6.798195E-01  6.798768E-01  1.583773E+00
     1.7000    6.451390E-01  6.572279E-01  1.762892E+00
     1.7500    5.887148E-01  6.318623E-01  1.942489E+00
     1.8000    5.136296E-01  6.044383E-01  2.126056E+00
     1.8500    4.246367E-01  5.747787E-01  2.310330E+00
     1.9000    3.252474E-01  5.432141E-01  2.499658E+00
     1.9500    2.221160E-01  5.097184E-01  2.690708E+00
     2.0000    1.222058E-01  4.745682E-01  2.881149E+00
     2.0500    3.109006E-02  4.381213E-01  3.070571E+00
     2.1000   -4.759863E-02  3.995154E-01  3.261017E+00
     2.1500   -1.094819E-01  3.588415E-01  3.451634E+00
     2.2000   -1.513749E-01  3.180224E-01  3.637680E+00
     2.2500   -1.735357E-01  2.775674E-01  3.816983E+00
     2.3000   -1.771046E-01  2.372359E-01  3.984430E+00
     2.3500   -1.635438E-01  1.962176E-01  4.126972E+00
     2.4000   -1.407517E-01  1.584037E-01  4.235796E+00
     2.4500   -1.145887E-01  1.255855E-01  4.290789E+00
     2.5000   -9.080830E-02  1.005029E-01  4.269551E+00
     2.5500   -7.676482E-02  8.751924E-02  4.211424E+00
     2.6000   -6.802899E-02  8.235149E-02  4.113710E+00
     2.6500   -6.620123E-02  8.517130E-02  4.031910E+00
     2.7000   -7.173628E-02  9.361361E-02  4.014658E+00
     2.7500   -8.056431E-02  1.012925E-01  4.061199E+00
     2.8000   -9.211238E-02  1.093834E-01  4.142768E+00
     2.8500   -1.050905E-01  1.173771E-01  4.250751E+00
     2.9000   -1.178541E-01  1.247580E-01  4.378156E+00
     2.9500   -1.286876E-01  1.312055E-01  4.516164E+00
     3.0000   -1.364640E-01  1.366290E-01  4.663233E+00
     3.0500   -1.402052E-01  1.409796E-01  4.817254E+00
     3.1000   -1.392890E-01  1.442739E-01  4.976027E+00
     3.1500   -1.335474E-01  1.466674E-01  5.138583E+00
     3.2000   -1.229916E-01  1.481972E-01  5.304224E+00
     3.2500   -1.080477E-01  1.489045E-01  5.471254E+00
     3.3000   -8.949873E-02  1.489117E-01  5.638410E+00
     3.3500   -6.807482E-02  1.484599E-01  5.806833E+00
     3.4000   -4.445887E-02  1.475105E-01  5.977030E+00
     3.4500   -1.973416E-02  1.460279E-01  6.147631E+00
     3.5000    5.082042E-03  1.440906E-01  6.318462E+00
     3.5500    2.918644E-02  1.419467E-01  6.490278E+00
     3.6000    5.177108E-02  1.396040E-01  6.663101E+00
     3.6500    7.186490E-02  1.368895E-01  6.835882E+00
     3.7000    8.879357E-02  1.338514E-01  7.008504E+00
     3.7500    1.021504E-01  1.305619E-01  7.181680E+00
     3.8000    1.116170E-01  1.270701E-01  7.355666E+00
     3.8500    1.169382E-01  1.233934E-01  7.529092E+00
     3.9000    1.182072E-01  1.195879E-01  7.701876E+00
     3.9500    1.157169E-01  1.157419E-01  7.874749E+00
     4.0000    1.098129E-01  1.119209E-01  8.048373E+00
     4.0500    1.008812E-01  1.080875E-01  8.221199E+00
     4.1000    8.947211E-02  1.042840E-01  8.393482E+00
     4.1500    7.613230E-02  1.005417E-01  8.565730E+00
     4.2000    6.139774E-02  9.688556E-02  8.738433E+00
     4.2500    4.579966E-02  9.332448E-02  8.911819E+00
     4.3000    2.980492E-02  8.984737E-02  9.086643E+00
     4.3500    1.388869E-02  8.644085E-02  9.263406E+00
     4.4000   -1.414383E-03  8.311945E-02  9.441795E+00
     4.4500   -1.573370E-02  7.975782E-02  9.623349E+00
     4.5000   -2.855990E-02  7.628711E-02  9.808499E+00
     4.5500   -3.936000E-02  7.265794E-02  9.997256E+00
     4.6000   -4.765564E-02  6.890105E-02  1.018855E+01
     4.6500   -5.306640E-02  6.487108E-02  1.038275E+01
     4.7000   -5.536301E-02  6.054100E-02  1.057898E+01
     4.7500   -5.458175E-02  5.592774E-02  1.077574E+01
     4.8000   -5.115965E-02  5.117665E-02  1.096980E+01
     4.8500   -4.558426E-02  4.620340E-02  1.115947E+01
     4.9000   -3.868815E-02  4.111392E-02  1.134080E+01
     4.9500   -3.142655E-02  3.606329E-02  1.150827E+01
     5.0000   -2.480914E-02  3.132128E-02  1.165215E+01
     5.0500   -1.944105E-02  2.706617E-02  1.176505E+01
     5.1000   -1.568499E-02  2.361873E-02  1.184009E+01
     5.1500   -1.348665E-02  2.129055E-02  1.188036E+01
     5.2000   -1.249311E-02  2.032491E-02  1.190440E+01
     5.2500   -1.187171E-02  2.050504E-02  1.194891E+01
     5.3000   -1.078204E-02  2.140475E-02  1.203847E+01
     5.3500   -8.517310E-03  2.253312E-02  1.217875E+01
     5.4000   -4.760230E-03  2.361130E-02  1.236337E+01
     5.4500    4.698305E-04  2.425135E-02  1.258575E+01
     5.5000    6.557698E-03  2.427973E-02  1.283986E+01
     5.5500    1.247672E-02  2.361831E-02  1.312293E+01
     5.6000    1.705104E-02  2.236270E-02  1.343350E+01
     5.6500    1.917537E-02  2.048197E-02  1.377805E+01
     5.7000    1.812134E-02  1.813027E-02  1.416855E+01
     5.7500    1.377869E-02  1.561440E-02  1.462695E+01
     5.8000    6.813693E-03  1.346721E-02  1.517748E+01
     5.8500   -1.560364E-03  1.246033E-02  1.583352E+01
     5.9000   -9.679427E-03  1.332212E-02  1.652128E+01
     5.9500   -1.579011E-02  1.596342E-02  1.713127E+01
     6.0000   -1.825291E-02  1.956065E-02  1.764649E+01
     6.0500   -1.629204E-02  2.363493E-02  1.808901E+01
     6.1000   -9.941986E-03  2.778950E-02  1.848369E+01
     6.1500   -7.044377E-05  3.174642E-02  1.884734E+01
     6.2000    1.178218E-02  3.531321E-02  1.918973E+01
     6.2500    2.372260E-02  3.835527E-02  1.951638E+01
     6.3000    3.388888E-02  4.078405E-02  1.983034E+01
     6.3500    4.080885E-02  4.255235E-02  2.013310E+01
     6.4000    4.365231E-02  4.365282E-02  2.042518E+01
     6.4500    4.232521E-02  4.411758E-02  2.070638E+01
     6.5000    3.729121E-02  4.405610E-02  2.098187E+01
     6.5500    2.953986E-02  4.356026E-02  2.124592E+01
     6.6000    2.030847E-02  4.275987E-02  2.149625E+01
     6.6500    1.070352E-02  4.182115E-02  2.173233E+01
     6.7000    1.497886E-03  4.092704E-02  2.195454E+01
     6.7500   -6.951370E-03  4.025702E-02  2.216469E+01
     6.8000   -1.464481E-02  3.995978E-02  2.236638E+01
     6.8500   -2.177297E-02  4.012498E-02  2.256471E+01
     6.9000   -2.850072E-02  4.076476E-02  2.276536E+01
     6.9500   -3.477628E-02  4.181404E-02  2.297329E+01
     7.0000   -4.032257E-02  4.319807E-02  2.319502E+01
     7.0500   -4.432820E-02  4.472009E-02  2.342946E+01
     7.1000   -4.591031E-02  4.620747E-02  2.367542E+01
     7.1500   -4.430579E-02  4.752001E-02  2.393185E+01
     7.2000   -3.907125E-02  4.854274E-02  2.419726E+01
     7.2500   -3.026709E-02  4.919063E-02  2.446997E+01
     7.3000   -1.852994E-02  4.940975E-02  2.474832E+01
     7.3500   -5.009031E-03  4.917626E-02  2.503071E+01
     7.4000    8.820559E-03  4.849422E-02  2.531565E+01
     7.4500    2.142138E-02  4.739270E-02  2.560174E+01
     7.5000    3.151945E-02  4.595211E-02  2.588861E+01
     7.5500    3.816367E-02  4.421533E-02  2.617418E+01
     7.6000    4.097092E-02  4.224960E-02  2.645688E+01
     7.6500    4.012482E-02  4.014565E-02  2.673575E+01
     7.7000    3.622673E-02  3.799828E-02  2.701009E+01
     7.7500    3.010551E-02  3.590017E-02  2.727964E+01
     7.8000    2.261943E-02  3.393488E-02  2.754476E+01
     7.8500    1.450509E-02  3.216938E-02  2.780656E+01
     7.9000    6.307831E-03  3.064724E-02  2.806703E+01
     7.9500   -1.600684E-03  2.938415E-02  2.832884E+01
     8.0000   -8.940707E-03  2.837208E-02  2.859492E+01
     8.0500   -1.542551E-02  2.756814E-02  2.886817E+01
     8.1000   -2.068827E-02  2.691545E-02  2.915104E+01
     8.1500   -2.427442E-02  2.635379E-02  2.944522E+01
     8.2000   -2.571227E-02  2.582529E-02  2.975154E+01
     8.2500   -2.464361E-02  2.528067E-02  3.007010E+01
     8.3000   -2.097309E-02  2.468229E-02  3.040047E+01
     8.3500   -1.498351E-02  2.400460E-02  3.074183E+01
     8.4000   -7.370172E-03  2.323276E-02  3.109312E+01
     8.4500    8.312589E-04  2.236032E-02  3.145311E+01
     8.5000    8.413651E-03  2.138523E-02  3.182029E+01
     8.5500    1.424063E-02  2.030380E-02  3.219325E+01
     8.6000    1.748864E-02  1.912018E-02  3.257062E+01
     8.6500    1.782854E-02  1.784008E-02  3.295076E+01
     8.7000    1.549766E-02  1.646923E-02  3.333193E+01
     8.7500    1.123445E-02  1.501356E-02  3.371204E+01
     8.8000    6.091936E-03  1.347995E-02  3.408860E+01
     8.8500    1.177805E-03  1.187770E-02  3.445819E+01
     8.9000   -2.610545E-03  1.022090E-02  3.481579E+01
     8.9500   -4.785713E-03  8.532413E-03  3.515298E+01
     9.0000   -5.341402E-03  6.845224E-03  3.545268E+01
     9.0500   -4.727549E-03  5.242351E-03  3.568143E+01
     9.1000   -3.668940E-03  3.913884E-03  3.577266E+01
     9.1500   -2.907427E-03  3.257473E-03  3.566047E+01
     9.2000   -2.971740E-03  3.637611E-03  3.551362E+01
     9.2500   -4.011554E-03  4.758792E-03  3.556031E+01
     9.3000   -5.750784E-03  6.157304E-03  3.576291E+01
     9.3500   -7.572435E-03  7.598018E-03  3.604623E+01
     9.4000   -8.709389E-03  8.973250E-03  3.637142E+01
     9.4500   -8.485147E-03  1.022432E-02  3.672019E+01
     9.5000   -6.540402E-03  1.132924E-02  3.708369E+01
     9.5500   -2.940819E-03  1.226181E-02  3.745692E+01
     9.6000    1.783227E-03  1.299292E-02  3.783679E+01
     9.6500    6.743840E-03  1.351220E-02  3.822166E+01
     9.7000    1.091950E-02  1.381565E-02  3.861053E+01
     9.7500    1.341201E-02  1.390517E-02  3.900279E+01
     9.8000    1.367495E-02  1.378809E-02  3.939810E+01
     9.8500    1.165210E-02  1.347661E-02  3.979632E+01
     9.9000    7.790074E-03  1.298712E-02  4.019741E+01
     9.9500    2.923688E-03  1.233944E-02  4.060149E+01
    10.0000   -1.941024E-03  1.157665E-02  4.100917E+01
    10.0500   -5.871808E-03  1.071903E-02  4.142043E+01
    10.1000   -8.193244E-03  9.771270E-03  4.183524E+01
    10.1500   -8.649329E-03  8.757437E-03  4.225421E+01
    10.2000   -7.428901E-03  7.701390E-03  4.267831E+01
    10.2500   -5.078529E-03  6.626294E-03  4.310905E+01
    10.3000   -2.332088E-03  5.554346E-03  4.354900E+01
    10.3500    9.232041E-05  4.506903E-03  4.400278E+01
    10.4000    1.672010E-03  3.505480E-03  4.447950E+01
    10.4500    2.190071E-03  2.575113E-03  4.499919E+01
    10.5000    1.752900E-03  1.755949E-03  4.561203E+01
    10.5500    7.186466E-04  1.146569E-03  4.644648E+01
    10.6000   -4.353491E-04  9.775253E-04  4.758546E+01
    10.6500   -1.263435E-03  1.275478E-03  4.855716E+01
    10.7000   -1.476706E-03  1.721453E-03  4.923446E+01
    10.7500   -1.009383E-03  2.152465E-03  4.977739E+01
    10.8000   -1.349489E-05  2.520038E-03  5.026013E+01
    10.8500    1.209239E-03  2.808324E-03  5.071063E+01
    10.9000    2.311848E-03  3.012324E-03  5.114036E+01
    10.9500    3.008214E-03  3.132052E-03  5.155414E+01
    11.0000    3.146080E-03  3.168054E-03  5.195413E+01
    11.0500    2.738789E-03  3.127315E-03  5.234006E+01
    11.1000    1.941569E-03  3.022309E-03  5.270943E+01
    11.1500    9.779179E-04  2.865640E-03  5.305882E+01
    11.2000    6.369340E-05  2.674330E-03  5.338326E+01
    11.2500   -6.577616E-04  2.470978E-03  5.367652E+01
    11.3000   -1.146479E-03  2.284636E-03  5.393278E+01
    11.3500   -1.455505E-03  2.149454E-03  5.415096E+01
    11.4000   -1.686770E-03  2.097741E-03  5.434122E+01
    11.4500   -1.931988E-03  2.147043E-03  5.452647E+01
    11.5000   -2.221814E-03  2.290763E-03  5.473190E+01
    11.5500   -2.502701E-03  2.502747E-03  5.497183E+01
    11.6000   -2.650536E-03  2.750178E-03  5.524788E+01
    11.6500   -2.516642E-03  3.002948E-03  5.555496E+01
    11.7000   -1.989909E-03  3.236817E-03  5.588657E+01
    11.7500   -1.052559E-03  3.433347E-03  5.623708E+01
    11.8000    1.915507E-04  3.579023E-03  5.660221E+01
    11.8500    1.528384E-03  3.664429E-03  5.697891E+01
    11.9000    2.684146E-03  3.683641E-03  5.736504E+01
    11.9500    3.400529E-03  3.633778E-03  5.775922E+01
    12.0000    3.513057E-03  3.515981E-03  5.816025E+01
    12.0500    3.002542E-03  3.331090E-03  5.856734E+01
    12.1000    2.006663E-03  3.080226E-03  5.898074E+01
    12.1500    7.900235E-04  2.768421E-03  5.940087E+01
    12.2000   -3.319463E-04  2.402088E-03  5.982889E+01
    12.2500   -1.085409E-03  1.988740E-03  6.026758E+01
    12.3000   -1.320258E-03  1.536907E-03  6.072364E+01
    12.3500   -1.055866E-03  1.056882E-03  6.121721E+01
    12.4000   -4.748212E-04  5.674630E-04  6.184054E+01
    12.4500    1.352294E-04  2.270592E-04  6.346983E+01
    12.5000    4.752660E-04  5.926743E-04  6.504298E+01
    12.5500    3.359977E-04  1.113254E-03  6.566685E+01
    12.6000   -3.251314E-04  1.646052E-03  6.617228E+01
    12.6500   -1.356367E-03  2.175921E-03  6.664647E+01
    12.7000   -2.444648E-03  2.696398E-03  6.710868E+01
    12.7500   -3.202257E-03  3.202970E-03  6.756533E+01
    12.8000   -3.283533E-03  3.691862E-03  6.801901E+01
    12.8500   -2.497958E-03  4.159610E-03  6.847088E+01
    12.9000   -8.855058E-04  4.602834E-03  6.892145E+01
    12.9500    1.270204E-03  5.018105E-03  6.937095E+01
    13.0000    3.506130E-03  5.409671E-03  6.982016E+01
    13.0500    5.285775E-03  5.779755E-03  7.026939E+01
    13.1000    6.110972E-03  6.114060E-03  7.071761E+01
    13.1500    5.687570E-03  6.408881E-03  7.116485E+01
    13.2000    4.007181E-03  6.660725E-03  7.161111E+01
    13.2500    1.365295E-03  6.866473E-03  7.205646E+01
    13.3000   -1.699041E-03  7.023535E-03  7.250096E+01
    13.3500   -4.527821E-03  7.129999E-03  7.294469E+01
    13.4000   -6.501324E-03  7.184740E-03  7.338773E+01
    13.4500   -7.187461E-03  7.187488E-03  7.383016E+01
    13.5000   -6.444774E-03  7.138850E-03  7.427205E+01
    13.5500   -4.453047E-03  7.040284E-03  7.471343E+01
    13.6000   -1.664787E-03  6.894018E-03  7.515433E+01
    13.6500    1.308435E-03  6.702935E-03  7.559469E+01
    13.7000    3.844253E-03  6.470424E-03  7.603440E+01
    13.7500    5.453843E-03  6.200213E-03  7.647329E+01
    13.8000    5.886305E-03  5.896203E-03  7.691107E+01
    13.8500    5.168989E-03  5.562319E-03  7.734734E+01
    13.9000    3.577458E-03  5.202387E-03  7.778156E+01
    13.9500    1.547396E-03  4.820070E-03  7.821300E+01
    14.0000   -4.481965E-04  4.424472E-03  7.864129E+01
    14.0500   -2.018057E-03  4.021498E-03  7.906551E+01
    14.1000   -2.917063E-03  3.604440E-03  7.948277E+01
    14.1500   -3.099974E-03  3.176765E-03  7.989029E+01
    14.2000   -2.701732E-03  2.742736E-03  8.028375E+01
    14.2500   -1.973555E-03  2.308265E-03  8.065587E+01
    14.3000   -1.195261E-03  1.882697E-03  8.099357E+01
    14.3500   -5.905016E-04  1.483013E-03  8.127188E+01
    14.4000   -2.686202E-04  1.144126E-03  8.144441E+01
    14.4500   -2.073994E-04  9.367435E-04  8.145815E+01
    14.5000   -2.781754E-04  9.455221E-04  8.138279E+01
    14.5500   -3.024814E-04  1.154170E-03  8.141624E+01
    14.6000   -1.209769E-04  1.466032E-03  8.159880E+01
    14.6500    3.469281E-04  1.813226E-03  8.187393E+01
    14.7000    1.070375E-03  2.162683E-03  8.219916E+01
    14.7500    1.910135E-03  2.497500E-03  8.255217E+01
    14.8000    2.655524E-03  2.807794E-03  8.292136E+01
    14.8500    3.083607E-03  3.087196E-03  8.330043E+01
    14.9000    3.023288E-03  3.331483E-03  8.368573E+01
    14.9500    2.406245E-03  3.538015E-03  8.407509E+01
    15.0000    1.287959E-03  3.704447E-03  8.446791E+01
    15.0500   -1.563475E-04  3.830175E-03  8.486383E+01
    15.1000   -1.661125E-03  3.918488E-03  8.526077E+01
    15.1500   -2.944979E-03  3.971599E-03  8.565832E+01
    15.2000   -3.767180E-03  3.992573E-03  8.605618E+01
    15.2500   -3.977904E-03  3.985152E-03  8.645412E+01
    15.3000   -3.545896E-03  3.953568E-03  8.685192E+01
    15.3500   -2.559134E-03  3.902329E-03  8.724936E+01
    15.4000   -1.200866E-03  3.836005E-03  8.764619E+01
    15.4500    2.911798E-04  3.759007E-03  8.804213E+01
    15.5000    1.671940E-03  3.675389E-03  8.843686E+01
    15.5500    2.732202E-03  3.588666E-03  8.882998E+01
    15.6000    3.330102E-03  3.501665E-03  8.922107E+01
    15.6500    3.407008E-03  3.416429E-03  8.960967E+01
    15.7000    2.987672E-03  3.334153E-03  8.999533E+01
    15.7500    2.167450E-03  3.255180E-03  9.037756E+01
    15.8000    1.090868E-03  3.179044E-03  9.075593E+01
    15.8500   -7.390671E-05  3.104555E-03  9.113000E+01
    15.9000   -1.160796E-03  3.029928E-03  9.149935E+01
    15.9500   -2.028683E-03  2.952946E-03  9.186354E+01
    16.0000   -2.581368E-03  2.873233E-03  9.222234E+01
    16.0500   -2.776672E-03  2.791115E-03  9.257521E+01
    16.1000   -2.620551E-03  2.700372E-03  9.292073E+01
    16.1500   -2.172873E-03  2.599201E-03  9.325787E+01
    16.2000   -1.529729E-03  2.486667E-03  9.358517E+01
    16.2500   -8.039470E-04  2.363129E-03  9.390065E+01
    16.3000   -1.029917E-04  2.230758E-03  9.420159E+01
    16.3500    4.913317E-04  2.094148E-03  9.448461E+01
    16.4000    9.366958E-04  1.960974E-03  9.474578E+01
    16.4500    1.233916E-03  1.842473E-03  9.498159E+01
    16.5000    1.419057E-03  1.753150E-03  9.519097E+01
    16.5500    1.545674E-03  1.708671E-03  9.537823E+01
    16.6000    1.661918E-03  1.721382E-03  9.555497E+01
    16.6500    1.789269E-03  1.795204E-03  9.573724E+01
    16.7000    1.909820E-03  1.923755E-03  9.593901E+01
    16.7500    1.967042E-03  2.093117E-03  9.616742E+01
    16.8000    1.881194E-03  2.286433E-03  9.642312E+01
    16.8500    1.575949E-03  2.487237E-03  9.670316E+01
    16.9000    1.008869E-03  2.680931E-03  9.700356E+01
    16.9500    1.962562E-04  2.855135E-03  9.732058E+01
    17.0000   -7.795710E-04  3.001477E-03  9.765211E+01
    17.0500   -1.778227E-03  3.114478E-03  9.799704E+01
    17.1000   -2.612283E-03  3.183830E-03  9.835163E+01
    17.1500   -3.108990E-03  3.204966E-03  9.871482E+01
    17.2000   -3.150109E-03  3.175234E-03  9.908605E+01
    17.2500   -2.707683E-03  3.093911E-03  9.946519E+01
    17.3000   -1.858846E-03  2.962225E-03  9.985260E+01
    17.3500   -7.737726E-04  2.783348E-03  1.002493E+02
    17.4000    3.218070E-04  2.562408E-03  1.006569E+02
    17.4500    1.200670E-03  2.306534E-03  1.010785E+02
    17.5000    1.690688E-03  2.025042E-03  1.015189E+02
    17.5500    1.718460E-03  1.729951E-03  1.019864E+02
    17.6000    1.327563E-03  1.437260E-03  1.024950E+02
    17.6500    6.657375E-04  1.169683E-03  1.030671E+02
    17.7000   -5.603990E-05  9.608357E-04  1.037309E+02
    17.7500   -6.216178E-04  8.531576E-04  1.044888E+02
    17.8000   -8.688252E-04  8.690445E-04  1.052658E+02
    17.8500   -7.331597E-04  9.793753E-04  1.059682E+02
    17.9000   -2.636991E-04  1.131864E-03  1.065790E+02
    17.9500    3.931926E-04  1.287520E-03  1.071245E+02
    18.0000    1.038048E-03  1.424552E-03  1.076305E+02
    18.0500    1.476610E-03  1.532324E-03  1.081145E+02
    18.1000    1.572644E-03  1.604955E-03  1.085859E+02
    18.1500    1.289638E-03  1.640904E-03  1.090515E+02
    18.2000    6.991013E-04  1.641256E-03  1.095157E+02
    18.2500   -4.190354E-05  1.609014E-03  1.099818E+02
    18.3000   -7.377457E-04  1.548534E-03  1.104523E+02
    18.3500   -1.211509E-03  1.465010E-03  1.109294E+02
    18.4000   -1.355435E-03  1.363928E-03  1.114149E+02
    18.4500   -1.159622E-03  1.250508E-03  1.119101E+02
    18.5000   -7.107980E-04  1.129153E-03  1.124164E+02
    18.5500   -1.620965E-04  1.002985E-03  1.129350E+02
    18.6000    3.164352E-04  8.736295E-04  1.134680E+02
    18.6500    5.911017E-04  7.414155E-04  1.140201E+02
    18.7000    6.050920E-04  6.063666E-04  1.146033E+02
    18.7500    3.938239E-04  4.708993E-04  1.152484E+02
    18.8000    7.051208E-05  3.479447E-04  1.160349E+02
    18.8500   -2.133647E-04  2.837910E-04  1.170898E+02
    18.9000   -3.201941E-04  3.468694E-04  1.182045E+02
    18.9500   -1.744737E-04  5.134919E-04  1.190338E+02
    19.0000    2.091241E-04  7.310455E-04  1.196706E+02
    19.0500    7.264860E-04  9.774860E-04  1.202184E+02
    19.1000    1.205588E-03  1.239048E-03  1.207184E+02
    19.1500    1.463513E-03  1.506319E-03  1.211903E+02
    19.2000    1.362698E-03  1.770524E-03  1.216438E+02
    19.2500    8.575353E-04  2.022974E-03  1.220844E+02
    19.3000    1.538750E-05  2.255111E-03  1.225153E+02
    19.3500   -9.950594E-04  2.458747E-03  1.229388E+02
    19.4000   -1.945528E-03  2.626352E-03  1.233563E+02
    19.4500   -2.608386E-03  2.751362E-03  1.237691E+02
    19.5000   -2.818222E-03  2.828447E-03  1.241780E+02
    19.5500   -2.517076E-03  2.853745E-03  1.245836E+02
    19.6000   -1.770350E-03  2.825034E-03  1.249864E+02
    19.6500   -7.489253E-04  2.741846E-03  1.253870E+02
    19.7000    3.171972E-04  2.605510E-03  1.257857E+02
    19.7500    1.200283E-03  2.419125E-03  1.261829E+02
    19.8000    1.733730E-03  2.187466E-03  1.265787E+02
    19.8500    1.851926E-03  1.916822E-03  1.269735E+02
    19.9000    1.600499E-03  1.614781E-03  1.273676E+02
    19.9500    1.115174E-03  1.289958E-03  1.277611E+02