# # tequil.ion_motion                                            FEFF 9.05   
# # POT  SCF  30  5.5000   1, core-hole, AFOLP (folp(0)= 1.150)
# # Abs   Z=30 Rmt= 1.296 Rnm= 1.401 K  shell
# # Pot 1 Z=26 Rmt= 1.315 Rnm= 1.408
# # Pot 2 Z= 8 Rmt= 0.952 Rnm= 1.083
# # Gam_ch=1.897E+00 H-L exch
# # Mu=-1.173E+01 kf=2.175E+00 Vint=-1.824E+01 Rs_int= 1.667
# # PATH  Rmax= 8.500,  Keep_limit= 0.00, Heap_limit 0.00  Pwcrit= 2.50%
#  S02=1.000                                        Global_sig2= 0.00000
#  Energy zero shift, vr, vi   -2.00000E+00   0.00000E+00
#  Curved wave amplitude ratio filter   4.000%
#     file         sig2 tot  cw amp ratio   deg  nlegs   reff  inp sig2
#           1       0.00000    100.00      1.00     2   1.8382
#           2       0.00000     76.76      1.00     2   2.0312
#           3       0.00000     66.54      1.00     2   2.1437
#           4       0.00000     63.15      1.00     2   2.1865
#           5       0.00000     59.80      1.00     2   2.2320
#           6       0.00000     53.08      1.00     2   2.3345
#           7       0.00000     30.04      1.00     2   2.8224
#           8       0.00000     28.13      1.00     2   2.9041
#           9       0.00000     27.41      1.00     2   2.9370
#          10       0.00000     24.53      1.00     2   3.0796
#          11       0.00000     22.30      1.00     2   3.2065
#          12       0.00000     20.86      1.00     2   3.2972
#          13       0.00000     20.32      1.00     2   3.3339
#          14       0.00000     11.57      2.00     3   3.4183
#          15       0.00000      9.09      2.00     3   3.4264
#          16       0.00000      9.01      2.00     3   3.4496
#          17       0.00000      7.02      2.00     3   3.4688
#          18       0.00000     17.86      2.00     3   3.4696
#          19       0.00000     10.02      2.00     3   3.4962
#          20       0.00000      7.30      2.00     3   3.5214
#          21       0.00000      6.86      2.00     3   3.5351
#          22       0.00000     17.45      1.00     2   3.5512
#          23       0.00000     16.58      1.00     2   3.5806
#          24       0.00000      8.15      2.00     3   3.5814
#          25       0.00000      7.05      2.00     3   3.5911
#          26       0.00000     16.97      1.00     2   3.5920
#          27       0.00000     16.84      1.00     2   3.6035
#          28       0.00000      6.60      2.00     3   3.6097
#          29       0.00000     14.53      2.00     3   3.6345
#          30       0.00000      7.86      2.00     3   3.6423
#          31       0.00000      8.31      2.00     3   3.6418
#          32       0.00000      8.15      2.00     3   3.6444
#          33       0.00000      6.34      2.00     3   3.6504
#          34       0.00000     15.66      1.00     2   3.6538
#          35       0.00000      7.90      2.00     3   3.6552
#          36       0.00000     15.58      1.00     2   3.6605
#          37       0.00000     15.48      1.00     2   3.6693
#          38       0.00000      8.15      2.00     3   3.6700
#          39       0.00000     13.48      1.00     4   3.6763
#          40       0.00000     15.58      1.00     2   3.7184
#          41       0.00000      5.39      2.00     3   3.7204
#          42       0.00000      5.40      1.00     4   3.7327
#          43       0.00000      4.91      2.00     3   3.7353
#          44       0.00000      6.52      2.00     3   3.7754
#          45       0.00000     14.16      1.00     2   3.7863
#          46       0.00000     14.11      1.00     2   3.7915
#          47       0.00000     14.80      2.00     3   3.7923
#          48       0.00000     13.77      2.00     3   3.7959
#          49       0.00000     13.53      1.00     2   3.8469
#          50       0.00000     12.53      2.00     3   3.8606
#          52       0.00000      5.50      1.00     4   3.8996
#          53       0.00000     13.00      1.00     2   3.9016
#          54       0.00000     12.57      2.00     3   3.9196
#          55       0.00000     13.57      1.00     2   3.9309
#          57       0.00000     13.34      1.00     2   3.9576
#          58       0.00000      8.24      2.00     3   3.9600
#          59       0.00000      5.28      1.00     4   3.9811
#          60       0.00000     12.70      1.00     2   4.0345
#          61       0.00000     22.51      2.00     3   4.0353
#          63       0.00000     11.67      1.00     2   4.0508
#          64       0.00000      7.69      1.00     4   4.0623
#          65       0.00000     23.28      2.00     4   4.0702
#          66       0.00000     12.23      2.00     3   4.0923
#          67       0.00000     11.28      1.00     2   4.0992
#          68       0.00000      8.24      2.00     3   4.1113
#          69       0.00000      4.99      1.00     4   4.1208
#          72       0.00000      7.17      2.00     3   4.2295
#          73       0.00000      9.23      2.00     3   4.2521
#          74       0.00000      7.90      2.00     3   4.2524
#          75       0.00000      5.21      1.00     4   4.2537
#          76       0.00000      6.43      2.00     3   4.2763
#          77       0.00000      5.72      1.00     4   4.2875
#          78       0.00000      9.87      1.00     2   4.2905
#          79       0.00000     17.23      2.00     3   4.2963
#          80       0.00000      6.87      2.00     3   4.3216
#          81       0.00000      5.89      2.00     3   4.3238
#          82       0.00000     16.77      2.00     4   4.3303
#          83       0.00000      5.61      2.00     3   4.3399
#          84       0.00000      9.54      1.00     2   4.3408
#          85       0.00000     17.81      2.00     3   4.3555
#          86       0.00000     18.66      2.00     4   4.3657
#          87       0.00000      9.35      1.00     2   4.3715
#          88       0.00000      5.14      1.00     4   4.3730
#          89       0.00000      5.35      2.00     3   4.3748
#          91       0.00000      7.70      2.00     3   4.4342
#          92       0.00000      8.90      1.00     2   4.4451
#          93       0.00000      4.29      2.00     3   4.4453
#          94       0.00000      5.15      2.00     3   4.4532
#          95       0.00000      4.60      1.00     4   4.4640
#          96       0.00000     17.67      2.00     3   4.4690
#          98       0.00000      5.50      2.00     3   4.4776
#          99       0.00000      8.70      1.00     2   4.4782
#         100       0.00000      5.26      2.00     3   4.4866
#         101       0.00000      8.62      1.00     2   4.4928
#         102       0.00000     13.09      2.00     3   4.5102
#         103       0.00000      4.69      2.00     3   4.5212
#         104       0.00000     17.27      2.00     3   4.5354
#         105       0.00000      6.46      2.00     3   4.5350
#         106       0.00000      4.88      2.00     3   4.5404
#         107       0.00000     10.63      1.00     4   4.5666
#         108       0.00000      8.17      1.00     2   4.5750
#         109       0.00000      4.49      2.00     3   4.5758
#         110       0.00000      5.18      2.00     3   4.5939
#         112       0.00000      4.37      2.00     3   4.5994
#         113       0.00000      8.03      1.00     2   4.6016
#         114       0.00000      8.02      1.00     2   4.6038
#         115       0.00000      7.96      1.00     2   4.6155
#         116       0.00000      5.33      2.00     3   4.6154
#         117       0.00000     10.46      1.00     4   4.6256
#         119       0.00000     16.22      2.00     3   4.6538
#         120       0.00000      7.70      1.00     2   4.6678
#         122       0.00000      6.77      1.00     4   4.6796
#         123       0.00000      7.59      1.00     2   4.6902
#         124       0.00000      4.76      2.00     3   4.6956
#         126       0.00000      5.79      2.00     3   4.7156
#         127       0.00000      5.70      2.00     3   4.7220
#         128       0.00000      9.24      2.00     3   4.7234
#         129       0.00000      9.69      1.00     4   4.7325
#         130       0.00000      7.28      1.00     2   4.7558
#         131       0.00000      5.53      2.00     3   4.7581
#         132       0.00000      7.58      2.00     3   4.7687
#         133       0.00000     10.60      2.00     3   4.7884
#         134       0.00000      8.07      1.00     2   4.7936
#         136       0.00000     11.30      2.00     3   4.8128
#         138       0.00000      6.94      1.00     2   4.8309
#         140       0.00000      7.53      2.00     3   4.8700
#         141       0.00000      7.40      2.00     3   4.8760
#         142       0.00000      6.41      2.00     3   4.8770
#         144       0.00000      7.64      1.00     2   4.8887
#         146       0.00000      6.62      1.00     2   4.9072
#         147       0.00000      6.59      1.00     2   4.9130
#         148       0.00000      5.95      2.00     3   4.9134
#         151       0.00000     12.68      2.00     3   4.9191
#         152       0.00000      8.12      2.00     3   4.9190
#         153       0.00000      4.21      1.00     4   4.9539
#         154       0.00000      5.89      1.00     4   4.9578
#         155       0.00000      5.46      1.00     4   4.9612
#         156       0.00000      4.59      2.00     4   4.9681
#         158       0.00000      6.35      1.00     2   4.9734
#         159       0.00000      6.32      1.00     2   4.9814
#         160       0.00000     16.57      2.00     3   4.9834
#         161       0.00000     10.96      1.00     4   4.9855
#         162       0.00000      5.94      2.00     3   5.0028
#         163       0.00000      7.17      1.00     2   5.0039
#         164       0.00000     14.39      2.00     3   5.0068
#         165       0.00000      7.13      1.00     4   5.0073
#         166       0.00000      4.03      2.00     4   5.0090
#         167       0.00000      8.78      1.00     4   5.0402
#         169       0.00000      4.24      2.00     4   5.0489
#         170       0.00000      6.21      2.00     3   5.0508
#         171       0.00000      9.25      2.00     3   5.0594
#         173       0.00000      5.98      2.00     3   5.0616
#         174       0.00000      9.12      2.00     3   5.0679
#         176       0.00000      5.84      1.00     2   5.1135
#         177       0.00000      8.21      2.00     3   5.1257
#         178       0.00000     13.84      2.00     3   5.1297
#         181       0.00000      8.53      1.00     4   5.1459
#         184       0.00000      6.44      1.00     2   5.1979
#         186       0.00000      4.64      1.00     4   5.2116
#         187       0.00000      5.47      1.00     2   5.2227
#         188       0.00000      4.57      1.00     4   5.2229
#         190       0.00000      4.19      1.00     4   5.2475
#         192       0.00000      6.12      1.00     2   5.2935
#         193       0.00000      4.66      2.00     3   5.3036
#         196       0.00000      4.99      2.00     3   5.3370
#         200       0.00000     11.64      2.00     2   5.3870
#         201       0.00000      5.94      2.00     3   5.3952
#         202       0.00000      5.34      2.00     3   5.4096
#         204       0.00000      4.34      2.00     3   5.4107
#         205       0.00000      4.21      2.00     3   5.4232
#         206       0.00000      5.48      2.00     4   5.4302
#         207       0.00000      4.83      1.00     2   5.4350
#         208       0.00000      5.67      1.00     2   5.4383
#         209       0.00000      4.59      2.00     4   5.4385
#         210       0.00000      5.28      2.00     3   5.4617
#         212       0.00000      5.50      1.00     2   5.4956
#         214       0.00000      5.47      1.00     2   5.5064
#         216       0.00000      5.48      2.00     3   5.5126
#         218       0.00000      5.78      2.00     3   5.5263
#         220       0.00000      4.02      2.00     3   5.5593
#         221       0.00000      5.31      1.00     2   5.5611
#         223       0.00000      7.28      2.00     3   5.5687
#         225       0.00000      4.45      1.00     2   5.5798
#         226       0.00000      4.43      1.00     2   5.5887
#         227       0.00000      4.42      1.00     2   5.5911
#         229       0.00000      5.19      1.00     2   5.6077
#         230       0.00000      4.11      2.00     3   5.6180
#         232       0.00000      5.84      2.00     3   5.6288
#         233       0.00000      4.70      2.00     3   5.6287
#         236       0.00000      4.35      2.00     3   5.6306
#         246       0.00000      4.24      1.00     2   5.6686
#         250       0.00000      5.01      1.00     2   5.6759
#         251       0.00000      4.27      2.00     3   5.6825
#         253       0.00000      4.20      1.00     2   5.6857
#         254       0.00000      4.97      1.00     2   5.6882
#         256       0.00000      4.18      1.00     2   5.6935
#         261       0.00000      4.62      2.00     3   5.7000
#         267       0.00000      4.06      1.00     2   5.7444
#         270       0.00000      7.11      2.00     3   5.7624
#         271       0.00000      4.20      2.00     3   5.7720
#         279       0.00000      4.93      2.00     3   5.7944
#         282       0.00000      4.67      1.00     2   5.8127
#         284       0.00000      4.58      2.00     3   5.8195
#         290       0.00000      4.60      1.00     2   5.8400
#         294       0.00000      7.04      2.00     3   5.8626
#         296       0.00000      4.54      1.00     2   5.8690
#         297       0.00000      5.86      2.00     5   5.8734
#         299       0.00000      4.51      1.00     2   5.8805
#         300       0.00000      6.93      2.00     3   5.8900
#         301       0.00000      4.79      2.00     3   5.8932
#         303       0.00000      4.45      1.00     2   5.9092
#         305       0.00000      4.40      1.00     2   5.9287
#   212/ 281 paths used
#  -----------------------------------------------------------------------
#       k          chi          mag           phase @#
    -0.7000   -2.607111E-01  2.635105E-01 -1.716689E+00
    -0.6500   -2.624959E-01  2.762116E-01 -1.887256E+00
    -0.6000   -2.782735E-01  3.025868E-01 -1.974409E+00
    -0.5500   -3.015633E-01  3.327993E-01 -2.007522E+00
    -0.5000   -3.272451E-01  3.612348E-01 -2.008076E+00
    -0.4500   -3.534154E-01  3.872229E-01 -1.991768E+00
    -0.4000   -3.774845E-01  4.093483E-01 -1.967965E+00
    -0.3500   -4.008533E-01  4.298861E-01 -1.940418E+00
    -0.3000   -4.208282E-01  4.467724E-01 -1.913261E+00
    -0.2500   -4.373455E-01  4.603898E-01 -1.888529E+00
    -0.2000   -4.505119E-01  4.710777E-01 -1.867371E+00
    -0.1500   -4.613634E-01  4.798934E-01 -1.849593E+00
    -0.1000   -4.692231E-01  4.862707E-01 -1.836370E+00
    -0.0500   -4.738775E-01  4.900388E-01 -1.828333E+00
     0.0000   -4.754182E-01  4.912851E-01 -1.825638E+00
     0.0500   -4.769535E-01  4.925266E-01 -1.822935E+00
     0.1000   -4.815254E-01  4.962222E-01 -1.814783E+00
     0.1500   -4.890283E-01  5.022854E-01 -1.801059E+00
     0.2000   -4.992726E-01  5.105740E-01 -1.781589E+00
     0.2500   -5.119670E-01  5.208929E-01 -1.756187E+00
     0.3000   -5.267005E-01  5.329998E-01 -1.724692E+00
     0.3500   -5.434225E-01  5.470749E-01 -1.686415E+00
     0.4000   -5.628573E-01  5.641834E-01 -1.639375E+00
     0.4500   -5.823281E-01  5.823908E-01 -1.585470E+00
     0.5000   -6.006812E-01  6.013165E-01 -1.524824E+00
     0.5500   -6.174482E-01  6.215282E-01 -1.456152E+00
     0.6000   -6.318052E-01  6.437794E-01 -1.377625E+00
     0.6500   -6.400807E-01  6.656904E-01 -1.292516E+00
     0.7000   -6.408675E-01  6.875681E-01 -1.200109E+00
     0.7500   -6.327662E-01  7.108997E-01 -1.097547E+00
     0.8000   -6.121884E-01  7.326915E-01 -9.891032E-01
     0.8500   -5.776684E-01  7.540449E-01 -8.727398E-01
     0.9000   -5.270409E-01  7.748582E-01 -7.480044E-01
     0.9500   -4.596129E-01  7.929062E-01 -6.183065E-01
     1.0000   -3.736697E-01  8.102870E-01 -4.792989E-01
     1.0500   -2.712125E-01  8.244443E-01 -3.352063E-01
     1.1000   -1.537657E-01  8.357265E-01 -1.850447E-01
     1.1500   -2.380979E-02  8.441376E-01 -2.820979E-02
     1.2000    1.117629E-01  8.481176E-01  1.321620E-01
     1.2500    2.509575E-01  8.491916E-01  3.000052E-01
     1.3000    3.832206E-01  8.453195E-01  4.705135E-01
     1.3500    5.045372E-01  8.375688E-01  6.464832E-01
     1.4000    6.064225E-01  8.251571E-01  8.255452E-01
     1.4500    6.837371E-01  8.083823E-01  1.008080E+00
     1.5000    7.321402E-01  7.873969E-01  1.193933E+00
     1.5500    7.485596E-01  7.621745E-01  1.381499E+00
     1.6000    7.333896E-01  7.333905E-01  1.572373E+00
     1.6500    6.880617E-01  7.010135E-01  1.763322E+00
     1.7000    6.167021E-01  6.658486E-01  1.957414E+00
     1.7500    5.255414E-01  6.281773E-01  2.150522E+00
     1.8000    4.206303E-01  5.886655E-01  2.345614E+00
     1.8500    3.103746E-01  5.479122E-01  2.539379E+00
     1.9000    1.998862E-01  5.061928E-01  2.735654E+00
     1.9500    9.698140E-02  4.642621E-01  2.931149E+00
     2.0000    7.483690E-03  4.228545E-01  3.123894E+00
     2.0500   -6.557120E-02  3.824342E-01  3.313902E+00
     2.1000   -1.211417E-01  3.418136E-01  3.503874E+00
     2.1500   -1.579933E-01  3.012188E-01  3.693736E+00
     2.2000   -1.768067E-01  2.626665E-01  3.880015E+00
     2.2500   -1.799849E-01  2.261262E-01  4.062166E+00
     2.3000   -1.691778E-01  1.903200E-01  4.236558E+00
     2.3500   -1.451543E-01  1.529759E-01  4.391229E+00
     2.4000   -1.161967E-01  1.184503E-01  4.517011E+00
     2.4500   -8.699674E-02  8.773566E-02  4.582513E+00
     2.5000   -6.233514E-02  6.343321E-02  4.526051E+00
     2.5500   -4.813123E-02  5.161192E-02  4.343033E+00
     2.6000   -4.154456E-02  5.096810E-02  4.094510E+00
     2.6500   -4.321590E-02  5.952462E-02  3.954105E+00
     2.7000   -5.236586E-02  7.195590E-02  3.956627E+00
     2.7500   -6.363026E-02  8.207767E-02  4.028695E+00
     2.8000   -7.730235E-02  9.183515E-02  4.142112E+00
     2.8500   -9.176579E-02  1.008651E-01  4.284365E+00
     2.9000   -1.049351E-01  1.087644E-01  4.446247E+00
     2.9500   -1.151011E-01  1.156138E-01  4.618184E+00
     3.0000   -1.207318E-01  1.211836E-01  4.798771E+00
     3.0500   -1.206726E-01  1.253417E-01  4.986194E+00
     3.1000   -1.144524E-01  1.281122E-01  5.178381E+00
     3.1500   -1.023788E-01  1.298624E-01  5.375041E+00
     3.2000   -8.496603E-02  1.305371E-01  5.574421E+00
     3.2500   -6.334000E-02  1.300757E-01  5.774594E+00
     3.3000   -3.908475E-02  1.286076E-01  5.974394E+00
     3.3500   -1.356452E-02  1.265253E-01  6.175771E+00
     3.4000    1.174620E-02  1.238837E-01  6.378144E+00
     3.4500    3.514526E-02  1.206617E-01  6.578741E+00
     3.5000    5.548201E-02  1.170474E-01  6.777028E+00
     3.5500    7.224200E-02  1.132369E-01  6.975047E+00
     3.6000    8.493519E-02  1.092780E-01  7.173452E+00
     3.6500    9.317105E-02  1.052653E-01  7.369910E+00
     3.7000    9.711678E-02  1.013256E-01  7.564748E+00
     3.7500    9.725419E-02  9.767797E-02  7.760797E+00
     3.8000    9.382913E-02  9.436329E-02  7.960434E+00
     3.8500    8.690487E-02  9.117967E-02  8.161404E+00
     3.9000    7.687218E-02  8.811371E-02  8.364646E+00
     3.9500    6.407318E-02  8.514166E-02  8.572855E+00
     4.0000    4.881375E-02  8.215634E-02  8.788561E+00
     4.0500    3.197387E-02  7.902530E-02  9.008233E+00
     4.1000    1.450775E-02  7.569933E-02  9.231935E+00
     4.1500   -2.573189E-03  7.214755E-02  9.460451E+00
     4.2000   -1.822752E-02  6.832774E-02  9.694814E+00
     4.2500   -3.110888E-02  6.421841E-02  9.930481E+00
     4.3000   -4.040157E-02  5.984835E-02  1.016583E+01
     4.3500   -4.573346E-02  5.526528E-02  1.039946E+01
     4.4000   -4.719435E-02  5.052058E-02  1.063068E+01
     4.4500   -4.528025E-02  4.574480E-02  1.085294E+01
     4.5000   -4.099627E-02  4.108625E-02  1.106177E+01
     4.5500   -3.552037E-02  3.672363E-02  1.125227E+01
     4.6000   -2.992576E-02  3.284868E-02  1.142062E+01
     4.6500   -2.510871E-02  2.975317E-02  1.156186E+01
     4.7000   -2.145578E-02  2.767862E-02  1.167938E+01
     4.7500   -1.883195E-02  2.676791E-02  1.178602E+01
     4.8000   -1.664680E-02  2.698928E-02  1.190171E+01
     4.8500   -1.408897E-02  2.810357E-02  1.204124E+01
     4.9000   -1.034108E-02  2.978992E-02  1.221186E+01
     4.9500   -4.850880E-03  3.173077E-02  1.241289E+01
     5.0000    2.521356E-03  3.364603E-02  1.264138E+01
     5.0500    1.122975E-02  3.535521E-02  1.288960E+01
     5.1000    2.031203E-02  3.671975E-02  1.315253E+01
     5.1500    2.851959E-02  3.764429E-02  1.342601E+01
     5.2000    3.458539E-02  3.804206E-02  1.370757E+01
     5.2500    3.751192E-02  3.790481E-02  1.399306E+01
     5.3000    3.684736E-02  3.722592E-02  1.427990E+01
     5.3500    3.276586E-02  3.602182E-02  1.456562E+01
     5.4000    2.599289E-02  3.429878E-02  1.484797E+01
     5.4500    1.774201E-02  3.214890E-02  1.512336E+01
     5.5000    9.326319E-03  2.966025E-02  1.538810E+01
     5.5500    1.896539E-03  2.694736E-02  1.563753E+01
     5.6000   -3.787537E-03  2.411842E-02  1.586566E+01
     5.6500   -7.475210E-03  2.139644E-02  1.606486E+01
     5.7000   -9.446906E-03  1.900597E-02  1.622816E+01
     5.7500   -1.033935E-02  1.718923E-02  1.635334E+01
     5.8000   -1.088753E-02  1.613645E-02  1.644854E+01
     5.8500   -1.174893E-02  1.592005E-02  1.653806E+01
     5.9000   -1.324805E-02  1.639996E-02  1.664839E+01
     5.9500   -1.530824E-02  1.730014E-02  1.679416E+01
     6.0000   -1.749129E-02  1.833602E-02  1.697404E+01
     6.0500   -1.918083E-02  1.926929E-02  1.718290E+01
     6.1000   -1.975720E-02  1.993653E-02  1.741299E+01
     6.1500   -1.880743E-02  2.023835E-02  1.765705E+01
     6.2000   -1.625935E-02  2.012600E-02  1.790901E+01
     6.2500   -1.241068E-02  1.959177E-02  1.816353E+01
     6.3000   -7.849107E-03  1.866283E-02  1.841548E+01
     6.3500   -3.290427E-03  1.739792E-02  1.865928E+01
     6.4000    6.153396E-04  1.588656E-02  1.888830E+01
     6.4500    3.452006E-03  1.425092E-02  1.909422E+01
     6.5000    5.116765E-03  1.275823E-02  1.926223E+01
     6.5500    5.941089E-03  1.154383E-02  1.939016E+01
     6.6000    6.381473E-03  1.077579E-02  1.948335E+01
     6.6500    6.914124E-03  1.057241E-02  1.956239E+01
     6.7000    7.883011E-03  1.090769E-02  1.965726E+01
     6.7500    9.383596E-03  1.162334E-02  1.978913E+01
     6.8000    1.122790E-02  1.251600E-02  1.996268E+01
     6.8500    1.299916E-02  1.340937E-02  2.017237E+01
     6.9000    1.417710E-02  1.417787E-02  2.040993E+01
     6.9500    1.429425E-02  1.474376E-02  2.066792E+01
     7.0000    1.309423E-02  1.510611E-02  2.094237E+01
     7.0500    1.053529E-02  1.521418E-02  2.122625E+01
     7.1000    6.903789E-03  1.506883E-02  2.151524E+01
     7.1500    2.700053E-03  1.470451E-02  2.180648E+01
     7.2000   -1.505096E-03  1.417027E-02  2.209756E+01
     7.2500   -5.208390E-03  1.352622E-02  2.238642E+01
     7.3000   -8.076223E-03  1.283976E-02  2.267142E+01
     7.3500   -9.982471E-03  1.218150E-02  2.295165E+01
     7.4000   -1.097619E-02  1.162041E-02  2.322741E+01
     7.4500   -1.119709E-02  1.121816E-02  2.350065E+01
     7.5000   -1.076648E-02  1.101650E-02  2.377540E+01
     7.5500   -9.719826E-03  1.104523E-02  2.405687E+01
     7.6000   -7.982370E-03  1.131892E-02  2.435000E+01
     7.6500   -5.410452E-03  1.183552E-02  2.465797E+01
     7.7000   -1.897175E-03  1.258377E-02  2.498140E+01
     7.7500    2.504193E-03  1.354686E-02  2.531866E+01
     7.8000    7.483711E-03  1.470321E-02  2.566675E+01
     7.8500    1.244720E-02  1.602518E-02  2.602219E+01
     7.9000    1.658059E-02  1.747740E-02  2.638180E+01
     7.9500    1.900142E-02  1.901617E-02  2.674294E+01
     8.0000    1.893107E-02  2.057690E-02  2.710621E+01
     8.0500    1.594353E-02  2.211489E-02  2.746917E+01
     8.1000    1.014981E-02  2.358114E-02  2.782938E+01
     8.1500    2.198495E-03  2.491834E-02  2.818599E+01
     8.2000   -6.805070E-03  2.607177E-02  2.853841E+01
     8.2500   -1.550213E-02  2.699252E-02  2.888610E+01
     8.3000   -2.255080E-02  2.764042E-02  2.922855E+01
     8.3500   -2.689734E-02  2.798674E-02  2.956520E+01
     8.4000   -2.798112E-02  2.801641E-02  2.989533E+01
     8.4500   -2.582370E-02  2.772990E-02  3.021808E+01
     8.5000   -2.096125E-02  2.713743E-02  3.053330E+01
     8.5500   -1.432776E-02  2.627960E-02  3.083929E+01
     8.6000   -7.017283E-03  2.521405E-02  3.113389E+01
     8.6500   -1.257534E-05  2.401069E-02  3.141540E+01
     8.7000    5.988953E-03  2.275492E-02  3.168226E+01
     8.7500    1.065912E-02  2.154303E-02  3.193351E+01
     8.8000    1.400988E-02  2.047353E-02  3.216956E+01
     8.8500    1.627257E-02  1.963325E-02  3.239293E+01
     8.9000    1.773250E-02  1.907979E-02  3.260867E+01
     8.9500    1.857649E-02  1.882609E-02  3.282371E+01
     9.0000    1.881474E-02  1.884763E-02  3.304581E+01
     9.0500    1.824642E-02  1.906237E-02  3.328037E+01
     9.1000    1.657569E-02  1.936439E-02  3.353006E+01
     9.1500    1.356513E-02  1.965497E-02  3.379581E+01
     9.2000    9.173703E-03  1.984681E-02  3.407702E+01
     9.2500    3.658095E-03  1.987115E-02  3.437237E+01
     9.3000   -2.411563E-03  1.968010E-02  3.468037E+01
     9.3500   -8.234226E-03  1.924632E-02  3.499961E+01
     9.4000   -1.294108E-02  1.856132E-02  3.532901E+01
     9.4500   -1.579629E-02  1.763318E-02  3.566781E+01
     9.5000   -1.640073E-02  1.650524E-02  3.601572E+01
     9.5500   -1.475414E-02  1.520545E-02  3.637256E+01
     9.6000   -1.127344E-02  1.375762E-02  3.673869E+01
     9.6500   -6.731076E-03  1.220934E-02  3.711518E+01
     9.7000   -2.058317E-03  1.061242E-02  3.750392E+01
     9.7500    1.870029E-03  9.020832E-03  3.790793E+01
     9.8000    4.429051E-03  7.489162E-03  3.833190E+01
     9.8500    5.365722E-03  6.071480E-03  3.878295E+01
     9.9000    4.820698E-03  4.820702E-03  3.927125E+01
     9.9500    3.249612E-03  3.787167E-03  3.980923E+01
    10.0000    1.274131E-03  3.012079E-03  4.040394E+01
    10.0500   -5.066833E-04  2.502787E-03  4.104456E+01
    10.1000   -1.665136E-03  2.213811E-03  4.169204E+01
    10.1500   -2.032606E-03  2.045137E-03  4.230074E+01
    10.2000   -1.710457E-03  1.890168E-03  4.285110E+01
    10.2500   -9.968810E-04  1.677176E-03  4.334580E+01
    10.3000   -2.619576E-04  1.373920E-03  4.379046E+01
    10.3500    1.867201E-04  9.774882E-04  4.417450E+01
    10.4000    2.052120E-04  5.121748E-04  4.439454E+01
    10.4500   -1.487623E-04  2.339134E-04  4.329303E+01
    10.5000   -6.496250E-04  7.129623E-04  4.283620E+01
    10.5500   -9.950754E-04  1.297109E-03  4.310791E+01
    10.6000   -9.223333E-04  1.872433E-03  4.346724E+01
    10.6500   -3.101792E-04  2.406777E-03  4.385306E+01
    10.7000    7.670434E-04  2.877476E-03  4.425213E+01
    10.7500    2.051290E-03  3.268292E-03  4.466081E+01
    10.8000    3.175049E-03  3.569599E-03  4.507848E+01
    10.8500    3.774556E-03  3.778785E-03  4.550578E+01
    10.9000    3.606289E-03  3.900427E-03  4.594394E+01
    10.9500    2.630009E-03  3.946068E-03  4.639440E+01
    11.0000    1.036075E-03  3.941971E-03  4.685793E+01
    11.0500   -8.155023E-04  3.906297E-03  4.733420E+01
    11.1000   -2.477737E-03  3.850485E-03  4.782293E+01
    11.1500   -3.534747E-03  3.795664E-03  4.832174E+01
    11.2000   -3.725265E-03  3.757627E-03  4.882602E+01
    11.2500   -3.013745E-03  3.742836E-03  4.932946E+01
    11.3000   -1.596240E-03  3.746532E-03  4.982535E+01
    11.3500    1.596715E-04  3.753980E-03  5.030803E+01
    11.4000    1.821883E-03  3.744216E-03  5.077366E+01
    11.4500    3.015062E-03  3.694621E-03  5.122006E+01
    11.5000    3.520087E-03  3.584886E-03  5.164586E+01
    11.5500    3.322985E-03  3.399895E-03  5.204938E+01
    11.6000    2.600720E-03  3.131846E-03  5.242723E+01
    11.6500    1.650687E-03  2.782468E-03  5.277199E+01
    11.7000    7.876779E-04  2.367093E-03  5.306784E+01
    11.7500    2.414072E-04  1.925101E-03  5.328134E+01
    11.8000    8.654574E-05  1.547249E-03  5.335111E+01
    11.8500    2.263648E-04  1.409654E-03  5.324580E+01
    11.9000    4.338737E-04  1.652317E-03  5.314137E+01
    11.9500    4.362696E-04  2.178968E-03  5.320549E+01
    12.0000    1.090690E-05  2.835322E-03  5.340323E+01
    12.0500   -9.289702E-04  3.531321E-03  5.367327E+01
    12.1000   -2.283148E-03  4.209427E-03  5.398035E+01
    12.1500   -3.788953E-03  4.833177E-03  5.430807E+01
    12.2000   -5.084772E-03  5.374806E-03  5.464786E+01
    12.2500   -5.811716E-03  5.812556E-03  5.499488E+01
    12.3000   -5.718875E-03  6.129907E-03  5.534616E+01
    12.3500   -4.740411E-03  6.315445E-03  5.569969E+01
    12.4000   -3.021065E-03  6.362919E-03  5.605394E+01
    12.4500   -8.821461E-04  6.271267E-03  5.640753E+01
    12.5000    1.262153E-03  6.044581E-03  5.675902E+01
    12.5500    3.013572E-03  5.691978E-03  5.710661E+01
    12.6000    4.091947E-03  5.227453E-03  5.744779E+01
    12.6500    4.401343E-03  4.669850E-03  5.777871E+01
    12.7000    4.041860E-03  4.043277E-03  5.809299E+01
    12.7500    3.265289E-03  3.378743E-03  5.837934E+01
    12.8000    2.389459E-03  2.718947E-03  5.861688E+01
    12.8500    1.698063E-03  2.130550E-03  5.876794E+01
    12.9000    1.356451E-03  1.725617E-03  5.878584E+01
    12.9500    1.368309E-03  1.640608E-03  5.870390E+01
    13.0000    1.586102E-03  1.883332E-03  5.868895E+01
    13.0500    1.768773E-03  2.308088E-03  5.881714E+01
    13.1000    1.663930E-03  2.783711E-03  5.904958E+01
    13.1500    1.101159E-03  3.241622E-03  5.934367E+01
    13.2000    5.681127E-05  3.648226E-03  5.967469E+01
    13.2500   -1.326196E-03  3.987015E-03  6.002935E+01
    13.3000   -2.770657E-03  4.250717E-03  6.040023E+01
    13.3500   -3.939917E-03  4.437710E-03  6.078286E+01
    13.4000   -4.532965E-03  4.550073E-03  6.117431E+01
    13.4500   -4.371448E-03  4.592253E-03  6.157242E+01
    13.5000   -3.452900E-03  4.570014E-03  6.197535E+01
    13.5500   -1.954674E-03  4.489557E-03  6.238139E+01
    13.6000   -1.878268E-04  4.356813E-03  6.278873E+01
    13.6500    1.485141E-03  4.176961E-03  6.319536E+01
    13.7000    2.744454E-03  3.954231E-03  6.359896E+01
    13.7500    3.391987E-03  3.692041E-03  6.399670E+01
    13.8000    3.392979E-03  3.393508E-03  6.438500E+01
    13.8500    2.870090E-03  3.062392E-03  6.475892E+01
    13.9000    2.053685E-03  2.704644E-03  6.511118E+01
    13.9500    1.204964E-03  2.331020E-03  6.543019E+01
    14.0000    5.322916E-04  1.960728E-03  6.569852E+01
    14.0500    1.394813E-04  1.630079E-03  6.588777E+01
    14.1000    1.129062E-05  1.409972E-03  6.596544E+01
    14.1500    1.505180E-05  1.388486E-03  6.596261E+01
    14.2000   -3.770325E-05  1.592087E-03  6.599713E+01
    14.2500   -3.182474E-04  1.954890E-03  6.613697E+01
    14.3000   -9.136732E-04  2.397453E-03  6.636443E+01
    14.3500   -1.787150E-03  2.866251E-03  6.664668E+01
    14.4000   -2.778040E-03  3.327508E-03  6.696134E+01
    14.4500   -3.642187E-03  3.757922E-03  6.729542E+01
    14.5000   -4.120471E-03  4.139978E-03  6.764135E+01
    14.5500   -4.015245E-03  4.460014E-03  6.799463E+01
    14.6000   -3.251993E-03  4.707519E-03  6.835243E+01
    14.6500   -1.908034E-03  4.874931E-03  6.871289E+01
    14.7000   -1.998460E-04  4.957627E-03  6.907472E+01
    14.7500    1.567371E-03  4.953944E-03  6.943696E+01
    14.8000    3.073532E-03  4.865162E-03  6.979884E+01
    14.8500    4.060274E-03  4.695419E-03  7.015965E+01
    14.9000    4.389494E-03  4.451537E-03  7.051868E+01
    14.9500    4.068792E-03  4.142769E-03  7.087510E+01
    15.0000    3.237076E-03  3.780912E-03  7.122883E+01
    15.0500    2.116724E-03  3.377686E-03  7.157935E+01
    15.1000    9.654030E-04  2.945858E-03  7.192275E+01
    15.1500    2.056944E-06  2.500906E-03  7.225581E+01
    15.2000   -6.411367E-04  2.059137E-03  7.257326E+01
    15.2500   -9.373869E-04  1.637686E-03  7.286604E+01
    15.3000   -9.524412E-04  1.255138E-03  7.311815E+01
    15.3500   -8.074115E-04  9.332533E-04  7.330210E+01
    15.4000   -6.309966E-04  6.990976E-04  7.338237E+01
    15.4500   -5.167899E-04  5.774368E-04  7.336500E+01
    15.5000   -4.983980E-04  5.570998E-04  7.336423E+01
    15.5500   -5.484238E-04  5.822460E-04  7.348491E+01
    15.6000   -5.992697E-04  6.022220E-04  7.372837E+01
    15.6500   -5.768098E-04  5.941147E-04  7.406938E+01
    15.7000   -4.343673E-04  5.560031E-04  7.450159E+01
    15.7500   -1.750817E-04  5.025677E-04  7.504239E+01
    15.8000    1.447695E-04  4.669789E-04  7.571343E+01
    15.8500    4.322247E-04  4.933864E-04  7.646581E+01
    15.9000    5.879363E-04  5.995159E-04  7.716588E+01
    15.9500    5.399004E-04  7.627391E-04  7.775337E+01
    16.0000    2.698703E-04  9.567629E-04  7.825387E+01
    16.0500   -1.851202E-04  1.163060E-03  7.869966E+01
    16.1000   -7.321603E-04  1.354915E-03  7.911070E+01
    16.1500   -1.244085E-03  1.519443E-03  7.949909E+01
    16.2000   -1.600058E-03  1.647106E-03  7.987103E+01
    16.2500   -1.719139E-03  1.731341E-03  8.022940E+01
    16.3000   -1.581179E-03  1.768553E-03  8.057510E+01
    16.3500   -1.228951E-03  1.758241E-03  8.090746E+01
    16.4000   -7.515744E-04  1.703169E-03  8.122438E+01
    16.4500   -2.552272E-04  1.609614E-03  8.152217E+01
    16.5000    1.689556E-04  1.487691E-03  8.179522E+01
    16.5500    4.694113E-04  1.351786E-03  8.203605E+01
    16.6000    6.435721E-04  1.220758E-03  8.223670E+01
    16.6500    7.299512E-04  1.116688E-03  8.239384E+01
    16.7000    7.865660E-04  1.059644E-03  8.251789E+01
    16.7500    8.639186E-04  1.057948E-03  8.263690E+01
    16.8000    9.824503E-04  1.101800E-03  8.278245E+01
    16.8500    1.122685E-03  1.168512E-03  8.297122E+01
    16.9000    1.231764E-03  1.233216E-03  8.320368E+01
    16.9500    1.244259E-03  1.275302E-03  8.347330E+01
    17.0000    1.110351E-03  1.279696E-03  8.377251E+01
    17.0500    8.214795E-04  1.236172E-03  8.409613E+01
    17.1000    4.196111E-04  1.140177E-03  8.444612E+01
    17.1500   -6.119659E-06  9.916028E-04  8.482917E+01
    17.2000   -3.421439E-04  7.965964E-04  8.526695E+01
    17.2500   -4.844540E-04  5.745142E-04  8.582629E+01
    17.3000   -3.736963E-04  3.932116E-04  8.671017E+01
    17.3500   -1.996579E-05  4.341237E-04  8.791859E+01
    17.4000    4.915220E-04  7.026757E-04  8.873929E+01
    17.4500    1.017203E-03  1.050153E-03  8.928423E+01
    17.5000    1.390900E-03  1.417828E-03  8.973060E+01
    17.5500    1.469024E-03  1.780438E-03  9.013582E+01
    17.6000    1.172431E-03  2.120912E-03  9.052047E+01
    17.6500    5.125807E-04  2.425340E-03  9.089324E+01
    17.7000   -4.061894E-04  2.681962E-03  9.125822E+01
    17.7500   -1.409683E-03  2.881110E-03  9.161746E+01
    17.8000   -2.296320E-03  3.015386E-03  9.197186E+01
    17.8500   -2.887531E-03  3.079873E-03  9.232170E+01
    17.9000   -3.072156E-03  3.072319E-03  9.266670E+01
    17.9500   -2.832645E-03  2.993262E-03  9.300606E+01
    18.0000   -2.246303E-03  2.847255E-03  9.333870E+01
    18.0500   -1.459289E-03  2.642593E-03  9.366276E+01
    18.1000   -6.461786E-04  2.385903E-03  9.397352E+01
    18.1500    3.505005E-05  2.089752E-03  9.426455E+01
    18.2000    4.842310E-04  1.771079E-03  9.452472E+01
    18.2500    6.800223E-04  1.453622E-03  9.473459E+01
    18.3000    6.771132E-04  1.173160E-03  9.486304E+01
    18.3500    5.815277E-04  9.835208E-04  9.488041E+01
    18.4000    5.122605E-04  9.403135E-04  9.482390E+01
    18.4500    5.612305E-04  1.041711E-03  9.481674E+01
    18.5000    7.636460E-04  1.223245E-03  9.492199E+01
    18.5500    1.087401E-03  1.422428E-03  9.511800E+01
    18.6000    1.444177E-03  1.601544E-03  9.537156E+01
    18.6500    1.718328E-03  1.739905E-03  9.566092E+01
    18.7000    1.804386E-03  1.826347E-03  9.597381E+01
    18.7500    1.641610E-03  1.855552E-03  9.630352E+01
    18.8000    1.235115E-03  1.826357E-03  9.664668E+01
    18.8500    6.573271E-04  1.740925E-03  9.700220E+01
    18.9000    2.945881E-05  1.604296E-03  9.737101E+01
    18.9500   -5.113731E-04  1.424182E-03  9.775664E+01
    19.0000   -8.502898E-04  1.211215E-03  9.816759E+01
    19.0500   -9.249075E-04  9.803237E-04  9.862232E+01
    19.1000   -7.387011E-04  7.530638E-04  9.915579E+01
    19.1500   -3.631123E-04  5.680220E-04  9.983743E+01
    19.2000    8.524273E-05  4.911059E-04  1.007054E+02
    19.2500    4.771506E-04  5.586047E-04  1.015549E+02
    19.3000    7.054496E-04  7.096593E-04  1.022107E+02
    19.3500    7.119761E-04  8.772462E-04  1.027257E+02
    19.4000    4.996552E-04  1.027973E-03  1.031650E+02
    19.4500    1.271601E-04  1.146157E-03  1.035614E+02
    19.5000   -3.113164E-04  1.224079E-03  1.039297E+02
    19.5500   -7.145049E-04  1.258579E-03  1.042763E+02
    19.6000   -1.002069E-03  1.249905E-03  1.046027E+02
    19.6500   -1.134189E-03  1.201391E-03  1.049073E+02
    19.7000   -1.117681E-03  1.119592E-03  1.051849E+02
    19.7500   -9.979079E-04  1.014874E-03  1.054265E+02
    19.8000   -8.399563E-04  9.026345E-04  1.056182E+02
    19.8500   -7.055605E-04  8.048011E-04  1.057452E+02
    19.9000   -6.330880E-04  7.486776E-04  1.058064E+02
    19.9500   -6.265386E-04  7.563486E-04  1.058380E+02