# # tequil.ion_motion                                            FEFF 9.05   
# # POT  SCF  30  5.5000   1, core-hole, AFOLP (folp(0)= 1.150)
# # Abs   Z=30 Rmt= 1.286 Rnm= 1.404 K  shell
# # Pot 1 Z=26 Rmt= 1.261 Rnm= 1.390
# # Pot 2 Z= 8 Rmt= 1.006 Rnm= 1.090
# # Gam_ch=1.897E+00 H-L exch
# # Mu=-1.180E+01 kf=2.158E+00 Vint=-1.899E+01 Rs_int= 1.680
# # PATH  Rmax= 8.500,  Keep_limit= 0.00, Heap_limit 0.00  Pwcrit= 2.50%
#  S02=1.000                                        Global_sig2= 0.00000
#  Energy zero shift, vr, vi   -2.00000E+00   0.00000E+00
#  Curved wave amplitude ratio filter   4.000%
#     file         sig2 tot  cw amp ratio   deg  nlegs   reff  inp sig2
#           1       0.00000    100.00      1.00     2   1.9274
#           2       0.00000     95.62      1.00     2   1.9610
#           3       0.00000     89.85      1.00     2   2.0087
#           4       0.00000     77.71      1.00     2   2.1248
#           5       0.00000     53.72      1.00     2   2.4497
#           6       0.00000     52.01      1.00     2   2.4801
#           7       0.00000     35.59      1.00     2   2.7889
#           8       0.00000     31.35      1.00     2   2.9549
#           9       0.00000     30.48      1.00     2   2.9922
#          10       0.00000     27.19      1.00     2   3.1459
#          11       0.00000     25.15      1.00     2   3.2525
#          12       0.00000     23.99      1.00     2   3.3180
#          13       0.00000     23.51      1.00     2   3.3377
#          14       0.00000     11.09      2.00     3   3.3693
#          15       0.00000     22.05      1.00     2   3.4163
#          16       0.00000     11.00      2.00     3   3.4241
#          17       0.00000      8.83      2.00     3   3.4340
#          18       0.00000     12.21      2.00     3   3.4383
#          19       0.00000     20.78      1.00     2   3.4906
#          20       0.00000     21.19      1.00     2   3.4928
#          21       0.00000     20.70      1.00     2   3.4956
#          22       0.00000      7.92      2.00     3   3.5013
#          23       0.00000      9.40      2.00     3   3.5103
#          24       0.00000     20.60      1.00     2   3.5334
#          25       0.00000     12.59      2.00     3   3.5673
#          26       0.00000      8.48      2.00     3   3.5851
#          27       0.00000     19.16      1.00     2   3.5939
#          28       0.00000     14.79      2.00     3   3.5945
#          29       0.00000     19.01      1.00     2   3.6039
#          30       0.00000      8.99      2.00     3   3.6054
#          31       0.00000     10.50      2.00     3   3.6079
#          32       0.00000      8.23      2.00     3   3.6229
#          33       0.00000      9.85      2.00     3   3.6434
#          34       0.00000     14.73      2.00     3   3.6458
#          35       0.00000      9.18      2.00     3   3.6596
#          36       0.00000     18.65      1.00     2   3.6776
#          37       0.00000      7.06      2.00     3   3.6803
#          38       0.00000     17.18      2.00     3   3.6884
#          39       0.00000     17.89      1.00     2   3.7382
#          40       0.00000     17.86      1.00     2   3.7406
#          41       0.00000     15.33      2.00     3   3.7615
#          42       0.00000      6.92      2.00     3   3.7989
#          43       0.00000     16.90      1.00     2   3.8228
#          44       0.00000     16.07      1.00     2   3.8254
#          45       0.00000     10.63      1.00     4   3.8547
#          46       0.00000      5.24      2.00     3   3.8778
#          47       0.00000      5.99      1.00     4   3.8840
#          49       0.00000      9.68      1.00     4   3.9220
#          50       0.00000      5.63      1.00     4   3.9216
#          51       0.00000      4.29      1.00     4   3.9364
#          53       0.00000      6.58      1.00     4   3.9497
#          54       0.00000     13.17      2.00     3   3.9509
#          57       0.00000      4.40      1.00     4   3.9888
#          58       0.00000      4.84      1.00     4   3.9896
#          59       0.00000     11.37      2.00     3   4.0065
#          60       0.00000     22.08      2.00     3   4.0074
#          61       0.00000     14.04      1.00     2   4.0104
#          62       0.00000      8.51      1.00     4   4.0174
#          63       0.00000     14.80      1.00     2   4.0244
#          64       0.00000      8.51      2.00     3   4.0240
#          65       0.00000     13.61      1.00     2   4.0545
#          66       0.00000     16.60      2.00     4   4.0858
#          67       0.00000      8.45      2.00     3   4.1054
#          68       0.00000     10.43      2.00     3   4.1248
#          69       0.00000      7.57      2.00     3   4.1327
#          70       0.00000      7.64      2.00     3   4.1630
#          71       0.00000      4.70      1.00     4   4.1635
#          72       0.00000      7.32      2.00     3   4.1946
#          73       0.00000     11.64      2.00     3   4.2045
#          74       0.00000      6.32      1.00     4   4.2496
#          75       0.00000      7.18      2.00     3   4.2526
#          76       0.00000      6.90      2.00     3   4.2665
#          78       0.00000     15.94      2.00     3   4.2768
#          79       0.00000     11.43      1.00     2   4.3060
#          80       0.00000     11.21      1.00     2   4.3341
#          81       0.00000      6.17      2.00     3   4.3533
#          82       0.00000      6.18      2.00     3   4.3628
#          83       0.00000      7.07      2.00     3   4.3706
#          84       0.00000     10.78      2.00     4   4.3770
#          85       0.00000     10.84      1.00     2   4.3844
#          86       0.00000      4.41      1.00     4   4.3847
#          87       0.00000      8.98      2.00     3   4.3938
#          88       0.00000     10.68      1.00     2   4.4068
#          90       0.00000     10.46      1.00     2   4.4384
#          91       0.00000     10.44      1.00     2   4.4415
#          92       0.00000     17.43      2.00     3   4.4586
#          93       0.00000     10.22      1.00     2   4.4731
#          94       0.00000      5.71      2.00     3   4.4806
#          95       0.00000      7.63      2.00     3   4.4872
#          96       0.00000     14.30      2.00     4   4.4888
#          97       0.00000     10.03      1.00     2   4.5016
#          98       0.00000     18.13      2.00     3   4.5506
#          99       0.00000     17.90      2.00     3   4.5508
#         100       0.00000     21.03      2.00     3   4.5700
#         101       0.00000     18.02      2.00     3   4.5788
#         102       0.00000     12.68      2.00     3   4.5880
#         103       0.00000      9.45      1.00     2   4.5930
#         104       0.00000      9.38      1.00     2   4.6052
#         105       0.00000      9.29      1.00     2   4.6189
#         106       0.00000     13.02      1.00     4   4.6384
#         108       0.00000      8.15      2.00     3   4.6512
#         109       0.00000      4.44      2.00     3   4.6531
#         110       0.00000     10.37      1.00     4   4.6597
#         111       0.00000     10.18      1.00     4   4.6633
#         112       0.00000      4.92      2.00     3   4.6689
#         113       0.00000      8.96      2.00     3   4.6806
#         114       0.00000      8.92      1.00     2   4.6834
#         115       0.00000     10.38      1.00     4   4.6845
#         116       0.00000      8.83      1.00     2   4.6983
#         117       0.00000      8.80      1.00     2   4.7049
#         118       0.00000      8.66      2.00     3   4.7116
#         119       0.00000      4.11      2.00     3   4.7122
#         120       0.00000      6.36      2.00     3   4.7376
#         121       0.00000      6.69      2.00     3   4.7465
#         122       0.00000      6.02      2.00     4   4.7499
#         123       0.00000      4.29      2.00     3   4.7519
#         125       0.00000      6.38      2.00     3   4.7578
#         126       0.00000      6.32      2.00     3   4.7609
#         127       0.00000     13.72      2.00     3   4.7623
#         128       0.00000      8.47      1.00     2   4.7647
#         129       0.00000      4.12      2.00     3   4.7741
#         130       0.00000     11.85      2.00     3   4.7761
#         132       0.00000      6.12      1.00     4   4.7915
#         133       0.00000      6.12      2.00     3   4.7968
#         134       0.00000     14.10      2.00     3   4.8092
#         135       0.00000      8.03      1.00     2   4.8500
#         136       0.00000     14.96      2.00     3   4.8633
#         139       0.00000      7.32      1.00     4   4.9058
#         142       0.00000      7.69      1.00     4   4.9351
#         143       0.00000      8.43      1.00     2   4.9466
#         144       0.00000      8.40      1.00     2   4.9535
#         145       0.00000      5.86      1.00     4   4.9592
#         146       0.00000      8.49      1.00     4   4.9619
#         147       0.00000      4.26      2.00     3   4.9770
#         148       0.00000      7.67      2.00     3   4.9867
#         149       0.00000      7.40      2.00     3   4.9918
#         151       0.00000      7.31      1.00     2   5.0030
#         152       0.00000      7.26      1.00     2   5.0138
#         153       0.00000     13.33      2.00     3   5.0159
#         156       0.00000      5.43      2.00     3   5.0245
#         157       0.00000      8.00      1.00     2   5.0394
#         158       0.00000      4.26      2.00     3   5.0403
#         159       0.00000      6.59      2.00     3   5.0748
#         161       0.00000      6.90      1.00     4   5.0852
#         162       0.00000      5.45      2.00     3   5.0969
#         163       0.00000      6.99      2.00     3   5.1022
#         164       0.00000      6.79      1.00     2   5.1238
#         165       0.00000      7.18      2.00     3   5.1248
#         166       0.00000      6.78      1.00     2   5.1277
#         167       0.00000     17.29      2.00     3   5.1308
#         168       0.00000     16.61      2.00     3   5.1314
#         169       0.00000     11.15      1.00     4   5.1339
#         170       0.00000     10.37      1.00     4   5.1389
#         171       0.00000      7.53      1.00     2   5.1464
#         172       0.00000      4.15      2.00     4   5.1546
#         173       0.00000      6.67      1.00     2   5.1555
#         178       0.00000      7.49      2.00     3   5.1909
#         179       0.00000      6.46      1.00     2   5.2095
#         180       0.00000      8.11      2.00     3   5.2123
#         181       0.00000      8.11      2.00     3   5.2136
#         182       0.00000     14.76      2.00     3   5.2286
#         183       0.00000      4.85      2.00     3   5.2409
#         184       0.00000      7.14      1.00     2   5.2444
#         185       0.00000      4.07      2.00     4   5.2453
#         187       0.00000      8.81      1.00     4   5.2478
#         190       0.00000      7.09      1.00     2   5.2555
#         193       0.00000      6.56      2.00     3   5.2844
#         195       0.00000      5.24      2.00     4   5.2987
#         196       0.00000      5.94      2.00     3   5.3047
#         197       0.00000      6.88      1.00     2   5.3112
#         198       0.00000      6.03      1.00     2   5.3254
#         200       0.00000      5.95      1.00     2   5.3483
#         201       0.00000      7.81      2.00     3   5.3478
#         202       0.00000      8.16      2.00     3   5.3614
#         204       0.00000      6.68      1.00     2   5.3660
#         205       0.00000      6.37      2.00     3   5.3836
#         207       0.00000      6.33      2.00     3   5.3973
#         209       0.00000      6.55      1.00     2   5.4023
#         210       0.00000      5.76      1.00     2   5.4064
#         211       0.00000      5.64      2.00     3   5.4109
#         212       0.00000      5.26      2.00     4   5.4180
#         213       0.00000      5.71      1.00     2   5.4202
#         215       0.00000      5.70      1.00     2   5.4243
#         219       0.00000      5.34      2.00     3   5.4721
#         220       0.00000      5.68      2.00     3   5.4763
#         222       0.00000      6.55      2.00     3   5.4830
#         228       0.00000      5.41      1.00     2   5.5160
#         229       0.00000      4.60      2.00     3   5.5205
#         231       0.00000      5.84      2.00     3   5.5347
#         235       0.00000      4.18      2.00     3   5.5718
#         237       0.00000      5.22      2.00     3   5.5819
#         240       0.00000      5.91      1.00     2   5.5966
#         245       0.00000      5.10      1.00     2   5.6210
#         246       0.00000      5.81      1.00     2   5.6274
#         247       0.00000      4.15      2.00     3   5.6276
#         248       0.00000      5.72      2.00     3   5.6318
#         250       0.00000      4.41      2.00     3   5.6343
#         251       0.00000      4.68      2.00     3   5.6381
#         254       0.00000      8.49      2.00     3   5.6710
#         255       0.00000      5.38      2.00     3   5.6737
#         257       0.00000      5.64      1.00     2   5.6864
#         258       0.00000      4.17      2.00     3   5.6956
#         262       0.00000      4.78      2.00     3   5.7128
#         266       0.00000      4.82      1.00     2   5.7198
#         267       0.00000      4.15      2.00     3   5.7234
#         272       0.00000      7.31      2.00     3   5.7351
#         274       0.00000      4.03      1.00     4   5.7453
#         278       0.00000      5.00      2.00     3   5.7678
#         283       0.00000      6.43      2.00     3   5.7916
#         284       0.00000      4.62      1.00     2   5.7962
#         287       0.00000      5.29      1.00     2   5.8090
#         289       0.00000      5.24      1.00     2   5.8267
#         290       0.00000      4.16      2.00     3   5.8309
#         292       0.00000      5.01      2.00     3   5.8415
#         293       0.00000      9.00      2.00     3   5.8437
#         294       0.00000      5.20      1.00     2   5.8438
#         301       0.00000      5.12      1.00     2   5.8707
#         304       0.00000      4.28      1.00     4   5.8784
#         312       0.00000      4.98      1.00     2   5.9274
#         319       0.00000      6.71      2.00     3   5.9587
#   220/ 284 paths used
#  -----------------------------------------------------------------------
#       k          chi          mag           phase @#
    -0.7000   -4.879630E-01  4.893228E-01 -1.496228E+00
    -0.6500   -4.586195E-01  4.603164E-01 -1.484904E+00
    -0.6000   -4.399345E-01  4.418187E-01 -1.478409E+00
    -0.5500   -4.280649E-01  4.301325E-01 -1.472709E+00
    -0.5000   -4.216145E-01  4.239006E-01 -1.466895E+00
    -0.4500   -4.185783E-01  4.211733E-01 -1.459732E+00
    -0.4000   -4.177737E-01  4.207489E-01 -1.451805E+00
    -0.3500   -4.184546E-01  4.219465E-01 -1.442056E+00
    -0.3000   -4.198024E-01  4.238583E-01 -1.432346E+00
    -0.2500   -4.213440E-01  4.259768E-01 -1.423179E+00
    -0.2000   -4.228053E-01  4.279869E-01 -1.415031E+00
    -0.1500   -4.242791E-01  4.299858E-01 -1.407693E+00
    -0.1000   -4.254501E-01  4.315816E-01 -1.402032E+00
    -0.0500   -4.261682E-01  4.325703E-01 -1.398536E+00
     0.0000   -4.264097E-01  4.329047E-01 -1.397355E+00
     0.0500   -4.266521E-01  4.332415E-01 -1.396165E+00
     0.1000   -4.273846E-01  4.342653E-01 -1.392547E+00
     0.1500   -4.286187E-01  4.360138E-01 -1.386357E+00
     0.2000   -4.303612E-01  4.385399E-01 -1.377364E+00
     0.2500   -4.325982E-01  4.418993E-01 -1.365261E+00
     0.3000   -4.352752E-01  4.461367E-01 -1.349685E+00
     0.3500   -4.384770E-01  4.515162E-01 -1.329887E+00
     0.4000   -4.425925E-01  4.588009E-01 -1.304196E+00
     0.4500   -4.466032E-01  4.671283E-01 -1.273258E+00
     0.5000   -4.500422E-01  4.763825E-01 -1.236701E+00
     0.5500   -4.526759E-01  4.869873E-01 -1.193173E+00
     0.6000   -4.540190E-01  4.994886E-01 -1.140801E+00
     0.6500   -4.523117E-01  5.124161E-01 -1.081585E+00
     0.7000   -4.466460E-01  5.259112E-01 -1.014621E+00
     0.7500   -4.358279E-01  5.408649E-01 -9.370220E-01
     0.8000   -4.180909E-01  5.552692E-01 -8.525360E-01
     0.8500   -3.922914E-01  5.698004E-01 -7.593795E-01
     0.9000   -3.568944E-01  5.843090E-01 -6.570673E-01
     0.9500   -3.114602E-01  5.971327E-01 -5.487170E-01
     1.0000   -2.542749E-01  6.096845E-01 -4.302079E-01
     1.0500   -1.866189E-01  6.200461E-01 -3.057157E-01
     1.1000   -1.090521E-01  6.284214E-01 -1.744164E-01
     1.1500   -2.272515E-02  6.347651E-01 -3.580854E-02
     1.2000    6.802366E-02  6.378715E-01  1.068448E-01
     1.2500    1.626608E-01  6.388922E-01  2.574322E-01
     1.3000    2.541575E-01  6.362428E-01  4.109345E-01
     1.3500    3.404355E-01  6.307806E-01  5.700867E-01
     1.4000    4.158094E-01  6.218843E-01  7.323626E-01
     1.4500    4.769358E-01  6.098059E-01  8.980460E-01
     1.5000    5.207597E-01  5.946756E-01  1.066891E+00
     1.5500    5.446654E-01  5.764609E-01  1.237117E+00
     1.6000    5.485846E-01  5.557320E-01  1.410242E+00
     1.6500    5.323824E-01  5.324214E-01  1.582900E+00
     1.7000    4.984360E-01  5.073107E-01  1.758119E+00
     1.7500    4.495007E-01  4.804376E-01  1.931619E+00
     1.8000    3.891062E-01  4.524031E-01  2.106152E+00
     1.8500    3.218764E-01  4.235870E-01  2.278460E+00
     1.9000    2.509009E-01  3.943428E-01  2.451964E+00
     1.9500    1.807940E-01  3.651147E-01  2.623562E+00
     2.0000    1.153988E-01  3.363894E-01  2.791429E+00
     2.0500    5.703851E-02  3.085081E-01  2.955638E+00
     2.1000    6.648673E-03  2.808881E-01  3.117920E+00
     2.1500   -3.452746E-02  2.536395E-01  3.278145E+00
     2.2000   -6.580895E-02  2.278041E-01  3.434654E+00
     2.2500   -8.772006E-02  2.032846E-01  3.587762E+00
     2.3000   -1.001755E-01  1.790767E-01  3.735254E+00
     2.3500   -1.018914E-01  1.534649E-01  3.867667E+00
     2.4000   -9.654715E-02  1.293884E-01  3.983899E+00
     2.4500   -8.605267E-02  1.072052E-01  4.073386E+00
     2.5000   -7.286476E-02  8.784235E-02  4.119795E+00
     2.5500   -6.283109E-02  7.546985E-02  4.125256E+00
     2.6000   -5.410650E-02  6.687318E-02  4.084197E+00
     2.6500   -4.816933E-02  6.301193E-02  4.011777E+00
     2.7000   -4.628796E-02  6.405588E-02  3.949175E+00
     2.7500   -4.782195E-02  6.635790E-02  3.946357E+00
     2.8000   -5.194148E-02  7.014020E-02  3.975463E+00
     2.8500   -5.832835E-02  7.489228E-02  4.034391E+00
     2.9000   -6.637739E-02  8.005239E-02  4.119222E+00
     2.9500   -7.502166E-02  8.516679E-02  4.219309E+00
     3.0000   -8.375421E-02  9.009900E-02  4.334864E+00
     3.0500   -9.177051E-02  9.468250E-02  4.463736E+00
     3.1000   -9.820779E-02  9.879809E-02  4.603021E+00
     3.1500   -1.023314E-01  1.023978E-01  4.748389E+00
     3.2000   -1.035828E-01  1.054469E-01  4.900698E+00
     3.2500   -1.012901E-01  1.077251E-01  5.059779E+00
     3.3000   -9.517690E-02  1.090757E-01  5.222733E+00
     3.3500   -8.580478E-02  1.098953E-01  5.387261E+00
     3.4000   -7.350085E-02  1.102812E-01  5.553701E+00
     3.4500   -5.864499E-02  1.100490E-01  5.721162E+00
     3.5000   -4.194901E-02  1.092646E-01  5.889146E+00
     3.5500   -2.418453E-02  1.080174E-01  6.057376E+00
     3.6000   -6.150798E-03  1.063381E-01  6.225311E+00
     3.6500    1.137720E-02  1.042500E-01  6.392537E+00
     3.7000    2.771069E-02  1.018157E-01  6.558828E+00
     3.7500    4.230991E-02  9.918749E-02  6.723877E+00
     3.8000    5.480082E-02  9.649025E-02  6.887188E+00
     3.8500    6.489549E-02  9.364397E-02  7.048831E+00
     3.9000    7.246509E-02  9.069879E-02  7.208756E+00
     3.9500    7.755416E-02  8.776256E-02  7.366855E+00
     4.0000    8.036307E-02  8.497664E-02  7.522951E+00
     4.0500    8.098281E-02  8.226116E-02  7.677457E+00
     4.1000    7.961728E-02  7.963862E-02  7.830834E+00
     4.1500    7.653919E-02  7.718621E-02  7.983553E+00
     4.2000    7.206919E-02  7.504201E-02  8.136399E+00
     4.2500    6.615631E-02  7.301559E-02  8.290906E+00
     4.3000    5.888729E-02  7.105973E-02  8.447995E+00
     4.3500    5.040314E-02  6.916738E-02  8.608338E+00
     4.4000    4.092433E-02  6.741384E-02  8.772421E+00
     4.4500    3.044421E-02  6.547715E-02  8.941189E+00
     4.5000    1.931813E-02  6.326906E-02  9.114490E+00
     4.5500    8.057822E-03  6.075536E-02  9.291759E+00
     4.6000   -2.728556E-03  5.804319E-02  9.471804E+00
     4.6500   -1.244754E-02  5.486970E-02  9.653627E+00
     4.7000   -2.043130E-02  5.122299E-02  9.835062E+00
     4.7500   -2.616534E-02  4.714918E-02  1.001308E+01
     4.8000   -2.945676E-02  4.284522E-02  1.018284E+01
     4.8500   -3.031008E-02  3.827210E-02  1.033880E+01
     4.9000   -2.912703E-02  3.362471E-02  1.047240E+01
     4.9500   -2.661765E-02  2.919802E-02  1.057200E+01
     5.0000   -2.376772E-02  2.551257E-02  1.062359E+01
     5.0500   -2.142160E-02  2.300731E-02  1.062213E+01
     5.1000   -2.034021E-02  2.216268E-02  1.058720E+01
     5.1500   -2.095297E-02  2.306770E-02  1.056404E+01
     5.2000   -2.339968E-02  2.543684E-02  1.059264E+01
     5.2500   -2.709544E-02  2.851073E-02  1.067917E+01
     5.3000   -3.121308E-02  3.174082E-02  1.081297E+01
     5.3500   -3.473142E-02  3.473526E-02  1.098069E+01
     5.4000   -3.676352E-02  3.735528E-02  1.117381E+01
     5.4500   -3.641458E-02  3.931506E-02  1.138210E+01
     5.5000   -3.333601E-02  4.050961E-02  1.159985E+01
     5.5500   -2.768336E-02  4.089183E-02  1.182271E+01
     5.6000   -2.006840E-02  4.054128E-02  1.204852E+01
     5.6500   -1.144003E-02  3.942545E-02  1.227197E+01
     5.7000   -2.898959E-03  3.762780E-02  1.248925E+01
     5.7500    4.566860E-03  3.527997E-02  1.269618E+01
     5.8000    1.031252E-02  3.263323E-02  1.288789E+01
     5.8500    1.408455E-02  2.984430E-02  1.305785E+01
     5.9000    1.609923E-02  2.718074E-02  1.320028E+01
     5.9500    1.692836E-02  2.494989E-02  1.331208E+01
     6.0000    1.741141E-02  2.358088E-02  1.339702E+01
     6.0500    1.820116E-02  2.315957E-02  1.347052E+01
     6.1000    1.972541E-02  2.363435E-02  1.355379E+01
     6.1500    2.203646E-02  2.476828E-02  1.366307E+01
     6.2000    2.478774E-02  2.622995E-02  1.380402E+01
     6.2500    2.733397E-02  2.770112E-02  1.397417E+01
     6.3000    2.891494E-02  2.892842E-02  1.416770E+01
     6.3500    2.887213E-02  2.973243E-02  1.437831E+01
     6.4000    2.683916E-02  3.000045E-02  1.460037E+01
     6.4500    2.285495E-02  2.967681E-02  1.482892E+01
     6.5000    1.743222E-02  2.895519E-02  1.506191E+01
     6.5500    1.119108E-02  2.772025E-02  1.529239E+01
     6.6000    4.994901E-03  2.600173E-02  1.551466E+01
     6.6500   -3.509727E-04  2.391729E-02  1.572264E+01
     6.7000   -4.312722E-03  2.162917E-02  1.590870E+01
     6.7500   -6.740685E-03  1.935072E-02  1.606377E+01
     6.8000   -7.877523E-03  1.734963E-02  1.617926E+01
     6.8500   -8.263033E-03  1.592634E-02  1.625344E+01
     6.9000   -8.564240E-03  1.533023E-02  1.630072E+01
     6.9500   -9.378357E-03  1.562658E-02  1.635166E+01
     7.0000   -1.117294E-02  1.671629E-02  1.644000E+01
     7.0500   -1.386931E-02  1.823172E-02  1.657239E+01
     7.1000   -1.708264E-02  1.986666E-02  1.674297E+01
     7.1500   -2.021261E-02  2.140743E-02  1.694308E+01
     7.2000   -2.255998E-02  2.270817E-02  1.716446E+01
     7.2500   -2.350289E-02  2.367821E-02  1.740052E+01
     7.3000   -2.264843E-02  2.426963E-02  1.764634E+01
     7.3500   -1.992245E-02  2.446786E-02  1.789816E+01
     7.4000   -1.557901E-02  2.428473E-02  1.815308E+01
     7.4500   -1.013342E-02  2.375294E-02  1.840881E+01
     7.5000   -4.253349E-03  2.297578E-02  1.866336E+01
     7.5500    1.427832E-03  2.198393E-02  1.891455E+01
     7.6000    6.380201E-03  2.081956E-02  1.916102E+01
     7.6500    1.025683E-02  1.954903E-02  1.940189E+01
     7.7000    1.291768E-02  1.823476E-02  1.963680E+01
     7.7500    1.439532E-02  1.692984E-02  1.986610E+01
     7.8000    1.483033E-02  1.567294E-02  2.009096E+01
     7.8500    1.440201E-02  1.448479E-02  2.031339E+01
     7.9000    1.327763E-02  1.336706E-02  2.053609E+01
     7.9500    1.159310E-02  1.230460E-02  2.076208E+01
     8.0000    9.499488E-03  1.130202E-02  2.099292E+01
     8.0500    7.102956E-03  1.031187E-02  2.123130E+01
     8.1000    4.545288E-03  9.285931E-03  2.147965E+01
     8.1500    2.044202E-03  8.199977E-03  2.173920E+01
     8.2000   -1.388698E-04  7.041384E-03  2.201087E+01
     8.2500   -1.744137E-03  5.810651E-03  2.229601E+01
     8.3000   -2.577525E-03  4.521198E-03  2.259777E+01
     8.3500   -2.572369E-03  3.198553E-03  2.292553E+01
     8.4000   -1.825946E-03  1.882527E-03  2.331615E+01
     8.4500   -5.943947E-04  6.810347E-04  2.407187E+01
     8.5000    7.435080E-04  8.108291E-04  2.629317E+01
     8.5500    1.798544E-03  1.845491E-03  2.692958E+01
     8.6000    2.270168E-03  2.793705E-03  2.732573E+01
     8.6500    2.009778E-03  3.579195E-03  2.767812E+01
     8.7000    1.066805E-03  4.171040E-03  2.801570E+01
     8.7500   -3.266510E-04  4.550990E-03  2.834617E+01
     8.8000   -1.823028E-03  4.710897E-03  2.867169E+01
     8.8500   -3.059644E-03  4.652528E-03  2.899200E+01
     8.9000   -3.762971E-03  4.387598E-03  2.930499E+01
     8.9500   -3.825791E-03  3.937936E-03  2.960590E+01
     9.0000   -3.332063E-03  3.334882E-03  2.988625E+01
     9.0500   -2.524058E-03  2.624510E-03  3.012270E+01
     9.1000   -1.731372E-03  1.887328E-03  3.025451E+01
     9.1500   -1.256644E-03  1.309357E-03  3.012984E+01
     9.2000   -1.273853E-03  1.282671E-03  2.972781E+01
     9.2500   -1.766769E-03  1.827896E-03  2.958579E+01
     9.3000   -2.527763E-03  2.547408E-03  2.972086E+01
     9.3500   -3.219437E-03  3.246851E-03  2.997517E+01
     9.4000   -3.482076E-03  3.849948E-03  3.028584E+01
     9.4500   -3.055063E-03  4.318246E-03  3.063000E+01
     9.5000   -1.882924E-03  4.643189E-03  3.099837E+01
     9.5500   -1.287357E-04  4.817786E-03  3.138920E+01
     9.6000    1.834017E-03  4.839749E-03  3.180459E+01
     9.6500    3.501019E-03  4.731828E-03  3.224883E+01
     9.7000    4.386355E-03  4.536628E-03  3.272862E+01
     9.7500    4.170044E-03  4.320239E-03  3.325118E+01
     9.8000    2.808447E-03  4.171314E-03  3.381889E+01
     9.8500    5.724629E-04  4.184493E-03  3.442028E+01
     9.9000   -2.001977E-03  4.422466E-03  3.502729E+01
     9.9500   -4.241630E-03  4.883598E-03  3.560978E+01
    10.0000   -5.520528E-03  5.522128E-03  3.615239E+01
    10.0500   -5.411769E-03  6.264691E-03  3.665624E+01
    10.1000   -3.793501E-03  7.032141E-03  3.712933E+01
    10.1500   -9.245453E-04  7.765886E-03  3.757978E+01
    10.2000    2.610323E-03  8.419631E-03  3.801433E+01
    10.2500    6.034138E-03  8.958349E-03  3.843815E+01
    10.3000    8.563909E-03  9.357343E-03  3.885513E+01
    10.3500    9.601655E-03  9.601666E-03  3.926836E+01
    10.4000    8.881213E-03  9.685762E-03  3.968037E+01
    10.4500    6.533330E-03  9.613173E-03  4.009346E+01
    10.5000    3.053072E-03  9.396185E-03  4.050977E+01
    10.5500   -8.209096E-04  9.055346E-03  4.093148E+01
    10.6000   -4.283144E-03  8.618732E-03  4.136079E+01
    10.6500   -6.648424E-03  8.120850E-03  4.179982E+01
    10.7000   -7.502333E-03  7.600866E-03  4.225031E+01
    10.7500   -6.779513E-03  7.099720E-03  4.271298E+01
    10.8000   -4.754194E-03  6.655615E-03  4.318665E+01
    10.8500   -1.950813E-03  6.297885E-03  4.366736E+01
    10.9000    9.972442E-04  6.040643E-03  4.414815E+01
    10.9500    3.501229E-03  5.879277E-03  4.462021E+01
    11.0000    5.146780E-03  5.795029E-03  4.507557E+01
    11.0500    5.754623E-03  5.760415E-03  4.550825E+01
    11.1000    5.376802E-03  5.745583E-03  4.591333E+01
    11.1500    4.250442E-03  5.730367E-03  4.628823E+01
    11.2000    2.697618E-03  5.707473E-03  4.663160E+01
    11.2500    1.022707E-03  5.685109E-03  4.694301E+01
    11.3000   -5.651651E-04  5.686860E-03  4.722344E+01
    11.3500   -1.984021E-03  5.748017E-03  4.747631E+01
    11.4000   -3.260482E-03  5.907420E-03  4.770857E+01
    11.4500   -4.472251E-03  6.195782E-03  4.793032E+01
    11.5000   -5.674930E-03  6.625169E-03  4.815248E+01
    11.5500   -6.840500E-03  7.185217E-03  4.838367E+01
    11.6000   -7.830064E-03  7.847200E-03  4.862859E+01
    11.6500   -8.411740E-03  8.571880E-03  4.888829E+01
    11.7000   -8.319629E-03  9.316700E-03  4.916156E+01
    11.7500   -7.336315E-03  1.004056E-02  4.944618E+01
    11.8000   -5.373404E-03  1.070648E-02  4.973971E+01
    11.8500   -2.524561E-03  1.128301E-02  5.003982E+01
    11.9000    9.267979E-04  1.174499E-02  5.034447E+01
    11.9500    4.549829E-03  1.207398E-02  5.065185E+01
    12.0000    7.861775E-03  1.227366E-02  5.096068E+01
    12.0500    1.041554E-02  1.234543E-02  5.126958E+01
    12.1000    1.186083E-02  1.227213E-02  5.157665E+01
    12.1500    1.205039E-02  1.206216E-02  5.188047E+01
    12.2000    1.104622E-02  1.173058E-02  5.217955E+01
    12.2500    9.088886E-03  1.129863E-02  5.247237E+01
    12.3000    6.528930E-03  1.079309E-02  5.275741E+01
    12.3500    3.741212E-03  1.024528E-02  5.303327E+01
    12.4000    1.046352E-03  9.689434E-03  5.329888E+01
    12.4500   -1.340335E-03  9.160319E-03  5.355392E+01
    12.5000   -3.321595E-03  8.689804E-03  5.379929E+01
    12.5500   -4.894130E-03  8.302521E-03  5.403748E+01
    12.6000   -6.100308E-03  8.011516E-03  5.427261E+01
    12.6500   -6.975069E-03  7.815476E-03  5.450986E+01
    12.7000   -7.507746E-03  7.699074E-03  5.475447E+01
    12.7500   -7.632541E-03  7.636645E-03  5.501066E+01
    12.8000   -7.251087E-03  7.597749E-03  5.528111E+01
    12.8500   -6.279229E-03  7.552572E-03  5.556704E+01
    12.9000   -4.701449E-03  7.475803E-03  5.586854E+01
    12.9500   -2.612973E-03  7.348707E-03  5.618514E+01
    13.0000   -2.270060E-04  7.169907E-03  5.651700E+01
    13.0500    2.150782E-03  6.939072E-03  5.686381E+01
    13.1000    4.152062E-03  6.642245E-03  5.722393E+01
    13.1500    5.448093E-03  6.285806E-03  5.759727E+01
    13.2000    5.826574E-03  5.880360E-03  5.798411E+01
    13.2500    5.249038E-03  5.439659E-03  5.838498E+01
    13.3000    3.868020E-03  4.979453E-03  5.880070E+01
    13.3500    1.997243E-03  4.516246E-03  5.923217E+01
    13.4000    4.094916E-05  4.065924E-03  5.968019E+01
    13.4500   -1.600014E-03  3.642233E-03  6.014507E+01
    13.5000   -2.621070E-03  3.255174E-03  6.062627E+01
    13.5500   -2.881498E-03  2.909557E-03  6.112207E+01
    13.6000   -2.429285E-03  2.604188E-03  6.162964E+01
    13.6500   -1.477410E-03  2.332270E-03  6.214583E+01
    13.7000   -3.389540E-04  2.083265E-03  6.266842E+01
    13.7500    6.605709E-04  1.845923E-03  6.319782E+01
    13.8000    1.269509E-03  1.611762E-03  6.373884E+01
    13.8500    1.371787E-03  1.378623E-03  6.430302E+01
    13.9000    1.008347E-03  1.154891E-03  6.491190E+01
    13.9500    3.541220E-04  9.657611E-04  6.559801E+01
    14.0000   -3.402989E-04  8.549681E-04  6.638281E+01
    14.0500   -8.237050E-04  8.704794E-04  6.721493E+01
    14.1000   -9.245923E-04  1.016867E-03  6.797355E+01
    14.1500   -5.949732E-04  1.241335E-03  6.861518E+01
    14.2000    7.957552E-05  1.492419E-03  6.916838E+01
    14.2500    9.084716E-04  1.735932E-03  6.966580E+01
    14.3000    1.654165E-03  1.949327E-03  7.012834E+01
    14.3500    2.102095E-03  2.116694E-03  7.056832E+01
    14.4000    2.122149E-03  2.226475E-03  7.099317E+01
    14.4500    1.704240E-03  2.270571E-03  7.140770E+01
    14.5000    9.585405E-04  2.244032E-03  7.181529E+01
    14.5500    8.127631E-05  2.144934E-03  7.221873E+01
    14.6000   -7.031828E-04  1.974323E-03  7.262079E+01
    14.6500   -1.206728E-03  1.736171E-03  7.302512E+01
    14.7000   -1.329830E-03  1.437399E-03  7.343810E+01
    14.7500   -1.087151E-03  1.088357E-03  7.387451E+01
    14.8000   -5.998513E-04  7.058751E-04  7.438262E+01
    14.8500   -5.766689E-05  3.415034E-04  7.522855E+01
    14.9000    3.376744E-04  3.385593E-04  7.704134E+01
    14.9500    4.311486E-04  7.228092E-04  7.790070E+01
    15.0000    1.575314E-04  1.151729E-03  7.840261E+01
    15.0500   -4.436730E-04  1.573985E-03  7.882557E+01
    15.1000   -1.232209E-03  1.965869E-03  7.921726E+01
    15.1500   -2.010082E-03  2.313522E-03  7.959267E+01
    15.2000   -2.575492E-03  2.606006E-03  7.995743E+01
    15.2500   -2.776539E-03  2.834866E-03  8.031382E+01
    15.3000   -2.549571E-03  2.994201E-03  8.066256E+01
    15.3500   -1.932239E-03  3.080842E-03  8.100348E+01
    15.4000   -1.048834E-03  3.094551E-03  8.133563E+01
    15.4500   -7.332545E-05  3.038232E-03  8.165727E+01
    15.5000    8.184496E-04  2.918213E-03  8.196569E+01
    15.5500    1.493575E-03  2.744683E-03  8.225681E+01
    15.6000    1.891478E-03  2.532449E-03  8.252479E+01
    15.6500    2.030696E-03  2.302153E-03  8.276168E+01
    15.7000    1.992508E-03  2.081851E-03  8.295818E+01
    15.7500    1.887640E-03  1.907491E-03  8.310781E+01
    15.8000    1.816751E-03  1.817910E-03  8.321650E+01
    15.8500    1.836712E-03  1.839830E-03  8.331043E+01
    15.9000    1.942389E-03  1.971737E-03  8.342495E+01
    15.9500    2.068737E-03  2.186243E-03  8.358156E+01
    16.0000    2.114229E-03  2.450272E-03  8.378211E+01
    16.0500    1.970859E-03  2.736712E-03  8.401897E+01
    16.1000    1.551707E-03  3.017351E-03  8.428286E+01
    16.1500    8.329840E-04  3.275740E-03  8.456589E+01
    16.2000   -1.374100E-04  3.500828E-03  8.486226E+01
    16.2500   -1.245714E-03  3.685694E-03  8.516778E+01
    16.3000   -2.335224E-03  3.826693E-03  8.547937E+01
    16.3500   -3.239787E-03  3.922883E-03  8.579474E+01
    16.4000   -3.818883E-03  3.975590E-03  8.611209E+01
    16.4500   -3.985447E-03  3.988055E-03  8.642996E+01
    16.5000   -3.720144E-03  3.965104E-03  8.674714E+01
    16.5500   -3.069882E-03  3.912827E-03  8.706259E+01
    16.6000   -2.132669E-03  3.838245E-03  8.737547E+01
    16.6500   -1.034225E-03  3.748961E-03  8.768510E+01
    16.7000    9.675596E-05  3.652780E-03  8.799109E+01
    16.7500    1.148476E-03  3.557309E-03  8.829333E+01
    16.8000    2.037175E-03  3.469529E-03  8.859214E+01
    16.8500    2.708848E-03  3.395373E-03  8.888824E+01
    16.9000    3.133873E-03  3.339349E-03  8.918276E+01
    16.9500    3.298671E-03  3.304277E-03  8.947713E+01
    17.0000    3.200429E-03  3.292492E-03  8.977243E+01
    17.0500    2.844341E-03  3.304269E-03  9.006933E+01
    17.1000    2.239073E-03  3.334464E-03  9.036996E+01
    17.1500    1.412341E-03  3.380146E-03  9.067513E+01
    17.2000    4.150687E-04  3.437675E-03  9.098515E+01
    17.2500   -6.744176E-04  3.503082E-03  9.129992E+01
    17.3000   -1.752540E-03  3.572368E-03  9.161894E+01
    17.3500   -2.700332E-03  3.641736E-03  9.194148E+01
    17.4000   -3.399910E-03  3.707738E-03  9.226662E+01
    17.4500   -3.754216E-03  3.767381E-03  9.259336E+01
    17.5000   -3.705392E-03  3.818207E-03  9.292068E+01
    17.5500   -3.247146E-03  3.858354E-03  9.324756E+01
    17.6000   -2.427888E-03  3.886611E-03  9.357306E+01
    17.6500   -1.343681E-03  3.902464E-03  9.389627E+01
    17.7000   -1.226026E-04  3.906128E-03  9.421639E+01
    17.7500    1.095837E-03  3.898549E-03  9.453271E+01
    17.8000    2.181575E-03  3.881376E-03  9.484466E+01
    17.8500    3.030859E-03  3.856871E-03  9.515182E+01
    17.9000    3.576179E-03  3.827770E-03  9.545399E+01
    17.9500    3.788455E-03  3.797073E-03  9.575119E+01
    18.0000    3.672614E-03  3.768260E-03  9.604436E+01
    18.0500    3.256212E-03  3.744920E-03  9.633518E+01
    18.1000    2.585818E-03  3.728066E-03  9.662289E+01
    18.1500    1.720450E-03  3.718901E-03  9.690842E+01
    18.2000    7.259843E-04  3.717581E-03  9.719283E+01
    18.2500   -3.263188E-04  3.723149E-03  9.747713E+01
    18.3000   -1.360150E-03  3.733617E-03  9.776225E+01
    18.3500   -2.295427E-03  3.746156E-03  9.804890E+01
    18.4000   -3.052273E-03  3.757380E-03  9.833753E+01
    18.4500   -3.558325E-03  3.763658E-03  9.862832E+01
    18.5000   -3.758579E-03  3.761431E-03  9.892122E+01
    18.5500   -3.625595E-03  3.747491E-03  9.921592E+01
    18.6000   -3.167251E-03  3.719210E-03  9.951195E+01
    18.6500   -2.429392E-03  3.674707E-03  9.980867E+01
    18.7000   -1.491816E-03  3.612966E-03  1.001053E+02
    18.7500   -4.577233E-04  3.533897E-03  1.004011E+02
    18.8000    5.615276E-04  3.438353E-03  1.006950E+02
    18.8500    1.463179E-03  3.328110E-03  1.009862E+02
    18.9000    2.167736E-03  3.205795E-03  1.012735E+02
    18.9500    2.628419E-03  3.074787E-03  1.015562E+02
    19.0000    2.835798E-03  2.941289E-03  1.018331E+02
    19.0500    2.812988E-03  2.812992E-03  1.021033E+02
    19.1000    2.594953E-03  2.688463E-03  1.023663E+02
    19.1500    2.231678E-03  2.572110E-03  1.026221E+02
    19.2000    1.772235E-03  2.467711E-03  1.028714E+02
    19.2500    1.257470E-03  2.377943E-03  1.031154E+02
    19.3000    7.175236E-04  2.303990E-03  1.033559E+02
    19.3500    1.738621E-04  2.245319E-03  1.035950E+02
    19.4000   -3.558931E-04  2.199740E-03  1.038351E+02
    19.4500   -8.527843E-04  2.163738E-03  1.040777E+02
    19.5000   -1.293339E-03  2.133010E-03  1.043240E+02
    19.5500   -1.649859E-03  2.103064E-03  1.045745E+02
    19.6000   -1.894314E-03  2.069773E-03  1.048286E+02
    19.6500   -2.004583E-03  2.029799E-03  1.050856E+02
    19.7000   -1.970914E-03  1.980889E-03  1.053438E+02
    19.7500   -1.800240E-03  1.922061E-03  1.056013E+02
    19.8000   -1.516609E-03  1.853704E-03  1.058560E+02
    19.8500   -1.157204E-03  1.777637E-03  1.061053E+02
    19.9000   -7.648176E-04  1.697119E-03  1.063466E+02
    19.9500   -3.788529E-04  1.616789E-03  1.065776E+02