# # tequil.ion_motion                                            FEFF 9.05   
# # POT  SCF  30  5.5000   1, core-hole, AFOLP (folp(0)= 1.150)
# # Abs   Z=30 Rmt= 1.314 Rnm= 1.415 K  shell
# # Pot 1 Z=26 Rmt= 1.320 Rnm= 1.405
# # Pot 2 Z= 8 Rmt= 0.927 Rnm= 1.072
# # Gam_ch=1.897E+00 H-L exch
# # Mu=-1.152E+01 kf=2.218E+00 Vint=-1.829E+01 Rs_int= 1.635
# # PATH  Rmax= 8.500,  Keep_limit= 0.00, Heap_limit 0.00  Pwcrit= 2.50%
#  S02=1.000                                        Global_sig2= 0.00000
#  Energy zero shift, vr, vi   -2.00000E+00   0.00000E+00
#  Curved wave amplitude ratio filter   4.000%
#     file         sig2 tot  cw amp ratio   deg  nlegs   reff  inp sig2
#           1       0.00000    100.00      1.00     2   1.8936
#           2       0.00000     83.69      1.00     2   2.0282
#           3       0.00000     80.99      1.00     2   2.0540
#           4       0.00000     69.92      1.00     2   2.1738
#           5       0.00000     58.93      1.00     2   2.3214
#           6       0.00000     49.98      1.00     2   2.4724
#           7       0.00000     30.04      1.00     2   2.9325
#           8       0.00000     29.19      1.00     2   2.9695
#           9       0.00000     28.99      1.00     2   2.9783
#          10       0.00000     25.90      1.00     2   3.1260
#          11       0.00000     24.09      1.00     2   3.2470
#          12       0.00000     23.08      1.00     2   3.2823
#          13       0.00000     22.91      1.00     2   3.2926
#          14       0.00000     21.68      1.00     2   3.3697
#          15       0.00000     21.32      1.00     2   3.3941
#          16       0.00000      8.39      2.00     3   3.4322
#          17       0.00000     11.39      2.00     3   3.4381
#          18       0.00000     19.90      1.00     2   3.4793
#          19       0.00000     21.32      2.00     3   3.4797
#          20       0.00000     19.68      1.00     2   3.4931
#          21       0.00000     19.67      1.00     2   3.4942
#          22       0.00000     19.60      1.00     2   3.4987
#          23       0.00000      9.93      2.00     3   3.5321
#          24       0.00000      8.99      2.00     3   3.5441
#          25       0.00000      8.82      2.00     3   3.5566
#          26       0.00000      8.21      2.00     3   3.5772
#          27       0.00000      8.44      2.00     3   3.5770
#          28       0.00000      8.20      2.00     3   3.5863
#          29       0.00000      8.15      2.00     3   3.5944
#          30       0.00000      9.96      2.00     3   3.6046
#          31       0.00000     15.12      2.00     3   3.6110
#          32       0.00000      9.22      2.00     3   3.6381
#          33       0.00000      7.82      2.00     3   3.6623
#          34       0.00000      6.92      1.00     4   3.6668
#          35       0.00000     17.43      1.00     2   3.6868
#          36       0.00000      6.16      2.00     3   3.6898
#          37       0.00000     17.35      1.00     2   3.6939
#          38       0.00000      8.26      2.00     3   3.6970
#          39       0.00000     16.78      1.00     2   3.6979
#          40       0.00000     13.50      2.00     3   3.7058
#          41       0.00000      7.06      2.00     3   3.7549
#          42       0.00000      7.40      2.00     3   3.7614
#          43       0.00000     16.32      1.00     2   3.7866
#          44       0.00000     11.92      1.00     4   3.7872
#          45       0.00000      5.80      2.00     3   3.8255
#          46       0.00000      4.98      2.00     3   3.8283
#          47       0.00000     15.60      1.00     2   3.8557
#          48       0.00000     13.30      2.00     3   3.9034
#          49       0.00000     17.50      2.00     3   3.9130
#          50       0.00000      9.51      2.00     3   3.9131
#          51       0.00000     14.93      1.00     2   3.9241
#          52       0.00000      4.31      1.00     4   3.9398
#          53       0.00000      5.52      1.00     4   3.9437
#          54       0.00000      4.39      2.00     4   3.9476
#          55       0.00000     12.27      2.00     3   3.9647
#          56       0.00000     23.08      2.00     3   4.0142
#          57       0.00000     13.21      1.00     2   4.0215
#          58       0.00000      7.87      1.00     4   4.0394
#          60       0.00000     13.83      1.00     2   4.0451
#          61       0.00000      8.78      2.00     3   4.0533
#          62       0.00000      8.16      1.00     4   4.0564
#          63       0.00000     14.88      2.00     3   4.0648
#          64       0.00000      7.91      2.00     3   4.0660
#          65       0.00000     21.86      2.00     4   4.0674
#          66       0.00000      8.05      2.00     3   4.1008
#          67       0.00000      7.62      1.00     4   4.1080
#          68       0.00000     12.40      1.00     2   4.1098
#          69       0.00000      4.77      1.00     4   4.1199
#          70       0.00000      4.25      1.00     4   4.1349
#          71       0.00000      7.74      2.00     3   4.1457
#          72       0.00000      7.57      2.00     3   4.1618
#          73       0.00000      6.87      2.00     3   4.1941
#          74       0.00000      6.94      1.00     4   4.2056
#          75       0.00000      6.82      2.00     3   4.2080
#          76       0.00000     11.58      1.00     2   4.2087
#          77       0.00000     11.75      2.00     3   4.2113
#          78       0.00000      6.68      2.00     3   4.2185
#          79       0.00000      6.22      2.00     3   4.2191
#          81       0.00000      6.62      2.00     3   4.2484
#          82       0.00000      7.11      2.00     3   4.2720
#          83       0.00000     16.95      2.00     3   4.2836
#          84       0.00000      5.62      1.00     4   4.3475
#          85       0.00000     14.60      2.00     4   4.3496
#          86       0.00000     10.49      1.00     2   4.3535
#          87       0.00000     10.47      1.00     2   4.3564
#          88       0.00000     10.46      1.00     2   4.3576
#          89       0.00000      4.71      1.00     4   4.3775
#          90       0.00000     10.29      1.00     2   4.3812
#          91       0.00000      9.90      1.00     2   4.4396
#          92       0.00000      9.84      1.00     2   4.4483
#          93       0.00000     17.47      2.00     3   4.4719
#          94       0.00000     16.69      2.00     3   4.4856
#          95       0.00000     15.59      2.00     3   4.4883
#          96       0.00000      9.57      1.00     2   4.4899
#          97       0.00000      7.61      2.00     3   4.5108
#          98       0.00000     14.24      2.00     4   4.5264
#          99       0.00000     17.46      2.00     3   4.5520
#         100       0.00000      5.84      2.00     3   4.5652
#         101       0.00000      9.72      1.00     4   4.5903
#         102       0.00000      5.46      2.00     3   4.5919
#         103       0.00000      8.91      1.00     2   4.6003
#         104       0.00000     16.16      2.00     3   4.6022
#         105       0.00000      8.84      1.00     2   4.6115
#         106       0.00000      9.19      1.00     4   4.6148
#         108       0.00000      8.60      1.00     2   4.6549
#         109       0.00000     10.02      1.00     4   4.6557
#         110       0.00000      8.57      1.00     2   4.6595
#         111       0.00000      8.52      1.00     2   4.6690
#         112       0.00000      6.03      2.00     3   4.6692
#         113       0.00000      6.05      2.00     3   4.6696
#         115       0.00000      4.15      2.00     3   4.6726
#         116       0.00000      8.30      1.00     2   4.7106
#         117       0.00000      8.97      1.00     4   4.7144
#         118       0.00000      7.04      2.00     3   4.7237
#         119       0.00000     13.83      2.00     3   4.7292
#         120       0.00000      7.02      2.00     3   4.7422
#         121       0.00000      8.11      1.00     2   4.7471
#         122       0.00000      8.10      1.00     2   4.7495
#         123       0.00000     14.49      2.00     3   4.7696
#         124       0.00000      6.08      2.00     3   4.7753
#         126       0.00000      4.15      2.00     3   4.7880
#         128       0.00000      5.61      2.00     3   4.8010
#         130       0.00000     14.61      2.00     3   4.8080
#         131       0.00000      8.72      2.00     3   4.8121
#         132       0.00000     10.16      2.00     3   4.8154
#         133       0.00000      6.39      2.00     3   4.8238
#         135       0.00000      6.02      2.00     3   4.8412
#         136       0.00000      7.35      1.00     4   4.8582
#         137       0.00000      7.43      2.00     4   4.8632
#         139       0.00000      9.69      2.00     3   4.8750
#         140       0.00000      8.06      1.00     4   4.8797
#         141       0.00000      4.86      2.00     3   4.8816
#         142       0.00000      7.41      1.00     2   4.8908
#         143       0.00000      7.39      1.00     2   4.8957
#         145       0.00000      8.14      1.00     4   4.9053
#         147       0.00000     10.06      2.00     3   4.9305
#         148       0.00000      6.51      2.00     3   4.9359
#         149       0.00000      7.26      2.00     3   4.9477
#         150       0.00000      6.50      2.00     3   4.9568
#         152       0.00000      7.95      1.00     2   4.9853
#         153       0.00000      7.85      1.00     2   5.0070
#         154       0.00000      4.74      1.00     4   5.0192
#         155       0.00000      4.45      2.00     4   5.0323
#         156       0.00000      6.79      2.00     3   5.0407
#         157       0.00000      7.67      1.00     2   5.0506
#         158       0.00000      6.70      1.00     2   5.0546
#         160       0.00000     16.26      2.00     3   5.0651
#         162       0.00000      6.62      1.00     2   5.0751
#         163       0.00000     10.09      1.00     4   5.0756
#         164       0.00000      4.48      1.00     4   5.0810
#         166       0.00000     15.82      2.00     3   5.0905
#         168       0.00000      9.77      1.00     4   5.1058
#         169       0.00000      4.79      1.00     4   5.1115
#         170       0.00000      8.44      2.00     3   5.1125
#         171       0.00000      6.49      2.00     3   5.1249
#         172       0.00000      7.29      1.00     2   5.1419
#         173       0.00000      6.24      1.00     2   5.1732
#         174       0.00000      6.03      2.00     3   5.1764
#         175       0.00000      7.15      1.00     2   5.1787
#         176       0.00000      6.38      2.00     3   5.1806
#         178       0.00000      4.61      2.00     3   5.1887
#         179       0.00000      7.57      2.00     3   5.1898
#         180       0.00000      6.07      2.00     3   5.1924
#         182       0.00000      7.08      1.00     2   5.1968
#         184       0.00000      6.76      2.00     3   5.2138
#         185       0.00000      6.09      1.00     2   5.2150
#         186       0.00000     14.61      2.00     3   5.2204
#         187       0.00000      6.06      1.00     2   5.2237
#         189       0.00000      8.89      1.00     4   5.2257
#         190       0.00000      5.51      2.00     3   5.2385
#         191       0.00000      4.01      1.00     4   5.2398
#         195       0.00000      9.63      2.00     3   5.2706
#         196       0.00000      4.12      2.00     4   5.2753
#         197       0.00000      6.29      2.00     3   5.2844
#         198       0.00000      5.58      2.00     4   5.2877
#         199       0.00000      5.82      1.00     2   5.2923
#         200       0.00000      7.72      2.00     3   5.2977
#         203       0.00000      5.69      1.00     2   5.3309
#         205       0.00000      4.47      2.00     3   5.3418
#         207       0.00000      4.78      1.00     4   5.3625
#         214       0.00000      4.03      2.00     3   5.4117
#         216       0.00000      6.31      1.00     2   5.4130
#         218       0.00000      5.62      2.00     3   5.4205
#         220       0.00000      6.24      1.00     2   5.4320
#         223       0.00000      6.18      1.00     2   5.4526
#         226       0.00000      4.37      2.00     3   5.4740
#         228       0.00000      5.20      1.00     2   5.4883
#         230       0.00000      5.06      2.00     3   5.5109
#         231       0.00000      4.13      2.00     3   5.5238
#         233       0.00000      6.10      2.00     3   5.5311
#         234       0.00000      4.60      2.00     3   5.5319
#         236       0.00000      5.29      2.00     3   5.5406
#         237       0.00000      5.89      1.00     2   5.5419
#         241       0.00000      5.83      1.00     2   5.5636
#         242       0.00000      4.29      2.00     3   5.5660
#         243       0.00000      5.09      2.00     3   5.5674
#         244       0.00000      4.30      2.00     3   5.5720
#         245       0.00000      5.27      2.00     3   5.5749
#         247       0.00000      5.78      2.00     3   5.5761
#         248       0.00000      5.78      1.00     2   5.5793
#         252       0.00000      4.88      1.00     2   5.6013
#         254       0.00000      7.68      2.00     3   5.6263
#         255       0.00000      4.75      1.00     2   5.6478
#         256       0.00000      4.57      2.00     3   5.6491
#         258       0.00000      4.26      2.00     3   5.6523
#         265       0.00000      4.65      1.00     2   5.6852
#         274       0.00000      5.12      2.00     3   5.7308
#         275       0.00000      5.03      2.00     3   5.7319
#         276       0.00000      4.51      1.00     2   5.7412
#         277       0.00000      5.31      1.00     2   5.7445
#         279       0.00000      4.57      2.00     3   5.7498
#         283       0.00000      4.51      2.00     3   5.7598
#         285       0.00000      4.43      1.00     2   5.7740
#         286       0.00000      9.19      2.00     3   5.7741
#         288       0.00000      4.96      2.00     3   5.7806
#         293       0.00000      5.17      1.00     2   5.7967
#         295       0.00000      4.41      1.00     4   5.8037
#         303       0.00000      5.06      1.00     2   5.8384
#         313       0.00000      8.52      2.00     3   5.8834
#         314       0.00000      4.94      1.00     2   5.8868
#         315       0.00000      4.94      1.00     2   5.8887
#         316       0.00000      6.34      2.00     3   5.8889
#         319       0.00000      4.12      1.00     2   5.9053
#         321       0.00000      5.38      2.00     5   5.9078
#         322       0.00000      4.11      1.00     2   5.9130
#         323       0.00000      4.10      1.00     4   5.9285
#         328       0.00000      4.80      1.00     2   5.9438
#         330       0.00000      4.10      2.00     3   5.9585
#         331       0.00000      5.14      2.00     3   5.9615
#   229/ 294 paths used
#  -----------------------------------------------------------------------
#       k          chi          mag           phase @#
    -0.7000   -4.706771E-01  4.706858E-01 -1.564717E+00
    -0.6500   -4.626932E-01  4.627515E-01 -1.554927E+00
    -0.6000   -4.611712E-01  4.614222E-01 -1.537812E+00
    -0.5500   -4.625296E-01  4.632924E-01 -1.513404E+00
    -0.5000   -4.651796E-01  4.668420E-01 -1.486381E+00
    -0.4500   -4.680504E-01  4.710722E-01 -1.457469E+00
    -0.4000   -4.707057E-01  4.754072E-01 -1.430043E+00
    -0.3500   -4.727728E-01  4.796071E-01 -1.401778E+00
    -0.3000   -4.743302E-01  4.834025E-01 -1.376752E+00
    -0.2500   -4.754059E-01  4.866711E-01 -1.355217E+00
    -0.2000   -4.760867E-01  4.893582E-01 -1.337371E+00
    -0.1500   -4.765281E-01  4.916107E-01 -1.322449E+00
    -0.1000   -4.767734E-01  4.932690E-01 -1.311453E+00
    -0.0500   -4.768846E-01  4.942636E-01 -1.304828E+00
     0.0000   -4.769154E-01  4.945950E-01 -1.302615E+00
     0.0500   -4.769432E-01  4.949262E-01 -1.300400E+00
     0.1000   -4.770072E-01  4.959190E-01 -1.293742E+00
     0.1500   -4.770488E-01  4.975694E-01 -1.282601E+00
     0.2000   -4.769649E-01  4.998673E-01 -1.266917E+00
     0.2500   -4.766028E-01  5.027922E-01 -1.246616E+00
     0.3000   -4.757535E-01  5.063079E-01 -1.221613E+00
     0.3500   -4.742046E-01  5.105182E-01 -1.191348E+00
     0.4000   -4.717321E-01  5.158424E-01 -1.154243E+00
     0.4500   -4.676606E-01  5.216478E-01 -1.111820E+00
     0.5000   -4.614729E-01  5.278027E-01 -1.064050E+00
     0.5500   -4.527139E-01  5.346069E-01 -1.009971E+00
     0.6000   -4.406963E-01  5.424634E-01 -9.482534E-01
     0.6500   -4.244084E-01  5.502393E-01 -8.809064E-01
     0.7000   -4.031893E-01  5.580921E-01 -8.073279E-01
     0.7500   -3.760635E-01  5.668346E-01 -7.254134E-01
     0.8000   -3.423814E-01  5.748367E-01 -6.380312E-01
     0.8500   -3.014858E-01  5.827720E-01 -5.437287E-01
     0.9000   -2.526892E-01  5.906034E-01 -4.421117E-01
     0.9500   -1.966219E-01  5.969402E-01 -3.356498E-01
     1.0000   -1.323092E-01  6.031850E-01 -2.211492E-01
     1.0500   -6.176378E-02  6.076839E-01 -1.018138E-01
     1.1000    1.405449E-02  6.107323E-01  2.301454E-02
     1.1500    9.377594E-02  6.124116E-01  1.537305E-01
     1.2000    1.735739E-01  6.116631E-01  2.877274E-01
     1.2500    2.530940E-01  6.097414E-01  4.280354E-01
     1.3000    3.269174E-01  6.051777E-01  5.706756E-01
     1.3500    3.939681E-01  5.989251E-01  7.178834E-01
     1.4000    4.503583E-01  5.904222E-01  8.675909E-01
     1.4500    4.942306E-01  5.799919E-01  1.020049E+00
     1.5000    5.239418E-01  5.678105E-01  1.175131E+00
     1.5500    5.380019E-01  5.537807E-01  1.331509E+00
     1.6000    5.368084E-01  5.385340E-01  1.490722E+00
     1.6500    5.200696E-01  5.217075E-01  1.650055E+00
     1.7000    4.894185E-01  5.040700E-01  1.812491E+00
     1.7500    4.462580E-01  4.852989E-01  1.974651E+00
     1.8000    3.926196E-01  4.659845E-01  2.139575E+00
     1.8500    3.311647E-01  4.459669E-01  2.304683E+00
     1.9000    2.633789E-01  4.254350E-01  2.474020E+00
     1.9500    1.926790E-01  4.043335E-01  2.644884E+00
     2.0000    1.225809E-01  3.827590E-01  2.815593E+00
     2.0500    5.583945E-02  3.608190E-01  2.986211E+00
     2.1000   -5.243036E-03  3.377586E-01  3.157116E+00
     2.1500   -5.793998E-02  3.135719E-01  3.327435E+00
     2.2000   -1.004531E-01  2.894316E-01  3.496038E+00
     2.2500   -1.320910E-01  2.654908E-01  3.662347E+00
     2.3000   -1.527801E-01  2.415046E-01  3.826522E+00
     2.3500   -1.623751E-01  2.166738E-01  3.988746E+00
     2.4000   -1.623516E-01  1.927011E-01  4.143509E+00
     2.4500   -1.550803E-01  1.700950E-01  4.289063E+00
     2.5000   -1.430892E-01  1.492799E-01  4.423390E+00
     2.5500   -1.288531E-01  1.310852E-01  4.527584E+00
     2.6000   -1.148672E-01  1.154835E-01  4.609030E+00
     2.6500   -1.030562E-01  1.031405E-01  4.671965E+00
     2.7000   -9.385350E-02  9.386095E-02  4.724981E+00
     2.7500   -8.744788E-02  8.773427E-02  4.793210E+00
     2.8000   -8.215993E-02  8.307916E-02  4.861285E+00
     2.8500   -7.767085E-02  7.953954E-02  4.929582E+00
     2.9000   -7.374863E-02  7.689952E-02  4.999641E+00
     2.9500   -7.020768E-02  7.514206E-02  5.076803E+00
     3.0000   -6.664214E-02  7.391352E-02  5.159678E+00
     3.0500   -6.287428E-02  7.305711E-02  5.246703E+00
     3.1000   -5.882671E-02  7.254554E-02  5.337508E+00
     3.1500   -5.432202E-02  7.243063E-02  5.435143E+00
     3.2000   -4.919987E-02  7.266711E-02  5.539427E+00
     3.2500   -4.339046E-02  7.320291E-02  5.648726E+00
     3.3000   -3.679840E-02  7.404202E-02  5.763055E+00
     3.3500   -2.902676E-02  7.512031E-02  5.886456E+00
     3.4000   -1.984410E-02  7.630306E-02  6.020091E+00
     3.4500   -9.372053E-03  7.753491E-02  6.162014E+00
     3.5000    2.294197E-03  7.872442E-02  6.312332E+00
     3.5500    1.492503E-02  7.974263E-02  6.471461E+00
     3.6000    2.801994E-02  8.047809E-02  6.638802E+00
     3.6500    4.088880E-02  8.087418E-02  6.813246E+00
     3.7000    5.276692E-02  8.085112E-02  6.994253E+00
     3.7500    6.278357E-02  8.029500E-02  7.180911E+00
     3.8000    7.012932E-02  7.914234E-02  7.372082E+00
     3.8500    7.428657E-02  7.744666E-02  7.567332E+00
     3.9000    7.490735E-02  7.519978E-02  7.765764E+00
     3.9500    7.196190E-02  7.241679E-02  7.966126E+00
     4.0000    6.579666E-02  6.915315E-02  8.166823E+00
     4.0500    5.702537E-02  6.545000E-02  8.366971E+00
     4.1000    4.650054E-02  6.137626E-02  8.565103E+00
     4.1500    3.522559E-02  5.703478E-02  8.759070E+00
     4.2000    2.423090E-02  5.258891E-02  8.945926E+00
     4.2500    1.421172E-02  4.814470E-02  9.125126E+00
     4.3000    5.681417E-03  4.384857E-02  9.294844E+00
     4.3500   -1.125731E-03  3.986887E-02  9.453018E+00
     4.4000   -6.251273E-03  3.641522E-02  9.597299E+00
     4.4500   -1.014927E-02  3.351162E-02  9.732468E+00
     4.5000   -1.323809E-02  3.119107E-02  9.863098E+00
     4.5500   -1.589521E-02  2.942656E-02  9.995412E+00
     4.6000   -1.837548E-02  2.818041E-02  1.013508E+01
     4.6500   -2.068407E-02  2.716972E-02  1.029008E+01
     4.7000   -2.258335E-02  2.619847E-02  1.046400E+01
     4.7500   -2.369158E-02  2.510614E-02  1.065829E+01
     4.8000   -2.366217E-02  2.384262E-02  1.087247E+01
     4.8500   -2.209194E-02  2.222908E-02  1.110671E+01
     4.9000   -1.889678E-02  2.023638E-02  1.136147E+01
     4.9500   -1.430925E-02  1.788373E-02  1.163886E+01
     5.0000   -8.915433E-03  1.523469E-02  1.194124E+01
     5.0500   -3.478432E-03  1.238727E-02  1.228174E+01
     5.1000    1.153068E-03  9.522696E-03  1.268775E+01
     5.1500    4.244646E-03  6.969936E-03  1.322116E+01
     5.2000    5.252693E-03  5.321522E-03  1.397616E+01
     5.2500    4.153771E-03  5.505700E-03  1.485315E+01
     5.3000    1.283413E-03  7.144020E-03  1.552733E+01
     5.3500   -2.696673E-03  9.200680E-03  1.600543E+01
     5.4000   -7.034932E-03  1.113702E-02  1.639167E+01
     5.4500   -1.082761E-02  1.274993E-02  1.672249E+01
     5.5000   -1.346236E-02  1.393606E-02  1.701728E+01
     5.5500   -1.466564E-02  1.466580E-02  1.728330E+01
     5.6000   -1.453953E-02  1.500013E-02  1.752721E+01
     5.6500   -1.342315E-02  1.500192E-02  1.774166E+01
     5.7000   -1.184341E-02  1.481354E-02  1.792310E+01
     5.7500   -1.029147E-02  1.463982E-02  1.806998E+01
     5.8000   -9.008921E-03  1.473611E-02  1.819179E+01
     5.8500   -8.009671E-03  1.529455E-02  1.829837E+01
     5.9000   -6.997033E-03  1.642134E-02  1.840939E+01
     5.9500   -5.476995E-03  1.808211E-02  1.854183E+01
     6.0000   -2.808426E-03  2.012003E-02  1.870952E+01
     6.0500    1.240712E-03  2.234508E-02  1.890511E+01
     6.1000    6.641720E-03  2.457601E-02  1.912321E+01
     6.1500    1.298767E-02  2.665141E-02  1.935857E+01
     6.2000    1.952535E-02  2.843742E-02  1.960637E+01
     6.2500    2.530732E-02  2.982971E-02  1.986250E+01
     6.3000    2.940857E-02  3.075420E-02  2.012345E+01
     6.3500    3.114935E-02  3.116766E-02  2.038607E+01
     6.4000    3.026213E-02  3.105881E-02  2.064734E+01
     6.4500    2.695557E-02  3.044960E-02  2.090411E+01
     6.5000    2.182412E-02  2.943917E-02  2.115610E+01
     6.5500    1.573756E-02  2.810150E-02  2.139673E+01
     6.6000    9.605533E-03  2.655946E-02  2.162110E+01
     6.6500    4.127695E-03  2.498387E-02  2.182517E+01
     6.7000   -3.582141E-04  2.357961E-02  2.200634E+01
     6.7500   -3.919328E-03  2.256490E-02  2.216573E+01
     6.8000   -6.947231E-03  2.212671E-02  2.231053E+01
     6.8500   -9.978734E-03  2.236139E-02  2.245372E+01
     6.9000   -1.347119E-02  2.323736E-02  2.260954E+01
     6.9500   -1.759946E-02  2.461214E-02  2.278788E+01
     7.0000   -2.221740E-02  2.633326E-02  2.299529E+01
     7.0500   -2.660177E-02  2.815792E-02  2.322793E+01
     7.1000   -2.980359E-02  2.990132E-02  2.348107E+01
     7.1500   -3.087398E-02  3.143225E-02  2.375070E+01
     7.2000   -2.909537E-02  3.265497E-02  2.403321E+01
     7.2500   -2.420180E-02  3.350519E-02  2.432558E+01
     7.3000   -1.649670E-02  3.394597E-02  2.462527E+01
     7.3500   -6.833394E-03  3.396399E-02  2.493016E+01
     7.4000    3.539330E-03  3.356636E-02  2.523838E+01
     7.4500    1.322854E-02  3.277786E-02  2.554817E+01
     7.5000    2.101159E-02  3.165934E-02  2.585847E+01
     7.5500    2.599256E-02  3.024708E-02  2.616672E+01
     7.6000    2.782473E-02  2.859705E-02  2.647060E+01
     7.6500    2.672996E-02  2.678537E-02  2.676787E+01
     7.7000    2.336634E-02  2.489735E-02  2.705605E+01
     7.7500    1.861976E-02  2.302638E-02  2.733252E+01
     7.8000    1.336689E-02  2.127213E-02  2.759487E+01
     7.8500    8.275436E-03  1.973644E-02  2.784166E+01
     7.9000    3.693178E-03  1.851470E-02  2.807351E+01
     7.9500   -3.510837E-04  1.768137E-02  2.829419E+01
     8.0000   -4.044942E-03  1.727602E-02  2.851066E+01
     8.0500   -7.638818E-03  1.728068E-02  2.873221E+01
     8.1000   -1.125192E-02  1.762840E-02  2.896660E+01
     8.1500   -1.476087E-02  1.822608E-02  2.921827E+01
     8.2000   -1.777912E-02  1.897446E-02  2.948828E+01
     8.2500   -1.973501E-02  1.978323E-02  2.977529E+01
     8.3000   -2.002794E-02  2.057762E-02  3.007679E+01
     8.3500   -1.821611E-02  2.129908E-02  3.038989E+01
     8.4000   -1.417933E-02  2.190346E-02  3.071182E+01
     8.4500   -8.207290E-03  2.235858E-02  3.104006E+01
     8.5000   -9.783505E-04  2.263311E-02  3.137269E+01
     8.5500    6.530080E-03  2.271168E-02  3.170756E+01
     8.6000    1.325310E-02  2.259442E-02  3.204274E+01
     8.6500    1.826371E-02  2.228487E-02  3.237656E+01
     8.7000    2.094963E-02  2.179397E-02  3.270746E+01
     8.7500    2.111655E-02  2.114003E-02  3.303385E+01
     8.8000    1.899052E-02  2.034876E-02  3.335416E+01
     8.8500    1.512596E-02  1.945317E-02  3.366675E+01
     8.9000    1.025044E-02  1.849319E-02  3.397002E+01
     8.9500    5.092244E-03  1.751482E-02  3.426252E+01
     9.0000    2.513446E-04  1.657538E-02  3.454235E+01
     9.0500   -3.918189E-03  1.572728E-02  3.480930E+01
     9.1000   -7.296657E-03  1.501380E-02  3.506502E+01
     9.1500   -9.913926E-03  1.447051E-02  3.531228E+01
     9.2000   -1.185976E-02  1.411357E-02  3.555537E+01
     9.2500   -1.318829E-02  1.393520E-02  3.579943E+01
     9.3000   -1.386106E-02  1.390447E-02  3.604927E+01
     9.3500   -1.374733E-02  1.397350E-02  3.630848E+01
     9.4000   -1.267996E-02  1.408632E-02  3.657897E+01
     9.4500   -1.054520E-02  1.418728E-02  3.686114E+01
     9.5000   -7.383899E-03  1.425541E-02  3.715463E+01
     9.5500   -3.399037E-03  1.424506E-02  3.745818E+01
     9.6000    9.970649E-04  1.410256E-02  3.776987E+01
     9.6500    5.234518E-03  1.380749E-02  3.808794E+01
     9.7000    8.716270E-03  1.334916E-02  3.841058E+01
     9.7500    1.095398E-02  1.272568E-02  3.873591E+01
     9.8000    1.168563E-02  1.194309E-02  3.906189E+01
     9.8500    1.094027E-02  1.101457E-02  3.938612E+01
     9.9000    9.029845E-03  9.959871E-03  3.970549E+01
     9.9500    6.468684E-03  8.805438E-03  4.001559E+01
    10.0000    3.845516E-03  7.605407E-03  4.031059E+01
    10.0500    1.653400E-03  6.395771E-03  4.057922E+01
    10.1000    2.067684E-04  5.222270E-03  4.080110E+01
    10.1500   -4.323727E-04  4.192484E-03  4.094402E+01
    10.2000   -4.587566E-04  3.485879E-03  4.097269E+01
    10.2500   -2.462302E-04  3.318102E-03  4.091498E+01
    10.3000   -2.214469E-04  3.723472E-03  4.090021E+01
    10.3500   -7.258565E-04  4.490123E-03  4.100307E+01
    10.4000   -1.905619E-03  5.397868E-03  4.120151E+01
    10.4500   -3.660375E-03  6.315499E-03  4.145893E+01
    10.5000   -5.664466E-03  7.171696E-03  4.175125E+01
    10.5500   -7.453444E-03  7.925543E-03  4.206461E+01
    10.6000   -8.550437E-03  8.552257E-03  4.239087E+01
    10.6500   -8.596470E-03  9.036887E-03  4.272499E+01
    10.7000   -7.448693E-03  9.371453E-03  4.306357E+01
    10.7500   -5.220568E-03  9.553554E-03  4.340417E+01
    10.8000   -2.254966E-03  9.585638E-03  4.374483E+01
    10.8500    9.600684E-04  9.474572E-03  4.408380E+01
    10.9000    3.907946E-03  9.231365E-03  4.441942E+01
    10.9500    6.160118E-03  8.870966E-03  4.474990E+01
    11.0000    7.479424E-03  8.429557E-03  4.507372E+01
    11.0500    7.820888E-03  7.928052E-03  4.538849E+01
    11.1000    7.302340E-03  7.372175E-03  4.569084E+01
    11.1500    6.189130E-03  6.791872E-03  4.597757E+01
    11.2000    4.789446E-03  6.221098E-03  4.624525E+01
    11.2500    3.369419E-03  5.696924E-03  4.649104E+01
    11.3000    2.094408E-03  5.256823E-03  4.671410E+01
    11.3500    1.010422E-03  4.932918E-03  4.691760E+01
    11.4000    6.635195E-05  4.743425E-03  4.710990E+01
    11.4500   -8.347540E-04  4.685218E-03  4.730301E+01
    11.5000   -1.775145E-03  4.733465E-03  4.750831E+01
    11.5500   -2.773680E-03  4.849648E-03  4.773275E+01
    11.6000   -3.764831E-03  4.992451E-03  4.797818E+01
    11.6500   -4.611285E-03  5.125575E-03  4.824288E+01
    11.7000   -5.144789E-03  5.221082E-03  4.852352E+01
    11.7500   -5.220875E-03  5.259763E-03  4.881636E+01
    11.8000   -4.769019E-03  5.230267E-03  4.911781E+01
    11.8500   -3.821768E-03  5.127960E-03  4.942453E+01
    11.9000   -2.513438E-03  4.953896E-03  4.973336E+01
    11.9500   -1.048865E-03  4.714008E-03  5.004110E+01
    12.0000    3.515758E-04  4.426042E-03  5.034500E+01
    12.0500    1.505608E-03  4.104551E-03  5.064106E+01
    12.1000    2.297543E-03  3.757151E-03  5.092345E+01
    12.1500    2.711881E-03  3.406269E-03  5.118638E+01
    12.2000    2.820949E-03  3.079208E-03  5.142380E+01
    12.2500    2.748862E-03  2.807478E-03  5.163158E+01
    12.3000    2.622148E-03  2.622929E-03  5.181188E+01
    12.3500    2.523375E-03  2.548717E-03  5.197741E+01
    12.4000    2.462855E-03  2.588555E-03  5.214919E+01
    12.4500    2.377478E-03  2.724180E-03  5.234631E+01
    12.5000    2.156946E-03  2.924593E-03  5.257768E+01
    12.5500    1.688861E-03  3.157975E-03  5.284281E+01
    12.6000    9.079821E-04  3.398175E-03  5.313659E+01
    12.6500   -1.665535E-04  3.625920E-03  5.345303E+01
    12.7000   -1.418740E-03  3.827732E-03  5.378678E+01
    12.7500   -2.653222E-03  3.994423E-03  5.413354E+01
    12.8000   -3.638974E-03  4.119843E-03  5.448989E+01
    12.8500   -4.167292E-03  4.199942E-03  5.485310E+01
    12.9000   -4.107726E-03  4.232142E-03  5.522095E+01
    12.9500   -3.445864E-03  4.214918E-03  5.559154E+01
    13.0000   -2.295955E-03  4.151454E-03  5.596265E+01
    13.0500   -8.676132E-04  4.042360E-03  5.633235E+01
    13.1000    5.843743E-04  3.881918E-03  5.669978E+01
    13.1500    1.806488E-03  3.671568E-03  5.706308E+01
    13.2000    2.612260E-03  3.413918E-03  5.741999E+01
    13.2500    2.922192E-03  3.113066E-03  5.776747E+01
    13.3000    2.774624E-03  2.775095E-03  5.810103E+01
    13.3500    2.305590E-03  2.408972E-03  5.841349E+01
    13.4000    1.704325E-03  2.028353E-03  5.869251E+01
    13.4500    1.157507E-03  1.655647E-03  5.891608E+01
    13.5000    7.980120E-04  1.330949E-03  5.904728E+01
    13.5500    6.720696E-04  1.124579E-03  5.904973E+01
    13.6000    7.330945E-04  1.116397E-03  5.897388E+01
    13.6500    8.626980E-04  1.305261E-03  5.896819E+01
    13.7000    9.118049E-04  1.607934E-03  5.908732E+01
    13.7500    7.494596E-04  1.950598E-03  5.929590E+01
    13.8000    3.052306E-04  2.290509E-03  5.955660E+01
    13.8500   -4.065779E-04  2.603061E-03  5.984709E+01
    13.9000   -1.287232E-03  2.872632E-03  6.015490E+01
    13.9500   -2.177722E-03  3.088558E-03  6.047282E+01
    14.0000   -2.902449E-03  3.244281E-03  6.079788E+01
    14.0500   -3.306644E-03  3.336215E-03  6.112781E+01
    14.1000   -3.295764E-03  3.360613E-03  6.145783E+01
    14.1500   -2.870142E-03  3.316755E-03  6.178601E+01
    14.2000   -2.117422E-03  3.205942E-03  6.211041E+01
    14.2500   -1.189405E-03  3.031523E-03  6.242867E+01
    14.3000   -2.634660E-04  2.799020E-03  6.273759E+01
    14.3500    5.009973E-04  2.516435E-03  6.303228E+01
    14.4000    9.997681E-04  2.195047E-03  6.330475E+01
    14.4500    1.205413E-03  1.851354E-03  6.354088E+01
    14.5000    1.168427E-03  1.511879E-03  6.371514E+01
    14.5500    9.984738E-04  1.223967E-03  6.378591E+01
    14.6000    8.312674E-04  1.068142E-03  6.372371E+01
    14.6500    7.900215E-04  1.121018E-03  6.361390E+01
    14.7000    9.513340E-04  1.360630E-03  6.360611E+01
    14.7500    1.323864E-03  1.701475E-03  6.372344E+01
    14.8000    1.844670E-03  2.079835E-03  6.392251E+01
    14.8500    2.393609E-03  2.460676E-03  6.416864E+01
    14.9000    2.821856E-03  2.824061E-03  6.444216E+01
    14.9500    2.987466E-03  3.157409E-03  6.473224E+01
    15.0000    2.794394E-03  3.457681E-03  6.503241E+01
    15.0500    2.207889E-03  3.725264E-03  6.533906E+01
    15.1000    1.253656E-03  3.945976E-03  6.565014E+01
    15.1500    3.994967E-05  4.116468E-03  6.596374E+01
    15.2000   -1.271673E-03  4.234793E-03  6.627844E+01
    15.2500   -2.497301E-03  4.300316E-03  6.659306E+01
    15.3000   -3.465843E-03  4.313677E-03  6.690652E+01
    15.3500   -4.050831E-03  4.276793E-03  6.721773E+01
    15.4000   -4.192145E-03  4.192882E-03  6.752549E+01
    15.4500   -3.903379E-03  4.066523E-03  6.782846E+01
    15.5000   -3.263772E-03  3.903772E-03  6.812498E+01
    15.5500   -2.397092E-03  3.712319E-03  6.841308E+01
    15.6000   -1.442723E-03  3.501720E-03  6.869039E+01
    15.6500   -5.258493E-04  3.283650E-03  6.895420E+01
    15.7000    2.662902E-04  3.072107E-03  6.920183E+01
    15.7500    8.966524E-04  2.883277E-03  6.943127E+01
    15.8000    1.376590E-03  2.734575E-03  6.964257E+01
    15.8500    1.750957E-03  2.642293E-03  6.983941E+01
    15.9000    2.074446E-03  2.617876E-03  7.002980E+01
    15.9500    2.385846E-03  2.664372E-03  7.022451E+01
    16.0000    2.690664E-03  2.778795E-03  7.043331E+01
    16.0500    2.951858E-03  2.952636E-03  7.066289E+01
    16.1000    3.079563E-03  3.163056E-03  7.091611E+01
    16.1500    2.968516E-03  3.393685E-03  7.119178E+01
    16.2000    2.525764E-03  3.630435E-03  7.148721E+01
    16.2500    1.705011E-03  3.861994E-03  7.179938E+01
    16.3000    5.335800E-04  4.079669E-03  7.212547E+01
    16.3500   -8.765559E-04  4.276995E-03  7.246304E+01
    16.4000   -2.338615E-03  4.449331E-03  7.281006E+01
    16.4500   -3.621464E-03  4.593483E-03  7.316482E+01
    16.5000   -4.494931E-03  4.707385E-03  7.352585E+01
    16.5500   -4.779879E-03  4.789815E-03  7.389185E+01
    16.6000   -4.390977E-03  4.840163E-03  7.426165E+01
    16.6500   -3.361235E-03  4.858236E-03  7.463416E+01
    16.7000   -1.841371E-03  4.844112E-03  7.500829E+01
    16.7500   -7.309899E-05  4.798042E-03  7.538299E+01
    16.8000    1.658154E-03  4.720420E-03  7.575715E+01
    16.8500    3.080347E-03  4.611811E-03  7.612964E+01
    16.9000    3.988419E-03  4.473042E-03  7.649922E+01
    16.9500    4.281866E-03  4.305360E-03  7.686450E+01
    17.0000    3.981023E-03  4.114728E-03  7.722464E+01
    17.0500    3.206174E-03  3.909781E-03  7.757834E+01
    17.1000    2.136331E-03  3.685766E-03  7.792156E+01
    17.1500    9.801848E-04  3.448347E-03  7.825159E+01
    17.2000   -8.153531E-05  3.205463E-03  7.856526E+01
    17.2500   -9.313168E-04  2.967834E-03  7.885901E+01
    17.3000   -1.528967E-03  2.749249E-03  7.912955E+01
    17.3500   -1.902683E-03  2.566161E-03  7.937505E+01
    17.4000   -2.121800E-03  2.435771E-03  7.959725E+01
    17.4500   -2.260924E-03  2.371989E-03  7.980339E+01
    17.5000   -2.367216E-03  2.380328E-03  8.000560E+01
    17.5500   -2.441058E-03  2.454932E-03  8.021698E+01
    17.6000   -2.435882E-03  2.580269E-03  8.044673E+01
    17.6500   -2.276759E-03  2.736033E-03  8.069846E+01
    17.7000   -1.891470E-03  2.901781E-03  8.097141E+01
    17.7500   -1.243786E-03  3.059525E-03  8.126276E+01
    17.8000   -3.579539E-04  3.194605E-03  8.156912E+01
    17.8500    6.741162E-04  3.295679E-03  8.188741E+01
    17.9000    1.706229E-03  3.354454E-03  8.221502E+01
    17.9500    2.568972E-03  3.365389E-03  8.254989E+01
    18.0000    3.112459E-03  3.327480E-03  8.289074E+01
    18.0500    3.241380E-03  3.241778E-03  8.323653E+01
    18.1000    2.933460E-03  3.104035E-03  8.358526E+01
    18.1500    2.261424E-03  2.917494E-03  8.393609E+01
    18.2000    1.369493E-03  2.687161E-03  8.428823E+01
    18.2500    4.380906E-04  2.419569E-03  8.464094E+01
    18.3000   -3.598166E-04  2.122515E-03  8.499335E+01
    18.3500   -8.988519E-04  1.804776E-03  8.534434E+01
    18.4000   -1.127173E-03  1.475798E-03  8.569214E+01
    18.4500   -1.071830E-03  1.145403E-03  8.603343E+01
    18.5000   -8.231241E-04  8.235754E-04  8.636069E+01
    18.5500   -5.034474E-04  5.206535E-04  8.665160E+01
    18.6000   -2.302615E-04  2.506062E-04  8.679952E+01
    18.6500   -8.401734E-05  9.999980E-05  8.582061E+01
    18.7000   -8.984210E-05  2.462224E-04  8.519651E+01
    18.7500   -2.173008E-04  4.022387E-04  8.539371E+01
    18.8000   -3.969632E-04  5.166567E-04  8.569923E+01
    18.8500   -5.475615E-04  5.842581E-04  8.603749E+01
    18.9000   -6.046654E-04  6.046666E-04  8.639182E+01
    18.9500   -5.418282E-04  5.798962E-04  8.675815E+01
    19.0000   -3.773368E-04  5.141029E-04  8.714044E+01
    19.0500   -1.647876E-04  4.137992E-04  8.755501E+01
    19.1000    2.105984E-05  2.877122E-04  8.803786E+01
    19.1500    1.138479E-04  1.559140E-04  8.878320E+01
    19.2000    7.793280E-05  1.226553E-04  9.041769E+01
    19.2500   -7.918723E-05  2.531757E-04  9.142430E+01
    19.3000   -3.088010E-04  4.104967E-04  9.195768E+01
    19.3500   -5.364800E-04  5.599702E-04  9.238631E+01
    19.4000   -6.859911E-04  6.894791E-04  9.277761E+01
    19.4500   -7.038223E-04  7.907038E-04  9.315017E+01
    19.5000   -5.763886E-04  8.572436E-04  9.351037E+01
    19.5500   -3.343835E-04  8.844374E-04  9.386006E+01
    19.6000   -4.288066E-05  8.694775E-04  9.419844E+01
    19.6500    2.196513E-04  8.116263E-04  9.452183E+01
    19.7000    3.867305E-04  7.126179E-04  9.482142E+01
    19.7500    4.255474E-04  5.777543E-04  9.507574E+01
    19.8000    3.480230E-04  4.201478E-04  9.522391E+01
    19.8500    2.076396E-04  2.819750E-04  9.507548E+01
    19.9000    8.290428E-05  2.886337E-04  9.453911E+01
    19.9500    5.248136E-05  4.679145E-04  9.436018E+01