# # tequil.ion_motion                                            FEFF 9.05   
# # POT  SCF  30  5.5000   1, core-hole, AFOLP (folp(0)= 1.150)
# # Abs   Z=30 Rmt= 1.268 Rnm= 1.378 K  shell
# # Pot 1 Z=26 Rmt= 1.293 Rnm= 1.388
# # Pot 2 Z= 8 Rmt= 0.945 Rnm= 1.074
# # Gam_ch=1.897E+00 H-L exch
# # Mu=-1.155E+01 kf=2.213E+00 Vint=-1.872E+01 Rs_int= 1.639
# # PATH  Rmax= 8.500,  Keep_limit= 0.00, Heap_limit 0.00  Pwcrit= 2.50%
#  S02=1.000                                        Global_sig2= 0.00000
#  Energy zero shift, vr, vi   -2.00000E+00   0.00000E+00
#  Curved wave amplitude ratio filter   4.000%
#     file         sig2 tot  cw amp ratio   deg  nlegs   reff  inp sig2
#           1       0.00000    100.00      1.00     2   1.8795
#           2       0.00000     91.24      1.00     2   1.9473
#           3       0.00000     90.40      1.00     2   1.9542
#           4       0.00000     75.94      1.00     2   2.0902
#           5       0.00000     65.78      1.00     2   2.2091
#           6       0.00000     44.68      1.00     2   2.5607
#           7       0.00000     31.22      1.00     2   2.8830
#           8       0.00000     30.62      1.00     2   2.9076
#           9       0.00000     30.03      1.00     2   2.9322
#          10       0.00000     27.18      1.00     2   3.0619
#          11       0.00000     23.60      1.00     2   3.2488
#          12       0.00000     22.18      1.00     2   3.3383
#          13       0.00000     21.92      1.00     2   3.3550
#          14       0.00000      8.93      2.00     3   3.3576
#          15       0.00000     12.91      2.00     3   3.3756
#          16       0.00000     10.80      2.00     3   3.4274
#          17       0.00000      9.77      2.00     3   3.4322
#          18       0.00000     20.74      1.00     2   3.4339
#          19       0.00000      9.52      2.00     3   3.4376
#          20       0.00000     20.14      1.00     2   3.4426
#          21       0.00000      9.52      2.00     3   3.4594
#          22       0.00000      9.06      2.00     3   3.4666
#          23       0.00000     19.46      1.00     2   3.4858
#          24       0.00000     19.33      1.00     2   3.4943
#          25       0.00000     10.68      2.00     3   3.5001
#          26       0.00000      9.67      2.00     3   3.5124
#          27       0.00000     11.69      2.00     3   3.5202
#          28       0.00000      8.78      2.00     3   3.5237
#          29       0.00000     19.65      2.00     3   3.5247
#          30       0.00000      7.69      2.00     3   3.5693
#          31       0.00000      7.52      2.00     3   3.5772
#          32       0.00000      9.66      2.00     3   3.5974
#          33       0.00000     18.51      1.00     2   3.5993
#          34       0.00000      7.25      2.00     3   3.6060
#          35       0.00000     16.23      2.00     3   3.6150
#          36       0.00000     16.80      1.00     2   3.6751
#          37       0.00000      8.59      2.00     3   3.6908
#          38       0.00000      8.83      2.00     3   3.6939
#          39       0.00000      6.69      1.00     4   3.7111
#          40       0.00000     16.06      1.00     2   3.7349
#          41       0.00000     12.88      2.00     3   3.7480
#          42       0.00000     11.64      1.00     4   3.7590
#          43       0.00000     16.32      1.00     2   3.7879
#          44       0.00000     16.26      1.00     2   3.7932
#          45       0.00000     16.08      1.00     2   3.8109
#          46       0.00000     16.03      1.00     2   3.8151
#          47       0.00000     15.97      1.00     2   3.8213
#          48       0.00000      4.01      2.00     4   3.8268
#          49       0.00000      6.03      1.00     4   3.8437
#          50       0.00000     14.79      1.00     2   3.8451
#          51       0.00000     12.50      2.00     3   3.8622
#          52       0.00000      4.61      1.00     4   3.8750
#          53       0.00000      9.60      1.00     4   3.8946
#          54       0.00000      4.23      2.00     4   3.9015
#          55       0.00000     24.12      2.00     3   3.9064
#          56       0.00000      9.41      1.00     4   3.9084
#          57       0.00000     17.97      2.00     3   3.9091
#          58       0.00000     13.94      1.00     2   3.9264
#          59       0.00000     16.46      2.00     3   3.9306
#          60       0.00000     20.62      2.00     4   3.9697
#          61       0.00000     13.50      1.00     2   3.9715
#          62       0.00000      8.32      2.00     3   3.9723
#          63       0.00000      4.60      1.00     4   3.9784
#          64       0.00000     11.86      2.00     3   4.0304
#          65       0.00000      8.25      1.00     4   4.0304
#          66       0.00000      5.01      1.00     4   4.0359
#          67       0.00000      4.63      1.00     4   4.0503
#          69       0.00000      7.64      1.00     4   4.0680
#          70       0.00000     20.35      2.00     3   4.1064
#          71       0.00000      4.00      1.00     4   4.1250
#          72       0.00000     10.12      2.00     3   4.1269
#          73       0.00000      7.03      2.00     3   4.1577
#          74       0.00000      7.20      2.00     3   4.1596
#          75       0.00000     17.09      2.00     4   4.1633
#          76       0.00000      7.29      2.00     3   4.1669
#          77       0.00000      6.58      1.00     4   4.1804
#          78       0.00000      6.60      2.00     3   4.2036
#          79       0.00000     11.25      1.00     2   4.2322
#          80       0.00000      7.84      2.00     3   4.2341
#          81       0.00000      4.32      1.00     4   4.2396
#          82       0.00000     11.11      1.00     2   4.2505
#          83       0.00000      7.07      2.00     3   4.2558
#          84       0.00000     11.02      1.00     2   4.2633
#          85       0.00000     10.92      1.00     2   4.2769
#          86       0.00000      6.46      2.00     3   4.3243
#          87       0.00000      6.57      2.00     3   4.3405
#          88       0.00000      7.17      2.00     3   4.3453
#          89       0.00000      8.74      2.00     3   4.3497
#          90       0.00000      6.92      2.00     3   4.4131
#          91       0.00000      9.95      1.00     2   4.4155
#          92       0.00000      4.92      1.00     4   4.4183
#          93       0.00000      9.90      1.00     2   4.4234
#          94       0.00000     15.87      2.00     3   4.4266
#          95       0.00000      9.83      1.00     2   4.4336
#          97       0.00000     15.55      2.00     3   4.4650
#          98       0.00000      5.68      2.00     3   4.5046
#         100       0.00000     13.02      2.00     4   4.5080
#         101       0.00000      9.35      1.00     2   4.5094
#         102       0.00000      9.26      1.00     2   4.5259
#         103       0.00000      5.04      2.00     3   4.5330
#         104       0.00000      4.45      2.00     3   4.5514
#         105       0.00000     15.57      2.00     3   4.5528
#         106       0.00000      9.01      1.00     2   4.5682
#         107       0.00000      8.98      1.00     2   4.5721
#         108       0.00000      4.63      2.00     3   4.5751
#         109       0.00000      8.34      1.00     4   4.5763
#         110       0.00000      8.60      2.00     3   4.5774
#         111       0.00000      8.92      1.00     2   4.5828
#         112       0.00000     13.95      2.00     3   4.5860
#         113       0.00000      4.11      2.00     3   4.6032
#         114       0.00000      8.74      1.00     2   4.6148
#         116       0.00000      6.83      2.00     3   4.6307
#         117       0.00000     19.00      2.00     3   4.6327
#         118       0.00000      6.86      2.00     3   4.6428
#         119       0.00000      4.58      2.00     3   4.6446
#         120       0.00000     14.71      2.00     3   4.6501
#         121       0.00000      8.51      1.00     2   4.6577
#         122       0.00000      6.45      2.00     3   4.6658
#         123       0.00000     12.94      2.00     3   4.6670
#         124       0.00000     15.09      2.00     3   4.6797
#         126       0.00000      8.38      1.00     2   4.6819
#         127       0.00000      8.47      1.00     4   4.6822
#         128       0.00000     11.51      1.00     4   4.6934
#         129       0.00000      5.99      2.00     3   4.7023
#         131       0.00000      9.29      2.00     3   4.7117
#         132       0.00000      8.18      2.00     3   4.7138
#         133       0.00000      5.10      2.00     3   4.7222
#         135       0.00000      8.12      1.00     2   4.7301
#         137       0.00000      7.21      1.00     4   4.7384
#         138       0.00000      7.35      2.00     4   4.7625
#         139       0.00000      4.81      2.00     3   4.7683
#         140       0.00000      7.94      1.00     4   4.7743
#         141       0.00000      7.88      1.00     2   4.7799
#         142       0.00000      4.87      2.00     3   4.7849
#         144       0.00000      8.31      1.00     4   4.7913
#         145       0.00000      9.56      2.00     3   4.8039
#         146       0.00000     15.23      2.00     3   4.8144
#         147       0.00000      7.66      1.00     2   4.8241
#         148       0.00000      6.64      1.00     4   4.8247
#         149       0.00000      8.65      1.00     2   4.8343
#         151       0.00000      4.63      2.00     4   4.8537
#         152       0.00000      8.54      2.00     3   4.8609
#         154       0.00000      9.60      2.00     3   4.8636
#         156       0.00000      8.75      1.00     4   4.8987
#         157       0.00000      8.30      1.00     2   4.9092
#         158       0.00000      5.40      2.00     3   4.9113
#         159       0.00000      8.61      2.00     3   4.9133
#         160       0.00000      7.18      2.00     3   4.9341
#         161       0.00000     10.37      2.00     3   4.9430
#         162       0.00000      7.96      1.00     2   4.9837
#         165       0.00000      4.99      2.00     4   5.0092
#         169       0.00000      4.27      1.00     4   5.0249
#         171       0.00000      8.40      2.00     3   5.0310
#         172       0.00000      6.75      1.00     2   5.0328
#         174       0.00000     16.60      2.00     3   5.0403
#         176       0.00000     10.39      1.00     4   5.0479
#         177       0.00000      5.07      1.00     4   5.0517
#         178       0.00000      6.95      2.00     3   5.0559
#         179       0.00000      4.45      1.00     4   5.0696
#         180       0.00000      7.45      2.00     3   5.0706
#         182       0.00000      6.25      2.00     3   5.0891
#         184       0.00000      7.99      2.00     3   5.1215
#         185       0.00000      5.72      2.00     4   5.1283
#         190       0.00000      6.25      1.00     2   5.1626
#         192       0.00000     15.58      2.00     3   5.1657
#         193       0.00000      9.82      1.00     4   5.1688
#         194       0.00000      7.06      1.00     2   5.2022
#         199       0.00000      6.81      1.00     2   5.2692
#         200       0.00000      4.57      2.00     3   5.3003
#         203       0.00000      6.02      2.00     3   5.3156
#         205       0.00000      5.66      1.00     2   5.3301
#         206       0.00000     10.25      2.00     3   5.3432
#         208       0.00000      6.54      1.00     2   5.3450
#         212       0.00000      5.02      2.00     3   5.3821
#         214       0.00000      5.45      1.00     2   5.3986
#         215       0.00000      6.34      1.00     2   5.4025
#         217       0.00000      5.13      1.00     4   5.4172
#         220       0.00000      6.22      1.00     2   5.4401
#         221       0.00000      5.51      2.00     3   5.4480
#         223       0.00000      6.19      1.00     2   5.4491
#         224       0.00000      5.12      2.00     3   5.4563
#         225       0.00000      5.22      1.00     2   5.4720
#         226       0.00000      5.20      1.00     2   5.4791
#         227       0.00000      5.20      1.00     2   5.4810
#         231       0.00000      5.15      1.00     2   5.4986
#         232       0.00000     11.18      2.00     3   5.5124
#         233       0.00000      6.28      1.00     4   5.5262
#         234       0.00000      5.06      1.00     2   5.5291
#         235       0.00000      4.10      2.00     3   5.5333
#         236       0.00000      4.49      2.00     3   5.5340
#         237       0.00000      5.04      2.00     3   5.5373
#         240       0.00000      5.48      2.00     3   5.5484
#         241       0.00000      6.59      2.00     3   5.5501
#         242       0.00000      5.87      1.00     2   5.5503
#         243       0.00000      5.87      1.00     2   5.5518
#         244       0.00000      6.94      2.00     3   5.5516
#         246       0.00000      5.34      2.00     3   5.5615
#         248       0.00000      4.82      2.00     3   5.5635
#         249       0.00000      4.96      1.00     2   5.5647
#         251       0.00000      4.65      2.00     3   5.5774
#         255       0.00000      4.36      2.00     3   5.5957
#         257       0.00000      5.72      1.00     2   5.5996
#         261       0.00000      4.76      1.00     2   5.6369
#         262       0.00000      6.58      2.00     3   5.6428
#         266       0.00000      4.72      1.00     2   5.6527
#         268       0.00000      4.29      2.00     3   5.6630
#         274       0.00000      5.54      2.00     3   5.6865
#         275       0.00000      4.40      2.00     3   5.6941
#         276       0.00000      4.58      1.00     2   5.7097
#         277       0.00000      4.18      2.00     3   5.7107
#         285       0.00000      5.93      2.00     3   5.7261
#         286       0.00000      4.17      2.00     3   5.7307
#         289       0.00000      6.07      2.00     3   5.7371
#         291       0.00000      4.59      2.00     3   5.7474
#         297       0.00000      4.15      2.00     3   5.7800
#         299       0.00000      5.22      2.00     5   5.7859
#         303       0.00000      5.18      1.00     2   5.7939
#         304       0.00000      4.37      1.00     2   5.7960
#         310       0.00000      4.27      1.00     2   5.8369
#         311       0.00000      4.61      2.00     3   5.8415
#         312       0.00000      5.43      2.00     3   5.8420
#         320       0.00000      7.66      2.00     3   5.8573
#         323       0.00000      4.99      1.00     2   5.8694
#         324       0.00000      4.95      2.00     3   5.8730
#         325       0.00000      4.16      1.00     2   5.8862
#         327       0.00000      9.10      2.00     3   5.8895
#         332       0.00000      4.89      1.00     2   5.9089
#         333       0.00000      9.78      2.00     2   5.9096
#         334       0.00000      4.47      1.00     4   5.9096
#   229/ 299 paths used
#  -----------------------------------------------------------------------
#       k          chi          mag           phase @#
    -0.7000   -3.319309E-01  3.325638E-01 -1.632500E+00
    -0.6500   -3.197550E-01  3.242774E-01 -1.737999E+00
    -0.6000   -3.223547E-01  3.323174E-01 -1.816278E+00
    -0.5500   -3.344950E-01  3.495049E-01 -1.864929E+00
    -0.5000   -3.517040E-01  3.699440E-01 -1.886123E+00
    -0.4500   -3.715646E-01  3.912137E-01 -1.889080E+00
    -0.4000   -3.910497E-01  4.106232E-01 -1.880800E+00
    -0.3500   -4.110597E-01  4.295953E-01 -1.865620E+00
    -0.3000   -4.286347E-01  4.456355E-01 -1.847905E+00
    -0.2500   -4.434493E-01  4.588142E-01 -1.830323E+00
    -0.2000   -4.554232E-01  4.692902E-01 -1.814499E+00
    -0.1500   -4.654828E-01  4.780537E-01 -1.800631E+00
    -0.1000   -4.728391E-01  4.844372E-01 -1.790056E+00
    -0.0500   -4.772124E-01  4.882199E-01 -1.783547E+00
     0.0000   -4.786628E-01  4.894727E-01 -1.781351E+00
     0.0500   -4.801093E-01  4.907215E-01 -1.779142E+00
     0.1000   -4.844249E-01  4.944434E-01 -1.772445E+00
     0.1500   -4.915314E-01  5.005637E-01 -1.761053E+00
     0.2000   -5.012816E-01  5.089554E-01 -1.744667E+00
     0.2500   -5.134357E-01  5.194366E-01 -1.722948E+00
     0.3000   -5.276364E-01  5.317703E-01 -1.695568E+00
     0.3500   -5.438610E-01  5.461130E-01 -1.661642E+00
     0.4000   -5.627905E-01  5.634430E-01 -1.618928E+00
     0.4500   -5.818283E-01  5.818289E-01 -1.569340E+00
     0.5000   -5.998218E-01  6.008272E-01 -1.512937E+00
     0.5500   -6.162698E-01  6.209078E-01 -1.448494E+00
     0.6000   -6.303158E-01  6.426842E-01 -1.374292E+00
     0.6500   -6.383628E-01  6.637216E-01 -1.293478E+00
     0.7000   -6.390074E-01  6.841759E-01 -1.205397E+00
     0.7500   -6.308383E-01  7.052538E-01 -1.107276E+00
     0.8000   -6.107064E-01  7.241151E-01 -1.003549E+00
     0.8500   -5.774565E-01  7.416951E-01 -8.923731E-01
     0.9000   -5.294376E-01  7.578281E-01 -7.734739E-01
     0.9500   -4.664536E-01  7.704597E-01 -6.502965E-01
     1.0000   -3.875079E-01  7.815199E-01 -5.188005E-01
     1.0500   -2.949140E-01  7.887267E-01 -3.832228E-01
     1.1000   -1.905166E-01  7.925222E-01 -2.427704E-01
     1.1500   -7.683102E-02  7.930642E-01 -9.703088E-02
     1.2000    4.012091E-02  7.890796E-01  5.086714E-02
     1.2500    1.588529E-01  7.822866E-01  2.044843E-01
     1.3000    2.709802E-01  7.709634E-01  3.591542E-01
     1.3500    3.741475E-01  7.564868E-01  5.173580E-01
     1.4000    4.624097E-01  7.383405E-01  6.767756E-01
     1.4500    5.328805E-01  7.171262E-01  8.376578E-01
     1.5000    5.833003E-01  6.932762E-01  9.998092E-01
     1.5500    6.118576E-01  6.668825E-01  1.161722E+00
     1.6000    6.197173E-01  6.389374E-01  1.324896E+00
     1.6500    6.070635E-01  6.092254E-01  1.486526E+00
     1.7000    5.771923E-01  5.789951E-01  1.649730E+00
     1.7500    5.321399E-01  5.478659E-01  1.810973E+00
     1.8000    4.754769E-01  5.167815E-01  1.973325E+00
     1.8500    4.104590E-01  4.855351E-01  2.134327E+00
     1.9000    3.396774E-01  4.546434E-01  2.297860E+00
     1.9500    2.664565E-01  4.238356E-01  2.461739E+00
     2.0000    1.942860E-01  3.930024E-01  2.624491E+00
     2.0500    1.260443E-01  3.621442E-01  2.786103E+00
     2.1000    6.299280E-02  3.310877E-01  2.950165E+00
     2.1500    7.538834E-03  2.994810E-01  3.116417E+00
     2.2000   -3.649808E-02  2.674223E-01  3.278501E+00
     2.2500   -6.770917E-02  2.350905E-01  3.433744E+00
     2.3000   -8.524541E-02  2.019671E-01  3.577326E+00
     2.3500   -8.805340E-02  1.670563E-01  3.696763E+00
     2.4000   -7.977391E-02  1.348566E-01  3.774568E+00
     2.4500   -6.463406E-02  1.077287E-01  3.785057E+00
     2.5000   -4.787084E-02  8.923780E-02  3.707807E+00
     2.5500   -3.767762E-02  8.455196E-02  3.603454E+00
     2.6000   -3.220631E-02  8.797652E-02  3.516384E+00
     2.6500   -3.359384E-02  9.724476E-02  3.494318E+00
     2.7000   -4.265077E-02  1.089013E-01  3.544012E+00
     2.7500   -5.441302E-02  1.164691E-01  3.627701E+00
     2.8000   -6.885374E-02  1.235821E-01  3.732542E+00
     2.8500   -8.514512E-02  1.301973E-01  3.854413E+00
     2.9000   -1.019458E-01  1.360087E-01  3.988980E+00
     2.9500   -1.178696E-01  1.410790E-01  4.130609E+00
     3.0000   -1.318077E-01  1.452997E-01  4.278039E+00
     3.0500   -1.427053E-01  1.485889E-01  4.430038E+00
     3.1000   -1.497625E-01  1.509769E-01  4.585469E+00
     3.1500   -1.526355E-01  1.527098E-01  4.743580E+00
     3.2000   -1.511118E-01  1.539477E-01  4.904628E+00
     3.2500   -1.448526E-01  1.545562E-01  5.068624E+00
     3.3000   -1.338671E-01  1.544598E-01  5.234679E+00
     3.3500   -1.187893E-01  1.539839E-01  5.402084E+00
     3.4000   -1.000717E-01  1.532089E-01  5.571420E+00
     3.4500   -7.819504E-02  1.519617E-01  5.742678E+00
     3.5000   -5.393811E-02  1.502476E-01  5.915995E+00
     3.5500   -2.813602E-02  1.480553E-01  6.091985E+00
     3.6000   -1.869622E-03  1.453387E-01  6.270321E+00
     3.6500    2.362326E-02  1.420690E-01  6.450241E+00
     3.7000    4.719031E-02  1.382282E-01  6.631585E+00
     3.7500    6.782123E-02  1.338884E-01  6.814365E+00
     3.8000    8.462990E-02  1.291261E-01  6.997904E+00
     3.8500    9.685763E-02  1.238666E-01  7.180975E+00
     3.9000    1.042047E-01  1.181739E-01  7.362832E+00
     3.9500    1.067515E-01  1.121434E-01  7.542627E+00
     4.0000    1.049198E-01  1.058822E-01  7.719053E+00
     4.0500    9.942944E-02  9.949751E-02  7.890974E+00
     4.1000    9.122392E-02  9.314760E-02  8.057566E+00
     4.1500    8.134056E-02  8.703942E-02  8.217855E+00
     4.2000    7.080692E-02  8.143641E-02  8.370639E+00
     4.2500    6.016224E-02  7.635969E-02  8.517420E+00
     4.3000    4.980244E-02  7.189248E-02  8.659503E+00
     4.3500    3.989804E-02  6.809546E-02  8.798771E+00
     4.4000    3.044873E-02  6.502820E-02  8.937481E+00
     4.4500    2.112051E-02  6.248021E-02  9.079950E+00
     4.5000    1.172721E-02  6.027962E-02  9.228982E+00
     4.5500    2.248590E-03  5.825036E-02  9.386166E+00
     4.6000   -7.074649E-03  5.629014E-02  9.550793E+00
     4.6500   -1.596374E-02  5.411713E-02  9.724218E+00
     4.7000   -2.385978E-02  5.161110E-02  9.905364E+00
     4.7500   -3.016174E-02  4.871810E-02  1.009238E+01
     4.8000   -3.438477E-02  4.551910E-02  1.028103E+01
     4.8500   -3.627249E-02  4.192584E-02  1.047024E+01
     4.9000   -3.585972E-02  3.802076E-02  1.065680E+01
     4.9500   -3.350199E-02  3.392915E-02  1.083673E+01
     5.0000   -2.985256E-02  2.985320E-02  1.100212E+01
     5.0500   -2.562619E-02  2.593190E-02  1.114928E+01
     5.1000   -2.151366E-02  2.236782E-02  1.127282E+01
     5.1500   -1.800885E-02  1.934949E-02  1.137001E+01
     5.2000   -1.547114E-02  1.711963E-02  1.143802E+01
     5.2500   -1.366239E-02  1.558852E-02  1.149795E+01
     5.3000   -1.222074E-02  1.456885E-02  1.157125E+01
     5.3500   -1.069552E-02  1.374587E-02  1.167475E+01
     5.4000   -8.874732E-03  1.294729E-02  1.181115E+01
     5.4500   -6.454383E-03  1.175367E-02  1.198504E+01
     5.5000   -3.632647E-03  9.973054E-03  1.219355E+01
     5.5500   -9.503953E-04  7.511009E-03  1.243950E+01
     5.6000    8.201553E-04  4.483285E-03  1.275034E+01
     5.6500    9.763818E-04  1.070234E-03  1.371525E+01
     5.7000   -1.028603E-03  3.799491E-03  1.598211E+01
     5.7500   -5.311685E-03  8.622704E-03  1.637163E+01
     5.8000   -1.138854E-02  1.377019E-02  1.668179E+01
     5.8500   -1.828728E-02  1.915988E-02  1.697580E+01
     5.9000   -2.463616E-02  2.463855E-02  1.726482E+01
     5.9500   -2.893014E-02  3.004499E-02  1.755203E+01
     6.0000   -2.965447E-02  3.509509E-02  1.784304E+01
     6.0500   -2.611532E-02  3.976773E-02  1.813313E+01
     6.1000   -1.824678E-02  4.395931E-02  1.842152E+01
     6.1500   -6.715117E-03  4.757104E-02  1.870792E+01
     6.2000    7.167851E-03  5.053163E-02  1.899188E+01
     6.2500    2.168902E-02  5.280046E-02  1.927286E+01
     6.3000    3.505331E-02  5.436942E-02  1.955022E+01
     6.3500    4.570253E-02  5.526346E-02  1.982329E+01
     6.4000    5.256162E-02  5.553958E-02  2.009140E+01
     6.4500    5.516204E-02  5.528409E-02  2.035389E+01
     6.5000    5.354419E-02  5.454979E-02  2.061266E+01
     6.5500    4.831259E-02  5.352227E-02  2.086523E+01
     6.6000    4.034447E-02  5.234858E-02  2.111123E+01
     6.6500    3.053623E-02  5.115503E-02  2.135147E+01
     6.7000    1.965957E-02  5.004885E-02  2.158747E+01
     6.7500    8.297685E-03  4.910567E-02  2.182136E+01
     6.8000   -3.122619E-03  4.836055E-02  2.205576E+01
     6.8500   -1.423156E-02  4.780564E-02  2.229343E+01
     6.9000   -2.459911E-02  4.739529E-02  2.253685E+01
     6.9500   -3.365370E-02  4.705746E-02  2.278800E+01
     7.0000   -4.072128E-02  4.671574E-02  2.304977E+01
     7.0500   -4.492430E-02  4.625570E-02  2.332143E+01
     7.1000   -4.556210E-02  4.559949E-02  2.360244E+01
     7.1500   -4.227704E-02  4.469604E-02  2.389245E+01
     7.2000   -3.519080E-02  4.351787E-02  2.419088E+01
     7.2500   -2.497345E-02  4.206117E-02  2.449704E+01
     7.3000   -1.279102E-02  4.034372E-02  2.481012E+01
     7.3500   -1.339904E-04  3.840139E-02  2.512925E+01
     7.4000    1.143795E-02  3.628384E-02  2.545345E+01
     7.4500    2.057459E-02  3.404989E-02  2.578156E+01
     7.5000    2.639098E-02  3.175065E-02  2.611399E+01
     7.5500    2.849452E-02  2.944745E-02  2.644844E+01
     7.6000    2.712441E-02  2.720895E-02  2.678239E+01
     7.6500    2.301483E-02  2.509571E-02  2.711363E+01
     7.7000    1.716451E-02  2.316195E-02  2.743968E+01
     7.7500    1.059437E-02  2.145535E-02  2.775789E+01
     7.8000    4.141599E-03  2.001768E-02  2.806593E+01
     7.8500   -1.659437E-03  1.888498E-02  2.836232E+01
     7.9000   -6.587456E-03  1.808575E-02  2.864714E+01
     7.9500   -1.064764E-02  1.763617E-02  2.892252E+01
     8.0000   -1.395689E-02  1.753300E-02  2.919505E+01
     8.0500   -1.650951E-02  1.775425E-02  2.946845E+01
     8.1000   -1.815897E-02  1.824904E-02  2.974573E+01
     8.1500   -1.862156E-02  1.894420E-02  3.002995E+01
     8.2000   -1.754447E-02  1.975320E-02  3.032255E+01
     8.2500   -1.465504E-02  2.058416E-02  3.062365E+01
     8.3000   -9.921597E-03  2.134650E-02  3.093253E+01
     8.3500   -3.667212E-03  2.195567E-02  3.124811E+01
     8.4000    3.410252E-03  2.233660E-02  3.156920E+01
     8.4500    1.033121E-02  2.242624E-02  3.189468E+01
     8.5000    1.602883E-02  2.217238E-02  3.222394E+01
     8.5500    1.957497E-02  2.154390E-02  3.255587E+01
     8.6000    2.042763E-02  2.052489E-02  3.288933E+01
     8.6500    1.858037E-02  1.911372E-02  3.322351E+01
     8.7000    1.457879E-02  1.732524E-02  3.355751E+01
     8.7500    9.401020E-03  1.519016E-02  3.389019E+01
     8.8000    4.225641E-03  1.275388E-02  3.421981E+01
     8.8500    1.461632E-04  1.007510E-02  3.454301E+01
     8.9000   -2.092791E-03  7.224919E-03  3.485139E+01
     8.9500   -2.267678E-03  4.291147E-03  3.511430E+01
     9.0000   -7.029687E-04  1.473867E-03  3.505471E+01
     9.0500    1.811394E-03  1.903711E-03  3.329942E+01
     9.1000    4.253820E-03  4.586297E-03  3.336983E+01
     9.1500    5.664216E-03  7.142761E-03  3.364180E+01
     9.2000    5.393169E-03  9.432943E-03  3.394890E+01
     9.2500    3.265143E-03  1.138812E-02  3.426672E+01
     9.3000   -3.915150E-04  1.295899E-02  3.458774E+01
     9.3500   -4.850740E-03  1.411221E-02  3.490840E+01
     9.4000   -9.196365E-03  1.483076E-02  3.522637E+01
     9.4500   -1.256971E-02  1.511477E-02  3.553953E+01
     9.5000   -1.440061E-02  1.499260E-02  3.584636E+01
     9.5500   -1.449796E-02  1.449964E-02  3.614354E+01
     9.6000   -1.308106E-02  1.368386E-02  3.642624E+01
     9.6500   -1.069309E-02  1.262392E-02  3.668870E+01
     9.7000   -8.003708E-03  1.142569E-02  3.692301E+01
     9.7500   -5.603682E-03  1.022857E-02  3.711932E+01
     9.8000   -3.840368E-03  9.208901E-03  3.726894E+01
     9.8500   -2.740323E-03  8.561656E-03  3.737331E+01
     9.9000   -2.037738E-03  8.433037E-03  3.745506E+01
     9.9500   -1.294918E-03  8.830433E-03  3.755194E+01
    10.0000   -5.616315E-05  9.639058E-03  3.769329E+01
    10.0500    1.962047E-03  1.066480E-02  3.788414E+01
    10.1000    4.735416E-03  1.171784E-02  3.811513E+01
    10.1500    7.940447E-03  1.267337E-02  3.837623E+01
    10.2000    1.101479E-02  1.344627E-02  3.865908E+01
    10.2500    1.330567E-02  1.398226E-02  3.895755E+01
    10.3000    1.425079E-02  1.425084E-02  3.926729E+01
    10.3500    1.353853E-02  1.424049E-02  3.958520E+01
    10.4000    1.120137E-02  1.395530E-02  3.990896E+01
    10.4500    7.616340E-03  1.341227E-02  4.023680E+01
    10.5000    3.414019E-03  1.263901E-02  4.056719E+01
    10.5500   -6.768149E-04  1.167157E-02  4.089873E+01
    10.6000   -4.003969E-03  1.055226E-02  4.122990E+01
    10.6500   -6.137728E-03  9.327662E-03  4.155888E+01
    10.7000   -6.949683E-03  8.046693E-03  4.188321E+01
    10.7500   -6.607293E-03  6.759014E-03  4.219922E+01
    10.8000   -5.491847E-03  5.513976E-03  4.250112E+01
    10.8500   -4.068841E-03  4.360548E-03  4.277935E+01
    10.9000   -2.751532E-03  3.348923E-03  4.301806E+01
    10.9500   -1.797499E-03  2.533968E-03  4.319371E+01
    11.0000   -1.276744E-03  1.979680E-03  4.328137E+01
    11.0500   -1.074886E-03  1.725120E-03  4.330962E+01
    11.1000   -9.596226E-04  1.707306E-03  4.338541E+01
    11.1500   -7.119025E-04  1.794996E-03  4.357448E+01
    11.2000   -2.084573E-04  1.888930E-03  4.387171E+01
    11.2500    5.253395E-04  1.952252E-03  4.425475E+01
    11.3000    1.320063E-03  1.991658E-03  4.470684E+01
    11.3500    1.921315E-03  2.037534E-03  4.521371E+01
    11.4000    2.082411E-03  2.126128E-03  4.575623E+01
    11.4500    1.658966E-03  2.281138E-03  4.630958E+01
    11.5000    6.731944E-04  2.501982E-03  4.685147E+01
    11.5500   -6.744441E-04  2.766270E-03  4.737018E+01
    11.6000   -2.051748E-03  3.041079E-03  4.786442E+01
    11.6500   -3.086344E-03  3.293015E-03  4.833852E+01
    11.7000   -3.474828E-03  3.493669E-03  4.879859E+01
    11.7500   -3.076117E-03  3.621931E-03  4.925082E+01
    11.8000   -1.960093E-03  3.665025E-03  4.970120E+01
    11.8500   -3.959437E-04  3.619258E-03  5.015586E+01
    11.9000    1.217400E-03  3.490997E-03  5.062169E+01
    11.9500    2.459084E-03  3.298165E-03  5.110690E+01
    12.0000    3.005281E-03  3.076639E-03  5.162048E+01
    12.0500    2.713277E-03  2.872682E-03  5.217097E+01
    12.1000    1.650006E-03  2.739947E-03  5.276082E+01
    12.1500    8.817418E-05  2.736684E-03  5.337485E+01
    12.2000   -1.570097E-03  2.891596E-03  5.398106E+01
    12.2500   -2.899631E-03  3.187492E-03  5.454961E+01
    12.3000   -3.561276E-03  3.576054E-03  5.506881E+01
    12.3500   -3.383621E-03  4.003259E-03  5.554170E+01
    12.4000   -2.396312E-03  4.423356E-03  5.597616E+01
    12.4500   -8.086443E-04  4.802175E-03  5.637947E+01
    12.5000    1.056943E-03  5.116694E-03  5.675673E+01
    12.5500    2.854519E-03  5.354273E-03  5.711096E+01
    12.6000    4.300284E-03  5.512372E-03  5.744352E+01
    12.6500    5.230093E-03  5.598651E-03  5.775459E+01
    12.7000    5.614998E-03  5.631113E-03  5.804379E+01
    12.7500    5.534712E-03  5.637689E-03  5.831089E+01
    12.8000    5.121936E-03  5.654315E-03  5.855689E+01
    12.8500    4.498864E-03  5.720387E-03  5.878520E+01
    12.9000    3.728350E-03  5.871222E-03  5.900222E+01
    12.9500    2.796213E-03  6.129388E-03  5.921654E+01
    13.0000    1.624520E-03  6.507783E-03  5.943797E+01
    13.0500    1.193297E-04  6.998388E-03  5.967321E+01
    13.1000   -1.747926E-03  7.562466E-03  5.992350E+01
    13.1500   -3.908223E-03  8.166975E-03  6.018925E+01
    13.2000   -6.166422E-03  8.777534E-03  6.046920E+01
    13.2500   -8.217172E-03  9.361944E-03  6.076134E+01
    13.3000   -9.699791E-03  9.892086E-03  6.106356E+01
    13.3500   -1.027908E-02  1.034482E-02  6.137385E+01
    13.4000   -9.730615E-03  1.070234E-02  6.169048E+01
    13.4500   -8.006813E-03  1.095226E-02  6.201197E+01
    13.5000   -5.264976E-03  1.108747E-02  6.233705E+01
    13.5500   -1.848481E-03  1.110593E-02  6.266463E+01
    13.6000    1.774968E-03  1.101029E-02  6.299377E+01
    13.6500    5.102921E-03  1.080748E-02  6.332360E+01
    13.7000    7.693524E-03  1.050811E-02  6.365333E+01
    13.7500    9.243976E-03  1.012586E-02  6.398221E+01
    13.8000    9.634859E-03  9.676801E-03  6.430951E+01
    13.8500    8.932904E-03  9.178625E-03  6.463456E+01
    13.9000    7.355766E-03  8.649875E-03  6.495672E+01
    13.9500    5.211582E-03  8.109132E-03  6.527545E+01
    14.0000    2.836816E-03  7.582330E-03  6.558998E+01
    14.0500    5.211238E-04  7.089261E-03  6.589987E+01
    14.1000   -1.528680E-03  6.629301E-03  6.620613E+01
    14.1500   -3.174088E-03  6.213055E-03  6.650965E+01
    14.2000   -4.347881E-03  5.847405E-03  6.681182E+01
    14.2500   -5.031991E-03  5.535215E-03  6.711453E+01
    14.3000   -5.234766E-03  5.275478E-03  6.741993E+01
    14.3500   -4.976711E-03  5.063929E-03  6.773011E+01
    14.4000   -4.288801E-03  4.894006E-03  6.804683E+01
    14.4500   -3.221488E-03  4.757938E-03  6.837126E+01
    14.5000   -1.857827E-03  4.647693E-03  6.870381E+01
    14.5500   -3.222130E-04  4.555637E-03  6.904425E+01
    14.6000    1.222340E-03  4.474842E-03  6.939171E+01
    14.6500    2.591310E-03  4.399144E-03  6.974492E+01
    14.7000    3.607736E-03  4.323072E-03  7.010232E+01
    14.7500    4.136153E-03  4.241748E-03  7.046224E+01
    14.8000    4.111897E-03  4.150872E-03  7.082298E+01
    14.8500    3.557018E-03  4.046777E-03  7.118292E+01
    14.9000    2.577574E-03  3.926584E-03  7.154054E+01
    14.9500    1.342390E-03  3.788391E-03  7.189442E+01
    15.0000    4.309237E-05  3.631055E-03  7.224476E+01
    15.0500   -1.134694E-03  3.454562E-03  7.259131E+01
    15.1000   -2.033432E-03  3.261387E-03  7.292983E+01
    15.1500   -2.574506E-03  3.054745E-03  7.325908E+01
    15.2000   -2.751140E-03  2.839052E-03  7.357792E+01
    15.2500   -2.615161E-03  2.619568E-03  7.388544E+01
    15.3000   -2.253158E-03  2.401820E-03  7.418111E+01
    15.3500   -1.760378E-03  2.190833E-03  7.446504E+01
    15.4000   -1.220144E-03  1.990217E-03  7.473828E+01
    15.4500   -6.935515E-04  1.801273E-03  7.500298E+01
    15.5000   -2.198644E-04  1.622364E-03  7.526228E+01
    15.5500    1.758874E-04  1.448844E-03  7.551992E+01
    15.6000    4.738973E-04  1.273671E-03  7.577946E+01
    15.6500    6.547313E-04  1.088593E-03  7.604353E+01
    15.7000    7.017509E-04  8.855527E-04  7.631303E+01
    15.7500    6.101784E-04  6.579350E-04  7.658566E+01
    15.8000    3.986402E-04  4.015461E-04  7.684864E+01
    15.8500    1.170814E-04  1.170962E-04  7.695309E+01
    15.9000   -1.545469E-04  2.073316E-04  7.455708E+01
    15.9500   -3.195272E-04  5.491564E-04  7.477722E+01
    16.0000   -2.915415E-04  9.161302E-04  7.507436E+01
    16.0500   -1.468642E-05  1.305004E-03  7.538697E+01
    16.1000    5.219506E-04  1.698639E-03  7.571055E+01
    16.1500    1.249828E-03  2.086194E-03  7.604059E+01
    16.2000    2.035369E-03  2.456298E-03  7.637488E+01
    16.2500    2.705683E-03  2.797566E-03  7.671202E+01
    16.3000    3.088741E-03  3.099129E-03  7.705092E+01
    16.3500    3.057658E-03  3.351150E-03  7.739066E+01
    16.4000    2.566590E-03  3.545298E-03  7.773032E+01
    16.4500    1.667327E-03  3.675182E-03  7.806893E+01
    16.5000    5.007510E-04  3.736725E-03  7.840540E+01
    16.5500   -7.354792E-04  3.728488E-03  7.873838E+01
    16.6000   -1.834588E-03  3.651957E-03  7.906614E+01
    16.6500   -2.630465E-03  3.511817E-03  7.938642E+01
    16.7000   -3.035469E-03  3.316270E-03  7.969613E+01
    16.7500   -3.055524E-03  3.077481E-03  7.999109E+01
    16.8000   -2.778517E-03  2.812240E-03  8.026563E+01
    16.8500   -2.340035E-03  2.542865E-03  8.051273E+01
    16.9000   -1.877383E-03  2.297903E-03  8.072522E+01
    16.9500   -1.486381E-03  2.110868E-03  8.090017E+01
    17.0000   -1.195352E-03  2.016213E-03  8.104679E+01
    17.0500   -9.599594E-04  2.033405E-03  8.118974E+01
    17.1000   -6.867866E-04  2.148018E-03  8.135596E+01
    17.1500   -2.780429E-04  2.332134E-03  8.156190E+01
    17.2000    3.262642E-04  2.552221E-03  8.180960E+01
    17.2500    1.113121E-03  2.779325E-03  8.209347E+01
    17.3000    1.984169E-03  2.992021E-03  8.240643E+01
    17.3500    2.771978E-03  3.175816E-03  8.274240E+01
    17.4000    3.281766E-03  3.321792E-03  8.309681E+01
    17.4500    3.347109E-03  3.425386E-03  8.346640E+01
    17.5000    2.883260E-03  3.485447E-03  8.384885E+01
    17.5500    1.921563E-03  3.503455E-03  8.424246E+01
    17.6000    6.134739E-04  3.482820E-03  8.464593E+01
    17.6500   -7.987050E-04  3.428207E-03  8.505814E+01
    17.7000   -2.037519E-03  3.344863E-03  8.547799E+01
    17.7500   -2.857721E-03  3.237970E-03  8.590429E+01
    17.8000   -3.106818E-03  3.112065E-03  8.633572E+01
    17.8500   -2.762024E-03  2.970579E-03  8.677074E+01
    17.9000   -1.933393E-03  2.815576E-03  8.720769E+01
    17.9500   -8.324891E-04  2.647735E-03  8.764475E+01
    18.0000    2.836174E-04  2.468650E-03  8.807974E+01
    18.0500    1.181074E-03  2.278381E-03  8.850955E+01
    18.1000    1.704895E-03  2.069374E-03  8.893280E+01
    18.1500    1.808138E-03  1.840631E-03  8.934721E+01
    18.2000    1.555956E-03  1.592373E-03  8.974967E+01
    18.2500    1.095248E-03  1.326583E-03  9.013489E+01
    18.3000    6.036260E-04  1.047689E-03  9.049218E+01
    18.3500    2.338391E-04  7.642274E-04  9.079522E+01
    18.4000    7.041568E-05  4.956636E-04  9.096364E+01
    18.4500    1.108536E-04  3.090794E-04  9.073936E+01
    18.5000    2.756626E-04  3.588975E-04  9.023035E+01
    18.5500    4.424947E-04  5.668747E-04  9.021058E+01
    18.6000    4.922998E-04  7.942556E-04  9.043767E+01
    18.6500    3.521197E-04  1.000527E-03  9.074655E+01
    18.7000    2.072686E-05  1.169850E-03  9.108847E+01
    18.7500   -4.307902E-04  1.292706E-03  9.144593E+01
    18.8000   -8.831336E-04  1.362533E-03  9.181135E+01
    18.8500   -1.209255E-03  1.375010E-03  9.218090E+01
    18.9000   -1.317631E-03  1.327927E-03  9.255237E+01
    18.9500   -1.184038E-03  1.221179E-03  9.292424E+01
    19.0000   -8.624247E-04  1.057872E-03  9.329463E+01
    19.0500   -4.671710E-04  8.427640E-04  9.366022E+01
    19.1000   -1.336269E-04  5.781500E-04  9.401454E+01
    19.1500    1.838290E-05  2.722349E-04  9.431536E+01
    19.2000   -7.077485E-05  8.063313E-05  9.217731E+01
    19.2500   -3.774893E-04  4.369679E-04  9.214912E+01
    19.3000   -7.975871E-04  8.128922E-04  9.248263E+01
    19.3500   -1.174607E-03  1.190563E-03  9.284088E+01
    19.4000   -1.345597E-03  1.558340E-03  9.320565E+01
    19.4500   -1.190864E-03  1.905226E-03  9.357258E+01
    19.5000   -6.727731E-04  2.221035E-03  9.394004E+01
    19.5500    1.481648E-04  2.496717E-03  9.430716E+01
    19.6000    1.124927E-03  2.724658E-03  9.467338E+01
    19.6500    2.060177E-03  2.898942E-03  9.503822E+01
    19.7000    2.756676E-03  3.015552E-03  9.540119E+01
    19.7500    3.067544E-03  3.072506E-03  9.576174E+01
    19.8000    2.932283E-03  3.069932E-03  9.611916E+01
    19.8500    2.388933E-03  3.010079E-03  9.647260E+01
    19.9000    1.559840E-03  2.897273E-03  9.682086E+01
    19.9500    6.162104E-04  2.737838E-03  9.716236E+01