# # tequil.ion_motion                                            FEFF 9.05   
# # POT  SCF  30  5.5000   1, core-hole, AFOLP (folp(0)= 1.150)
# # Abs   Z=30 Rmt= 1.288 Rnm= 1.410 K  shell
# # Pot 1 Z=26 Rmt= 1.301 Rnm= 1.404
# # Pot 2 Z= 8 Rmt= 0.948 Rnm= 1.078
# # Gam_ch=1.897E+00 H-L exch
# # Mu=-1.134E+01 kf=2.191E+00 Vint=-1.821E+01 Rs_int= 1.655
# # PATH  Rmax= 8.500,  Keep_limit= 0.00, Heap_limit 0.00  Pwcrit= 2.50%
#  S02=1.000                                        Global_sig2= 0.00000
#  Energy zero shift, vr, vi   -2.00000E+00   0.00000E+00
#  Curved wave amplitude ratio filter   4.000%
#     file         sig2 tot  cw amp ratio   deg  nlegs   reff  inp sig2
#           1       0.00000    100.00      1.00     2   1.9118
#           2       0.00000     95.16      1.00     2   1.9485
#           3       0.00000     85.63      1.00     2   2.0290
#           4       0.00000     61.76      1.00     2   2.2990
#           5       0.00000     55.85      1.00     2   2.3886
#           6       0.00000     53.07      1.00     2   2.4353
#           7       0.00000     33.29      1.00     2   2.8286
#           8       0.00000     29.07      1.00     2   3.0015
#           9       0.00000     28.01      1.00     2   3.0503
#          10       0.00000     26.94      1.00     2   3.1017
#          11       0.00000     23.78      1.00     2   3.2709
#          12       0.00000     23.64      1.00     2   3.2793
#          13       0.00000     23.34      1.00     2   3.2967
#          14       0.00000     13.25      2.00     3   3.3191
#          15       0.00000     22.82      1.00     2   3.3322
#          16       0.00000     22.25      1.00     2   3.3628
#          17       0.00000     20.12      1.00     2   3.4872
#          18       0.00000     20.08      1.00     2   3.4898
#          19       0.00000     10.88      2.00     3   3.5026
#          20       0.00000     19.68      1.00     2   3.5154
#          21       0.00000     10.41      2.00     3   3.5265
#          22       0.00000     19.34      1.00     2   3.5370
#          23       0.00000     19.63      1.00     2   3.5439
#          24       0.00000      7.18      2.00     3   3.5457
#          25       0.00000     18.08      2.00     3   3.5485
#          26       0.00000      9.68      2.00     3   3.5868
#          27       0.00000     12.43      2.00     3   3.5940
#          28       0.00000     14.75      2.00     3   3.6050
#          29       0.00000      8.58      2.00     3   3.6045
#          30       0.00000     14.51      2.00     3   3.6224
#          31       0.00000      8.66      2.00     3   3.6230
#          32       0.00000      7.74      2.00     3   3.6261
#          33       0.00000      9.29      2.00     3   3.6256
#          34       0.00000      8.91      2.00     3   3.6544
#          35       0.00000      8.28      2.00     3   3.6629
#          36       0.00000      8.72      2.00     3   3.6729
#          37       0.00000      9.81      2.00     3   3.6743
#          38       0.00000     17.93      1.00     2   3.6771
#          39       0.00000      7.63      2.00     3   3.6887
#          40       0.00000      6.92      2.00     3   3.7444
#          41       0.00000      6.28      2.00     3   3.7531
#          42       0.00000      6.48      2.00     3   3.7589
#          43       0.00000      5.13      1.00     4   3.8003
#          44       0.00000      7.15      1.00     4   3.8095
#          45       0.00000     13.16      2.00     3   3.8178
#          46       0.00000     11.55      1.00     4   3.8235
#          47       0.00000     16.04      1.00     2   3.8469
#          48       0.00000      6.95      2.00     4   3.8603
#          49       0.00000     15.75      1.00     2   3.8743
#          50       0.00000     14.87      1.00     2   3.8835
#          51       0.00000     10.40      1.00     4   3.8970
#          52       0.00000     12.72      2.00     3   3.9147
#          53       0.00000      4.31      1.00     4   3.9391
#          55       0.00000     29.93      2.00     2   3.9543
#          56       0.00000     14.11      1.00     2   3.9561
#          57       0.00000      4.16      1.00     4   3.9655
#          58       0.00000      9.17      2.00     3   3.9708
#          60       0.00000      4.88      1.00     4   4.0036
#          61       0.00000      8.35      1.00     4   4.0579
#          62       0.00000     12.11      2.00     3   4.0609
#          64       0.00000     13.92      2.00     3   4.0977
#          65       0.00000     12.68      1.00     2   4.1056
#          66       0.00000      7.36      2.00     3   4.1185
#          67       0.00000     19.12      2.00     3   4.1326
#          68       0.00000      4.26      1.00     4   4.1524
#          69       0.00000      7.72      2.00     3   4.1561
#          70       0.00000      7.09      2.00     3   4.1585
#          71       0.00000     10.67      2.00     3   4.1790
#          72       0.00000      7.30      2.00     3   4.1896
#          73       0.00000     16.10      2.00     4   4.2108
#          75       0.00000      6.99      2.00     3   4.2308
#          76       0.00000      6.82      2.00     3   4.2310
#          77       0.00000      5.92      1.00     4   4.2416
#          78       0.00000      4.16      1.00     4   4.2441
#          79       0.00000     16.77      2.00     3   4.2537
#          80       0.00000      6.80      2.00     3   4.2584
#          81       0.00000      6.49      2.00     3   4.2624
#          83       0.00000     11.11      1.00     2   4.2980
#          84       0.00000      9.50      2.00     3   4.3231
#          85       0.00000     13.60      2.00     4   4.3371
#          86       0.00000      8.00      2.00     3   4.3401
#          87       0.00000     14.87      2.00     3   4.3796
#          88       0.00000     22.12      2.00     3   4.3805
#          89       0.00000     10.49      1.00     2   4.3834
#          90       0.00000     10.46      1.00     2   4.3872
#          91       0.00000     10.38      1.00     2   4.3988
#          93       0.00000     10.16      1.00     2   4.4308
#          94       0.00000     10.13      1.00     2   4.4365
#          95       0.00000     10.04      1.00     2   4.4492
#          96       0.00000     10.00      1.00     2   4.4553
#          97       0.00000     13.30      1.00     4   4.4631
#          98       0.00000     11.72      2.00     4   4.4642
#          99       0.00000      9.89      1.00     2   4.4719
#         100       0.00000     22.24      2.00     3   4.4890
#         101       0.00000      9.63      1.00     2   4.5134
#         102       0.00000     16.09      2.00     3   4.5233
#         103       0.00000     13.77      1.00     4   4.5472
#         104       0.00000     14.29      2.00     3   4.5603
#         105       0.00000      9.21      1.00     2   4.5821
#         106       0.00000     14.51      2.00     3   4.5874
#         107       0.00000      4.29      1.00     4   4.5980
#         108       0.00000      6.16      2.00     3   4.6008
#         109       0.00000      4.44      2.00     3   4.6428
#         110       0.00000      8.65      1.00     4   4.6593
#         111       0.00000     13.93      2.00     3   4.6610
#         112       0.00000      8.71      1.00     2   4.6688
#         114       0.00000      8.56      1.00     2   4.6957
#         117       0.00000      7.29      1.00     4   4.7217
#         118       0.00000      8.40      1.00     2   4.7245
#         119       0.00000      7.49      1.00     4   4.7382
#         120       0.00000     12.75      2.00     3   4.7388
#         121       0.00000      7.21      2.00     3   4.7407
#         123       0.00000      7.00      2.00     3   4.7443
#         124       0.00000      4.48      2.00     3   4.7517
#         126       0.00000      8.22      1.00     2   4.7603
#         127       0.00000     15.37      2.00     3   4.7683
#         128       0.00000      4.32      2.00     3   4.7685
#         130       0.00000      8.06      1.00     2   4.7911
#         132       0.00000      7.09      2.00     3   4.8024
#         133       0.00000      7.27      1.00     4   4.8087
#         134       0.00000      4.70      2.00     3   4.8093
#         135       0.00000      5.76      2.00     3   4.8215
#         136       0.00000      6.26      2.00     3   4.8408
#         137       0.00000      6.47      2.00     3   4.8464
#         138       0.00000      7.74      1.00     2   4.8558
#         139       0.00000      8.34      2.00     3   4.8581
#         140       0.00000      4.45      2.00     4   4.8576
#         141       0.00000      6.03      2.00     3   4.8588
#         142       0.00000      5.03      2.00     3   4.8621
#         143       0.00000      8.62      1.00     4   4.8679
#         145       0.00000      6.49      1.00     4   4.8955
#         146       0.00000      5.32      2.00     3   4.9018
#         147       0.00000      7.49      1.00     2   4.9100
#         148       0.00000      6.79      2.00     4   4.9132
#         149       0.00000      8.43      1.00     2   4.9159
#         150       0.00000      9.98      2.00     3   4.9174
#         151       0.00000      8.37      1.00     2   4.9281
#         154       0.00000      4.62      2.00     4   4.9530
#         155       0.00000      6.70      2.00     3   4.9557
#         156       0.00000      6.57      2.00     3   4.9781
#         157       0.00000      8.31      2.00     3   4.9966
#         158       0.00000     11.75      2.00     3   5.0127
#         160       0.00000      8.26      2.00     3   5.0234
#         162       0.00000      6.36      2.00     3   5.0276
#         163       0.00000      9.70      2.00     3   5.0281
#         164       0.00000      4.62      2.00     4   5.0502
#         165       0.00000      4.32      2.00     3   5.0511
#         166       0.00000      7.72      1.00     2   5.0750
#         167       0.00000      5.79      1.00     4   5.0974
#         169       0.00000      4.69      1.00     4   5.1104
#         170       0.00000      7.52      1.00     2   5.1223
#         171       0.00000      4.62      1.00     4   5.1403
#         172       0.00000      4.08      2.00     4   5.1481
#         173       0.00000     11.68      2.00     3   5.1488
#         175       0.00000      6.45      1.00     2   5.1561
#         176       0.00000     15.86      2.00     3   5.1581
#         177       0.00000      9.82      1.00     4   5.1601
#         179       0.00000      6.41      1.00     2   5.1686
#         180       0.00000     15.37      2.00     3   5.1769
#         181       0.00000      5.87      2.00     3   5.1800
#         182       0.00000      6.36      1.00     2   5.1824
#         183       0.00000      6.35      1.00     2   5.1844
#         184       0.00000      9.40      1.00     4   5.1852
#         185       0.00000      8.87      2.00     3   5.1875
#         186       0.00000      6.32      1.00     2   5.1929
#         187       0.00000     15.39      2.00     3   5.1956
#         188       0.00000      9.47      1.00     4   5.1983
#         189       0.00000      6.33      2.00     3   5.1989
#         190       0.00000      6.27      1.00     2   5.2047
#         194       0.00000      5.84      1.00     4   5.2225
#         198       0.00000      6.15      1.00     2   5.2388
#         199       0.00000      7.32      2.00     3   5.2395
#         200       0.00000      7.18      2.00     4   5.2439
#         202       0.00000      7.00      1.00     2   5.2545
#         204       0.00000      4.99      2.00     3   5.2577
#         206       0.00000      6.94      1.00     2   5.2704
#         207       0.00000      6.93      1.00     2   5.2724
#         208       0.00000      4.86      2.00     3   5.2809
#         211       0.00000      6.72      1.00     2   5.3291
#         213       0.00000      7.64      2.00     3   5.3524
#         216       0.00000      5.61      1.00     2   5.3964
#         217       0.00000      6.10      2.00     3   5.4023
#         219       0.00000      8.29      2.00     3   5.4098
#         220       0.00000      7.10      2.00     3   5.4111
#         221       0.00000      5.78      2.00     3   5.4146
#         222       0.00000      6.53      2.00     3   5.4232
#         223       0.00000      7.45      2.00     3   5.4266
#         228       0.00000      6.29      1.00     2   5.4549
#         230       0.00000      5.35      1.00     2   5.4809
#         232       0.00000      5.34      2.00     4   5.4855
#         238       0.00000      4.64      2.00     3   5.5144
#         239       0.00000      4.58      2.00     4   5.5162
#         240       0.00000      5.24      1.00     2   5.5173
#         242       0.00000      5.32      2.00     3   5.5360
#         243       0.00000      6.03      1.00     2   5.5368
#         244       0.00000      7.17      2.00     3   5.5457
#         248       0.00000      4.36      2.00     3   5.5723
#         249       0.00000      4.40      2.00     3   5.5855
#         250       0.00000      5.03      1.00     2   5.5872
#         251       0.00000      4.19      2.00     3   5.5917
#         257       0.00000      4.54      2.00     3   5.6344
#         261       0.00000      4.88      1.00     2   5.6437
#         262       0.00000      6.51      2.00     3   5.6480
#         263       0.00000      5.21      2.00     3   5.6510
#         267       0.00000      4.49      2.00     3   5.6625
#         268       0.00000      5.63      1.00     2   5.6667
#         278       0.00000      5.16      2.00     3   5.7086
#         279       0.00000      4.38      2.00     3   5.7107
#         283       0.00000      5.09      2.00     3   5.7277
#         284       0.00000      5.45      1.00     2   5.7295
#         285       0.00000      7.04      2.00     3   5.7537
#         288       0.00000      4.77      2.00     3   5.7753
#         290       0.00000      5.31      1.00     2   5.7835
#         292       0.00000      4.04      2.00     3   5.7960
#         296       0.00000      5.17      1.00     2   5.8340
#         299       0.00000      9.89      2.00     3   5.8498
#         302       0.00000      4.32      1.00     2   5.8646
#         304       0.00000      5.03      1.00     4   5.8656
#         305       0.00000      4.96      2.00     3   5.8755
#         310       0.00000      4.91      2.00     3   5.9045
#         313       0.00000      4.11      2.00     3   5.9285
#         318       0.00000      4.12      1.00     2   5.9525
#         319       0.00000      4.86      1.00     2   5.9599
#   223/ 287 paths used
#  -----------------------------------------------------------------------
#       k          chi          mag           phase @#
    -0.7000   -5.143523E-01  5.173992E-01 -1.679374E+00
    -0.6500   -5.105929E-01  5.117705E-01 -1.638649E+00
    -0.6000   -5.090005E-01  5.091679E-01 -1.596441E+00
    -0.5500   -5.080287E-01  5.081167E-01 -1.552185E+00
    -0.5000   -5.070585E-01  5.079737E-01 -1.510760E+00
    -0.4500   -5.058730E-01  5.083788E-01 -1.471468E+00
    -0.4000   -5.044152E-01  5.089855E-01 -1.436686E+00
    -0.3500   -5.028794E-01  5.100307E-01 -1.403141E+00
    -0.3000   -5.011880E-01  5.110024E-01 -1.374491E+00
    -0.2500   -4.994805E-01  5.118492E-01 -1.350512E+00
    -0.2000   -4.978884E-01  5.125477E-01 -1.331054E+00
    -0.1500   -4.966688E-01  5.133646E-01 -1.315062E+00
    -0.1000   -4.957655E-01  5.140320E-01 -1.303408E+00
    -0.0500   -4.951931E-01  5.144340E-01 -1.296433E+00
     0.0000   -4.949971E-01  5.145682E-01 -1.294111E+00
     0.0500   -4.947986E-01  5.147025E-01 -1.291789E+00
     0.1000   -4.941877E-01  5.151057E-01 -1.284834E+00
     0.1500   -4.931173E-01  5.157786E-01 -1.273268E+00
     0.2000   -4.915085E-01  5.167204E-01 -1.257127E+00
     0.2500   -4.892481E-01  5.179271E-01 -1.236457E+00
     0.3000   -4.861883E-01  5.193882E-01 -1.211313E+00
     0.3500   -4.822421E-01  5.212972E-01 -1.181249E+00
     0.4000   -4.774190E-01  5.242892E-01 -1.144739E+00
     0.4500   -4.710555E-01  5.276205E-01 -1.103506E+00
     0.5000   -4.627991E-01  5.312358E-01 -1.057590E+00
     0.5500   -4.524542E-01  5.356217E-01 -1.006055E+00
     0.6000   -4.396227E-01  5.414251E-01 -9.475248E-01
     0.6500   -4.232743E-01  5.474046E-01 -8.839324E-01
     0.7000   -4.028441E-01  5.538628E-01 -8.144315E-01
     0.7500   -3.773495E-01  5.618747E-01 -7.363529E-01
     0.8000   -3.460399E-01  5.696388E-01 -6.528749E-01
     0.8500   -3.081250E-01  5.779909E-01 -5.622565E-01
     0.9000   -2.625779E-01  5.869609E-01 -4.638020E-01
     0.9500   -2.095544E-01  5.949681E-01 -3.599325E-01
     1.0000   -1.474309E-01  6.036112E-01 -2.467443E-01
     1.0500   -7.778374E-02  6.109396E-01 -1.276647E-01
     1.1000   -1.090084E-03  6.172024E-01 -1.766171E-03
     1.1500    8.168838E-02  6.223791E-01  1.316316E-01
     1.2000    1.665423E-01  6.251033E-01  2.696806E-01
     1.2500    2.533337E-01  6.266426E-01  4.161821E-01
     1.3000    3.354910E-01  6.251034E-01  5.665176E-01
     1.3500    4.113032E-01  6.213525E-01  7.234149E-01
     1.4000    4.754174E-01  6.145348E-01  8.845367E-01
     1.4500    5.246918E-01  6.047874E-01  1.050283E+00
     1.5000    5.561251E-01  5.920765E-01  1.220524E+00
     1.5500    5.671162E-01  5.761478E-01  1.393499E+00
     1.6000    5.574494E-01  5.574495E-01  1.570951E+00
     1.6500    5.271837E-01  5.356947E-01  1.749290E+00
     1.7000    4.785131E-01  5.115167E-01  1.931981E+00
     1.7500    4.150281E-01  4.848654E-01  2.114177E+00
     1.8000    3.405319E-01  4.562240E-01  2.298936E+00
     1.8500    2.609500E-01  4.259971E-01  2.482294E+00
     1.9000    1.798661E-01  3.943393E-01  2.667962E+00
     1.9500    1.034769E-01  3.619283E-01  2.851643E+00
     2.0000    3.659242E-02  3.296250E-01  3.030351E+00
     2.0500   -1.836332E-02  2.981058E-01  3.203232E+00
     2.1000   -6.036229E-02  2.667504E-01  3.369857E+00
     2.1500   -8.887791E-02  2.361666E-01  3.527431E+00
     2.2000   -1.059181E-01  2.084444E-01  3.674612E+00
     2.2500   -1.142745E-01  1.838554E-01  3.812307E+00
     2.3000   -1.160159E-01  1.619446E-01  3.940210E+00
     2.3500   -1.124859E-01  1.420194E-01  4.055746E+00
     2.4000   -1.071311E-01  1.248834E-01  4.172662E+00
     2.4500   -1.000528E-01  1.093866E-01  4.296287E+00
     2.5000   -9.068143E-02  9.451867E-02  4.426468E+00
     2.5500   -7.968620E-02  8.128768E-02  4.513560E+00
     2.6000   -6.835223E-02  6.901401E-02  4.573793E+00
     2.6500   -5.792774E-02  5.833643E-02  4.593950E+00
     2.7000   -4.955649E-02  5.012297E-02  4.561903E+00
     2.7500   -4.515499E-02  4.579462E-02  4.545057E+00
     2.8000   -4.272466E-02  4.356676E-02  4.515455E+00
     2.8500   -4.234813E-02  4.345990E-02  4.485712E+00
     2.9000   -4.401843E-02  4.525437E-02  4.478140E+00
     2.9500   -4.689812E-02  4.796775E-02  4.500813E+00
     3.0000   -5.085874E-02  5.150182E-02  4.554195E+00
     3.0500   -5.540464E-02  5.555744E-02  4.638206E+00
     3.1000   -5.969945E-02  5.973981E-02  4.749149E+00
     3.1500   -6.270336E-02  6.357719E-02  4.878377E+00
     3.2000   -6.381023E-02  6.709595E-02  5.026635E+00
     3.2500   -6.211637E-02  7.004279E-02  5.192736E+00
     3.3000   -5.699617E-02  7.209594E-02  5.371462E+00
     3.3500   -4.864911E-02  7.324411E-02  5.556755E+00
     3.4000   -3.742978E-02  7.351194E-02  5.748970E+00
     3.4500   -2.393619E-02  7.273869E-02  5.947866E+00
     3.5000   -9.286777E-03  7.088297E-02  6.151792E+00
     3.5500    5.062150E-03  6.791990E-02  6.357786E+00
     3.6000    1.768661E-02  6.392927E-02  6.563501E+00
     3.6500    2.752462E-02  5.903636E-02  6.768212E+00
     3.7000    3.380356E-02  5.335840E-02  6.969278E+00
     3.7500    3.620833E-02  4.706162E-02  7.161057E+00
     3.8000    3.504177E-02  4.035369E-02  7.335083E+00
     3.8500    3.119199E-02  3.347561E-02  7.482478E+00
     3.9000    2.580919E-02  2.678838E-02  7.582771E+00
     3.9500    2.018653E-02  2.087871E-02  7.595766E+00
     4.0000    1.562540E-02  1.687109E-02  7.467297E+00
     4.0500    1.314163E-02  1.609980E-02  7.238093E+00
     4.1000    1.325754E-02  1.857362E-02  7.078071E+00
     4.1500    1.602623E-02  2.285641E-02  7.060222E+00
     4.2000    2.108301E-02  2.775928E-02  7.145720E+00
     4.2500    2.739734E-02  3.243259E-02  7.289278E+00
     4.3000    3.381251E-02  3.653760E-02  7.465319E+00
     4.3500    3.920177E-02  3.994528E-02  7.660741E+00
     4.4000    4.270533E-02  4.271027E-02  7.869199E+00
     4.4500    4.339800E-02  4.457560E-02  8.084352E+00
     4.5000    4.101268E-02  4.552652E-02  8.303049E+00
     4.5500    3.577710E-02  4.560483E-02  8.522885E+00
     4.6000    2.839306E-02  4.497800E-02  8.741594E+00
     4.6500    1.960478E-02  4.355454E-02  8.957878E+00
     4.7000    1.045814E-02  4.140752E-02  9.169446E+00
     4.7500    1.987697E-03  3.866802E-02  9.373351E+00
     4.8000   -5.015309E-03  3.564957E-02  9.565930E+00
     4.8500   -1.012099E-02  3.229631E-02  9.743527E+00
     4.9000   -1.317200E-02  2.878173E-02  9.900130E+00
     4.9500   -1.436440E-02  2.533102E-02  1.002772E+01
     5.0000   -1.428851E-02  2.234655E-02  1.011850E+01
     5.0500   -1.349963E-02  1.996928E-02  1.016713E+01
     5.1000   -1.264332E-02  1.848046E-02  1.017821E+01
     5.1500   -1.227226E-02  1.803929E-02  1.017296E+01
     5.2000   -1.284951E-02  1.865400E-02  1.018466E+01
     5.2500   -1.437206E-02  1.992862E-02  1.023028E+01
     5.3000   -1.670594E-02  2.153558E-02  1.031266E+01
     5.3500   -1.953351E-02  2.320562E-02  1.042531E+01
     5.4000   -2.252023E-02  2.482422E-02  1.056133E+01
     5.4500   -2.517816E-02  2.623513E-02  1.071075E+01
     5.5000   -2.717103E-02  2.739482E-02  1.086767E+01
     5.5500   -2.829113E-02  2.830567E-02  1.102763E+01
     5.6000   -2.853363E-02  2.907674E-02  1.118915E+01
     5.6500   -2.789182E-02  2.972599E-02  1.134870E+01
     5.7000   -2.646746E-02  3.032995E-02  1.150577E+01
     5.7500   -2.435747E-02  3.096694E-02  1.166115E+01
     5.8000   -2.162158E-02  3.177911E-02  1.181810E+01
     5.8500   -1.818242E-02  3.274395E-02  1.197766E+01
     5.9000   -1.393304E-02  3.385668E-02  1.214224E+01
     5.9500   -8.760904E-03  3.508491E-02  1.231399E+01
     6.0000   -2.501929E-03  3.649137E-02  1.249775E+01
     6.0500    4.711541E-03  3.789352E-02  1.269103E+01
     6.1000    1.257874E-02  3.918699E-02  1.289315E+01
     6.1500    2.061080E-02  4.028620E-02  1.310343E+01
     6.2000    2.816108E-02  4.111455E-02  1.332089E+01
     6.2500    3.451143E-02  4.160904E-02  1.354444E+01
     6.3000    3.898578E-02  4.172302E-02  1.377293E+01
     6.3500    4.106728E-02  4.142732E-02  1.400523E+01
     6.4000    4.049396E-02  4.071017E-02  1.424027E+01
     6.4500    3.731266E-02  3.957634E-02  1.447702E+01
     6.5000    3.194226E-02  3.817240E-02  1.471657E+01
     6.5500    2.489692E-02  3.642926E-02  1.495551E+01
     6.6000    1.694817E-02  3.435940E-02  1.519213E+01
     6.6500    8.933573E-03  3.201355E-02  1.542515E+01
     6.7000    1.615554E-03  2.944833E-02  1.565308E+01
     6.7500   -4.416944E-03  2.672462E-02  1.587400E+01
     6.8000   -8.810627E-03  2.390661E-02  1.608541E+01
     6.8500   -1.146822E-02  2.106222E-02  1.628375E+01
     6.9000   -1.252938E-02  1.826552E-02  1.646388E+01
     6.9500   -1.232074E-02  1.560252E-02  1.661822E+01
     7.0000   -1.134610E-02  1.326160E-02  1.673460E+01
     7.0500   -1.006018E-02  1.133351E-02  1.680018E+01
     7.1000   -8.904361E-03  9.990259E-03  1.680818E+01
     7.1500   -8.249473E-03  9.421525E-03  1.677464E+01
     7.2000   -8.327705E-03  9.673581E-03  1.674494E+01
     7.2500   -9.201582E-03  1.058236E-02  1.676219E+01
     7.3000   -1.075528E-02  1.188621E-02  1.683900E+01
     7.3500   -1.271094E-02  1.335580E-02  1.696674E+01
     7.4000   -1.467041E-02  1.482907E-02  1.713235E+01
     7.4500   -1.617944E-02  1.619677E-02  1.732503E+01
     7.5000   -1.689081E-02  1.747941E-02  1.753901E+01
     7.5500   -1.639831E-02  1.857606E-02  1.776784E+01
     7.6000   -1.448431E-02  1.940472E-02  1.800687E+01
     7.6500   -1.119524E-02  1.993451E-02  1.825324E+01
     7.7000   -6.811671E-03  2.014596E-02  1.850464E+01
     7.7500   -1.809702E-03  2.003108E-02  1.875909E+01
     7.8000    3.220352E-03  1.959370E-02  1.901466E+01
     7.8500    7.682672E-03  1.884992E-02  1.926935E+01
     7.9000    1.108907E-02  1.782840E-02  1.952084E+01
     7.9500    1.315081E-02  1.657073E-02  1.976629E+01
     8.0000    1.386738E-02  1.517004E-02  2.000291E+01
     8.0500    1.340653E-02  1.366714E-02  2.022476E+01
     8.1000    1.212699E-02  1.212710E-02  2.042459E+01
     8.1500    1.049654E-02  1.065744E-02  2.059434E+01
     8.2000    8.949742E-03  9.385825E-03  2.072638E+01
     8.2500    7.783300E-03  8.446798E-03  2.081935E+01
     8.3000    7.092635E-03  7.940138E-03  2.088660E+01
     8.3500    6.765871E-03  7.870462E-03  2.095656E+01
     8.4000    6.536109E-03  8.128483E-03  2.105699E+01
     8.4500    6.077064E-03  8.545402E-03  2.120002E+01
     8.5000    5.124153E-03  8.983652E-03  2.138417E+01
     8.5500    3.535846E-03  9.314239E-03  2.160177E+01
     8.6000    1.380312E-03  9.440778E-03  2.184442E+01
     8.6500   -1.063839E-03  9.313225E-03  2.210563E+01
     8.7000   -3.381671E-03  8.906715E-03  2.238060E+01
     8.7500   -5.131946E-03  8.216023E-03  2.266580E+01
     8.8000   -5.971253E-03  7.251619E-03  2.295859E+01
     8.8500   -5.757689E-03  6.036650E-03  2.325675E+01
     8.9000   -4.604371E-03  4.604408E-03  2.355790E+01
     8.9500   -2.866198E-03  2.996079E-03  2.385747E+01
     9.0000   -1.066707E-03  1.267880E-03  2.413300E+01
     9.0500    2.426126E-04  5.471808E-04  2.153178E+01
     9.1000    6.103786E-04  2.379072E-03  2.173169E+01
     9.1500   -1.953097E-04  4.196326E-03  2.203771E+01
     9.2000   -2.113499E-03  5.946906E-03  2.235448E+01
     9.2500   -4.793639E-03  7.586654E-03  2.267509E+01
     9.3000   -7.669780E-03  9.077157E-03  2.299763E+01
     9.3500   -1.008734E-02  1.038673E-02  2.332126E+01
     9.4000   -1.145113E-02  1.149122E-02  2.364550E+01
     9.4500   -1.135871E-02  1.237451E-02  2.396996E+01
     9.5000   -9.683422E-03  1.302872E-02  2.429485E+01
     9.5500   -6.604906E-03  1.345527E-02  2.461964E+01
     9.6000   -2.568937E-03  1.366239E-02  2.494359E+01
     9.6500    1.820347E-03  1.366485E-02  2.526635E+01
     9.7000    5.923917E-03  1.348349E-02  2.558761E+01
     9.7500    9.190331E-03  1.314409E-02  2.590702E+01
     9.8000    1.124767E-02  1.267618E-02  2.622421E+01
     9.8500    1.194790E-02  1.211178E-02  2.653885E+01
     9.9000    1.136001E-02  1.148399E-02  2.685061E+01
     9.9500    9.720777E-03  1.082571E-02  2.715928E+01
    10.0000    7.369439E-03  1.018343E-02  2.746523E+01
    10.0500    4.643916E-03  9.582343E-03  2.776839E+01
    10.1000    1.842526E-03  9.033169E-03  2.806892E+01
    10.1500   -7.993965E-04  8.556204E-03  2.836790E+01
    10.2000   -3.123828E-03  8.166333E-03  2.866686E+01
    10.2500   -5.031329E-03  7.872805E-03  2.896763E+01
    10.3000   -6.452609E-03  7.679556E-03  2.927204E+01
    10.3500   -7.324104E-03  7.586013E-03  2.958159E+01
    10.4000   -7.577889E-03  7.588143E-03  2.989712E+01
    10.4500   -7.149872E-03  7.679449E-03  3.021867E+01
    10.5000   -6.003172E-03  7.851679E-03  3.054555E+01
    10.5500   -4.158046E-03  8.095223E-03  3.087650E+01
    10.6000   -1.717287E-03  8.399318E-03  3.121002E+01
    10.6500    1.122840E-03  8.752232E-03  3.154457E+01
    10.7000    4.081951E-03  9.141543E-03  3.187881E+01
    10.7500    6.825363E-03  9.554527E-03  3.221163E+01
    10.8000    9.009132E-03  9.978622E-03  3.254226E+01
    10.8500    1.033132E-02  1.040187E-02  3.287018E+01
    10.9000    1.057932E-02  1.081330E-02  3.319513E+01
    10.9500    9.664433E-03  1.120314E-02  3.351703E+01
    11.0000    7.647228E-03  1.158786E-02  3.383679E+01
    11.0500    4.689602E-03  1.196788E-02  3.415488E+01
    11.1000    1.067706E-03  1.231108E-02  3.447068E+01
    11.1500   -2.837820E-03  1.261124E-02  3.478449E+01
    11.2000   -6.603064E-03  1.286245E-02  3.509661E+01
    11.2500   -9.809981E-03  1.305894E-02  3.540741E+01
    11.3000   -1.209550E-02  1.319495E-02  3.571720E+01
    11.3500   -1.319575E-02  1.326473E-02  3.602629E+01
    11.4000   -1.298061E-02  1.326263E-02  3.633491E+01
    11.4500   -1.147402E-02  1.318333E-02  3.664321E+01
    11.5000   -8.855881E-03  1.302218E-02  3.695127E+01
    11.5500   -5.442923E-03  1.277558E-02  3.725900E+01
    11.6000   -1.648665E-03  1.244143E-02  3.756621E+01
    11.6500    2.073735E-03  1.201961E-02  3.787251E+01
    11.7000    5.297845E-03  1.151239E-02  3.817732E+01
    11.7500    7.688433E-03  1.092484E-02  3.847978E+01
    11.8000    9.051626E-03  1.026521E-02  3.877873E+01
    11.8500    9.359953E-03  9.545269E-03  3.907254E+01
    11.9000    8.745909E-03  8.780750E-03  3.935902E+01
    11.9500    7.464373E-03  7.991815E-03  3.963525E+01
    12.0000    5.835802E-03  7.211491E-03  3.989785E+01
    12.0500    4.161880E-03  6.470736E-03  4.014205E+01
    12.1000    2.670619E-03  5.797551E-03  4.036198E+01
    12.1500    1.482222E-03  5.237626E-03  4.055379E+01
    12.2000    5.889633E-04  4.838081E-03  4.071867E+01
    12.2500   -1.212947E-04  4.634492E-03  4.086688E+01
    12.3000   -8.131020E-04  4.633999E-03  4.101708E+01
    12.3500   -1.637455E-03  4.808709E-03  4.118817E+01
    12.4000   -2.670505E-03  5.107731E-03  4.139088E+01
    12.4500   -3.874644E-03  5.476486E-03  4.162667E+01
    12.5000   -5.093795E-03  5.869058E-03  4.189168E+01
    12.5500   -6.085414E-03  6.251528E-03  4.218046E+01
    12.6000   -6.581456E-03  6.600677E-03  4.248783E+01
    12.6500   -6.362216E-03  6.901529E-03  4.280945E+01
    12.7000   -5.322963E-03  7.145100E-03  4.314179E+01
    12.7500   -3.514768E-03  7.326670E-03  4.348196E+01
    12.8000   -1.147630E-03  7.444505E-03  4.382752E+01
    12.8500    1.445971E-03  7.498956E-03  4.417634E+01
    12.9000    3.878292E-03  7.491853E-03  4.452642E+01
    12.9500    5.787318E-03  7.426161E-03  4.487587E+01
    13.0000    6.922496E-03  7.315706E-03  4.522374E+01
    13.0500    7.169246E-03  7.170079E-03  4.556834E+01
    13.1000    6.550570E-03  6.980953E-03  4.590607E+01
    13.1500    5.247077E-03  6.756651E-03  4.623467E+01
    13.2000    3.523631E-03  6.508399E-03  4.655179E+01
    13.2500    1.660232E-03  6.251052E-03  4.685507E+01
    13.3000   -1.114885E-04  6.003596E-03  4.714246E+01
    13.3500   -1.649165E-03  5.788970E-03  4.741277E+01
    13.4000   -2.908432E-03  5.632573E-03  4.766648E+01
    13.4500   -3.919934E-03  5.558895E-03  4.790654E+01
    13.5000   -4.744602E-03  5.586483E-03  4.813855E+01
    13.5500   -5.423510E-03  5.722961E-03  4.836976E+01
    13.6000   -5.939845E-03  5.962637E-03  4.860722E+01
    13.6500   -6.206399E-03  6.288005E-03  4.885597E+01
    13.7000   -6.083756E-03  6.673976E-03  4.911841E+01
    13.7500   -5.424495E-03  7.092480E-03  4.939472E+01
    13.8000   -4.130259E-03  7.515912E-03  4.968367E+01
    13.8500   -2.203916E-03  7.919112E-03  4.998346E+01
    13.9000    2.202749E-04  8.280298E-03  5.029209E+01
    13.9500    2.879827E-03  8.581416E-03  5.060771E+01
    14.0000    5.430418E-03  8.818650E-03  5.092887E+01
    14.0500    7.509721E-03  8.990024E-03  5.125423E+01
    14.1000    8.780000E-03  9.071340E-03  5.158215E+01
    14.1500    9.032825E-03  9.058390E-03  5.191143E+01
    14.2000    8.227619E-03  8.950413E-03  5.224092E+01
    14.2500    6.501449E-03  8.749984E-03  5.256950E+01
    14.3000    4.139409E-03  8.462889E-03  5.289599E+01
    14.3500    1.513274E-03  8.097967E-03  5.321910E+01
    14.4000   -9.959871E-04  7.666950E-03  5.353735E+01
    14.4500   -3.072611E-03  7.184299E-03  5.384900E+01
    14.5000   -4.519729E-03  6.667064E-03  5.415200E+01
    14.5500   -5.280876E-03  6.134765E-03  5.444394E+01
    14.6000   -5.426784E-03  5.609220E-03  5.472213E+01
    14.6500   -5.114086E-03  5.114181E-03  5.498395E+01
    14.7000   -4.529417E-03  4.674359E-03  5.522755E+01
    14.7500   -3.835243E-03  4.313257E-03  5.545313E+01
    14.8000   -3.131978E-03  4.049296E-03  5.566438E+01
    14.8500   -2.445281E-03  3.890858E-03  5.586909E+01
    14.9000   -1.739655E-03  3.832742E-03  5.607754E+01
    14.9500   -9.518546E-04  3.856996E-03  5.629930E+01
    15.0000   -3.230740E-05  3.941161E-03  5.654047E+01
    15.0500    1.024061E-03  4.062706E-03  5.680348E+01
    15.1000    2.152614E-03  4.192961E-03  5.708780E+01
    15.1500    3.219072E-03  4.313329E-03  5.739117E+01
    15.2000    4.047754E-03  4.410808E-03  5.771089E+01
    15.2500    4.464673E-03  4.477277E-03  5.804441E+01
    15.3000    4.345155E-03  4.508517E-03  5.838948E+01
    15.3500    3.652571E-03  4.503265E-03  5.874424E+01
    15.4000    2.457178E-03  4.462381E-03  5.910713E+01
    15.4500    9.294908E-04  4.388148E-03  5.947683E+01
    15.5000   -6.906662E-04  4.283690E-03  5.985220E+01
    15.5500   -2.141971E-03  4.152502E-03  6.023223E+01
    15.6000   -3.194727E-03  3.998083E-03  6.061600E+01
    15.6500   -3.696698E-03  3.823667E-03  6.100263E+01
    15.7000   -3.601286E-03  3.632062E-03  6.139133E+01
    15.7500   -2.972289E-03  3.425574E-03  6.178134E+01
    15.8000   -1.965257E-03  3.206012E-03  6.217201E+01
    15.8500   -7.908432E-04  2.974771E-03  6.256277E+01
    15.9000    3.307522E-04  2.732949E-03  6.295317E+01
    15.9500    1.213815E-03  2.481494E-03  6.334296E+01
    16.0000    1.741645E-03  2.220350E-03  6.373358E+01
    16.0500    1.875205E-03  1.948613E-03  6.412729E+01
    16.1000    1.657426E-03  1.669344E-03  6.452221E+01
    16.1500    1.202994E-03  1.384507E-03  6.492048E+01
    16.2000    6.609244E-04  1.096672E-03  6.532661E+01
    16.2500    1.781463E-04  8.093346E-04  6.575151E+01
    16.3000   -1.331345E-04  5.281637E-04  6.622827E+01
    16.3500   -2.175415E-04  2.696772E-04  6.691195E+01
    16.4000   -8.415495E-05  1.642053E-04  6.857695E+01
    16.4500    2.009190E-04  3.528725E-04  6.972079E+01
    16.5000    5.344046E-04  5.838546E-04  7.027130E+01
    16.5500    8.030615E-04  8.032847E-04  7.070941E+01
    16.6000    9.119032E-04  1.001116E-03  7.111120E+01
    16.6500    8.071653E-04  1.172144E-03  7.149704E+01
    16.7000    4.890872E-04  1.312477E-03  7.187477E+01
    16.7500    1.185764E-05  1.418960E-03  7.224827E+01
    16.8000   -5.291311E-04  1.489094E-03  7.261991E+01
    16.8500   -1.019803E-03  1.521079E-03  7.299144E+01
    16.9000   -1.354582E-03  1.513902E-03  7.336453E+01
    16.9500   -1.461977E-03  1.467451E-03  7.374102E+01
    17.0000   -1.322265E-03  1.381974E-03  7.412245E+01
    17.0500   -9.747325E-04  1.257709E-03  7.451150E+01
    17.1000   -5.089410E-04  1.099384E-03  7.491692E+01
    17.1500   -4.239963E-05  9.131729E-04  7.535178E+01
    17.2000    3.071105E-04  7.099159E-04  7.584560E+01
    17.2500    4.513832E-04  5.132839E-04  7.647283E+01
    17.3000    3.551389E-04  3.874753E-04  7.738046E+01
    17.3500    4.674029E-05  4.367025E-04  7.843258E+01
    17.4000   -3.869131E-04  6.303103E-04  7.920074E+01
    17.4500   -8.206007E-04  8.748253E-04  7.975668E+01
    17.5000   -1.121506E-03  1.128339E-03  8.022073E+01
    17.5500   -1.182982E-03  1.372405E-03  8.064225E+01
    17.6000   -9.528430E-04  1.595816E-03  8.104154E+01
    17.6500   -4.487809E-04  1.790279E-03  8.142803E+01
    17.7000    2.434022E-04  1.949222E-03  8.180661E+01
    17.7500    9.887278E-04  2.067472E-03  8.218005E+01
    17.8000    1.634695E-03  2.141211E-03  8.255004E+01
    17.8500    2.047810E-03  2.167999E-03  8.291767E+01
    17.9000    2.145746E-03  2.146810E-03  8.328368E+01
    17.9500    1.916900E-03  2.078049E-03  8.364862E+01
    18.0000    1.422300E-03  1.964488E-03  8.401341E+01
    18.0500    7.780189E-04  1.811092E-03  8.437897E+01
    18.1000    1.272612E-04  1.620083E-03  8.474437E+01
    18.1500   -3.955451E-04  1.396782E-03  8.511011E+01
    18.2000   -6.980009E-04  1.147388E-03  8.547697E+01
    18.2500   -7.503939E-04  8.787764E-04  8.584645E+01
    18.3000   -5.895593E-04  5.982990E-04  8.622266E+01
    18.3500   -3.054216E-04  3.136933E-04  8.662395E+01
    18.4000   -1.424713E-05  3.973271E-05  8.759785E+01
    18.4500    1.739784E-04  2.425748E-04  9.030639E+01
    18.5000    1.852961E-04  4.968152E-04  9.072398E+01
    18.5500    9.080843E-07  7.286050E-04  9.110494E+01
    18.6000   -3.390011E-04  9.324552E-04  9.147827E+01
    18.6500   -7.472729E-04  1.104197E-03  9.184954E+01
    18.7000   -1.113952E-03  1.240839E-03  9.222080E+01
    18.7500   -1.335905E-03  1.340601E-03  9.259326E+01
    18.8000   -1.343991E-03  1.402943E-03  9.296791E+01
    18.8500   -1.120814E-03  1.428562E-03  9.334577E+01
    18.9000   -7.048401E-04  1.419357E-03  9.372811E+01
    18.9500   -1.803254E-04  1.378383E-03  9.411658E+01
    19.0000    3.433418E-04  1.310006E-03  9.451297E+01
    19.0500    7.595013E-04  1.220331E-03  9.491955E+01
    19.1000    9.908464E-04  1.115332E-03  9.534160E+01
    19.1500    1.001745E-03  1.002316E-03  9.578481E+01
    19.2000    8.059416E-04  8.899127E-04  9.625648E+01
    19.2500    4.611609E-04  7.882346E-04  9.676442E+01
    19.3000    5.414279E-05  7.084556E-04  9.731287E+01
    19.3500   -3.198392E-04  6.606487E-04  9.789474E+01
    19.4000   -5.780487E-04  6.494360E-04  9.848689E+01
    19.4500   -6.673219E-04  6.706718E-04  9.906016E+01
    19.5000   -5.737528E-04  7.134983E-04  9.959674E+01
    19.5500   -3.235749E-04  7.656737E-04  1.000947E+02
    19.6000    2.426934E-05  8.171052E-04  1.005607E+02
    19.6500    3.917819E-04  8.606411E-04  1.010036E+02
    19.7000    6.986992E-04  8.916445E-04  1.014314E+02
    19.7500    8.790260E-04  9.074119E-04  1.018510E+02
    19.8000    8.942331E-04  9.067713E-04  1.022683E+02
    19.8500    7.408186E-04  8.898984E-04  1.026890E+02
    19.9000    4.509902E-04  8.583430E-04  1.031193E+02
    19.9500    8.640640E-05  8.152723E-04  1.035664E+02