# # tequil.ion_motion                                            FEFF 9.05   
# # POT  SCF  30  5.5000   1, core-hole, AFOLP (folp(0)= 1.150)
# # Abs   Z=30 Rmt= 1.347 Rnm= 1.424 K  shell
# # Pot 1 Z=26 Rmt= 1.283 Rnm= 1.379
# # Pot 2 Z= 8 Rmt= 1.013 Rnm= 1.088
# # Gam_ch=1.897E+00 H-L exch
# # Mu=-1.184E+01 kf=2.206E+00 Vint=-1.919E+01 Rs_int= 1.644
# # PATH  Rmax= 8.500,  Keep_limit= 0.00, Heap_limit 0.00  Pwcrit= 2.50%
#  S02=1.000                                        Global_sig2= 0.00000
#  Energy zero shift, vr, vi   -2.00000E+00   0.00000E+00
#  Curved wave amplitude ratio filter   4.000%
#     file         sig2 tot  cw amp ratio   deg  nlegs   reff  inp sig2
#           1       0.00000    100.00      1.00     2   1.9732
#           2       0.00000     96.46      1.00     2   2.0011
#           3       0.00000     79.85      1.00     2   2.1541
#           4       0.00000     79.59      1.00     2   2.1569
#           5       0.00000     76.31      1.00     2   2.1925
#           6       0.00000     63.81      1.00     2   2.3502
#           7       0.00000     36.29      1.00     2   2.8639
#           8       0.00000     34.38      1.00     2   2.9349
#           9       0.00000     32.44      1.00     2   3.0118
#          10       0.00000     31.54      1.00     2   3.0495
#          11       0.00000     27.20      1.00     2   3.2511
#          12       0.00000     26.28      1.00     2   3.2983
#          13       0.00000     25.93      1.00     2   3.3170
#          14       0.00000     23.79      1.00     2   3.4091
#          15       0.00000     10.65      2.00     3   3.4343
#          16       0.00000     22.83      1.00     2   3.4604
#          17       0.00000     11.18      2.00     3   3.4817
#          18       0.00000     22.28      1.00     2   3.4911
#          19       0.00000      9.33      2.00     3   3.5073
#          20       0.00000      9.77      2.00     3   3.5254
#          21       0.00000      7.63      2.00     3   3.5349
#          22       0.00000      9.68      2.00     3   3.5470
#          23       0.00000     21.20      1.00     2   3.5544
#          24       0.00000     10.53      2.00     3   3.5609
#          25       0.00000     10.91      2.00     3   3.5606
#          26       0.00000     21.02      1.00     2   3.5654
#          27       0.00000     20.96      1.00     2   3.5692
#          28       0.00000      8.41      2.00     3   3.5823
#          29       0.00000     16.05      2.00     3   3.5964
#          30       0.00000      9.65      2.00     3   3.5974
#          31       0.00000      9.65      2.00     3   3.6155
#          32       0.00000     17.01      2.00     3   3.6184
#          33       0.00000      7.38      2.00     3   3.6192
#          34       0.00000     10.26      2.00     3   3.6445
#          35       0.00000      7.90      2.00     3   3.6554
#          36       0.00000      8.88      2.00     3   3.6562
#          37       0.00000      6.51      2.00     3   3.6612
#          38       0.00000     10.12      2.00     3   3.6607
#          39       0.00000     20.22      1.00     2   3.6717
#          40       0.00000     14.23      2.00     3   3.6780
#          41       0.00000      7.32      2.00     3   3.6833
#          42       0.00000     19.62      1.00     2   3.7158
#          43       0.00000     18.11      1.00     2   3.7611
#          44       0.00000      6.83      2.00     3   3.7747
#          45       0.00000      7.39      2.00     3   3.7818
#          46       0.00000     18.50      1.00     2   3.8033
#          47       0.00000     18.36      1.00     2   3.8149
#          48       0.00000     17.00      2.00     3   3.8459
#          49       0.00000     17.82      1.00     2   3.8595
#          50       0.00000     16.62      1.00     2   3.8777
#          51       0.00000     15.99      2.00     3   3.8924
#          52       0.00000     17.25      1.00     2   3.9086
#          53       0.00000      4.57      1.00     4   3.9197
#          54       0.00000      4.56      1.00     4   3.9416
#          55       0.00000      9.73      1.00     4   3.9464
#          56       0.00000     15.69      1.00     2   3.9570
#          57       0.00000     15.16      2.00     3   3.9846
#          58       0.00000     17.97      2.00     3   3.9943
#          59       0.00000      9.03      1.00     4   4.0023
#          60       0.00000      9.73      2.00     3   4.0039
#          61       0.00000      5.67      1.00     4   4.0047
#          62       0.00000      9.98      2.00     3   4.0176
#          63       0.00000      6.17      1.00     4   4.0201
#          64       0.00000     14.96      1.00     2   4.0235
#          65       0.00000     13.54      2.00     3   4.0271
#          66       0.00000      5.75      1.00     4   4.0285
#          67       0.00000      4.03      1.00     4   4.0577
#          68       0.00000      6.66      1.00     4   4.0689
#          69       0.00000     25.75      2.00     3   4.0978
#          70       0.00000      4.98      1.00     4   4.1158
#          71       0.00000      8.44      1.00     4   4.1290
#          72       0.00000     21.86      2.00     4   4.1301
#          73       0.00000      4.20      1.00     4   4.1452
#          74       0.00000      6.25      1.00     4   4.1542
#          75       0.00000      7.70      2.00     3   4.1886
#          76       0.00000      8.04      2.00     3   4.1925
#          77       0.00000      7.71      2.00     3   4.2138
#          78       0.00000      7.77      2.00     3   4.2177
#          79       0.00000      4.08      1.00     4   4.2509
#          80       0.00000      6.52      2.00     3   4.2515
#          81       0.00000      6.94      2.00     3   4.2635
#          82       0.00000      6.87      2.00     3   4.2767
#          83       0.00000     12.50      1.00     2   4.2826
#          84       0.00000      8.13      2.00     3   4.2919
#          85       0.00000     19.89      2.00     3   4.2966
#          86       0.00000      6.55      2.00     3   4.2986
#          87       0.00000      6.13      1.00     4   4.3082
#          88       0.00000      6.09      1.00     4   4.3137
#          89       0.00000      6.24      2.00     3   4.3157
#          90       0.00000     21.20      2.00     3   4.3243
#          91       0.00000     15.21      2.00     4   4.3466
#          92       0.00000     11.97      1.00     2   4.3473
#          93       0.00000     17.62      2.00     4   4.3513
#          94       0.00000     11.81      1.00     2   4.3666
#          95       0.00000      5.99      2.00     3   4.3728
#          96       0.00000      5.59      1.00     4   4.3849
#          97       0.00000     11.35      1.00     2   4.4266
#          98       0.00000      7.83      2.00     3   4.4288
#          99       0.00000     11.28      1.00     2   4.4365
#         100       0.00000     11.26      1.00     2   4.4388
#         101       0.00000      8.47      2.00     3   4.4445
#         102       0.00000     11.21      1.00     2   4.4455
#         103       0.00000      6.90      2.00     3   4.4472
#         104       0.00000      7.77      2.00     3   4.4757
#         105       0.00000     10.89      1.00     2   4.4902
#         106       0.00000     10.85      1.00     2   4.4956
#         107       0.00000     10.84      1.00     2   4.4963
#         108       0.00000     20.24      2.00     3   4.5279
#         109       0.00000      5.60      2.00     3   4.5485
#         110       0.00000      5.20      2.00     3   4.5510
#         111       0.00000     18.88      2.00     3   4.5532
#         112       0.00000     19.31      2.00     3   4.5914
#         113       0.00000     11.83      2.00     3   4.6073
#         114       0.00000      5.00      2.00     3   4.6074
#         115       0.00000     15.08      2.00     3   4.6103
#         117       0.00000      5.08      2.00     3   4.6174
#         118       0.00000      9.99      1.00     2   4.6222
#         119       0.00000     11.61      1.00     4   4.6292
#         120       0.00000      5.04      2.00     3   4.6336
#         121       0.00000     16.23      2.00     3   4.6346
#         122       0.00000      8.38      2.00     3   4.6439
#         123       0.00000      5.16      2.00     3   4.6442
#         124       0.00000      9.81      1.00     2   4.6514
#         126       0.00000      9.78      1.00     2   4.6561
#         127       0.00000      9.73      1.00     2   4.6642
#         128       0.00000     10.55      1.00     4   4.6676
#         129       0.00000     11.03      1.00     4   4.6926
#         131       0.00000      4.30      2.00     3   4.7126
#         132       0.00000     11.67      2.00     3   4.7160
#         133       0.00000      4.17      2.00     3   4.7228
#         134       0.00000      4.40      2.00     3   4.7305
#         135       0.00000      7.44      2.00     3   4.7341
#         136       0.00000      5.72      2.00     3   4.7381
#         137       0.00000      9.12      2.00     3   4.7382
#         138       0.00000     17.97      2.00     3   4.7524
#         139       0.00000      6.67      2.00     3   4.7557
#         140       0.00000      5.99      2.00     3   4.7681
#         141       0.00000      8.55      1.00     4   4.7728
#         142       0.00000      7.61      1.00     4   4.7752
#         144       0.00000      6.19      2.00     3   4.8024
#         145       0.00000      8.89      1.00     2   4.8088
#         147       0.00000      4.11      2.00     3   4.8194
#         148       0.00000      8.75      1.00     2   4.8333
#         149       0.00000     10.32      1.00     4   4.8406
#         151       0.00000      5.20      1.00     4   4.8480
#         152       0.00000     11.02      2.00     3   4.8589
#         153       0.00000      9.89      2.00     3   4.8647
#         156       0.00000     10.14      2.00     3   4.8854
#         157       0.00000      9.39      1.00     2   4.8949
#         160       0.00000      6.14      2.00     3   4.9264
#         161       0.00000      7.27      2.00     3   4.9271
#         163       0.00000      6.75      2.00     3   4.9309
#         164       0.00000      5.34      1.00     4   4.9364
#         165       0.00000      8.96      1.00     2   4.9765
#         167       0.00000     11.14      2.00     3   4.9849
#         170       0.00000      4.18      2.00     4   5.0180
#         171       0.00000      7.80      1.00     2   5.0220
#         172       0.00000      8.65      1.00     2   5.0384
#         174       0.00000      7.70      1.00     2   5.0435
#         176       0.00000     18.91      2.00     3   5.0538
#         178       0.00000     11.89      1.00     4   5.0641
#         179       0.00000      5.07      1.00     4   5.0663
#         180       0.00000      7.12      2.00     3   5.0902
#         181       0.00000      8.18      2.00     3   5.0909
#         182       0.00000      4.28      1.00     4   5.1072
#         183       0.00000      4.48      1.00     4   5.1147
#         185       0.00000      8.17      1.00     2   5.1408
#         187       0.00000      7.20      2.00     3   5.1597
#         188       0.00000      5.35      1.00     4   5.1611
#         189       0.00000      7.14      1.00     2   5.1695
#         190       0.00000     17.35      2.00     3   5.1790
#         192       0.00000      7.18      2.00     3   5.1859
#         193       0.00000     10.78      1.00     4   5.1885
#         194       0.00000      7.86      1.00     2   5.2115
#         196       0.00000      9.49      2.00     3   5.2507
#         198       0.00000      6.76      1.00     2   5.2615
#         199       0.00000      6.72      1.00     2   5.2718
#         200       0.00000     15.88      2.00     3   5.2715
#         201       0.00000      7.26      2.00     3   5.2794
#         202       0.00000      9.55      1.00     4   5.2816
#         203       0.00000      7.55      1.00     2   5.2841
#         205       0.00000      6.46      2.00     3   5.3095
#         206       0.00000      5.39      2.00     3   5.3281
#         208       0.00000      6.07      2.00     3   5.3382
#         211       0.00000      4.42      1.00     4   5.3606
#         213       0.00000      6.36      1.00     2   5.3689
#         214       0.00000      5.05      2.00     3   5.3766
#         216       0.00000      6.03      2.00     3   5.3839
#         217       0.00000      5.71      2.00     3   5.3886
#         218       0.00000      6.28      1.00     2   5.3913
#         219       0.00000      7.71      2.00     3   5.3954
#         220       0.00000      7.10      1.00     2   5.3968
#         222       0.00000      5.96      2.00     3   5.4143
#         223       0.00000      6.18      1.00     2   5.4165
#         224       0.00000      8.16      2.00     3   5.4216
#         225       0.00000      5.75      2.00     3   5.4336
#         227       0.00000      6.89      1.00     2   5.4547
#         228       0.00000      6.64      2.00     3   5.4543
#         232       0.00000      6.81      1.00     2   5.4767
#         237       0.00000      6.67      1.00     2   5.5157
#         238       0.00000      5.83      1.00     2   5.5214
#         239       0.00000      5.82      1.00     2   5.5237
#         240       0.00000      5.14      2.00     3   5.5310
#         243       0.00000      5.65      2.00     3   5.5430
#         245       0.00000      6.55      1.00     2   5.5482
#         246       0.00000      5.51      2.00     3   5.5560
#         250       0.00000      5.49      2.00     3   5.5842
#         251       0.00000      6.39      1.00     2   5.5958
#         253       0.00000      5.57      1.00     2   5.6015
#         254       0.00000      5.83      2.00     3   5.6033
#         255       0.00000      4.80      2.00     3   5.6081
#         256       0.00000      5.97      2.00     3   5.6116
#         257       0.00000      5.00      2.00     3   5.6284
#         260       0.00000      5.44      1.00     2   5.6447
#         261       0.00000      6.67      2.00     3   5.6510
#         264       0.00000      4.87      2.00     3   5.6873
#         265       0.00000      6.29      2.00     3   5.6909
#         267       0.00000      4.26      2.00     3   5.7182
#         269       0.00000      6.51      2.00     3   5.7212
#         272       0.00000      4.29      2.00     3   5.7290
#         273       0.00000      4.44      2.00     3   5.7302
#         274       0.00000      5.24      2.00     3   5.7322
#         275       0.00000      5.91      2.00     3   5.7422
#         279       0.00000      4.51      2.00     3   5.7464
#         281       0.00000      4.52      2.00     3   5.7475
#         282       0.00000      5.13      1.00     2   5.7512
#         283       0.00000      5.11      1.00     2   5.7593
#         287       0.00000      4.02      2.00     3   5.7617
#         288       0.00000      5.33      2.00     3   5.7625
#         291       0.00000      6.68      2.00     3   5.7834
#         293       0.00000      4.44      2.00     3   5.7859
#         296       0.00000      5.02      1.00     2   5.7896
#         302       0.00000      4.86      2.00     3   5.8184
#         305       0.00000      4.91      1.00     2   5.8304
#         308       0.00000      5.65      1.00     2   5.8345
#         309       0.00000      5.64      1.00     2   5.8368
#         312       0.00000      4.69      2.00     3   5.8498
#         313       0.00000      5.59      1.00     2   5.8548
#         314       0.00000     10.36      2.00     3   5.8581
#         315       0.00000      5.57      1.00     2   5.8627
#         316       0.00000      5.63      2.00     3   5.8687
#         318       0.00000      4.99      1.00     4   5.8793
#         324       0.00000      5.48      1.00     2   5.8927
#         327       0.00000      9.42      2.00     3   5.9072
#         328       0.00000      6.57      2.00     3   5.9111
#         330       0.00000      5.22      2.00     4   5.9182
#         334       0.00000      4.12      2.00     3   5.9304
#   247/ 316 paths used
#  -----------------------------------------------------------------------
#       k          chi          mag           phase @#
    -0.7000   -5.129635E-01  5.360810E-01 -1.276053E+00
    -0.6500   -4.698868E-01  4.932424E-01 -1.261832E+00
    -0.6000   -4.423429E-01  4.647233E-01 -1.259187E+00
    -0.5500   -4.246146E-01  4.457944E-01 -1.261309E+00
    -0.5000   -4.148142E-01  4.349530E-01 -1.265304E+00
    -0.4500   -4.099419E-01  4.294376E-01 -1.268319E+00
    -0.4000   -4.085266E-01  4.277301E-01 -1.270009E+00
    -0.3500   -4.088265E-01  4.282304E-01 -1.268610E+00
    -0.3000   -4.103439E-01  4.301738E-01 -1.265982E+00
    -0.2500   -4.123227E-01  4.327178E-01 -1.262551E+00
    -0.2000   -4.143071E-01  4.353145E-01 -1.258863E+00
    -0.1500   -4.161069E-01  4.377788E-01 -1.254828E+00
    -0.1000   -4.175100E-01  4.397446E-01 -1.251439E+00
    -0.0500   -4.183852E-01  4.409836E-01 -1.249271E+00
     0.0000   -4.186818E-01  4.414060E-01 -1.248525E+00
     0.0500   -4.189808E-01  4.418330E-01 -1.247769E+00
     0.1000   -4.198906E-01  4.431403E-01 -1.245432E+00
     0.1500   -4.214444E-01  4.454029E-01 -1.241313E+00
     0.2000   -4.236797E-01  4.487300E-01 -1.235082E+00
     0.2500   -4.266143E-01  4.532460E-01 -1.226290E+00
     0.3000   -4.302177E-01  4.590662E-01 -1.214395E+00
     0.3500   -4.345035E-01  4.664675E-01 -1.198450E+00
     0.4000   -4.396177E-01  4.761347E-01 -1.176599E+00
     0.4500   -4.447583E-01  4.874351E-01 -1.149223E+00
     0.5000   -4.493598E-01  5.002661E-01 -1.115752E+00
     0.5500   -4.528717E-01  5.149676E-01 -1.074638E+00
     0.6000   -4.543854E-01  5.319890E-01 -1.023867E+00
     0.6500   -4.522502E-01  5.499665E-01 -9.654819E-01
     0.7000   -4.452146E-01  5.689656E-01 -8.986679E-01
     0.7500   -4.315556E-01  5.898128E-01 -8.207869E-01
     0.8000   -4.095247E-01  6.104745E-01 -7.353275E-01
     0.8500   -3.773893E-01  6.315097E-01 -6.405026E-01
     0.9000   -3.332813E-01  6.526998E-01 -5.359054E-01
     0.9500   -2.771342E-01  6.723515E-01 -4.248526E-01
     1.0000   -2.066340E-01  6.918460E-01 -3.032992E-01
     1.0500   -1.238042E-01  7.091884E-01 -1.754707E-01
     1.1000   -2.935595E-02  7.245390E-01 -4.052782E-02
     1.1500    7.515176E-02  7.378162E-01  1.020340E-01
     1.2000    1.841681E-01  7.477102E-01  2.488706E-01
     1.2500    2.969637E-01  7.554185E-01  4.040131E-01
     1.3000    4.047813E-01  7.591865E-01  5.623522E-01
     1.3500    5.049761E-01  7.599033E-01  7.268605E-01
     1.4000    5.904542E-01  7.568023E-01  8.949794E-01
     1.4500    6.569285E-01  7.500809E-01  1.067112E+00
     1.5000    7.004335E-01  7.397864E-01  1.243158E+00
     1.5500    7.176533E-01  7.257351E-01  1.421420E+00
     1.6000    7.080795E-01  7.084637E-01  1.603729E+00
     1.6500    6.717078E-01  6.876710E-01  1.786684E+00
     1.7000    6.109528E-01  6.641568E-01  1.973787E+00
     1.7500    5.299342E-01  6.376813E-01  2.160630E+00
     1.8000    4.329750E-01  6.088412E-01  2.350466E+00
     1.8500    3.270857E-01  5.778149E-01  2.539858E+00
     1.9000    2.164239E-01  5.449678E-01  2.733203E+00
     1.9500    1.088335E-01  5.105871E-01  2.926791E+00
     2.0000    1.116237E-02  4.751707E-01  3.118099E+00
     2.0500   -7.217528E-02  4.391959E-01  3.306677E+00
     2.1000   -1.381368E-01  4.019321E-01  3.492427E+00
     2.1500   -1.847111E-01  3.636851E-01  3.674323E+00
     2.2000   -2.125103E-01  3.263218E-01  3.850796E+00
     2.2500   -2.235062E-01  2.902148E-01  4.020654E+00
     2.3000   -2.200788E-01  2.549029E-01  4.183529E+00
     2.3500   -2.036415E-01  2.187348E-01  4.338727E+00
     2.4000   -1.794880E-01  1.846668E-01  4.475001E+00
     2.4500   -1.524895E-01  1.537928E-01  4.582113E+00
     2.5000   -1.275856E-01  1.278434E-01  4.648873E+00
     2.5500   -1.114954E-01  1.115785E-01  4.673798E+00
     2.6000   -9.995488E-02  1.000763E-01  4.663120E+00
     2.6500   -9.422813E-02  9.454414E-02  4.630604E+00
     2.7000   -9.449682E-02  9.499247E-02  4.610190E+00
     2.7500   -9.647911E-02  9.674881E-02  4.637703E+00
     2.8000   -1.002215E-01  1.002490E-01  4.688983E+00
     2.8500   -1.048289E-01  1.049651E-01  4.763340E+00
     2.9000   -1.090899E-01  1.102685E-01  4.858733E+00
     2.9500   -1.117574E-01  1.155787E-01  4.970252E+00
     3.0000   -1.119768E-01  1.207449E-01  5.095827E+00
     3.0500   -1.089554E-01  1.256007E-01  5.233083E+00
     3.1000   -1.021226E-01  1.300201E-01  5.379783E+00
     3.1500   -9.118223E-02  1.339179E-01  5.534220E+00
     3.2000   -7.606986E-02  1.372305E-01  5.695637E+00
     3.2500   -5.707397E-02  1.398436E-01  5.862784E+00
     3.3000   -3.493003E-02  1.417164E-01  6.034140E+00
     3.3500   -1.055645E-02  1.430392E-01  6.209317E+00
     3.4000    1.503315E-02  1.438059E-01  6.387914E+00
     3.4500    4.058307E-02  1.439387E-01  6.569008E+00
     3.5000    6.486930E-02  1.434735E-01  6.752342E+00
     3.5500    8.689613E-02  1.425725E-01  6.938599E+00
     3.6000    1.055649E-01  1.412130E-01  7.127563E+00
     3.6500    1.197202E-01  1.392429E-01  7.318051E+00
     3.7000    1.286691E-01  1.366831E-01  7.509847E+00
     3.7500    1.320662E-01  1.335807E-01  7.703259E+00
     3.8000    1.298649E-01  1.299915E-01  7.898124E+00
     3.8500    1.223267E-01  1.259151E-01  8.093294E+00
     3.9000    1.101073E-01  1.213804E-01  8.288374E+00
     3.9500    9.419045E-02  1.165343E-01  8.483581E+00
     4.0000    7.566733E-02  1.115483E-01  8.679282E+00
     4.0500    5.566030E-02  1.062874E-01  8.873616E+00
     4.1000    3.539429E-02  1.008310E-01  9.066112E+00
     4.1500    1.595998E-02  9.528865E-02  9.256494E+00
     4.2000   -1.774420E-03  8.979181E-02  9.444541E+00
     4.2500   -1.712498E-02  8.435785E-02  9.629203E+00
     4.3000   -2.973067E-02  7.907274E-02  9.810244E+00
     4.3500   -3.949293E-02  7.402171E-02  9.987549E+00
     4.4000   -4.653189E-02  6.930259E-02  1.016092E+01
     4.4500   -5.111398E-02  6.493004E-02  1.033106E+01
     4.5000   -5.356096E-02  6.092141E-02  1.049892E+01
     4.5500   -5.419626E-02  5.728517E-02  1.066569E+01
     4.6000   -5.335442E-02  5.407040E-02  1.083266E+01
     4.6500   -5.110972E-02  5.111053E-02  1.100121E+01
     4.7000   -4.757836E-02  4.833181E-02  1.117238E+01
     4.7500   -4.288740E-02  4.567372E-02  1.134667E+01
     4.8000   -3.729367E-02  4.317341E-02  1.152359E+01
     4.8500   -3.088170E-02  4.064381E-02  1.170335E+01
     4.9000   -2.397872E-02  3.806038E-02  1.188479E+01
     4.9500   -1.699140E-02  3.543214E-02  1.206623E+01
     5.0000   -1.037549E-02  3.286105E-02  1.224514E+01
     5.0500   -4.446684E-03  3.030752E-02  1.241912E+01
     5.1000    5.387399E-04  2.785548E-02  1.258571E+01
     5.1500    4.502463E-03  2.560685E-02  1.274312E+01
     5.2000    7.575089E-03  2.371696E-02  1.289146E+01
     5.2500    9.984249E-03  2.221044E-02  1.303261E+01
     5.3000    1.203973E-02  2.113687E-02  1.317240E+01
     5.3500    1.400589E-02  2.048342E-02  1.331928E+01
     5.4000    1.602703E-02  2.020924E-02  1.348218E+01
     5.4500    1.797074E-02  2.015147E-02  1.366764E+01
     5.5000    1.951131E-02  2.017774E-02  1.387944E+01
     5.5500    2.017042E-02  2.017379E-02  1.411890E+01
     5.6000    1.946339E-02  2.008318E-02  1.438625E+01
     5.6500    1.697008E-02  1.982678E-02  1.468064E+01
     5.7000    1.259142E-02  1.940339E-02  1.500179E+01
     5.7500    6.611625E-03  1.885456E-02  1.534968E+01
     5.8000   -3.012270E-04  1.822765E-02  1.572449E+01
     5.8500   -7.142222E-03  1.762757E-02  1.612513E+01
     5.9000   -1.279073E-02  1.716882E-02  1.654849E+01
     5.9500   -1.623871E-02  1.694947E-02  1.698814E+01
     6.0000   -1.670682E-02  1.692087E-02  1.743799E+01
     6.0500   -1.407157E-02  1.714861E-02  1.788715E+01
     6.1000   -8.790529E-03  1.759150E-02  1.832630E+01
     6.1500   -1.816892E-03  1.814975E-02  1.874928E+01
     6.2000    5.590811E-03  1.870303E-02  1.915312E+01
     6.2500    1.214193E-02  1.913374E-02  1.953702E+01
     6.3000    1.679296E-02  1.934266E-02  1.990108E+01
     6.3500    1.896360E-02  1.925812E-02  2.024524E+01
     6.4000    1.863538E-02  1.884175E-02  2.056849E+01
     6.4500    1.630876E-02  1.809393E-02  2.086830E+01
     6.5000    1.269261E-02  1.702202E-02  2.114963E+01
     6.5500    8.801724E-03  1.576177E-02  2.139867E+01
     6.6000    5.467525E-03  1.448763E-02  2.160417E+01
     6.6500    3.099919E-03  1.344729E-02  2.175853E+01
     6.7000    1.624646E-03  1.295061E-02  2.186537E+01
     6.7500    5.429393E-04  1.326348E-02  2.195020E+01
     6.8000   -8.781267E-04  1.445434E-02  2.205194E+01
     6.8500   -3.339227E-03  1.636502E-02  2.219664E+01
     6.9000   -7.242967E-03  1.873394E-02  2.238812E+01
     6.9500   -1.250623E-02  2.130991E-02  2.261834E+01
     7.0000   -1.854602E-02  2.385547E-02  2.288172E+01
     7.0500   -2.420876E-02  2.623270E-02  2.316656E+01
     7.1000   -2.820264E-02  2.833414E-02  2.346556E+01
     7.1500   -2.939260E-02  3.007042E-02  2.377467E+01
     7.2000   -2.708749E-02  3.137652E-02  2.409096E+01
     7.2500   -2.124993E-02  3.220931E-02  2.441226E+01
     7.3000   -1.255000E-02  3.254592E-02  2.473687E+01
     7.3500   -2.245094E-03  3.238245E-02  2.506335E+01
     7.4000    8.085187E-03  3.173278E-02  2.539037E+01
     7.4500    1.688198E-02  3.062725E-02  2.571655E+01
     7.5000    2.297007E-02  2.910188E-02  2.604241E+01
     7.5500    2.566701E-02  2.721429E-02  2.636471E+01
     7.6000    2.503217E-02  2.503904E-02  2.668010E+01
     7.6500    2.176795E-02  2.266108E-02  2.698523E+01
     7.7000    1.696884E-02  2.017979E-02  2.727542E+01
     7.7500    1.181311E-02  1.771221E-02  2.754423E+01
     7.8000    7.261754E-03  1.539880E-02  2.778325E+01
     7.8500    3.845012E-03  1.340883E-02  2.798350E+01
     7.9000    1.589470E-03  1.193318E-02  2.814074E+01
     7.9500    9.754444E-05  1.113778E-02  2.826558E+01
     8.0000   -1.244952E-03  1.107477E-02  2.838699E+01
     8.0500   -3.036742E-03  1.163316E-02  2.853844E+01
     8.1000   -5.614588E-03  1.258850E-02  2.873664E+01
     8.1500   -8.898134E-03  1.371908E-02  2.898007E+01
     8.2000   -1.238612E-02  1.485921E-02  2.925986E+01
     8.2500   -1.528756E-02  1.589948E-02  2.956679E+01
     8.3000   -1.675202E-02  1.677162E-02  2.989347E+01
     8.3500   -1.613031E-02  1.743458E-02  3.023439E+01
     8.4000   -1.318852E-02  1.786497E-02  3.058548E+01
     8.4500   -8.211870E-03  1.805091E-02  3.094363E+01
     8.5000   -1.962560E-03  1.798040E-02  3.130656E+01
     8.5500    4.473706E-03  1.765276E-02  3.167215E+01
     8.6000    9.957039E-03  1.707831E-02  3.203837E+01
     8.6500    1.357659E-02  1.626788E-02  3.240327E+01
     8.7000    1.486224E-02  1.523637E-02  3.276466E+01
     8.7500    1.387961E-02  1.400349E-02  3.311983E+01
     8.8000    1.118160E-02  1.259513E-02  3.346504E+01
     8.8500    7.633579E-03  1.104604E-02  3.379455E+01
     8.9000    4.164039E-03  9.405068E-03  3.409886E+01
     8.9500    1.512213E-03  7.746819E-03  3.436105E+01
     9.0000    4.431386E-05  6.197077E-03  3.455037E+01
     9.0500   -3.134510E-04  4.996656E-03  3.462029E+01
     9.1000   -2.235562E-05  4.520500E-03  3.456246E+01
     9.1500    2.495511E-04  4.985693E-03  3.450744E+01
     9.2000   -1.395518E-04  6.131944E-03  3.458028E+01
     9.2500   -1.586563E-03  7.575479E-03  3.476852E+01
     9.3000   -4.102344E-03  9.076968E-03  3.502647E+01
     9.3500   -7.288555E-03  1.050643E-02  3.532417E+01
     9.4000   -1.043804E-02  1.178708E-02  3.564519E+01
     9.4500   -1.272880E-02  1.286915E-02  3.598049E+01
     9.5000   -1.344879E-02  1.371399E-02  3.632530E+01
     9.5500   -1.221299E-02  1.430392E-02  3.667583E+01
     9.6000   -9.082281E-03  1.463365E-02  3.702955E+01
     9.6500   -4.541918E-03  1.470136E-02  3.738503E+01
     9.7000    6.094864E-04  1.451283E-02  3.774112E+01
     9.7500    5.452950E-03  1.408094E-02  3.809677E+01
     9.8000    9.168039E-03  1.342522E-02  3.845083E+01
     9.8500    1.121972E-02  1.257136E-02  3.880193E+01
     9.9000    1.146529E-02  1.155074E-02  3.914820E+01
     9.9500    1.015624E-02  1.040019E-02  3.948693E+01
    10.0000    7.852277E-03  9.174892E-03  3.981352E+01
    10.0500    5.222259E-03  7.920894E-03  4.012081E+01
    10.1000    2.861167E-03  6.686805E-03  4.039856E+01
    10.1500    1.157023E-03  5.551451E-03  4.063075E+01
    10.2000    2.007792E-04  4.622666E-03  4.079726E+01
    10.2500   -1.965908E-04  4.037304E-03  4.088942E+01
    10.3000   -4.030425E-04  3.903124E-03  4.094415E+01
    10.3500   -8.151830E-04  4.191981E-03  4.103641E+01
    10.4000   -1.706507E-03  4.752728E-03  4.120796E+01
    10.4500   -3.120555E-03  5.433359E-03  4.145249E+01
    10.5000   -4.840626E-03  6.136360E-03  4.174963E+01
    10.5500   -6.444192E-03  6.809553E-03  4.208244E+01
    10.6000   -7.424996E-03  7.427901E-03  4.243947E+01
    10.6500   -7.346293E-03  7.981370E-03  4.281312E+01
    10.7000   -5.980205E-03  8.467830E-03  4.319814E+01
    10.7500   -3.392843E-03  8.888748E-03  4.359066E+01
    10.8000    4.918967E-05  9.246464E-03  4.398762E+01
    10.8500    3.752812E-03  9.542497E-03  4.438649E+01
    10.9000    7.032604E-03  9.776673E-03  4.478513E+01
    10.9500    9.268782E-03  9.946941E-03  4.518170E+01
    11.0000    1.006101E-02  1.006343E-02  4.557502E+01
    11.0500    9.283230E-03  1.012453E-02  4.596363E+01
    11.1000    7.097708E-03  1.011195E-02  4.634581E+01
    11.1500    3.935454E-03  1.002325E-02  4.672040E+01
    11.2000    3.705357E-04  9.858302E-03  4.708629E+01
    11.2500   -3.012595E-03  9.620251E-03  4.744240E+01
    11.3000   -5.738959E-03  9.316203E-03  4.778757E+01
    11.3500   -7.521714E-03  8.957660E-03  4.812061E+01
    11.4000   -8.285178E-03  8.560579E-03  4.844034E+01
    11.4500   -8.134367E-03  8.144968E-03  4.874571E+01
    11.5000   -7.287556E-03  7.733817E-03  4.903605E+01
    11.5500   -5.996496E-03  7.351163E-03  4.931151E+01
    11.6000   -4.478996E-03  7.019145E-03  4.957344E+01
    11.6500   -2.881302E-03  6.754277E-03  4.982476E+01
    11.7000   -1.276017E-03  6.563806E-03  5.006983E+01
    11.7500    3.109450E-04  6.443552E-03  5.031376E+01
    11.8000    1.859716E-03  6.378393E-03  5.056134E+01
    11.8500    3.320448E-03  6.345373E-03  5.081619E+01
    11.9000    4.596840E-03  6.318170E-03  5.108024E+01
    11.9500    5.555892E-03  6.271327E-03  5.135396E+01
    12.0000    6.074208E-03  6.196254E-03  5.163747E+01
    12.0500    6.052580E-03  6.079184E-03  5.192987E+01
    12.1000    5.445622E-03  5.892771E-03  5.222835E+01
    12.1500    4.328035E-03  5.633138E-03  5.253087E+01
    12.2000    2.869800E-03  5.302380E-03  5.283518E+01
    12.2500    1.301090E-03  4.908009E-03  5.313877E+01
    12.3000   -1.409986E-04  4.462340E-03  5.343868E+01
    12.3500   -1.267993E-03  3.981926E-03  5.373116E+01
    12.4000   -1.981112E-03  3.487109E-03  5.401130E+01
    12.4500   -2.285715E-03  3.001760E-03  5.427263E+01
    12.5000   -2.275413E-03  2.553087E-03  5.450715E+01
    12.5500   -2.091730E-03  2.170821E-03  5.470711E+01
    12.6000   -1.872782E-03  1.883517E-03  5.487105E+01
    12.6500   -1.707729E-03  1.708815E-03  5.501353E+01
    12.7000   -1.611555E-03  1.640722E-03  5.516671E+01
    12.7500   -1.527965E-03  1.648888E-03  5.536323E+01
    12.8000   -1.358864E-03  1.695521E-03  5.561896E+01
    12.8500   -1.010198E-03  1.752880E-03  5.593446E+01
    12.9000   -4.384019E-04  1.809606E-03  5.630397E+01
    12.9500    3.186301E-04  1.869269E-03  5.671996E+01
    13.0000    1.141451E-03  1.947620E-03  5.717487E+01
    13.0500    1.847503E-03  2.064164E-03  5.765718E+01
    13.1000    2.230087E-03  2.231042E-03  5.814873E+01
    13.1500    2.134284E-03  2.452780E-03  5.863476E+01
    13.2000    1.503370E-03  2.722169E-03  5.910518E+01
    13.2500    4.059295E-04  3.023165E-03  5.955558E+01
    13.3000   -9.709151E-04  3.335226E-03  5.998565E+01
    13.3500   -2.361625E-03  3.636847E-03  6.039700E+01
    13.4000   -3.485230E-03  3.907777E-03  6.079172E+01
    13.4500   -4.113809E-03  4.130342E-03  6.117155E+01
    13.5000   -4.127303E-03  4.290305E-03  6.153759E+01
    13.5500   -3.539443E-03  4.377534E-03  6.189017E+01
    13.6000   -2.487979E-03  4.386630E-03  6.222878E+01
    13.6500   -1.192755E-03  4.317601E-03  6.255196E+01
    13.7000    1.055788E-04  4.176677E-03  6.285713E+01
    13.7500    1.208153E-03  3.977376E-03  6.314049E+01
    13.8000    2.003790E-03  3.741844E-03  6.339696E+01
    13.8500    2.485747E-03  3.502198E-03  6.362102E+01
    13.9000    2.735864E-03  3.300473E-03  6.380905E+01
    13.9500    2.882554E-03  3.183826E-03  6.396411E+01
    14.0000    3.053564E-03  3.196991E-03  6.410197E+01
    14.0500    3.314688E-03  3.355729E-03  6.424609E+01
    14.1000    3.633733E-03  3.633914E-03  6.441263E+01
    14.1500    3.909863E-03  3.995164E-03  6.460966E+01
    14.2000    3.990664E-03  4.397372E-03  6.483613E+01
    14.2500    3.721411E-03  4.802036E-03  6.508679E+01
    14.3000    2.998737E-03  5.177436E-03  6.535571E+01
    14.3500    1.812011E-03  5.498844E-03  6.563764E+01
    14.4000    2.593945E-04  5.747928E-03  6.592830E+01
    14.4500   -1.466881E-03  5.912196E-03  6.622418E+01
    14.5000   -3.122219E-03  5.984619E-03  6.652230E+01
    14.5500   -4.466553E-03  5.963427E-03  6.681998E+01
    14.6000   -5.320211E-03  5.852018E-03  6.711462E+01
    14.6500   -5.602963E-03  5.658938E-03  6.740347E+01
    14.7000   -5.345659E-03  5.397929E-03  6.768352E+01
    14.7500   -4.672087E-03  5.087990E-03  6.795138E+01
    14.8000   -3.757480E-03  4.753377E-03  6.820344E+01
    14.8500   -2.776809E-03  4.423181E-03  6.843633E+01
    14.9000   -1.858631E-03  4.129772E-03  6.864821E+01
    14.9500   -1.058040E-03  3.904928E-03  6.884066E+01
    15.0000   -3.527198E-04  3.775240E-03  6.902147E+01
    15.0500    3.296129E-04  3.750933E-03  6.920303E+01
    15.1000    1.059273E-03  3.818100E-03  6.939616E+01
    15.1500    1.877556E-03  3.951964E-03  6.961011E+01
    15.2000    2.759558E-03  4.120516E-03  6.984886E+01
    15.2500    3.605415E-03  4.292422E-03  7.011223E+01
    15.3000    4.258734E-03  4.441543E-03  7.039793E+01
    15.3500    4.547780E-03  4.548463E-03  7.070317E+01
    15.4000    4.337672E-03  4.600457E-03  7.102546E+01
    15.4500    3.578036E-03  4.590877E-03  7.136296E+01
    15.5000    2.331347E-03  4.518446E-03  7.171450E+01
    15.5500    7.723860E-04  4.386596E-03  7.207963E+01
    15.6000   -8.426967E-04  4.202874E-03  7.245850E+01
    15.6500   -2.230596E-03  3.978382E-03  7.285184E+01
    15.7000   -3.144596E-03  3.727189E-03  7.326075E+01
    15.7500   -3.431269E-03  3.465622E-03  7.368651E+01
    15.8000   -3.065398E-03  3.211230E-03  7.412995E+01
    15.8500   -2.154239E-03  2.981179E-03  7.459065E+01
    15.9000   -9.104451E-04  2.789873E-03  7.506580E+01
    15.9500    3.988151E-04  2.646026E-03  7.554952E+01
    16.0000    1.509933E-03  2.549211E-03  7.603215E+01
    16.0500    2.224004E-03  2.488086E-03  7.650411E+01
    16.1000    2.450938E-03  2.451014E-03  7.696115E+01
    16.1500    2.203278E-03  2.423473E-03  7.739860E+01
    16.2000    1.587576E-03  2.391850E-03  7.781400E+01
    16.2500    7.679649E-04  2.345673E-03  7.820627E+01
    16.3000   -7.952173E-05  2.278737E-03  7.857472E+01
    16.3500   -8.091635E-04  2.189492E-03  7.891836E+01
    16.4000   -1.333732E-03  2.081091E-03  7.923546E+01
    16.4500   -1.632925E-03  1.961276E-03  7.952357E+01
    16.5000   -1.742398E-03  1.842093E-03  7.978011E+01
    16.5500   -1.729115E-03  1.738982E-03  8.000404E+01
    16.6000   -1.662017E-03  1.668464E-03  8.019855E+01
    16.6500   -1.587382E-03  1.643836E-03  8.037345E+01
    16.7000   -1.515846E-03  1.670149E-03  8.054385E+01
    16.7500   -1.423784E-03  1.741932E-03  8.072460E+01
    16.8000   -1.267126E-03  1.845655E-03  8.092468E+01
    16.8500   -1.001950E-03  1.964706E-03  8.114625E+01
    16.9000   -6.045766E-04  2.083424E-03  8.138699E+01
    16.9500   -8.457612E-05  2.189065E-03  8.164276E+01
    17.0000    5.172714E-04  2.273170E-03  8.191098E+01
    17.0500    1.135507E-03  2.332511E-03  8.218985E+01
    17.1000    1.679417E-03  2.362669E-03  8.247206E+01
    17.1500    2.076129E-03  2.362657E-03  8.275460E+01
    17.2000    2.278789E-03  2.333775E-03  8.303470E+01
    17.2500    2.275612E-03  2.279393E-03  8.330981E+01
    17.3000    2.089095E-03  2.204721E-03  8.357750E+01
    17.3500    1.766391E-03  2.116522E-03  8.383565E+01
    17.4000    1.364512E-03  2.022680E-03  8.408257E+01
    17.4500    9.352627E-04  1.931555E-03  8.431755E+01
    17.5000    5.145402E-04  1.851035E-03  8.454132E+01
    17.5500    1.188094E-04  1.787306E-03  8.475648E+01
    17.6000   -2.509785E-04  1.743615E-03  8.496744E+01
    17.6500   -6.002689E-04  1.719468E-03  8.517961E+01
    17.7000   -9.304518E-04  1.710723E-03  8.539807E+01
    17.7500   -1.231198E-03  1.710577E-03  8.562645E+01
    17.8000   -1.478569E-03  1.711011E-03  8.586646E+01
    17.8500   -1.639765E-03  1.704142E-03  8.611805E+01
    17.9000   -1.683016E-03  1.683178E-03  8.637995E+01
    17.9500   -1.589257E-03  1.642921E-03  8.665009E+01
    18.0000   -1.363020E-03  1.581839E-03  8.692605E+01
    18.0500   -1.034609E-03  1.501171E-03  8.720421E+01
    18.1000   -6.505110E-04  1.396519E-03  8.748005E+01
    18.1500   -2.722874E-04  1.269676E-03  8.774846E+01
    18.2000    4.207129E-05  1.124431E-03  8.800202E+01
    18.2500    2.526757E-04  9.671679E-04  8.822891E+01
    18.3000    3.478746E-04  8.083624E-04  8.840947E+01
    18.3500    3.469231E-04  6.658770E-04  8.851262E+01
    18.4000    2.942352E-04  5.694944E-04  8.850754E+01
    18.4500    2.466912E-04  5.545713E-04  8.842558E+01
    18.5000    2.574573E-04  6.289401E-04  8.838634E+01
    18.5500    3.607601E-04  7.628900E-04  8.845716E+01
    18.6000    5.617535E-04  9.233007E-04  8.861866E+01
    18.6500    8.341560E-04  1.089173E-03  8.883697E+01
    18.7000    1.126158E-03  1.248439E-03  8.908910E+01
    18.7500    1.372854E-03  1.393888E-03  8.936145E+01
    18.8000    1.511793E-03  1.521080E-03  8.964595E+01
    18.8500    1.497569E-03  1.627391E-03  8.993753E+01
    18.9000    1.311888E-03  1.711558E-03  9.023283E+01
    18.9500    9.669552E-04  1.773429E-03  9.052950E+01
    19.0000    5.029173E-04  1.816312E-03  9.082563E+01
    19.0500   -2.455754E-05  1.845174E-03  9.111950E+01
    19.1000   -5.557298E-04  1.855032E-03  9.141044E+01
    19.1500   -1.030630E-03  1.848368E-03  9.169767E+01
    19.2000   -1.402432E-03  1.828013E-03  9.198063E+01
    19.2500   -1.642284E-03  1.796929E-03  9.225907E+01
    19.3000   -1.739783E-03  1.757974E-03  9.253300E+01
    19.3500   -1.700133E-03  1.713664E-03  9.280273E+01
    19.4000   -1.539661E-03  1.665956E-03  9.306887E+01
    19.4500   -1.281404E-03  1.616093E-03  9.333222E+01
    19.5000   -9.519201E-04  1.564535E-03  9.359369E+01
    19.5500   -5.795919E-04  1.511003E-03  9.385411E+01
    19.6000   -1.939224E-04  1.454633E-03  9.411407E+01
    19.6500    1.751619E-04  1.394212E-03  9.437375E+01
    19.7000    4.989072E-04  1.328476E-03  9.463277E+01
    19.7500    7.526152E-04  1.256417E-03  9.489005E+01
    19.8000    9.194243E-04  1.177585E-03  9.514368E+01
    19.8500    9.938991E-04  1.092385E-03  9.539068E+01
    19.9000    9.840121E-04  1.002384E-03  9.562682E+01
    19.9500    9.103115E-04  9.106615E-04  9.584630E+01