# # tequil.ion_motion                                            FEFF 9.05   
# # POT  SCF  30  5.5000   1, core-hole, AFOLP (folp(0)= 1.150)
# # Abs   Z=30 Rmt= 1.320 Rnm= 1.414 K  shell
# # Pot 1 Z=26 Rmt= 1.295 Rnm= 1.389
# # Pot 2 Z= 8 Rmt= 0.969 Rnm= 1.068
# # Gam_ch=1.897E+00 H-L exch
# # Mu=-1.176E+01 kf=2.224E+00 Vint=-1.966E+01 Rs_int= 1.631
# # PATH  Rmax= 8.500,  Keep_limit= 0.00, Heap_limit 0.00  Pwcrit= 2.50%
#  S02=1.000                                        Global_sig2= 0.00000
#  Energy zero shift, vr, vi   -2.00000E+00   0.00000E+00
#  Curved wave amplitude ratio filter   4.000%
#     file         sig2 tot  cw amp ratio   deg  nlegs   reff  inp sig2
#           1       0.00000    100.00      1.00     2   1.9064
#           2       0.00000     88.64      1.00     2   1.9994
#           3       0.00000     81.55      1.00     2   2.0660
#           4       0.00000     68.67      1.00     2   2.2101
#           5       0.00000     61.38      1.00     2   2.3088
#           6       0.00000     58.02      1.00     2   2.3599
#           7       0.00000     30.83      1.00     2   2.9652
#           8       0.00000     30.50      1.00     2   2.9794
#           9       0.00000     28.58      1.00     2   3.0653
#          10       0.00000     26.92      1.00     2   3.1459
#          11       0.00000     26.80      1.00     2   3.1519
#          12       0.00000     25.05      1.00     2   3.2444
#          13       0.00000     23.74      1.00     2   3.3195
#          14       0.00000     21.09      1.00     2   3.4563
#          15       0.00000     21.03      1.00     2   3.4599
#          16       0.00000     17.22      2.00     3   3.4666
#          17       0.00000      7.49      2.00     3   3.5076
#          18       0.00000      9.50      2.00     3   3.5174
#          19       0.00000      8.86      2.00     3   3.5189
#          20       0.00000      8.80      2.00     3   3.5360
#          21       0.00000      8.90      2.00     3   3.5480
#          22       0.00000      6.92      2.00     3   3.5602
#          23       0.00000      8.63      2.00     3   3.5679
#          24       0.00000     38.61      2.00     2   3.5698
#          25       0.00000      6.52      2.00     3   3.5834
#          26       0.00000      9.39      2.00     3   3.5850
#          27       0.00000     16.62      2.00     3   3.5961
#          28       0.00000      7.75      2.00     3   3.6015
#          29       0.00000     10.03      2.00     3   3.6094
#          30       0.00000     18.52      1.00     2   3.6238
#          31       0.00000     19.18      1.00     2   3.6280
#          32       0.00000      8.92      2.00     3   3.6317
#          33       0.00000     12.15      2.00     3   3.6466
#          34       0.00000      7.90      2.00     3   3.6624
#          35       0.00000     18.69      1.00     2   3.6672
#          36       0.00000      5.92      2.00     3   3.6727
#          37       0.00000     17.75      1.00     2   3.6803
#          38       0.00000      7.44      2.00     3   3.6811
#          39       0.00000      8.31      2.00     3   3.6881
#          40       0.00000     17.01      1.00     2   3.7374
#          41       0.00000      6.03      2.00     3   3.7553
#          42       0.00000      5.02      1.00     4   3.7873
#          43       0.00000     17.10      1.00     2   3.8017
#          44       0.00000     18.30      2.00     3   3.8036
#          45       0.00000      5.99      2.00     3   3.8044
#          46       0.00000     17.05      1.00     2   3.8061
#          47       0.00000      9.93      1.00     4   3.8127
#          48       0.00000      5.36      2.00     3   3.8626
#          49       0.00000     15.48      1.00     2   3.8654
#          50       0.00000     13.75      2.00     3   3.8652
#          51       0.00000      4.24      1.00     4   3.8727
#          52       0.00000      5.16      2.00     3   3.8749
#          53       0.00000     16.00      1.00     2   3.9044
#          54       0.00000      8.10      1.00     4   3.9401
#          55       0.00000     14.56      1.00     2   3.9506
#          56       0.00000     15.50      1.00     2   3.9547
#          57       0.00000      7.74      1.00     4   3.9987
#          58       0.00000     11.90      2.00     3   4.0311
#          59       0.00000      8.65      2.00     3   4.0381
#          60       0.00000     14.67      2.00     3   4.0431
#          62       0.00000      4.17      1.00     4   4.0726
#          63       0.00000      8.02      2.00     3   4.0733
#          64       0.00000      4.10      1.00     4   4.0927
#          67       0.00000      4.41      1.00     4   4.1166
#          68       0.00000     12.46      2.00     3   4.1235
#          69       0.00000      8.13      2.00     3   4.1303
#          70       0.00000      6.54      1.00     4   4.1321
#          71       0.00000      7.54      2.00     3   4.1748
#          72       0.00000      5.91      1.00     4   4.1817
#          73       0.00000     18.17      2.00     3   4.2022
#          74       0.00000      7.28      2.00     3   4.2225
#          75       0.00000     11.97      1.00     2   4.2333
#          76       0.00000      6.71      2.00     3   4.2359
#          77       0.00000     11.86      1.00     2   4.2464
#          78       0.00000     21.74      2.00     3   4.2505
#          79       0.00000      7.45      2.00     3   4.2591
#          81       0.00000     16.96      2.00     4   4.2662
#          82       0.00000     11.64      1.00     2   4.2744
#          83       0.00000     11.38      2.00     4   4.2761
#          84       0.00000     19.91      2.00     3   4.2770
#          85       0.00000     11.57      1.00     2   4.2840
#          86       0.00000      5.41      1.00     4   4.2924
#          87       0.00000     11.49      1.00     2   4.2942
#          88       0.00000     14.48      2.00     4   4.3081
#          89       0.00000      6.33      2.00     3   4.3159
#          90       0.00000      6.23      2.00     3   4.3338
#          91       0.00000     21.41      2.00     3   4.3359
#          92       0.00000      5.67      2.00     3   4.3431
#          93       0.00000      6.72      2.00     3   4.3888
#          94       0.00000     20.52      2.00     3   4.3949
#          95       0.00000      4.63      1.00     4   4.4202
#          96       0.00000     12.27      1.00     4   4.4385
#          97       0.00000     10.23      1.00     2   4.4697
#          98       0.00000     11.65      1.00     4   4.4956
#          99       0.00000      9.98      1.00     2   4.5089
#         100       0.00000      5.80      2.00     3   4.5197
#         101       0.00000      5.51      2.00     3   4.5342
#         102       0.00000      9.65      1.00     2   4.5604
#         103       0.00000     20.33      2.00     3   4.5756
#         104       0.00000      9.40      1.00     2   4.6011
#         105       0.00000      8.41      2.00     3   4.6099
#         107       0.00000      9.26      1.00     2   4.6254
#         108       0.00000      9.21      1.00     2   4.6341
#         109       0.00000      7.13      2.00     3   4.6347
#         110       0.00000      4.51      2.00     3   4.6384
#         111       0.00000     12.00      1.00     4   4.6423
#         112       0.00000     17.66      2.00     3   4.6508
#         113       0.00000      6.58      2.00     3   4.6847
#         114       0.00000     17.17      2.00     3   4.6895
#         115       0.00000      8.79      1.00     2   4.7080
#         116       0.00000      9.63      2.00     3   4.7187
#         118       0.00000      8.70      1.00     2   4.7245
#         119       0.00000      5.87      2.00     3   4.7344
#         120       0.00000     10.03      1.00     4   4.7411
#         121       0.00000      5.28      2.00     3   4.7500
#         122       0.00000      8.50      1.00     2   4.7619
#         124       0.00000      9.64      1.00     4   4.7778
#         125       0.00000      4.13      2.00     3   4.8139
#         126       0.00000      4.72      2.00     3   4.8186
#         127       0.00000      8.16      1.00     2   4.8280
#         128       0.00000      8.12      1.00     2   4.8364
#         129       0.00000      7.07      2.00     3   4.8476
#         130       0.00000     13.28      2.00     3   4.8490
#         131       0.00000      6.59      2.00     3   4.8502
#         132       0.00000      7.03      2.00     3   4.8694
#         133       0.00000      7.93      1.00     2   4.8745
#         134       0.00000      8.94      2.00     3   4.8742
#         135       0.00000      5.26      2.00     3   4.8779
#         136       0.00000      8.92      1.00     2   4.8822
#         137       0.00000     10.89      2.00     3   4.8837
#         142       0.00000      8.72      1.00     2   4.9228
#         145       0.00000      7.22      2.00     3   4.9507
#         146       0.00000      7.56      1.00     2   4.9533
#         147       0.00000      6.44      2.00     3   4.9650
#         150       0.00000      4.76      2.00     3   4.9659
#         151       0.00000      4.07      1.00     4   4.9676
#         153       0.00000      6.87      1.00     4   4.9735
#         156       0.00000      7.32      2.00     3   5.0363
#         159       0.00000      8.43      2.00     3   5.0596
#         160       0.00000      5.21      1.00     4   5.0595
#         161       0.00000      8.02      1.00     2   5.0745
#         162       0.00000      6.61      2.00     3   5.0752
#         163       0.00000      7.58      2.00     3   5.0863
#         164       0.00000      7.30      2.00     3   5.0908
#         167       0.00000      7.83      1.00     2   5.1188
#         168       0.00000      6.84      1.00     2   5.1222
#         170       0.00000      6.82      1.00     2   5.1276
#         171       0.00000     16.35      2.00     3   5.1320
#         172       0.00000     16.16      2.00     3   5.1374
#         173       0.00000      7.01      2.00     3   5.1409
#         174       0.00000      9.98      1.00     4   5.1419
#         175       0.00000      9.78      1.00     4   5.1472
#         176       0.00000      6.72      1.00     2   5.1540
#         177       0.00000     15.32      2.00     3   5.1706
#         178       0.00000      9.04      1.00     4   5.1873
#         179       0.00000      7.26      2.00     3   5.1944
#         182       0.00000      6.39      1.00     2   5.2398
#         183       0.00000      6.33      2.00     3   5.2524
#         184       0.00000      6.38      2.00     3   5.2602
#         185       0.00000      7.23      1.00     2   5.2666
#         187       0.00000      7.11      1.00     2   5.2968
#         192       0.00000      4.99      2.00     3   5.3288
#         193       0.00000      6.45      2.00     3   5.3306
#         194       0.00000      6.98      1.00     2   5.3335
#         195       0.00000      6.04      1.00     2   5.3365
#         197       0.00000      6.91      1.00     2   5.3521
#         200       0.00000      7.23      2.00     3   5.3736
#         201       0.00000      7.61      2.00     3   5.3753
#         202       0.00000      5.89      2.00     3   5.3869
#         203       0.00000      5.42      2.00     3   5.3915
#         208       0.00000      5.73      1.00     2   5.4293
#         209       0.00000      4.93      2.00     3   5.4297
#         214       0.00000      5.37      2.00     3   5.4535
#         218       0.00000      5.64      1.00     2   5.4585
#         219       0.00000      6.60      2.00     3   5.4646
#         221       0.00000      5.02      2.00     3   5.4699
#         223       0.00000      6.41      1.00     2   5.4930
#         224       0.00000      4.58      2.00     3   5.4980
#         225       0.00000      5.04      2.00     3   5.4980
#         226       0.00000      6.39      1.00     2   5.5009
#         228       0.00000      4.45      2.00     3   5.5372
#         229       0.00000      4.09      2.00     3   5.5544
#         234       0.00000      5.22      1.00     2   5.5976
#         236       0.00000      5.16      1.00     2   5.6200
#         238       0.00000      4.84      2.00     3   5.6293
#         239       0.00000      5.94      1.00     2   5.6419
#         240       0.00000      4.87      2.00     3   5.6524
#         241       0.00000      5.32      2.00     3   5.6544
#         242       0.00000      5.40      2.00     3   5.6571
#         244       0.00000      4.26      2.00     3   5.6657
#         245       0.00000      5.03      1.00     2   5.6663
#         246       0.00000      4.21      2.00     3   5.6695
#         247       0.00000      5.85      1.00     2   5.6707
#         248       0.00000      5.32      2.00     3   5.6758
#         253       0.00000      5.60      2.00     3   5.6969
#         255       0.00000      4.12      2.00     3   5.7085
#         256       0.00000      4.91      1.00     2   5.7097
#         257       0.00000      5.73      1.00     2   5.7112
#         258       0.00000      4.31      2.00     3   5.7140
#         259       0.00000      4.88      1.00     2   5.7188
#         260       0.00000      4.46      2.00     3   5.7221
#         264       0.00000      6.73      2.00     3   5.7524
#         266       0.00000      6.53      2.00     3   5.7558
#         267       0.00000      4.10      2.00     3   5.7594
#         268       0.00000      8.49      2.00     3   5.7594
#         269       0.00000      6.99      2.00     3   5.7663
#         270       0.00000      4.73      1.00     2   5.7769
#         271       0.00000      5.22      2.00     3   5.7824
#         273       0.00000      4.19      2.00     4   5.7936
#         275       0.00000      4.68      1.00     2   5.7965
#         285       0.00000      4.40      2.00     3   5.8278
#         287       0.00000      4.08      2.00     3   5.8312
#         289       0.00000      4.59      1.00     2   5.8323
#         291       0.00000      4.63      2.00     3   5.8388
#         292       0.00000      5.30      2.00     3   5.8453
#         296       0.00000      5.33      1.00     2   5.8554
#         297       0.00000      5.32      1.00     2   5.8577
#         303       0.00000      5.29      1.00     2   5.8702
#         304       0.00000      5.28      1.00     2   5.8742
#         305       0.00000      4.47      1.00     2   5.8848
#         306       0.00000      5.85      2.00     3   5.8892
#         312       0.00000      8.32      2.00     3   5.9196
#         315       0.00000      4.05      2.00     4   5.9246
#         317       0.00000      5.14      1.00     2   5.9294
#         320       0.00000      7.10      2.00     3   5.9348
#         321       0.00000      5.12      1.00     2   5.9377
#         322       0.00000      5.09      1.00     2   5.9464
#   227/ 289 paths used
#  -----------------------------------------------------------------------
#       k          chi          mag           phase @#
    -0.7000   -3.452191E-01  3.518126E-01 -1.764707E+00
    -0.6500   -3.697629E-01  3.808604E-01 -1.812790E+00
    -0.6000   -3.997408E-01  4.122293E-01 -1.817573E+00
    -0.5500   -4.316116E-01  4.428589E-01 -1.796651E+00
    -0.5000   -4.610497E-01  4.697604E-01 -1.763671E+00
    -0.4500   -4.876309E-01  4.934707E-01 -1.724793E+00
    -0.4000   -5.097842E-01  5.132082E-01 -1.686375E+00
    -0.3500   -5.294607E-01  5.310033E-01 -1.647040E+00
    -0.3000   -5.449830E-01  5.454448E-01 -1.611949E+00
    -0.2500   -5.569464E-01  5.569800E-01 -1.581775E+00
    -0.2000   -5.659135E-01  5.659684E-01 -1.556866E+00
    -0.1500   -5.728876E-01  5.732339E-01 -1.536037E+00
    -0.1000   -5.777085E-01  5.784340E-01 -1.520706E+00
    -0.0500   -5.804728E-01  5.814953E-01 -1.511487E+00
     0.0000   -5.813728E-01  5.825059E-01 -1.508411E+00
     0.0500   -5.822620E-01  5.835118E-01 -1.505334E+00
     0.1000   -5.848649E-01  5.865005E-01 -1.496096E+00
     0.1500   -5.889867E-01  5.913864E-01 -1.480680E+00
     0.2000   -5.943010E-01  5.980297E-01 -1.459069E+00
     0.2500   -6.003495E-01  6.062415E-01 -1.431264E+00
     0.3000   -6.065446E-01  6.157898E-01 -1.397295E+00
     0.3500   -6.123661E-01  6.267034E-01 -1.356483E+00
     0.4000   -6.173582E-01  6.395480E-01 -1.306605E+00
     0.4500   -6.197312E-01  6.529719E-01 -1.250345E+00
     0.5000   -6.183635E-01  6.666268E-01 -1.187938E+00
     0.5500   -6.121780E-01  6.807706E-01 -1.118035E+00
     0.6000   -5.995900E-01  6.957458E-01 -1.038797E+00
     0.6500   -5.790580E-01  7.099292E-01 -9.538622E-01
     0.7000   -5.493727E-01  7.234266E-01 -8.623959E-01
     0.7500   -5.084491E-01  7.370501E-01 -7.612727E-01
     0.8000   -4.563274E-01  7.488515E-01 -6.552654E-01
     0.8500   -3.918385E-01  7.594716E-01 -5.420996E-01
     0.9000   -3.144007E-01  7.687769E-01 -4.213165E-01
     0.9500   -2.266460E-01  7.753932E-01 -2.966290E-01
     1.0000   -1.268097E-01  7.806515E-01 -1.631639E-01
     1.0500   -2.005825E-02  7.829703E-01 -2.562095E-02
     1.1000    9.151590E-02  7.826552E-01  1.171982E-01
     1.1500    2.049957E-01  7.797720E-01  2.660182E-01
     1.2000    3.134992E-01  7.734884E-01  4.173131E-01
     1.2500    4.164606E-01  7.648741E-01  5.757721E-01
     1.3000    5.052962E-01  7.528214E-01  7.358309E-01
     1.3500    5.786289E-01  7.381458E-01  9.009147E-01
     1.4000    6.314704E-01  7.205269E-01  1.068337E+00
     1.4500    6.620403E-01  7.003085E-01  1.238682E+00
     1.5000    6.691857E-01  6.777170E-01  1.411958E+00
     1.5500    6.528037E-01  6.528839E-01  1.586471E+00
     1.6000    6.145827E-01  6.262735E-01  1.764320E+00
     1.6500    5.572446E-01  5.979943E-01  1.942098E+00
     1.7000    4.838521E-01  5.685352E-01  2.123610E+00
     1.7500    3.995523E-01  5.380409E-01  2.304640E+00
     1.8000    3.077878E-01  5.067567E-01  2.488849E+00
     1.8500    2.144461E-01  4.749757E-01  2.673160E+00
     1.9000    1.220753E-01  4.426495E-01  2.862188E+00
     1.9500    3.630546E-02  4.100070E-01  3.052928E+00
     2.0000   -3.841196E-02  3.773039E-01  3.243576E+00
     2.0500   -9.944165E-02  3.446416E-01  3.434291E+00
     2.1000   -1.447272E-01  3.109936E-01  3.625646E+00
     2.1500   -1.727756E-01  2.763424E-01  3.817010E+00
     2.2000   -1.843252E-01  2.421248E-01  4.006880E+00
     2.2500   -1.810496E-01  2.084508E-01  4.193858E+00
     2.3000   -1.651214E-01  1.749028E-01  4.376370E+00
     2.3500   -1.385571E-01  1.403684E-01  4.551569E+00
     2.4000   -1.072114E-01  1.072155E-01  4.703720E+00
     2.4500   -7.613620E-02  7.645320E-02  4.803485E+00
     2.5000   -5.022372E-02  5.031670E-02  4.773192E+00
     2.5500   -3.549831E-02  3.668678E-02  4.457157E+00
     2.6000   -3.019925E-02  3.924811E-02  4.019564E+00
     2.6500   -3.459166E-02  5.281396E-02  3.855738E+00
     2.7000   -4.674975E-02  6.821566E-02  3.896640E+00
     2.7500   -6.063508E-02  8.007838E-02  4.000603E+00
     2.8000   -7.626053E-02  9.077301E-02  4.139103E+00
     2.8500   -9.175802E-02  1.001873E-01  4.299249E+00
     2.9000   -1.050700E-01  1.081600E-01  4.472782E+00
     2.9500   -1.147283E-01  1.149424E-01  4.651343E+00
     3.0000   -1.194871E-01  1.203982E-01  4.835488E+00
     3.0500   -1.184964E-01  1.244923E-01  5.024012E+00
     3.1000   -1.115424E-01  1.273090E-01  5.215360E+00
     3.1500   -9.902818E-02  1.290940E-01  5.408875E+00
     3.2000   -8.151367E-02  1.298083E-01  5.604264E+00
     3.2500   -6.015898E-02  1.294670E-01  5.799927E+00
     3.3000   -3.647312E-02  1.282480E-01  5.994810E+00
     3.3500   -1.179142E-02  1.265271E-01  6.189857E+00
     3.4000    1.273033E-02  1.243508E-01  6.385739E+00
     3.4500    3.580924E-02  1.216938E-01  6.581863E+00
     3.5000    5.640442E-02  1.186732E-01  6.778481E+00
     3.5500    7.383941E-02  1.155136E-01  6.976678E+00
     3.6000    8.748698E-02  1.122373E-01  7.177025E+00
     3.6500    9.671232E-02  1.087308E-01  7.379359E+00
     3.7000    1.012321E-01  1.050276E-01  7.584324E+00
     3.7500    1.008984E-01  1.010851E-01  7.793206E+00
     3.8000    9.573583E-02  9.686154E-02  8.006588E+00
     3.8500    8.618794E-02  9.245641E-02  8.224332E+00
     3.9000    7.281473E-02  8.783656E-02  8.447497E+00
     3.9500    5.639037E-02  8.293573E-02  8.677113E+00
     4.0000    3.804791E-02  7.774253E-02  8.913366E+00
     4.0500    1.924822E-02  7.228475E-02  9.155243E+00
     4.1000    1.452001E-03  6.661885E-02  9.402981E+00
     4.1500   -1.398988E-02  6.076923E-02  9.657075E+00
     4.2000   -2.589994E-02  5.471476E-02  9.917883E+00
     4.2500   -3.355824E-02  4.870035E-02  1.018499E+01
     4.3000   -3.682880E-02  4.285110E-02  1.045899E+01
     4.3500   -3.603575E-02  3.724129E-02  1.074044E+01
     4.4000   -3.181509E-02  3.183292E-02  1.102904E+01
     4.4500   -2.550788E-02  2.697316E-02  1.132670E+01
     4.5000   -1.828313E-02  2.277970E-02  1.163472E+01
     4.5500   -1.111985E-02  1.932557E-02  1.195328E+01
     4.6000   -4.686504E-03  1.656362E-02  1.227951E+01
     4.6500    6.649445E-04  1.468803E-02  1.261166E+01
     4.7000    5.026930E-03  1.370697E-02  1.294188E+01
     4.7500    8.691304E-03  1.357694E-02  1.326107E+01
     4.8000    1.189444E-02  1.414903E-02  1.356486E+01
     4.8500    1.486397E-02  1.547202E-02  1.385588E+01
     4.9000    1.745386E-02  1.745389E-02  1.413913E+01
     4.9500    1.918607E-02  1.997971E-02  1.441997E+01
     5.0000    1.931067E-02  2.289215E-02  1.470410E+01
     5.0500    1.713317E-02  2.608586E-02  1.499140E+01
     5.1000    1.214244E-02  2.939826E-02  1.528218E+01
     5.1500    4.288580E-03  3.266337E-02  1.557629E+01
     5.2000   -5.965472E-03  3.573385E-02  1.587569E+01
     5.2500   -1.739859E-02  3.845101E-02  1.617752E+01
     5.3000   -2.840877E-02  4.067533E-02  1.648116E+01
     5.3500   -3.726005E-02  4.228934E-02  1.678609E+01
     5.4000   -4.247024E-02  4.320341E-02  1.709427E+01
     5.4500   -4.302016E-02  4.335268E-02  1.740269E+01
     5.5000   -3.877762E-02  4.269976E-02  1.771072E+01
     5.5500   -3.048576E-02  4.123970E-02  1.801762E+01
     5.6000   -1.957477E-02  3.901354E-02  1.832394E+01
     5.6500   -7.974549E-03  3.606092E-02  1.862657E+01
     5.7000    2.388924E-03  3.246888E-02  1.892320E+01
     5.7500    1.000587E-02  2.835552E-02  1.921019E+01
     5.8000    1.409888E-02  2.386280E-02  1.948164E+01
     5.8500    1.471359E-02  1.917961E-02  1.972394E+01
     5.9000    1.271297E-02  1.457021E-02  1.990992E+01
     5.9500    9.478018E-03  1.048418E-02  1.997866E+01
     6.0000    6.518243E-03  7.879997E-03  1.982364E+01
     6.0500    5.094863E-03  8.002573E-03  1.953971E+01
     6.1000    5.837396E-03  1.027718E-02  1.945362E+01
     6.1500    8.626533E-03  1.316396E-02  1.956415E+01
     6.2000    1.266689E-02  1.587541E-02  1.977335E+01
     6.2500    1.673999E-02  1.809238E-02  2.003125E+01
     6.3000    1.956457E-02  1.967236E-02  2.031562E+01
     6.3500    2.016262E-02  2.055377E-02  2.061576E+01
     6.4000    1.813082E-02  2.072424E-02  2.092600E+01
     6.4500    1.374586E-02  2.020771E-02  2.124307E+01
     6.5000    7.921418E-03  1.907162E-02  2.156282E+01
     6.5500    1.874341E-03  1.736023E-02  2.188297E+01
     6.6000   -3.164730E-03  1.516350E-02  2.220140E+01
     6.6500   -6.292917E-03  1.259284E-02  2.251443E+01
     6.7000   -7.168829E-03  9.772458E-03  2.281472E+01
     6.7500   -6.072021E-03  6.840563E-03  2.308336E+01
     6.8000   -3.785839E-03  3.976936E-03  2.325069E+01
     6.8500   -1.343748E-03  1.733588E-03  2.287806E+01
     6.9000    2.833505E-04  2.479214E-03  2.187661E+01
     6.9500    4.671603E-04  4.584626E-03  2.188907E+01
     7.0000   -9.562097E-04  6.562054E-03  2.213739E+01
     7.0500   -3.567674E-03  8.160991E-03  2.244359E+01
     7.1000   -6.545841E-03  9.294781E-03  2.277251E+01
     7.1500   -8.957837E-03  9.935631E-03  2.311457E+01
     7.2000   -1.003660E-02  1.008225E-02  2.346674E+01
     7.2500   -9.410906E-03  9.756773E-03  2.382900E+01
     7.3000   -7.211448E-03  9.003187E-03  2.420380E+01
     7.3500   -4.025427E-03  7.886895E-03  2.459710E+01
     7.4000   -7.174105E-04  6.497228E-03  2.502210E+01
     7.4500    1.827160E-03  4.960909E-03  2.550993E+01
     7.5000    2.939618E-03  3.482884E-03  2.613747E+01
     7.5500    2.386769E-03  2.554621E-03  2.706806E+01
     7.6000    4.201603E-04  2.900147E-03  2.812895E+01
     7.6500   -2.317924E-03  4.126356E-03  2.887082E+01
     7.7000   -4.985423E-03  5.519900E-03  2.940144E+01
     7.7500   -6.787996E-03  6.788017E-03  2.984263E+01
     7.8000   -7.202513E-03  7.805898E-03  3.024090E+01
     7.8500   -6.111922E-03  8.507436E-03  3.061440E+01
     7.9000   -3.815573E-03  8.857925E-03  3.097060E+01
     7.9500   -9.174758E-04  8.846509E-03  3.131203E+01
     8.0000    1.885760E-03  8.513107E-03  3.163929E+01
     8.0500    3.989622E-03  7.877674E-03  3.194699E+01
     8.1000    5.053781E-03  6.980058E-03  3.222556E+01
     8.1500    5.100161E-03  5.908021E-03  3.245762E+01
     8.2000    4.468820E-03  4.805742E-03  3.261005E+01
     8.2500    3.680751E-03  3.923552E-03  3.263308E+01
     8.3000    3.248874E-03  3.627796E-03  3.252559E+01
     8.3500    3.499342E-03  4.096889E-03  3.243983E+01
     8.4000    4.460382E-03  5.062043E-03  3.249420E+01
     8.4500    5.853313E-03  6.174297E-03  3.266286E+01
     8.5000    7.194576E-03  7.221087E-03  3.290101E+01
     8.5500    7.930430E-03  8.076975E-03  3.317750E+01
     8.6000    7.651688E-03  8.662140E-03  3.347456E+01
     8.6500    6.242477E-03  8.927603E-03  3.378319E+01
     8.7000    3.927091E-03  8.845337E-03  3.409749E+01
     8.7500    1.214006E-03  8.405568E-03  3.441258E+01
     8.8000   -1.254367E-03  7.615863E-03  3.472298E+01
     8.8500   -2.900512E-03  6.501739E-03  3.501994E+01
     8.9000   -3.397427E-03  5.111432E-03  3.528457E+01
     8.9500   -2.782173E-03  3.539957E-03  3.546172E+01
     9.0000   -1.466357E-03  2.089177E-03  3.533556E+01
     9.0500   -1.078338E-04  1.982511E-03  3.461194E+01
     9.1000    5.727229E-04  3.571972E-03  3.439649E+01
     9.1500    1.234770E-05  5.600640E-03  3.455531E+01
     9.2000   -2.000338E-03  7.690138E-03  3.482066E+01
     9.2500   -5.231946E-03  9.714609E-03  3.512625E+01
     9.3000   -9.036406E-03  1.159653E-02  3.545096E+01
     9.3500   -1.250674E-02  1.327630E-02  3.578616E+01
     9.4000   -1.470641E-02  1.470642E-02  3.612767E+01
     9.4500   -1.491725E-02  1.585042E-02  3.647317E+01
     9.5000   -1.284321E-02  1.669770E-02  3.682159E+01
     9.5500   -8.672563E-03  1.723369E-02  3.717178E+01
     9.6000   -3.062192E-03  1.744258E-02  3.752264E+01
     9.6500    3.006652E-03  1.733017E-02  3.787349E+01
     9.7000    8.469737E-03  1.691235E-02  3.822364E+01
     9.7500    1.242662E-02  1.621422E-02  3.857233E+01
     9.8000    1.433671E-02  1.526900E-02  3.891866E+01
     9.8500    1.411622E-02  1.411673E-02  3.926141E+01
     9.9000    1.211623E-02  1.280301E-02  3.959893E+01
     9.9500    8.995553E-03  1.137778E-02  3.992888E+01
    10.0000    5.545141E-03  9.917511E-03  4.024737E+01
    10.0500    2.439046E-03  8.470234E-03  4.054861E+01
    10.1000    1.151186E-04  7.074842E-03  4.082443E+01
    10.1500   -1.275922E-03  5.801297E-03  4.106245E+01
    10.2000   -1.869381E-03  4.731871E-03  4.124684E+01
    10.2500   -1.987734E-03  3.958678E-03  4.136675E+01
    10.3000   -2.000576E-03  3.551334E-03  4.143912E+01
    10.3500   -2.189677E-03  3.489827E-03  4.151897E+01
    10.4000   -2.660091E-03  3.650628E-03  4.165708E+01
    10.4500   -3.320995E-03  3.888145E-03  4.186459E+01
    10.5000   -3.936550E-03  4.098894E-03  4.212911E+01
    10.5500   -4.225073E-03  4.226309E-03  4.243569E+01
    10.6000   -3.970825E-03  4.245887E-03  4.277343E+01
    10.6500   -3.110556E-03  4.152780E-03  4.313570E+01
    10.7000   -1.766860E-03  3.954249E-03  4.351908E+01
    10.7500   -2.185330E-04  3.665246E-03  4.392264E+01
    10.8000    1.181245E-03  3.305755E-03  4.434770E+01
    10.8500    2.111711E-03  2.899276E-03  4.479822E+01
    10.9000    2.381792E-03  2.472288E-03  4.528169E+01
    10.9500    1.987124E-03  2.054985E-03  4.581080E+01
    11.0000    1.120294E-03  1.689011E-03  4.639869E+01
    11.0500    9.122974E-05  1.408193E-03  4.705906E+01
    11.1000   -7.742352E-04  1.245086E-03  4.779497E+01
    11.1500   -1.207414E-03  1.218908E-03  4.855725E+01
    11.2000   -1.087595E-03  1.302976E-03  4.927789E+01
    11.2500   -4.744670E-04  1.445299E-03  4.993100E+01
    11.3000    4.157710E-04  1.602981E-03  5.052786E+01
    11.3500    1.281986E-03  1.750979E-03  5.108696E+01
    11.4000    1.834136E-03  1.876939E-03  5.162231E+01
    11.4500    1.883490E-03  1.975515E-03  5.214271E+01
    11.5000    1.399292E-03  2.044709E-03  5.265337E+01
    11.5500    5.151476E-04  2.083734E-03  5.315726E+01
    11.6000   -5.155987E-04  2.091834E-03  5.365612E+01
    11.6500   -1.400439E-03  2.067763E-03  5.415112E+01
    11.7000   -1.898381E-03  2.009751E-03  5.464340E+01
    11.7500   -1.892366E-03  1.915830E-03  5.513454E+01
    11.8000   -1.421380E-03  1.784406E-03  5.562709E+01
    11.8500   -6.632233E-04  1.615039E-03  5.612550E+01
    11.9000    1.256083E-04  1.409521E-03  5.663790E+01
    11.9500    6.932759E-04  1.173801E-03  5.718050E+01
    12.0000    8.784728E-04  9.266674E-04  5.779553E+01
    12.0500    6.437441E-04  7.125168E-04  5.856244E+01
    12.1000    9.144713E-05  6.220625E-04  5.954272E+01
    12.1500   -5.538223E-04  7.460382E-04  6.052683E+01
    12.2000   -1.027586E-03  1.028014E-03  6.128991E+01
    12.2500   -1.110786E-03  1.378693E-03  6.189503E+01
    12.3000   -7.013735E-04  1.752083E-03  6.242000E+01
    12.3500    1.496571E-04  2.124206E-03  6.290236E+01
    12.4000    1.248513E-03  2.479263E-03  6.335959E+01
    12.4500    2.311716E-03  2.805126E-03  6.380047E+01
    12.5000    3.045865E-03  3.091954E-03  6.422977E+01
    12.5500    3.230234E-03  3.331823E-03  6.465022E+01
    12.6000    2.778084E-03  3.518672E-03  6.506341E+01
    12.6500    1.759518E-03  3.648352E-03  6.547019E+01
    12.7000    3.805406E-04  3.718680E-03  6.587093E+01
    12.7500   -1.074068E-03  3.729469E-03  6.626558E+01
    12.8000   -2.316235E-03  3.682536E-03  6.665368E+01
    12.8500   -3.126160E-03  3.581677E-03  6.703440E+01
    12.9000   -3.400086E-03  3.432655E-03  6.740638E+01
    12.9500   -3.162576E-03  3.243209E-03  6.776770E+01
    13.0000   -2.544845E-03  3.025517E-03  6.811567E+01
    13.0500   -1.731932E-03  2.792850E-03  6.844613E+01
    13.1000   -9.026503E-04  2.556922E-03  6.875424E+01
    13.1500   -1.861881E-04  2.336217E-03  6.903526E+01
    13.2000    3.666050E-04  2.151941E-03  6.928623E+01
    13.2500    7.784811E-04  2.025458E-03  6.950954E+01
    13.3000    1.115573E-03  1.972593E-03  6.971612E+01
    13.3500    1.444595E-03  1.996807E-03  6.992383E+01
    13.4000    1.793954E-03  2.086888E-03  7.014959E+01
    13.4500    2.133174E-03  2.221796E-03  7.040244E+01
    13.5000    2.378073E-03  2.378081E-03  7.068322E+01
    13.5500    2.419821E-03  2.534733E-03  7.098810E+01
    13.6000    2.167438E-03  2.674756E-03  7.131191E+01
    13.6500    1.588402E-03  2.785034E-03  7.164972E+01
    13.7000    7.323827E-04  2.855710E-03  7.199727E+01
    13.7500   -2.713352E-04  2.879646E-03  7.235100E+01
    13.8000   -1.243413E-03  2.852063E-03  7.270775E+01
    13.8500   -2.002450E-03  2.770371E-03  7.306449E+01
    13.9000   -2.416365E-03  2.634174E-03  7.341791E+01
    13.9500   -2.440526E-03  2.445468E-03  7.376384E+01
    14.0000   -2.131282E-03  2.210540E-03  7.409602E+01
    14.0500   -1.623993E-03  1.937719E-03  7.440444E+01
    14.1000   -1.088981E-03  1.639629E-03  7.467185E+01
    14.1500   -6.823813E-04  1.345735E-03  7.486644E+01
    14.2000   -4.915192E-04  1.113844E-03  7.494120E+01
    14.2500   -5.051864E-04  1.038209E-03  7.489004E+01
    14.3000   -6.166008E-04  1.180942E-03  7.484888E+01
    14.3500   -6.594943E-04  1.491649E-03  7.494026E+01
    14.4000   -4.669943E-04  1.886597E-03  7.514809E+01
    14.4500    6.490123E-05  2.311139E-03  7.542631E+01
    14.5000    9.298294E-04  2.733401E-03  7.574532E+01
    14.5500    1.996047E-03  3.132479E-03  7.608910E+01
    14.6000    3.030955E-03  3.492916E-03  7.644887E+01
    14.6500    3.760178E-03  3.802511E-03  7.681966E+01
    14.7000    3.945233E-03  4.051505E-03  7.719857E+01
    14.7500    3.457286E-03  4.232312E-03  7.758384E+01
    14.8000    2.324618E-03  4.339474E-03  7.797449E+01
    14.8500    7.382585E-04  4.369680E-03  7.837005E+01
    14.9000   -9.880062E-04  4.321813E-03  7.877047E+01
    14.9500   -2.493774E-03  4.196971E-03  7.917607E+01
    15.0000   -3.469255E-03  4.003578E-03  7.958804E+01
    15.0500   -3.730820E-03  3.750398E-03  8.000839E+01
    15.1000   -3.251358E-03  3.434791E-03  8.043890E+01
    15.1500   -2.195294E-03  3.066668E-03  8.088356E+01
    15.2000   -8.672955E-04  2.659270E-03  8.134919E+01
    15.2500    3.699015E-04  2.230857E-03  8.184799E+01
    15.3000    1.194051E-03  1.808912E-03  8.240235E+01
    15.3500    1.410992E-03  1.440050E-03  8.305098E+01
    15.4000    1.006700E-03  1.204789E-03  8.383381E+01
    15.4500    1.490480E-04  1.194075E-03  8.469785E+01
    15.5000   -8.613608E-04  1.402845E-03  8.548413E+01
    15.5500   -1.677603E-03  1.733635E-03  8.613886E+01
    15.6000   -2.005866E-03  2.104961E-03  8.670186E+01
    15.6500   -1.690041E-03  2.472426E-03  8.721197E+01
    15.7000   -7.578404E-04  2.812343E-03  8.769175E+01
    15.7500    5.843338E-04  3.111104E-03  8.815354E+01
    15.8000    2.006151E-03  3.360552E-03  8.860431E+01
    15.8500    3.142305E-03  3.555958E-03  8.904825E+01
    15.9000    3.690878E-03  3.695035E-03  8.948795E+01
    15.9500    3.494065E-03  3.777373E-03  8.992515E+01
    16.0000    2.581728E-03  3.807985E-03  9.036118E+01
    16.0500    1.153613E-03  3.793143E-03  9.079716E+01
    16.1000   -4.733940E-04  3.727617E-03  9.123353E+01
    16.1500   -1.934365E-03  3.614870E-03  9.167083E+01
    16.2000   -2.916823E-03  3.458820E-03  9.210958E+01
    16.2500   -3.237550E-03  3.263684E-03  9.255035E+01
    16.3000   -2.882823E-03  3.033863E-03  9.299385E+01
    16.3500   -2.002637E-03  2.773899E-03  9.344115E+01
    16.4000   -8.623533E-04  2.488525E-03  9.389391E+01
    16.4500    2.334163E-04  2.182828E-03  9.435492E+01
    16.5000    1.022896E-03  1.862631E-03  9.482915E+01
    16.5500    1.352812E-03  1.535346E-03  9.532599E+01
    16.6000    1.210759E-03  1.212037E-03  9.586451E+01
    16.6500    7.173443E-04  9.131157E-04  9.648571E+01
    16.7000    8.258180E-05  6.839117E-04  9.726833E+01
    16.7500   -4.594580E-04  6.106778E-04  9.824103E+01
    16.8000   -7.184956E-04  7.324237E-04  9.915550E+01
    16.8500   -5.995918E-04  9.645909E-04  9.986018E+01
    16.9000   -1.251945E-04  1.230091E-03  1.004290E+02
    16.9500    5.765751E-04  1.493647E-03  1.009273E+02
    17.0000    1.313298E-03  1.739766E-03  1.013864E+02
    17.0500    1.884641E-03  1.961407E-03  1.018211E+02
    17.1000    2.129441E-03  2.149399E-03  1.022381E+02
    17.1500    1.971944E-03  2.298978E-03  1.026417E+02
    17.2000    1.435036E-03  2.406979E-03  1.030338E+02
    17.2500    6.284746E-04  2.471724E-03  1.034155E+02
    17.3000   -2.844175E-04  2.493038E-03  1.037869E+02
    17.3500   -1.130853E-03  2.472310E-03  1.041476E+02
    17.4000   -1.770698E-03  2.412581E-03  1.044967E+02
    17.4500   -2.125524E-03  2.318656E-03  1.048323E+02
    17.5000   -2.188116E-03  2.197244E-03  1.051522E+02
    17.5500   -2.012051E-03  2.057137E-03  1.054531E+02
    17.6000   -1.686531E-03  1.909401E-03  1.057313E+02
    17.6500   -1.305341E-03  1.767411E-03  1.059832E+02
    17.7000   -9.395605E-04  1.646322E-03  1.062068E+02
    17.7500   -6.216107E-04  1.561234E-03  1.064046E+02
    17.8000   -3.441409E-04  1.523552E-03  1.065863E+02
    17.8500   -7.252218E-05  1.536783E-03  1.067669E+02
    17.9000    2.342776E-04  1.594921E-03  1.069616E+02
    17.9500    6.017944E-04  1.685102E-03  1.071793E+02
    18.0000    1.026416E-03  1.793221E-03  1.074236E+02
    18.0500    1.468697E-03  1.906627E-03  1.076935E+02
    18.1000    1.851506E-03  2.012179E-03  1.079826E+02
    18.1500    2.092261E-03  2.102304E-03  1.082872E+02
    18.2000    2.120165E-03  2.172040E-03  1.086039E+02
    18.2500    1.896550E-03  2.218599E-03  1.089305E+02
    18.3000    1.427736E-03  2.240987E-03  1.092650E+02
    18.3500    7.671043E-04  2.239669E-03  1.096062E+02
    18.4000    6.053029E-06  2.216293E-03  1.099530E+02
    18.4500   -7.436168E-04  2.173432E-03  1.103049E+02
    18.5000   -1.371393E-03  2.114357E-03  1.106615E+02
    18.5500   -1.788671E-03  2.042815E-03  1.110224E+02
    18.6000   -1.943842E-03  1.962815E-03  1.113874E+02
    18.6500   -1.829114E-03  1.878423E-03  1.117562E+02
    18.7000   -1.478467E-03  1.793566E-03  1.121283E+02
    18.7500   -9.581954E-04  1.711839E-03  1.125033E+02
    18.8000   -3.528770E-04  1.636335E-03  1.128800E+02
    18.8500    2.498666E-04  1.569498E-03  1.132572E+02
    18.9000    7.727462E-04  1.513026E-03  1.136334E+02
    18.9500    1.158216E-03  1.467850E-03  1.140066E+02
    19.0000    1.374703E-03  1.436115E-03  1.143746E+02
    19.0500    1.417593E-03  1.420748E-03  1.147348E+02
    19.1000    1.293532E-03  1.415911E-03  1.150870E+02
    19.1500    1.027282E-03  1.420486E-03  1.154305E+02
    19.2000    6.535424E-04  1.433256E-03  1.157655E+02
    19.2500    2.124277E-04  1.452983E-03  1.160922E+02
    19.3000   -2.540096E-04  1.478433E-03  1.164116E+02
    19.3500   -7.042447E-04  1.508363E-03  1.167247E+02
    19.4000   -1.099103E-03  1.541479E-03  1.170327E+02
    19.4500   -1.403424E-03  1.576392E-03  1.173369E+02
    19.5000   -1.587977E-03  1.611586E-03  1.176383E+02
    19.5500   -1.631827E-03  1.645386E-03  1.179382E+02
    19.6000   -1.525038E-03  1.675965E-03  1.182374E+02
    19.6500   -1.271286E-03  1.701352E-03  1.185367E+02
    19.7000   -8.896818E-04  1.719473E-03  1.188367E+02
    19.7500   -4.150336E-04  1.728201E-03  1.191380E+02
    19.8000    1.041796E-04  1.725424E-03  1.194409E+02
    19.8500    6.104744E-04  1.709126E-03  1.197458E+02
    19.9000    1.044506E-03  1.677473E-03  1.200527E+02
    19.9500    1.353860E-03  1.628903E-03  1.203617E+02