# # tequil.ion_motion                                            FEFF 9.05   
# # POT  SCF  30  5.5000   1, core-hole, AFOLP (folp(0)= 1.150)
# # Abs   Z=30 Rmt= 1.276 Rnm= 1.388 K  shell
# # Pot 1 Z=26 Rmt= 1.311 Rnm= 1.401
# # Pot 2 Z= 8 Rmt= 0.965 Rnm= 1.094
# # Gam_ch=1.897E+00 H-L exch
# # Mu=-1.181E+01 kf=2.174E+00 Vint=-1.789E+01 Rs_int= 1.668
# # PATH  Rmax= 8.500,  Keep_limit= 0.00, Heap_limit 0.00  Pwcrit= 2.50%
#  S02=1.000                                        Global_sig2= 0.00000
#  Energy zero shift, vr, vi   -2.00000E+00   0.00000E+00
#  Curved wave amplitude ratio filter   4.000%
#     file         sig2 tot  cw amp ratio   deg  nlegs   reff  inp sig2
#           1       0.00000    100.00      1.00     2   1.9048
#           2       0.00000     94.69      1.00     2   1.9439
#           3       0.00000     88.29      1.00     2   1.9954
#           4       0.00000     77.87      1.00     2   2.0912
#           5       0.00000     63.85      1.00     2   2.2521
#           6       0.00000     54.59      1.00     2   2.3877
#           7       0.00000     30.86      1.00     2   2.8889
#           8       0.00000     28.77      1.00     2   2.9768
#           9       0.00000     27.59      1.00     2   3.0305
#          10       0.00000     26.86      1.00     2   3.0649
#          11       0.00000     23.34      1.00     2   3.2510
#          12       0.00000     23.19      1.00     2   3.2603
#          13       0.00000     23.15      1.00     2   3.2708
#          14       0.00000     22.96      1.00     2   3.2738
#          15       0.00000     21.11      1.00     2   3.3808
#          16       0.00000     11.51      2.00     3   3.3903
#          17       0.00000     20.39      1.00     2   3.4231
#          18       0.00000     13.24      2.00     3   3.4348
#          19       0.00000      9.10      2.00     3   3.4796
#          20       0.00000      7.45      2.00     3   3.5017
#          21       0.00000     19.84      2.00     3   3.5036
#          22       0.00000     19.03      1.00     2   3.5088
#          23       0.00000      9.34      2.00     3   3.5272
#          24       0.00000     18.48      1.00     2   3.5452
#          25       0.00000      7.13      2.00     3   3.5447
#          26       0.00000      8.66      2.00     3   3.5454
#          27       0.00000     18.35      1.00     2   3.5543
#          28       0.00000     11.24      2.00     3   3.5605
#          29       0.00000      8.71      2.00     3   3.5683
#          30       0.00000     10.19      2.00     3   3.5718
#          31       0.00000      9.87      2.00     3   3.5739
#          32       0.00000     10.21      2.00     3   3.5741
#          33       0.00000      8.89      2.00     3   3.5757
#          34       0.00000      8.46      2.00     3   3.5873
#          35       0.00000     18.30      1.00     2   3.5945
#          36       0.00000     10.84      2.00     3   3.5961
#          37       0.00000     15.38      2.00     3   3.5973
#          38       0.00000     15.92      2.00     3   3.5991
#          39       0.00000     10.27      2.00     3   3.5997
#          40       0.00000      8.56      2.00     3   3.6177
#          41       0.00000      9.01      2.00     3   3.6240
#          42       0.00000      7.88      2.00     3   3.6338
#          43       0.00000      9.07      2.00     3   3.6648
#          44       0.00000     18.01      2.00     3   3.7555
#          45       0.00000      5.77      1.00     4   3.7563
#          46       0.00000     16.27      1.00     2   3.7698
#          47       0.00000     15.99      1.00     2   3.7953
#          48       0.00000     12.68      1.00     4   3.8096
#          49       0.00000      5.00      2.00     4   3.8487
#          50       0.00000     15.24      1.00     2   3.8689
#          51       0.00000     11.28      1.00     4   3.8878
#          53       0.00000      7.88      1.00     4   3.9164
#          54       0.00000      4.68      1.00     4   3.9244
#          55       0.00000      4.69      1.00     4   3.9343
#          56       0.00000      9.67      2.00     3   3.9348
#          57       0.00000     14.56      1.00     2   3.9396
#          59       0.00000     14.46      1.00     2   3.9506
#          60       0.00000      9.72      1.00     4   3.9908
#          61       0.00000     13.05      1.00     2   4.0054
#          62       0.00000      9.42      2.00     3   4.0052
#          63       0.00000     12.19      2.00     3   4.0060
#          64       0.00000     21.59      2.00     3   4.0144
#          65       0.00000     15.18      2.00     3   4.0192
#          66       0.00000     22.34      2.00     3   4.0320
#          67       0.00000      8.51      2.00     3   4.0533
#          68       0.00000      4.89      1.00     4   4.0561
#          69       0.00000      7.74      2.00     3   4.0590
#          70       0.00000     12.37      1.00     2   4.0803
#          71       0.00000     21.06      2.00     4   4.0866
#          72       0.00000     12.23      1.00     2   4.0955
#          73       0.00000      8.45      2.00     3   4.1029
#          74       0.00000     21.72      2.00     3   4.1078
#          75       0.00000      4.79      1.00     4   4.1132
#          76       0.00000     12.03      1.00     4   4.1134
#          77       0.00000      4.59      1.00     4   4.1173
#          78       0.00000      7.46      2.00     3   4.1351
#          79       0.00000      8.28      2.00     3   4.1479
#          80       0.00000     11.46      2.00     3   4.1527
#          81       0.00000     22.46      2.00     4   4.1569
#          82       0.00000      7.12      1.00     4   4.1695
#          83       0.00000      7.48      1.00     4   4.1824
#          84       0.00000      7.66      2.00     3   4.1945
#          85       0.00000     11.31      1.00     2   4.2074
#          86       0.00000      4.58      1.00     4   4.2422
#          87       0.00000      6.83      2.00     3   4.2611
#          88       0.00000      6.84      2.00     3   4.2651
#          89       0.00000     18.68      2.00     3   4.2884
#          90       0.00000     10.46      1.00     2   4.3212
#          91       0.00000      6.22      2.00     3   4.3262
#          92       0.00000     10.41      1.00     2   4.3275
#          93       0.00000     10.40      1.00     2   4.3290
#          94       0.00000     19.04      2.00     4   4.3316
#          95       0.00000      4.19      1.00     4   4.3658
#          96       0.00000      9.98      1.00     2   4.3908
#          97       0.00000     20.74      2.00     3   4.4184
#          99       0.00000      9.73      1.00     2   4.4274
#         100       0.00000      9.67      1.00     2   4.4366
#         101       0.00000      9.56      1.00     2   4.4540
#         102       0.00000     16.46      2.00     3   4.4627
#         104       0.00000      9.39      1.00     2   4.4812
#         105       0.00000      4.96      1.00     4   4.5043
#         106       0.00000     17.54      2.00     3   4.5056
#         107       0.00000      6.68      2.00     3   4.5064
#         108       0.00000     12.80      1.00     4   4.5077
#         109       0.00000      9.19      1.00     2   4.5137
#         110       0.00000      7.49      2.00     3   4.5144
#         111       0.00000     20.51      2.00     3   4.5474
#         112       0.00000      8.97      1.00     2   4.5503
#         114       0.00000      8.85      1.00     2   4.5707
#         115       0.00000      7.85      2.00     3   4.5780
#         116       0.00000      6.24      2.00     3   4.5900
#         117       0.00000      6.09      2.00     3   4.5969
#         118       0.00000      9.21      1.00     4   4.6043
#         119       0.00000     13.07      1.00     4   4.6136
#         120       0.00000     10.23      1.00     4   4.6204
#         121       0.00000     13.32      2.00     3   4.6214
#         122       0.00000      8.49      1.00     2   4.6359
#         123       0.00000     17.55      2.00     3   4.6369
#         126       0.00000      5.25      2.00     3   4.6663
#         128       0.00000      4.85      2.00     3   4.6729
#         129       0.00000      8.87      2.00     3   4.7094
#         130       0.00000     13.48      2.00     3   4.7141
#         131       0.00000      5.51      2.00     3   4.7168
#         132       0.00000     10.97      2.00     3   4.7193
#         133       0.00000      6.75      2.00     3   4.7220
#         134       0.00000      6.72      2.00     3   4.7229
#         135       0.00000     10.55      1.00     4   4.7235
#         136       0.00000      7.92      1.00     2   4.7443
#         137       0.00000      7.93      2.00     3   4.7517
#         138       0.00000      7.82      1.00     2   4.7624
#         140       0.00000     13.08      2.00     3   4.7760
#         141       0.00000      6.97      1.00     4   4.7888
#         142       0.00000      5.18      2.00     3   4.8247
#         144       0.00000      8.69      2.00     3   4.8281
#         145       0.00000      7.50      1.00     2   4.8302
#         148       0.00000      7.31      1.00     4   4.8574
#         149       0.00000      7.86      2.00     4   4.8816
#         150       0.00000      5.44      2.00     3   4.8838
#         152       0.00000      6.48      2.00     3   4.8919
#         154       0.00000      7.19      1.00     2   4.8969
#         155       0.00000      4.52      2.00     3   4.9159
#         156       0.00000      7.18      1.00     4   4.9160
#         157       0.00000      6.51      2.00     3   4.9178
#         158       0.00000      5.34      1.00     4   4.9250
#         163       0.00000      8.79      2.00     3   4.9809
#         166       0.00000      6.72      1.00     2   5.0062
#         167       0.00000      4.76      2.00     4   5.0088
#         168       0.00000      4.79      2.00     4   5.0259
#         169       0.00000      7.61      1.00     2   5.0300
#         170       0.00000      7.59      1.00     2   5.0354
#         171       0.00000      7.55      1.00     2   5.0456
#         172       0.00000      6.35      2.00     3   5.0644
#         174       0.00000      7.38      2.00     3   5.0862
#         178       0.00000      7.52      2.00     3   5.1340
#         179       0.00000     10.60      2.00     3   5.1345
#         181       0.00000      7.11      1.00     2   5.1543
#         183       0.00000      7.08      1.00     2   5.1621
#         184       0.00000      7.07      1.00     2   5.1634
#         185       0.00000      7.30      2.00     3   5.1859
#         186       0.00000      7.23      2.00     3   5.1936
#         187       0.00000      8.05      2.00     3   5.1942
#         188       0.00000      8.28      2.00     3   5.1945
#         190       0.00000      4.10      1.00     4   5.1995
#         191       0.00000      5.96      1.00     2   5.2066
#         192       0.00000      7.17      2.00     3   5.2227
#         193       0.00000      5.38      1.00     4   5.2233
#         194       0.00000      6.84      1.00     2   5.2250
#         195       0.00000      5.89      1.00     2   5.2269
#         196       0.00000      5.82      1.00     2   5.2463
#         197       0.00000      5.81      1.00     2   5.2480
#         199       0.00000     14.26      2.00     3   5.2604
#         200       0.00000      6.79      2.00     4   5.2661
#         201       0.00000      5.28      2.00     3   5.2671
#         202       0.00000     13.37      2.00     3   5.2697
#         203       0.00000      4.67      2.00     3   5.2701
#         204       0.00000      9.03      1.00     4   5.2729
#         205       0.00000      4.08      2.00     3   5.2768
#         206       0.00000      6.65      1.00     2   5.2778
#         207       0.00000      5.17      2.00     3   5.2816
#         208       0.00000      5.69      1.00     2   5.2856
#         209       0.00000      8.11      1.00     4   5.2931
#         210       0.00000      6.49      2.00     3   5.2940
#         211       0.00000     13.64      2.00     3   5.2951
#         212       0.00000      6.57      2.00     3   5.2965
#         213       0.00000      8.41      1.00     4   5.3045
#         214       0.00000      6.33      2.00     3   5.3053
#         215       0.00000      7.88      2.00     3   5.3246
#         216       0.00000      5.71      2.00     4   5.3278
#         218       0.00000      6.30      2.00     3   5.3348
#         219       0.00000      5.51      1.00     2   5.3392
#         222       0.00000      6.41      1.00     2   5.3448
#         227       0.00000      5.42      1.00     2   5.3669
#         228       0.00000      6.33      2.00     3   5.3697
#         234       0.00000      5.27      1.00     2   5.4173
#         239       0.00000      5.44      2.00     3   5.4369
#         241       0.00000      4.80      2.00     4   5.4527
#         242       0.00000      4.79      2.00     4   5.4720
#         243       0.00000      4.93      2.00     3   5.4927
#         244       0.00000      5.04      1.00     2   5.4937
#         245       0.00000      5.42      2.00     3   5.4977
#         246       0.00000      5.28      2.00     3   5.5015
#         248       0.00000      4.99      1.00     2   5.5100
#         249       0.00000      4.91      1.00     2   5.5383
#         252       0.00000      4.37      2.00     3   5.5684
#         253       0.00000      4.05      2.00     3   5.5787
#         257       0.00000      4.01      2.00     3   5.5971
#         259       0.00000      4.72      1.00     2   5.6094
#         264       0.00000      5.46      1.00     2   5.6486
#         274       0.00000      4.96      2.00     3   5.6950
#         275       0.00000      4.59      2.00     3   5.7035
#         277       0.00000      5.27      1.00     2   5.7202
#         282       0.00000      5.62      2.00     3   5.7427
#         285       0.00000      4.13      2.00     3   5.7582
#         286       0.00000      5.14      1.00     2   5.7670
#         290       0.00000      5.32      2.00     3   5.7887
#         291       0.00000      4.27      2.00     3   5.7970
#         295       0.00000      4.36      2.00     3   5.8157
#         299       0.00000      4.94      1.00     2   5.8469
#         301       0.00000      4.12      1.00     2   5.8535
#         307       0.00000      4.88      1.00     2   5.8682
#         309       0.00000      5.85      2.00     3   5.8821
#         315       0.00000      4.14      2.00     3   5.8927
#         317       0.00000      4.01      1.00     2   5.9011
#         318       0.00000      4.79      1.00     2   5.9055
#   224/ 299 paths used
#  -----------------------------------------------------------------------
#       k          chi          mag           phase @#
    -0.7000   -4.499360E-01  5.027091E-01 -2.033111E+00
    -0.6500   -4.619537E-01  5.070260E-01 -1.995637E+00
    -0.6000   -4.736296E-01  5.107686E-01 -1.954491E+00
    -0.5500   -4.846920E-01  5.142543E-01 -1.911516E+00
    -0.5000   -4.940753E-01  5.173284E-01 -1.871759E+00
    -0.4500   -5.023598E-01  5.203534E-01 -1.834541E+00
    -0.4000   -5.091731E-01  5.230569E-01 -1.801716E+00
    -0.3500   -5.157901E-01  5.262870E-01 -1.770856E+00
    -0.3000   -5.211346E-01  5.290857E-01 -1.744381E+00
    -0.2500   -5.253695E-01  5.314441E-01 -1.722138E+00
    -0.2000   -5.286351E-01  5.333618E-01 -1.704027E+00
    -0.1500   -5.315465E-01  5.353033E-01 -1.689340E+00
    -0.1000   -5.337075E-01  5.368275E-01 -1.678663E+00
    -0.0500   -5.349784E-01  5.377438E-01 -1.672255E+00
     0.0000   -5.353976E-01  5.380494E-01 -1.670119E+00
     0.0500   -5.358147E-01  5.383551E-01 -1.667983E+00
     0.1000   -5.370524E-01  5.392729E-01 -1.661573E+00
     0.1500   -5.390698E-01  5.408033E-01 -1.650887E+00
     0.2000   -5.417952E-01  5.429460E-01 -1.635917E+00
     0.2500   -5.451228E-01  5.456963E-01 -1.616650E+00
     0.3000   -5.489061E-01  5.490423E-01 -1.593069E+00
     0.3500   -5.533096E-01  5.533195E-01 -1.564818E+00
     0.4000   -5.591583E-01  5.596078E-01 -1.530715E+00
     0.4500   -5.648866E-01  5.666587E-01 -1.491691E+00
     0.5000   -5.700368E-01  5.743867E-01 -1.447649E+00
     0.5500   -5.748392E-01  5.835703E-01 -1.397597E+00
     0.6000   -5.794289E-01  5.952123E-01 -1.339992E+00
     0.6500   -5.811817E-01  6.072956E-01 -1.276477E+00
     0.7000   -5.795508E-01  6.203038E-01 -1.206295E+00
     0.7500   -5.743803E-01  6.359812E-01 -1.127028E+00
     0.8000   -5.621620E-01  6.513283E-01 -1.041378E+00
     0.8500   -5.421120E-01  6.675565E-01 -9.477146E-01
     0.9000   -5.122971E-01  6.846504E-01 -8.454367E-01
     0.9500   -4.706295E-01  7.002064E-01 -7.370813E-01
     1.0000   -4.161311E-01  7.168156E-01 -6.193762E-01
     1.0500   -3.477707E-01  7.314229E-01 -4.954998E-01
     1.1000   -2.656044E-01  7.444075E-01 -3.648399E-01
     1.1500   -1.701014E-01  7.558299E-01 -2.269969E-01
     1.2000   -6.456243E-02  7.636776E-01 -8.464250E-02
     1.2500    5.008158E-02  7.700226E-01  6.508504E-02
     1.3000    1.672121E-01  7.720683E-01  2.183067E-01
     1.3500    2.839358E-01  7.713498E-01  3.769674E-01
     1.4000    3.935616E-01  7.666300E-01  5.391023E-01
     1.4500    4.912841E-01  7.582775E-01  7.048174E-01
     1.5000    5.723763E-01  7.464132E-01  8.738965E-01
     1.5500    6.318990E-01  7.306005E-01  1.044958E+00
     1.6000    6.683893E-01  7.119158E-01  1.219304E+00
     1.6500    6.786784E-01  6.894074E-01  1.394143E+00
     1.7000    6.646643E-01  6.646648E-01  1.572111E+00
     1.7500    6.266111E-01  6.367696E-01  1.749658E+00
     1.8000    5.683895E-01  6.070617E-01  1.929661E+00
     1.8500    4.938503E-01  5.751699E-01  2.109029E+00
     1.9000    4.072280E-01  5.418962E-01  2.291279E+00
     1.9500    3.141585E-01  5.071681E-01  2.473568E+00
     2.0000    2.209110E-01  4.713642E-01  2.653816E+00
     2.0500    1.326770E-01  4.350378E-01  2.831677E+00
     2.1000    5.223812E-02  3.975916E-01  3.009825E+00
     2.1500   -1.629745E-02  3.589533E-01  3.187011E+00
     2.2000   -6.887705E-02  3.208691E-01  3.357934E+00
     2.2500   -1.051416E-01  2.838790E-01  3.521005E+00
     2.3000   -1.253836E-01  2.477449E-01  3.672249E+00
     2.3500   -1.297116E-01  2.115499E-01  3.801633E+00
     2.4000   -1.238565E-01  1.787159E-01  3.907285E+00
     2.4500   -1.120466E-01  1.504367E-01  3.981841E+00
     2.5000   -9.850556E-02  1.279014E-01  4.020697E+00
     2.5500   -8.670766E-02  1.126586E-01  4.019885E+00
     2.6000   -7.813609E-02  1.040093E-01  3.991533E+00
     2.6500   -7.449864E-02  1.015880E-01  3.964816E+00
     2.7000   -7.615038E-02  1.036192E-01  3.967121E+00
     2.7500   -8.220990E-02  1.078643E-01  4.008236E+00
     2.8000   -9.136137E-02  1.133542E-01  4.078925E+00
     2.8500   -1.023252E-01  1.191369E-01  4.174686E+00
     2.9000   -1.136137E-01  1.245559E-01  4.290092E+00
     2.9500   -1.241881E-01  1.296394E-01  4.421366E+00
     3.0000   -1.323658E-01  1.338370E-01  4.563983E+00
     3.0500   -1.368860E-01  1.368863E-01  4.714376E+00
     3.1000   -1.370377E-01  1.387644E-01  4.870310E+00
     3.1500   -1.325813E-01  1.396483E-01  5.031882E+00
     3.2000   -1.235720E-01  1.396857E-01  5.197457E+00
     3.2500   -1.102294E-01  1.388186E-01  5.365736E+00
     3.3000   -9.314371E-02  1.369903E-01  5.535519E+00
     3.3500   -7.335098E-02  1.344750E-01  5.706245E+00
     3.4000   -5.189972E-02  1.314936E-01  5.877451E+00
     3.4500   -2.981988E-02  1.280212E-01  6.048097E+00
     3.5000   -8.078121E-03  1.241589E-01  6.218077E+00
     3.5500    1.244844E-02  1.199658E-01  6.387139E+00
     3.6000    3.102851E-02  1.155630E-01  6.555019E+00
     3.6500    4.719575E-02  1.110553E-01  6.722120E+00
     3.7000    6.060900E-02  1.064789E-01  6.888731E+00
     3.7500    7.108392E-02  1.019510E-01  7.054720E+00
     3.8000    7.865000E-02  9.758296E-02  7.220516E+00
     3.8500    8.321492E-02  9.318686E-02  7.387130E+00
     3.9000    8.477022E-02  8.872479E-02  7.554294E+00
     3.9500    8.352068E-02  8.426017E-02  7.721399E+00
     4.0000    7.981894E-02  7.986673E-02  7.888575E+00
     4.0500    7.386266E-02  7.540656E-02  8.056686E+00
     4.1000    6.602119E-02  7.085011E-02  8.225318E+00
     4.1500    5.683394E-02  6.623829E-02  8.393371E+00
     4.2000    4.694930E-02  6.166514E-02  8.559372E+00
     4.2500    3.678544E-02  5.702619E-02  8.723673E+00
     4.3000    2.690406E-02  5.235135E-02  8.885037E+00
     4.3500    1.783614E-02  4.771667E-02  9.041683E+00
     4.4000    1.002898E-02  4.326389E-02  9.190841E+00
     4.4500    3.649606E-03  3.894903E-02  9.330938E+00
     4.5000   -1.206808E-03  3.485766E-02  9.459406E+00
     4.5500   -4.593884E-03  3.110035E-02  9.573032E+00
     4.6000   -6.668480E-03  2.785707E-02  9.666507E+00
     4.6500   -7.846495E-03  2.510459E-02  9.742657E+00
     4.7000   -8.462939E-03  2.289612E-02  9.803382E+00
     4.7500   -8.827302E-03  2.125081E-02  9.853146E+00
     4.8000   -9.185960E-03  2.023106E-02  9.896086E+00
     4.8500   -9.723323E-03  1.964535E-02  9.942547E+00
     4.9000   -1.050756E-02  1.936985E-02  9.998152E+00
     4.9500   -1.152604E-02  1.928643E-02  1.006531E+01
     5.0000   -1.278490E-02  1.940842E-02  1.014391E+01
     5.0500   -1.413901E-02  1.955685E-02  1.023287E+01
     5.1000   -1.548244E-02  1.968687E-02  1.032979E+01
     5.1500   -1.672452E-02  1.977959E-02  1.043236E+01
     5.2000   -1.792625E-02  1.996225E-02  1.054000E+01
     5.2500   -1.892856E-02  2.011113E-02  1.065094E+01
     5.3000   -1.968877E-02  2.022762E-02  1.076424E+01
     5.3500   -2.017585E-02  2.031356E-02  1.087907E+01
     5.4000   -2.046327E-02  2.046330E-02  1.099730E+01
     5.4500   -2.044244E-02  2.059091E-02  1.111573E+01
     5.5000   -2.012509E-02  2.070696E-02  1.123320E+01
     5.5500   -1.955089E-02  2.083667E-02  1.134871E+01
     5.6000   -1.879565E-02  2.106746E-02  1.146425E+01
     5.6500   -1.788567E-02  2.140986E-02  1.157752E+01
     5.7000   -1.684400E-02  2.192142E-02  1.169006E+01
     5.7500   -1.563050E-02  2.265286E-02  1.180488E+01
     5.8000   -1.413756E-02  2.368519E-02  1.192675E+01
     5.8500   -1.215184E-02  2.498620E-02  1.205847E+01
     5.9000   -9.421353E-03  2.651141E-02  1.220306E+01
     5.9500   -5.716684E-03  2.818699E-02  1.236214E+01
     6.0000   -8.496111E-04  3.003948E-02  1.253808E+01
     6.0500    5.149309E-03  3.187818E-02  1.272861E+01
     6.1000    1.199858E-02  3.357234E-02  1.293185E+01
     6.1500    1.917210E-02  3.501390E-02  1.314581E+01
     6.2000    2.595421E-02  3.610883E-02  1.336841E+01
     6.2500    3.155554E-02  3.678190E-02  1.359756E+01
     6.3000    3.526227E-02  3.697999E-02  1.383118E+01
     6.3500    3.658476E-02  3.667450E-02  1.406720E+01
     6.4000    3.536848E-02  3.586304E-02  1.430343E+01
     6.4500    3.183739E-02  3.457066E-02  1.453749E+01
     6.5000    2.660421E-02  3.298093E-02  1.476949E+01
     6.5500    2.034477E-02  3.105459E-02  1.499361E+01
     6.6000    1.391372E-02  2.887251E-02  1.520514E+01
     6.6500    8.069430E-03  2.658244E-02  1.539953E+01
     6.7000    3.297292E-03  2.436555E-02  1.557222E+01
     6.7500   -2.733251E-04  2.242847E-02  1.572015E+01
     6.8000   -2.858188E-03  2.097791E-02  1.584464E+01
     6.8500   -4.917183E-03  2.016971E-02  1.595424E+01
     6.9000   -6.990628E-03  2.004745E-02  1.606415E+01
     6.9500   -9.517082E-03  2.051619E-02  1.619034E+01
     7.0000   -1.274506E-02  2.144766E-02  1.634428E+01
     7.0500   -1.649845E-02  2.257532E-02  1.652748E+01
     7.1000   -2.028469E-02  2.367286E-02  1.673714E+01
     7.1500   -2.340991E-02  2.457923E-02  1.696906E+01
     7.2000   -2.513526E-02  2.518021E-02  1.721900E+01
     7.2500   -2.487402E-02  2.540367E-02  1.748332E+01
     7.3000   -2.235881E-02  2.521314E-02  1.775920E+01
     7.3500   -1.773473E-02  2.460196E-02  1.804450E+01
     7.4000   -1.155372E-02  2.358811E-02  1.833768E+01
     7.4500   -4.670997E-03  2.220967E-02  1.863766E+01
     7.5000    1.913732E-03  2.054411E-02  1.894284E+01
     7.5500    7.309833E-03  1.862541E-02  1.925287E+01
     7.6000    1.086768E-02  1.651165E-02  1.956796E+01
     7.6500    1.230701E-02  1.427948E-02  1.988850E+01
     7.7000    1.175682E-02  1.200786E-02  2.021551E+01
     7.7500    9.691629E-03  9.775058E-03  2.055110E+01
     7.8000    6.794644E-03  7.656112E-03  2.089930E+01
     7.8500    3.785784E-03  5.721413E-03  2.126808E+01
     7.9000    1.259428E-03  4.037381E-03  2.167391E+01
     7.9500   -4.291664E-04  2.672211E-03  2.215245E+01
     8.0000   -1.191975E-03  1.676455E-03  2.278208E+01
     8.0500   -1.188062E-03  1.191530E-03  2.363826E+01
     8.1000   -7.438566E-04  1.168344E-03  2.444256E+01
     8.1500   -2.172827E-04  1.236647E-03  2.495612E+01
     8.2000    1.131482E-04  1.199571E-03  2.522721E+01
     8.2500    1.254595E-04  1.100102E-03  2.524703E+01
     8.3000   -1.233958E-04  1.185947E-03  2.502850E+01
     8.3500   -4.308382E-04  1.685750E-03  2.487430E+01
     8.4000   -5.232532E-04  2.523722E-03  2.492389E+01
     8.4500   -1.474432E-04  3.562426E-03  2.509134E+01
     8.5000    8.612219E-04  4.688091E-03  2.531749E+01
     8.5500    2.479350E-03  5.848866E-03  2.557049E+01
     8.6000    4.531131E-03  7.014154E-03  2.583507E+01
     8.6500    6.729661E-03  8.146598E-03  2.610484E+01
     8.7000    8.727269E-03  9.216790E-03  2.637616E+01
     8.7500    1.018687E-02  1.020327E-02  2.664682E+01
     8.8000    1.084432E-02  1.109247E-02  2.691546E+01
     8.8500    1.054864E-02  1.187821E-02  2.718121E+01
     8.9000    9.274854E-03  1.256082E-02  2.744365E+01
     8.9500    7.112550E-03  1.314569E-02  2.770264E+01
     9.0000    4.229804E-03  1.365030E-02  2.795928E+01
     9.0500    8.535616E-04  1.408393E-02  2.821369E+01
     9.1000   -2.750549E-03  1.444954E-02  2.846586E+01
     9.1500   -6.313190E-03  1.475326E-02  2.871652E+01
     9.2000   -9.570892E-03  1.499758E-02  2.896644E+01
     9.2500   -1.227714E-02  1.518107E-02  2.921630E+01
     9.3000   -1.421577E-02  1.529892E-02  2.946658E+01
     9.3500   -1.521942E-02  1.534413E-02  2.971755E+01
     9.4000   -1.519155E-02  1.530921E-02  2.996919E+01
     9.4500   -1.412674E-02  1.518810E-02  3.022119E+01
     9.5000   -1.213258E-02  1.500329E-02  3.047405E+01
     9.5500   -9.378929E-03  1.474947E-02  3.072678E+01
     9.6000   -6.119131E-03  1.441253E-02  3.097744E+01
     9.6500   -2.659499E-03  1.400612E-02  3.122489E+01
     9.7000    7.047154E-04  1.355079E-02  3.146796E+01
     9.7500    3.735210E-03  1.307328E-02  3.170568E+01
     9.8000    6.280612E-03  1.260492E-02  3.193753E+01
     9.8500    8.282048E-03  1.217878E-02  3.216374E+01
     9.9000    9.752941E-03  1.182565E-02  3.238565E+01
     9.9500    1.073981E-02  1.156918E-02  3.260577E+01
    10.0000    1.129537E-02  1.143842E-02  3.282840E+01
    10.0500    1.140304E-02  1.143141E-02  3.305719E+01
    10.1000    1.097568E-02  1.151962E-02  3.329525E+01
    10.1500    9.901675E-03  1.167874E-02  3.354563E+01
    10.2000    8.073590E-03  1.187846E-02  3.381019E+01
    10.2500    5.450753E-03  1.208763E-02  3.408970E+01
    10.3000    2.118789E-03  1.227835E-02  3.438409E+01
    10.3500   -1.675063E-03  1.242856E-02  3.469271E+01
    10.4000   -5.527132E-03  1.252314E-02  3.501463E+01
    10.4500   -8.928819E-03  1.255405E-02  3.534877E+01
    10.5000   -1.135702E-02  1.251955E-02  3.569396E+01
    10.5500   -1.238394E-02  1.242301E-02  3.604898E+01
    10.6000   -1.177923E-02  1.227133E-02  3.641247E+01
    10.6500   -9.577277E-03  1.207319E-02  3.678295E+01
    10.7000   -6.089678E-03  1.183730E-02  3.715875E+01
    10.7500   -1.856286E-03  1.157091E-02  3.753799E+01
    10.8000    2.455995E-03  1.127865E-02  3.791863E+01
    10.8500    6.183877E-03  1.096211E-02  3.829847E+01
    10.9000    8.796952E-03  1.062004E-02  3.867524E+01
    10.9500    9.994830E-03  1.024932E-02  3.904660E+01
    11.0000    9.761568E-03  9.858898E-03  3.941054E+01
    11.0500    8.312145E-03  9.446448E-03  3.976500E+01
    11.1000    6.025586E-03  8.999345E-03  4.010709E+01
    11.1500    3.372906E-03  8.524531E-03  4.043391E+01
    11.2000    7.895109E-04  8.036339E-03  4.074230E+01
    11.2500   -1.415219E-03  7.558260E-03  4.102906E+01
    11.3000   -3.103662E-03  7.123770E-03  4.129149E+01
    11.3500   -4.302435E-03  6.774858E-03  4.152879E+01
    11.4000   -5.148402E-03  6.556246E-03  4.174383E+01
    11.4500   -5.807897E-03  6.504296E-03  4.194452E+01
    11.5000   -6.395704E-03  6.634053E-03  4.214263E+01
    11.5500   -6.919272E-03  6.932415E-03  4.234991E+01
    11.6000   -7.265236E-03  7.362512E-03  4.257424E+01
    11.6500   -7.232042E-03  7.875254E-03  4.281847E+01
    11.7000   -6.598385E-03  8.420220E-03  4.308180E+01
    11.7500   -5.206319E-03  8.952095E-03  4.336163E+01
    11.8000   -3.033364E-03  9.433195E-03  4.365492E+01
    11.8500   -2.310081E-04  9.833912E-03  4.395880E+01
    11.9000    2.883423E-03  1.013235E-02  4.427086E+01
    11.9500    5.881254E-03  1.031374E-02  4.458909E+01
    12.0000    8.331090E-03  1.038918E-02  4.491277E+01
    12.0500    9.861622E-03  1.036252E-02  4.524090E+01
    12.1000    1.020946E-02  1.021113E-02  4.557119E+01
    12.1500    9.340516E-03  9.941462E-03  4.590257E+01
    12.2000    7.431037E-03  9.564221E-03  4.623406E+01
    12.2500    4.824557E-03  9.093788E-03  4.656466E+01
    12.3000    1.953636E-03  8.547528E-03  4.689329E+01
    12.3500   -7.526225E-04  7.945111E-03  4.721876E+01
    12.4000   -2.951874E-03  7.307804E-03  4.753970E+01
    12.4500   -4.443159E-03  6.657788E-03  4.785455E+01
    12.5000   -5.182352E-03  6.017479E-03  4.816155E+01
    12.5500   -5.259139E-03  5.408832E-03  4.845887E+01
    12.6000   -4.846396E-03  4.852523E-03  4.874494E+01
    12.6500   -4.139195E-03  4.366845E-03  4.901900E+01
    12.7000   -3.301583E-03  3.966149E-03  4.928199E+01
    12.7500   -2.435026E-03  3.658858E-03  4.953730E+01
    12.8000   -1.574400E-03  3.445683E-03  4.979095E+01
    12.8500   -7.084762E-04  3.319216E-03  5.005038E+01
    12.9000    1.854675E-04  3.265734E-03  5.032231E+01
    12.9500    1.106755E-03  3.268640E-03  5.061091E+01
    13.0000    2.010435E-03  3.317614E-03  5.091649E+01
    13.0500    2.810897E-03  3.402836E-03  5.123754E+01
    13.1000    3.383875E-03  3.505247E-03  5.157236E+01
    13.1500    3.604272E-03  3.616131E-03  5.191729E+01
    13.2000    3.385282E-03  3.728285E-03  5.226859E+01
    13.2500    2.709050E-03  3.835356E-03  5.262277E+01
    13.3000    1.640109E-03  3.931533E-03  5.297675E+01
    13.3500    3.172557E-04  4.011584E-03  5.332791E+01
    13.4000   -1.073907E-03  4.071171E-03  5.367402E+01
    13.4500   -2.339805E-03  4.107305E-03  5.401318E+01
    13.5000   -3.318094E-03  4.118839E-03  5.434374E+01
    13.5500   -3.906627E-03  4.106910E-03  5.466428E+01
    13.6000   -4.075189E-03  4.075226E-03  5.497358E+01
    13.6500   -3.858519E-03  4.030124E-03  5.527074E+01
    13.7000   -3.334781E-03  3.980282E-03  5.555538E+01
    13.7500   -2.597651E-03  3.935979E-03  5.582788E+01
    13.8000   -1.731354E-03  3.907821E-03  5.608967E+01
    13.8500   -7.961638E-04  3.905018E-03  5.634335E+01
    13.9000    1.723228E-04  3.933550E-03  5.659249E+01
    13.9500    1.151820E-03  3.994765E-03  5.684115E+01
    14.0000    2.120548E-03  4.091279E-03  5.709354E+01
    14.0500    3.039676E-03  4.220526E-03  5.735278E+01
    14.1000    3.828462E-03  4.361530E-03  5.761988E+01
    14.1500    4.389322E-03  4.501794E-03  5.789546E+01
    14.2000    4.620466E-03  4.628749E-03  5.817930E+01
    14.2500    4.442270E-03  4.730893E-03  5.847057E+01
    14.3000    3.823782E-03  4.798551E-03  5.876818E+01
    14.3500    2.800778E-03  4.824323E-03  5.907085E+01
    14.4000    1.478863E-03  4.803310E-03  5.937729E+01
    14.4500    1.930759E-05  4.733178E-03  5.968618E+01
    14.5000   -1.389670E-03  4.614110E-03  5.999619E+01
    14.5500   -2.569179E-03  4.448683E-03  6.030594E+01
    14.6000   -3.384220E-03  4.241674E-03  6.061398E+01
    14.6500   -3.767727E-03  3.999837E-03  6.091871E+01
    14.7000   -3.728235E-03  3.731637E-03  6.121835E+01
    14.7500   -3.339956E-03  3.446967E-03  6.151088E+01
    14.8000   -2.718866E-03  3.156832E-03  6.179410E+01
    14.8500   -1.992004E-03  2.872975E-03  6.206571E+01
    14.9000   -1.268634E-03  2.607361E-03  6.232371E+01
    14.9500   -6.206870E-04  2.371384E-03  6.256703E+01
    15.0000   -7.608890E-05  2.177431E-03  6.279690E+01
    15.0500    3.761472E-04  2.033181E-03  6.301793E+01
    15.1000    7.613255E-04  1.934121E-03  6.323643E+01
    15.1500    1.102980E-03  1.875847E-03  6.346043E+01
    15.2000    1.407961E-03  1.849709E-03  6.369698E+01
    15.2500    1.659749E-03  1.845191E-03  6.395048E+01
    15.3000    1.822243E-03  1.852303E-03  6.422225E+01
    15.3500    1.852116E-03  1.863106E-03  6.451132E+01
    15.4000    1.715076E-03  1.872231E-03  6.481530E+01
    15.4500    1.400318E-03  1.876712E-03  6.513118E+01
    15.5000    9.282961E-04  1.875504E-03  6.545566E+01
    15.5500    3.493400E-04  1.868960E-03  6.578542E+01
    15.6000   -2.662239E-04  1.858368E-03  6.611720E+01
    15.6500   -8.430991E-04  1.845638E-03  6.644785E+01
    15.7000   -1.316344E-03  1.833128E-03  6.677449E+01
    15.7500   -1.642388E-03  1.823578E-03  6.709469E+01
    15.8000   -1.802885E-03  1.820093E-03  6.740662E+01
    15.8500   -1.801207E-03  1.826060E-03  6.770942E+01
    15.9000   -1.653931E-03  1.844923E-03  6.800329E+01
    15.9500   -1.381280E-03  1.879749E-03  6.828963E+01
    16.0000   -1.005140E-03  1.936521E-03  6.856931E+01
    16.0500   -5.413812E-04  2.021797E-03  6.884396E+01
    16.1000    1.079449E-05  2.127248E-03  6.912011E+01
    16.1500    6.329898E-04  2.249279E-03  6.940031E+01
    16.2000    1.287669E-03  2.382318E-03  6.968608E+01
    16.2500    1.914084E-03  2.519365E-03  6.997796E+01
    16.3000    2.432629E-03  2.652618E-03  7.027570E+01
    16.3500    2.758093E-03  2.774059E-03  7.057849E+01
    16.4000    2.819007E-03  2.875980E-03  7.088521E+01
    16.4500    2.577739E-03  2.951433E-03  7.119452E+01
    16.5000    2.044973E-03  2.994615E-03  7.150493E+01
    16.5500    1.283322E-03  3.001225E-03  7.181480E+01
    16.6000    3.977159E-04  2.968785E-03  7.212226E+01
    16.6500   -4.858671E-04  2.896954E-03  7.242514E+01
    16.7000   -1.248050E-03  2.787861E-03  7.272079E+01
    16.7500   -1.802533E-03  2.646478E-03  7.300590E+01
    16.8000   -2.113794E-03  2.481069E-03  7.327637E+01
    16.8500   -2.200717E-03  2.303714E-03  7.352727E+01
    16.9000   -2.124925E-03  2.130745E-03  7.375350E+01
    16.9500   -1.967224E-03  1.982477E-03  7.395156E+01
    17.0000   -1.803193E-03  1.886234E-03  7.412526E+01
    17.0500   -1.668324E-03  1.863981E-03  7.428972E+01
    17.1000   -1.541023E-03  1.908617E-03  7.445849E+01
    17.1500   -1.372280E-03  2.012445E-03  7.464787E+01
    17.2000   -1.093229E-03  2.158034E-03  7.486700E+01
    17.2500   -6.442920E-04  2.324790E-03  7.511741E+01
    17.3000   -4.881415E-06  2.493774E-03  7.539627E+01
    17.3500    7.862037E-04  2.649714E-03  7.569947E+01
    17.4000    1.627361E-03  2.781352E-03  7.602322E+01
    17.4500    2.370660E-03  2.881176E-03  7.636456E+01
    17.5000    2.855230E-03  2.945048E-03  7.672142E+01
    17.5500    2.949245E-03  2.971865E-03  7.709248E+01
    17.6000    2.589028E-03  2.963261E-03  7.747704E+01
    17.6500    1.803866E-03  2.923294E-03  7.787481E+01
    17.7000    7.184952E-04  2.858071E-03  7.828570E+01
    17.7500   -4.689396E-04  2.775248E-03  7.870960E+01
    17.8000   -1.528955E-03  2.683342E-03  7.914607E+01
    17.8500   -2.252672E-03  2.590807E-03  7.959398E+01
    17.9000   -2.500488E-03  2.504905E-03  8.005122E+01
    17.9500   -2.234857E-03  2.430526E-03  8.051461E+01
    18.0000   -1.531437E-03  2.372615E-03  8.097978E+01
    18.0500   -5.556523E-04  2.333280E-03  8.144096E+01
    18.1000    4.864597E-04  2.298246E-03  8.189469E+01
    18.1500    1.379529E-03  2.259649E-03  8.233811E+01
    18.2000    1.956537E-03  2.209082E-03  8.276936E+01
    18.2500    2.134323E-03  2.138821E-03  8.318734E+01
    18.3000    1.926436E-03  2.042713E-03  8.359124E+01
    18.3500    1.431097E-03  1.916748E-03  8.398002E+01
    18.4000    7.986877E-04  1.759411E-03  8.435181E+01
    18.4500    1.884187E-04  1.571970E-03  8.470285E+01
    18.5000   -2.737224E-04  1.358975E-03  8.502581E+01
    18.5500   -5.245708E-04  1.129501E-03  8.530599E+01
    18.6000   -5.737135E-04  9.006054E-04  8.551364E+01
    18.6500   -4.922598E-04  7.063482E-04  8.559408E+01
    18.7000   -3.848626E-04  6.101188E-04  8.550558E+01
    18.7500   -3.538081E-04  6.679581E-04  8.538123E+01
    18.8000   -4.657688E-04  8.459090E-04  8.540610E+01
    18.8500   -7.305762E-04  1.074757E-03  8.557044E+01
    18.9000   -1.097599E-03  1.312173E-03  8.581382E+01
    18.9500   -1.470169E-03  1.536106E-03  8.609974E+01
    19.0000   -1.733638E-03  1.733870E-03  8.641017E+01
    19.0500   -1.787151E-03  1.897353E-03  8.673630E+01
    19.1000   -1.573305E-03  2.020228E-03  8.707188E+01
    19.1500   -1.098024E-03  2.098812E-03  8.741403E+01
    19.2000   -4.305937E-04  2.131239E-03  8.776115E+01
    19.2500    3.119555E-04  2.117300E-03  8.811247E+01
    19.3000    9.926421E-04  2.058318E-03  8.846783E+01
    19.3500    1.487025E-03  1.957025E-03  8.882766E+01
    19.4000    1.712019E-03  1.817443E-03  8.919311E+01
    19.4500    1.644009E-03  1.644797E-03  8.956636E+01
    19.5000    1.322270E-03  1.445490E-03  8.995129E+01
    19.5500    8.376063E-04  1.227299E-03  9.035504E+01
    19.6000    3.097018E-04  1.000113E-03  9.079134E+01
    19.6500   -1.408427E-04  7.782182E-04  9.128817E+01
    19.7000   -4.189939E-04  5.868306E-04  9.190137E+01
    19.7500   -4.744103E-04  4.745065E-04  9.269713E+01
    19.8000   -3.095095E-04  4.939042E-04  9.357052E+01
    19.8500    2.438850E-05  6.209281E-04  9.428707E+01
    19.9000    4.410032E-04  7.912498E-04  9.483897E+01
    19.9500    8.392992E-04  9.673199E-04  9.529824E+01