# # tequil.ion_motion                                            FEFF 9.05   
# # POT  SCF  30  5.5000   1, core-hole, AFOLP (folp(0)= 1.150)
# # Abs   Z=30 Rmt= 1.323 Rnm= 1.415 K  shell
# # Pot 1 Z=26 Rmt= 1.280 Rnm= 1.407
# # Pot 2 Z= 8 Rmt= 0.974 Rnm= 1.079
# # Gam_ch=1.897E+00 H-L exch
# # Mu=-1.157E+01 kf=2.154E+00 Vint=-1.899E+01 Rs_int= 1.684
# # PATH  Rmax= 8.500,  Keep_limit= 0.00, Heap_limit 0.00  Pwcrit= 2.50%
#  S02=1.000                                        Global_sig2= 0.00000
#  Energy zero shift, vr, vi   -2.00000E+00   0.00000E+00
#  Curved wave amplitude ratio filter   4.000%
#     file         sig2 tot  cw amp ratio   deg  nlegs   reff  inp sig2
#           1       0.00000    100.00      1.00     2   1.9552
#           2       0.00000     96.99      1.00     2   1.9786
#           3       0.00000     91.24      1.00     2   2.0262
#           4       0.00000     72.04      1.00     2   2.2201
#           5       0.00000     67.78      1.00     2   2.2728
#           6       0.00000     62.62      1.00     2   2.3430
#           7       0.00000     33.70      1.00     2   2.9215
#           8       0.00000     32.32      1.00     2   2.9769
#           9       0.00000     30.75      1.00     2   3.0437
#          10       0.00000     30.34      1.00     2   3.0614
#          11       0.00000     25.51      1.00     2   3.2988
#          12       0.00000     25.23      1.00     2   3.3143
#          13       0.00000     24.34      1.00     2   3.3372
#          14       0.00000     24.52      1.00     2   3.3542
#          15       0.00000     23.32      1.00     2   3.3895
#          16       0.00000     22.43      1.00     2   3.4378
#          17       0.00000     11.70      2.00     3   3.4732
#          18       0.00000     11.75      2.00     3   3.4819
#          19       0.00000     13.19      2.00     3   3.4945
#          20       0.00000      9.60      2.00     3   3.5253
#          21       0.00000     19.28      2.00     3   3.5513
#          22       0.00000     20.49      1.00     2   3.5523
#          23       0.00000      7.26      2.00     3   3.5534
#          24       0.00000     10.71      2.00     3   3.5579
#          25       0.00000      7.96      2.00     3   3.5576
#          26       0.00000      8.52      2.00     3   3.5739
#          27       0.00000      8.72      2.00     3   3.5861
#          28       0.00000      9.12      2.00     3   3.5872
#          29       0.00000      7.14      2.00     3   3.6017
#          30       0.00000      8.42      2.00     3   3.6055
#          31       0.00000     10.28      2.00     3   3.6187
#          32       0.00000      8.46      2.00     3   3.6348
#          33       0.00000     19.18      1.00     2   3.6374
#          34       0.00000     14.85      2.00     3   3.6525
#          35       0.00000      7.30      2.00     3   3.6622
#          36       0.00000     14.88      2.00     3   3.6737
#          37       0.00000      8.13      2.00     3   3.6807
#          38       0.00000      7.60      2.00     3   3.6848
#          39       0.00000      9.25      2.00     3   3.6924
#          40       0.00000     18.27      1.00     2   3.7012
#          41       0.00000     19.15      1.00     2   3.7093
#          42       0.00000     19.07      1.00     2   3.7155
#          43       0.00000     19.04      1.00     2   3.7182
#          44       0.00000      8.91      2.00     3   3.7262
#          45       0.00000     17.86      1.00     2   3.7313
#          46       0.00000      6.26      2.00     3   3.7689
#          47       0.00000      5.09      1.00     4   3.8037
#          48       0.00000      5.63      2.00     3   3.8232
#          49       0.00000     17.69      1.00     2   3.8269
#          50       0.00000     17.20      1.00     2   3.8698
#          51       0.00000     15.22      2.00     3   3.8941
#          52       0.00000     15.07      2.00     3   3.9102
#          53       0.00000      9.92      1.00     4   3.9105
#          54       0.00000     14.09      2.00     3   3.9137
#          56       0.00000     15.34      1.00     2   3.9376
#          57       0.00000     16.43      1.00     2   3.9389
#          58       0.00000      5.32      1.00     4   3.9453
#          59       0.00000      9.31      1.00     4   3.9573
#          60       0.00000      5.31      1.00     4   3.9694
#          61       0.00000      4.02      1.00     4   3.9907
#          62       0.00000      4.02      1.00     4   3.9932
#          63       0.00000      9.02      2.00     3   4.0039
#          64       0.00000      9.02      2.00     3   4.0376
#          65       0.00000      8.22      1.00     4   4.0523
#          66       0.00000     12.55      2.00     3   4.0550
#          67       0.00000     14.05      1.00     2   4.0606
#          68       0.00000      6.26      1.00     4   4.0727
#          69       0.00000      8.37      2.00     3   4.0744
#          70       0.00000     13.90      2.00     3   4.0974
#          71       0.00000      4.87      1.00     4   4.1023
#          72       0.00000     13.64      1.00     2   4.1029
#          73       0.00000      8.89      2.00     3   4.1077
#          74       0.00000      5.46      1.00     4   4.1180
#          75       0.00000      7.57      2.00     3   4.1403
#          76       0.00000     22.33      2.00     3   4.1508
#          77       0.00000     17.73      2.00     4   4.1988
#          78       0.00000     19.37      2.00     3   4.2340
#          79       0.00000      5.87      1.00     4   4.2559
#          80       0.00000      6.28      2.00     3   4.2580
#          81       0.00000      7.82      2.00     3   4.2607
#          82       0.00000     21.69      2.00     3   4.2727
#          84       0.00000     18.35      2.00     4   4.2982
#          85       0.00000     14.26      2.00     4   4.2990
#          86       0.00000     11.90      1.00     2   4.3016
#          87       0.00000      6.80      2.00     3   4.3113
#          88       0.00000     11.58      1.00     2   4.3419
#          89       0.00000      6.42      2.00     3   4.3431
#          90       0.00000      6.70      2.00     3   4.3674
#          91       0.00000     11.24      1.00     2   4.3873
#          92       0.00000      5.97      2.00     3   4.3955
#          93       0.00000      6.15      2.00     3   4.4132
#          94       0.00000     20.10      2.00     3   4.4178
#          95       0.00000      8.96      2.00     3   4.4370
#          96       0.00000      5.09      1.00     4   4.4403
#          97       0.00000      7.14      2.00     3   4.4455
#          98       0.00000     10.72      1.00     2   4.4585
#          99       0.00000     10.69      1.00     2   4.4623
#         100       0.00000      5.08      2.00     3   4.5003
#         101       0.00000     11.29      1.00     4   4.5340
#         102       0.00000     20.82      2.00     3   4.5411
#         103       0.00000      4.51      1.00     4   4.5456
#         104       0.00000      7.29      2.00     3   4.5464
#         105       0.00000      9.94      1.00     2   4.5752
#         106       0.00000     16.91      2.00     3   4.5890
#         107       0.00000      6.08      2.00     3   4.5891
#         108       0.00000      9.84      1.00     2   4.5908
#         109       0.00000      9.68      1.00     2   4.6166
#         110       0.00000     12.25      1.00     4   4.6238
#         113       0.00000      4.64      2.00     3   4.6616
#         114       0.00000      9.38      1.00     2   4.6652
#         115       0.00000      9.31      1.00     2   4.6769
#         116       0.00000      9.30      1.00     2   4.6780
#         117       0.00000      4.56      2.00     3   4.6783
#         118       0.00000      8.15      2.00     3   4.6857
#         120       0.00000      4.66      2.00     3   4.6913
#         121       0.00000     18.67      2.00     3   4.6957
#         122       0.00000      9.12      1.00     2   4.7102
#         123       0.00000      9.16      1.00     4   4.7156
#         124       0.00000      9.07      1.00     2   4.7178
#         125       0.00000     13.46      2.00     3   4.7357
#         126       0.00000      4.72      2.00     3   4.7490
#         127       0.00000      8.81      1.00     2   4.7653
#         128       0.00000      7.11      2.00     3   4.7663
#         129       0.00000     10.81      1.00     4   4.7748
#         130       0.00000      4.05      2.00     3   4.7765
#         131       0.00000     15.99      2.00     3   4.7810
#         132       0.00000      8.65      1.00     2   4.7948
#         134       0.00000      4.82      2.00     3   4.8057
#         136       0.00000      5.71      2.00     3   4.8149
#         137       0.00000      9.53      1.00     2   4.8216
#         138       0.00000      8.60      2.00     3   4.8305
#         139       0.00000      7.17      2.00     3   4.8408
#         140       0.00000      8.36      1.00     2   4.8486
#         141       0.00000      8.06      2.00     3   4.8541
#         142       0.00000     13.01      2.00     3   4.8553
#         143       0.00000      5.56      2.00     3   4.8584
#         144       0.00000      6.09      2.00     3   4.8753
#         145       0.00000     10.73      2.00     3   4.8771
#         146       0.00000      8.86      1.00     4   4.8852
#         147       0.00000      7.90      2.00     3   4.8927
#         149       0.00000      6.82      1.00     4   4.8963
#         151       0.00000      9.25      2.00     3   4.9068
#         152       0.00000      9.01      1.00     2   4.9188
#         153       0.00000      7.17      2.00     3   4.9244
#         154       0.00000      5.11      2.00     4   4.9322
#         156       0.00000      4.00      2.00     4   4.9477
#         158       0.00000      8.76      2.00     3   4.9738
#         160       0.00000      8.26      2.00     3   4.9819
#         161       0.00000      8.67      1.00     2   4.9863
#         163       0.00000      9.73      2.00     3   4.9986
#         164       0.00000      6.65      1.00     4   5.0005
#         167       0.00000      7.41      1.00     2   5.0479
#         168       0.00000      5.04      1.00     4   5.0763
#         169       0.00000      6.84      2.00     3   5.0774
#         170       0.00000      7.26      1.00     2   5.0809
#         171       0.00000      4.59      2.00     4   5.0806
#         172       0.00000      8.40      2.00     3   5.0833
#         174       0.00000     18.20      2.00     3   5.0837
#         175       0.00000      7.63      2.00     3   5.0869
#         176       0.00000     11.50      1.00     4   5.0865
#         178       0.00000      7.40      2.00     3   5.1262
#         179       0.00000      4.15      1.00     4   5.1261
#         184       0.00000      6.92      1.00     2   5.1624
#         185       0.00000     16.05      2.00     3   5.1784
#         186       0.00000      7.72      1.00     2   5.1930
#         188       0.00000      9.63      1.00     4   5.1944
#         189       0.00000      4.49      1.00     4   5.2024
#         190       0.00000      6.71      1.00     2   5.2140
#         194       0.00000      7.41      2.00     3   5.2515
#         195       0.00000      7.47      1.00     2   5.2531
#         198       0.00000      7.88      2.00     3   5.2634
#         200       0.00000      7.36      1.00     2   5.2803
#         201       0.00000      7.09      2.00     3   5.2991
#         202       0.00000      9.22      2.00     3   5.2994
#         205       0.00000      4.11      2.00     3   5.3241
#         208       0.00000      7.03      1.00     2   5.3633
#         209       0.00000      4.28      2.00     4   5.3634
#         210       0.00000      6.15      1.00     2   5.3640
#         211       0.00000     14.74      2.00     3   5.3682
#         212       0.00000      8.94      1.00     4   5.3724
#         213       0.00000      6.51      2.00     3   5.3803
#         214       0.00000      6.08      1.00     2   5.3852
#         216       0.00000      6.32      2.00     3   5.3938
#         219       0.00000      6.82      2.00     3   5.4052
#         220       0.00000      4.34      1.00     4   5.4058
#         221       0.00000      4.07      2.00     4   5.4164
#         222       0.00000      6.72      1.00     2   5.4497
#         223       0.00000      5.84      1.00     2   5.4541
#         224       0.00000      4.46      2.00     3   5.4724
#         225       0.00000      6.63      1.00     2   5.4744
#         227       0.00000      5.95      2.00     3   5.4865
#         228       0.00000      4.72      2.00     3   5.4890
#         229       0.00000      4.96      2.00     3   5.4976
#         230       0.00000      5.15      2.00     3   5.5028
#         232       0.00000      6.47      1.00     2   5.5212
#         233       0.00000      5.62      1.00     2   5.5238
#         234       0.00000      5.03      2.00     3   5.5250
#         235       0.00000      5.28      2.00     3   5.5260
#         239       0.00000      6.37      1.00     2   5.5484
#         240       0.00000      4.74      2.00     3   5.5529
#         241       0.00000      5.51      1.00     2   5.5584
#         243       0.00000      5.45      1.00     2   5.5785
#         244       0.00000      4.93      2.00     3   5.5788
#         245       0.00000      5.44      1.00     2   5.5815
#         246       0.00000      5.43      1.00     2   5.5848
#         248       0.00000      8.64      2.00     3   5.5949
#         249       0.00000      4.13      2.00     3   5.5984
#         250       0.00000      4.63      2.00     3   5.6003
#         252       0.00000      4.10      1.00     4   5.6113
#         254       0.00000      5.89      2.00     3   5.6279
#         255       0.00000      5.29      1.00     2   5.6301
#         256       0.00000      5.15      2.00     3   5.6338
#         257       0.00000      6.28      2.00     3   5.6363
#         260       0.00000      4.13      2.00     3   5.6537
#         261       0.00000      4.72      2.00     3   5.6598
#         266       0.00000      5.09      1.00     2   5.7024
#         267       0.00000      4.76      2.00     3   5.7020
#         268       0.00000      4.93      2.00     3   5.7023
#         274       0.00000      6.21      2.00     3   5.7402
#         275       0.00000      5.76      1.00     2   5.7413
#         278       0.00000      6.46      2.00     3   5.7593
#         281       0.00000      5.29      2.00     3   5.7706
#         282       0.00000      5.24      2.00     4   5.7735
#         283       0.00000      4.31      2.00     3   5.7759
#         284       0.00000      4.60      2.00     4   5.7757
#         285       0.00000      5.66      1.00     2   5.7774
#         290       0.00000      4.85      1.00     2   5.7887
#         291       0.00000      4.16      2.00     5   5.7899
#         294       0.00000      5.00      2.00     3   5.8003
#         296       0.00000      5.57      1.00     2   5.8086
#         299       0.00000      5.51      1.00     2   5.8275
#         301       0.00000      4.88      2.00     3   5.8452
#         302       0.00000     10.44      2.00     3   5.8462
#         306       0.00000      4.02      2.00     3   5.8500
#         309       0.00000      6.32      2.00     3   5.8558
#         311       0.00000      4.62      2.00     3   5.8579
#         312       0.00000      5.09      1.00     4   5.8648
#         313       0.00000      4.41      2.00     3   5.8658
#         316       0.00000      7.84      2.00     3   5.8794
#         319       0.00000      4.57      1.00     2   5.8985
#         321       0.00000      5.31      1.00     2   5.9014
#         323       0.00000      5.37      2.00     3   5.9119
#         331       0.00000      5.21      1.00     2   5.9405
#         332       0.00000      5.19      1.00     2   5.9465
#         336       0.00000      4.54      2.00     5   5.9543
#   245/ 309 paths used
#  -----------------------------------------------------------------------
#       k          chi          mag           phase @#
    -0.7000   -3.406182E-01  3.415253E-01 -1.643698E+00
    -0.6500   -3.593227E-01  3.632220E-01 -1.717455E+00
    -0.6000   -3.844195E-01  3.899575E-01 -1.739528E+00
    -0.5500   -4.112926E-01  4.166568E-01 -1.731432E+00
    -0.5000   -4.361177E-01  4.402387E-01 -1.707731E+00
    -0.4500   -4.583223E-01  4.608859E-01 -1.676317E+00
    -0.4000   -4.768569E-01  4.781218E-01 -1.643553E+00
    -0.3500   -4.929509E-01  4.933193E-01 -1.609440E+00
    -0.3000   -5.056905E-01  5.057052E-01 -1.578440E+00
    -0.2500   -5.155252E-01  5.156216E-01 -1.551454E+00
    -0.2000   -5.229005E-01  5.233578E-01 -1.528989E+00
    -0.1500   -5.286236E-01  5.295872E-01 -1.510465E+00
    -0.1000   -5.325892E-01  5.340477E-01 -1.496872E+00
    -0.0500   -5.348690E-01  5.366777E-01 -1.488674E+00
     0.0000   -5.356123E-01  5.375467E-01 -1.485935E+00
     0.0500   -5.363471E-01  5.384118E-01 -1.483193E+00
     0.1000   -5.385012E-01  5.409842E-01 -1.474950E+00
     0.1500   -5.419220E-01  5.451954E-01 -1.461159E+00
     0.2000   -5.463523E-01  5.509327E-01 -1.441757E+00
     0.2500   -5.514282E-01  5.580421E-01 -1.416683E+00
     0.3000   -5.566786E-01  5.663317E-01 -1.385899E+00
     0.3500   -5.617240E-01  5.758467E-01 -1.348868E+00
     0.4000   -5.663665E-01  5.871527E-01 -1.303916E+00
     0.4500   -5.690489E-01  5.990680E-01 -1.252885E+00
     0.5000   -5.688489E-01  6.113015E-01 -1.195923E+00
     0.5500   -5.650433E-01  6.241749E-01 -1.132002E+00
     0.6000   -5.565866E-01  6.381536E-01 -1.059647E+00
     0.6500   -5.417772E-01  6.516644E-01 -9.815766E-01
     0.7000   -5.196150E-01  6.648761E-01 -8.971009E-01
     0.7500   -4.885946E-01  6.787588E-01 -8.035653E-01
     0.8000   -4.479418E-01  6.913100E-01 -7.049041E-01
     0.8500   -3.967362E-01  7.033354E-01 -5.993166E-01
     0.9000   -3.341112E-01  7.148015E-01 -4.863680E-01
     0.9500   -2.612294E-01  7.241145E-01 -3.690794E-01
     1.0000   -1.765721E-01  7.329270E-01 -2.433071E-01
     1.0500   -8.339339E-02  7.393445E-01 -1.130342E-01
     1.1000    1.689763E-02  7.437285E-01  2.272211E-02
     1.1500    1.222637E-01  7.461810E-01  1.645947E-01
     1.2000    2.270733E-01  7.455007E-01  3.095097E-01
     1.2500    3.309292E-01  7.431168E-01  4.615383E-01
     1.3000    4.258847E-01  7.373273E-01  6.157930E-01
     1.3500    5.103748E-01  7.292058E-01  7.752646E-01
     1.4000    5.788460E-01  7.180738E-01  9.375477E-01
     1.4500    6.286385E-01  7.042476E-01  1.103165E+00
     1.5000    6.574141E-01  6.878695E-01  1.272114E+00
     1.5500    6.633222E-01  6.687949E-01  1.442780E+00
     1.6000    6.469464E-01  6.476421E-01  1.617152E+00
     1.6500    6.088914E-01  6.240813E-01  1.791880E+00
     1.7000    5.516701E-01  5.989369E-01  1.970742E+00
     1.7500    4.788080E-01  5.718871E-01  2.149372E+00
     1.8000    3.936700E-01  5.434485E-01  2.331440E+00
     1.8500    3.018027E-01  5.136711E-01  2.513576E+00
     1.9000    2.061012E-01  4.827196E-01  2.700466E+00
     1.9500    1.127712E-01  4.507004E-01  2.888692E+00
     2.0000    2.740346E-02  4.179128E-01  3.075973E+00
     2.0500   -4.623396E-02  3.846096E-01  3.262094E+00
     2.1000   -1.054573E-01  3.496772E-01  3.447947E+00
     2.1500   -1.475979E-01  3.131652E-01  3.632368E+00
     2.2000   -1.721696E-01  2.769788E-01  3.812374E+00
     2.2500   -1.804610E-01  2.414036E-01  3.985957E+00
     2.3000   -1.740961E-01  2.060683E-01  4.147871E+00
     2.3500   -1.546242E-01  1.700367E-01  4.283330E+00
     2.4000   -1.294206E-01  1.369192E-01  4.379902E+00
     2.4500   -1.041940E-01  1.090239E-01  4.413617E+00
     2.5000   -8.413190E-02  8.939557E-02  4.367519E+00
     2.5500   -7.357784E-02  8.047658E-02  4.295311E+00
     2.6000   -6.941633E-02  7.924185E-02  4.209110E+00
     2.6500   -7.208778E-02  8.434743E-02  4.166475E+00
     2.7000   -8.049215E-02  9.278974E-02  4.191683E+00
     2.7500   -9.090963E-02  1.008864E-01  4.263912E+00
     2.8000   -1.027312E-01  1.091093E-01  4.368779E+00
     2.8500   -1.142124E-01  1.168801E-01  4.498323E+00
     2.9000   -1.234866E-01  1.237613E-01  4.645746E+00
     2.9500   -1.289520E-01  1.294966E-01  4.804136E+00
     3.0000   -1.294771E-01  1.339597E-01  4.971816E+00
     3.0500   -1.243850E-01  1.370993E-01  5.146458E+00
     3.1000   -1.135975E-01  1.389380E-01  5.325933E+00
     3.1500   -9.762787E-02  1.395155E-01  5.508119E+00
     3.2000   -7.736454E-02  1.390003E-01  5.692924E+00
     3.2500   -5.390974E-02  1.373863E-01  5.879951E+00
     3.3000   -2.880416E-02  1.346670E-01  6.067628E+00
     3.3500   -3.847135E-03  1.312026E-01  6.253859E+00
     3.4000    1.966440E-02  1.272732E-01  6.438312E+00
     3.4500    4.073152E-02  1.229168E-01  6.620946E+00
     3.5000    5.863208E-02  1.182983E-01  6.801744E+00
     3.5500    7.303402E-02  1.136376E-01  6.981193E+00
     3.6000    8.378411E-02  1.090342E-01  7.159554E+00
     3.6500    9.082900E-02  1.044708E-01  7.337212E+00
     3.7000    9.429719E-02  9.998506E-02  7.515057E+00
     3.7500    9.434069E-02  9.555716E-02  7.694248E+00
     3.8000    9.111136E-02  9.113241E-02  7.875472E+00
     3.8500    8.486618E-02  8.668279E-02  8.059070E+00
     3.9000    7.593019E-02  8.214841E-02  8.245567E+00
     3.9500    6.473327E-02  7.748441E-02  8.435852E+00
     4.0000    5.183329E-02  7.263258E-02  8.630102E+00
     4.0500    3.805470E-02  6.751779E-02  8.826010E+00
     4.1000    2.433734E-02  6.214146E-02  9.022360E+00
     4.1500    1.163414E-02  5.651024E-02  9.217419E+00
     4.2000    8.456161E-04  5.066810E-02  9.408088E+00
     4.2500   -7.414841E-03  4.481870E-02  9.590983E+00
     4.3000   -1.292689E-02  3.909714E-02  9.761755E+00
     4.3500   -1.579582E-02  3.366431E-02  9.913180E+00
     4.4000   -1.643363E-02  2.875321E-02  1.003316E+01
     4.4500   -1.580445E-02  2.471903E-02  1.011845E+01
     4.5000   -1.480191E-02  2.180788E-02  1.017083E+01
     4.5500   -1.417649E-02  2.012735E-02  1.020627E+01
     4.6000   -1.438530E-02  1.957688E-02  1.025017E+01
     4.6500   -1.552532E-02  1.970417E-02  1.033220E+01
     4.7000   -1.724110E-02  2.003609E-02  1.046103E+01
     4.7500   -1.889289E-02  2.020547E-02  1.063315E+01
     4.8000   -1.979939E-02  2.004563E-02  1.083867E+01
     4.8500   -1.927083E-02  1.933159E-02  1.107488E+01
     4.9000   -1.697483E-02  1.802426E-02  1.133849E+01
     4.9500   -1.301600E-02  1.615895E-02  1.162986E+01
     5.0000   -8.011836E-03  1.384545E-02  1.194928E+01
     5.0500   -2.777652E-03  1.119662E-02  1.231567E+01
     5.1000    1.690405E-03  8.459379E-03  1.276755E+01
     5.1500    4.504890E-03  6.118166E-03  1.339398E+01
     5.2000    5.035223E-03  5.079119E-03  1.426873E+01
     5.2500    3.300428E-03  6.048178E-03  1.513075E+01
     5.3000   -2.461299E-04  8.100715E-03  1.573835E+01
     5.3500   -4.753436E-03  1.028018E-02  1.618865E+01
     5.4000   -9.207884E-03  1.213666E-02  1.656925E+01
     5.4500   -1.259066E-02  1.350504E-02  1.690867E+01
     5.5000   -1.424771E-02  1.427176E-02  1.722070E+01
     5.5500   -1.400001E-02  1.438186E-02  1.750971E+01
     5.6000   -1.217800E-02  1.385290E-02  1.777560E+01
     5.6500   -9.502120E-03  1.273653E-02  1.800744E+01
     5.7000   -6.879733E-03  1.117254E-02  1.818619E+01
     5.7500   -5.134785E-03  9.456495E-03  1.827556E+01
     5.8000   -4.773472E-03  8.225699E-03  1.823044E+01
     5.8500   -5.787548E-03  8.313087E-03  1.807947E+01
     5.9000   -7.681784E-03  1.009053E-02  1.798426E+01
     5.9500   -9.585338E-03  1.305872E-02  1.802534E+01
     6.0000   -1.037952E-02  1.660911E-02  1.817451E+01
     6.0500   -9.194903E-03  2.031467E-02  1.837985E+01
     6.1000   -5.551484E-03  2.393294E-02  1.861546E+01
     6.1500    5.034328E-04  2.729645E-02  1.886800E+01
     6.2000    8.375957E-03  3.028237E-02  1.912981E+01
     6.2500    1.704921E-02  3.280304E-02  1.939611E+01
     6.3000    2.530542E-02  3.480326E-02  1.966364E+01
     6.3500    3.198650E-02  3.625992E-02  1.992995E+01
     6.4000    3.622555E-02  3.718214E-02  2.019303E+01
     6.4500    3.759290E-02  3.761073E-02  2.045114E+01
     6.5000    3.613439E-02  3.764080E-02  2.070422E+01
     6.5500    3.226836E-02  3.737318E-02  2.094916E+01
     6.6000    2.664455E-02  3.692490E-02  2.118506E+01
     6.6500    1.992757E-02  3.642454E-02  2.141226E+01
     6.7000    1.264394E-02  3.599392E-02  2.163221E+01
     6.7500    5.114800E-03  3.573104E-02  2.184751E+01
     6.8000   -2.516752E-03  3.569425E-02  2.206172E+01
     6.8500   -1.018259E-02  3.589286E-02  2.227879E+01
     6.9000   -1.775398E-02  3.628792E-02  2.250238E+01
     6.9500   -2.492675E-02  3.680302E-02  2.273524E+01
     7.0000   -3.125621E-02  3.741550E-02  2.297997E+01
     7.0500   -3.596043E-02  3.795278E-02  2.323649E+01
     7.1000   -3.822486E-02  3.828898E-02  2.350407E+01
     7.1500   -3.742231E-02  3.834601E-02  2.378188E+01
     7.2000   -3.328276E-02  3.807126E-02  2.406891E+01
     7.2500   -2.602582E-02  3.743880E-02  2.436410E+01
     7.3000   -1.638557E-02  3.644849E-02  2.466648E+01
     7.3500   -5.513637E-03  3.512357E-02  2.497511E+01
     7.4000    5.220249E-03  3.350742E-02  2.528917E+01
     7.4500    1.448236E-02  3.165957E-02  2.560786E+01
     7.5000    2.122519E-02  2.965161E-02  2.593054E+01
     7.5500    2.483084E-02  2.754265E-02  2.625606E+01
     7.6000    2.523082E-02  2.541405E-02  2.658338E+01
     7.6500    2.284832E-02  2.335100E-02  2.691141E+01
     7.7000    1.843699E-02  2.143489E-02  2.723879E+01
     7.7500    1.287267E-02  1.973990E-02  2.756396E+01
     7.8000    6.953372E-03  1.833047E-02  2.788526E+01
     7.8500    1.260755E-03  1.725928E-02  2.820122E+01
     7.9000   -3.885594E-03  1.656580E-02  2.851109E+01
     7.9500   -8.380154E-03  1.627468E-02  2.881525E+01
     8.0000   -1.223338E-02  1.640178E-02  2.911615E+01
     8.0500   -1.540523E-02  1.693659E-02  2.941661E+01
     8.1000   -1.770447E-02  1.784707E-02  2.971863E+01
     8.1500   -1.878351E-02  1.908714E-02  3.002374E+01
     8.2000   -1.819825E-02  2.059626E-02  3.033249E+01
     8.2500   -1.554570E-02  2.230319E-02  3.064470E+01
     8.3000   -1.063140E-02  2.412966E-02  3.095967E+01
     8.3500   -3.612329E-03  2.599394E-02  3.127651E+01
     8.4000    4.934738E-03  2.781418E-02  3.159429E+01
     8.4500    1.404977E-02  2.951177E-02  3.191211E+01
     8.5000    2.256392E-02  3.102334E-02  3.223034E+01
     8.5500    2.922543E-02  3.228678E-02  3.254774E+01
     8.6000    3.299126E-02  3.324653E-02  3.286272E+01
     8.6500    3.327076E-02  3.386561E-02  3.317443E+01
     8.7000    3.002396E-02  3.412308E-02  3.348193E+01
     8.7500    2.376027E-02  3.401560E-02  3.378420E+01
     8.8000    1.541851E-02  3.355841E-02  3.408014E+01
     8.8500    6.161033E-03  3.278580E-02  3.436848E+01
     8.9000   -2.864258E-03  3.175090E-02  3.464785E+01
     8.9500   -1.073420E-02  3.052462E-02  3.491686E+01
     9.0000   -1.691437E-02  2.921183E-02  3.517505E+01
     9.0500   -2.121786E-02  2.790735E-02  3.542129E+01
     9.1000   -2.376399E-02  2.669910E-02  3.565501E+01
     9.1500   -2.487673E-02  2.567947E-02  3.587762E+01
     9.2000   -2.490225E-02  2.491852E-02  3.609218E+01
     9.2500   -2.407708E-02  2.445020E-02  3.630324E+01
     9.3000   -2.246314E-02  2.426442E-02  3.651606E+01
     9.3500   -1.996485E-02  2.430932E-02  3.673545E+01
     9.4000   -1.641712E-02  2.450329E-02  3.696491E+01
     9.4500   -1.171157E-02  2.475157E-02  3.720623E+01
     9.5000   -5.911629E-03  2.498715E-02  3.746026E+01
     9.5500    6.807903E-04  2.512386E-02  3.772621E+01
     9.6000    7.491766E-03  2.507706E-02  3.800249E+01
     9.6500    1.377066E-02  2.480267E-02  3.828773E+01
     9.7000    1.873261E-02  2.427588E-02  3.858055E+01
     9.7500    2.172416E-02  2.348954E-02  3.887974E+01
     9.8000    2.236953E-02  2.245192E-02  3.918421E+01
     9.8500    2.065891E-02  2.118422E-02  3.949307E+01
     9.9000    1.695618E-02  1.971799E-02  3.980556E+01
     9.9500    1.192460E-02  1.809255E-02  4.012110E+01
    10.0000    6.405570E-03  1.638333E-02  4.043901E+01
    10.0500    1.200379E-03  1.462251E-02  4.075852E+01
    10.1000   -3.032343E-03  1.282573E-02  4.107939E+01
    10.1500   -5.871060E-03  1.103937E-02  4.140146E+01
    10.2000   -7.197733E-03  9.307291E-03  4.172480E+01
    10.2500   -7.173022E-03  7.669194E-03  4.204982E+01
    10.3000   -6.155902E-03  6.159457E-03  4.237752E+01
    10.3500   -4.593703E-03  4.806274E-03  4.271002E+01
    10.4000   -2.912661E-03  3.631334E-03  4.305151E+01
    10.4500   -1.434770E-03  2.650208E-03  4.341022E+01
    10.5000   -3.363537E-04  1.873904E-03  4.380183E+01
    10.5500    3.493175E-04  1.311824E-03  4.425183E+01
    10.6000    6.947311E-04  9.722766E-04  4.477826E+01
    10.6500    8.229771E-04  8.445291E-04  4.532669E+01
    10.7000    8.531759E-04  8.752729E-04  4.577827E+01
    10.7500    8.612496E-04  1.007203E-03  4.609816E+01
    10.8000    8.636654E-04  1.217896E-03  4.633560E+01
    10.8500    8.238478E-04  1.502620E-03  4.654359E+01
    10.9000    6.746721E-04  1.854324E-03  4.675151E+01
    10.9500    3.473557E-04  2.260202E-03  4.696959E+01
    11.0000   -2.064570E-04  2.711440E-03  4.720011E+01
    11.0500   -9.991249E-04  3.197889E-03  4.744164E+01
    11.1000   -1.985595E-03  3.700727E-03  4.769022E+01
    11.1500   -3.077021E-03  4.209287E-03  4.794369E+01
    11.2000   -4.151421E-03  4.715198E-03  4.820067E+01
    11.2500   -5.069362E-03  5.211685E-03  4.846045E+01
    11.3000   -5.690437E-03  5.692686E-03  4.872279E+01
    11.3500   -5.889602E-03  6.151944E-03  4.898777E+01
    11.4000   -5.573602E-03  6.582246E-03  4.925561E+01
    11.4500   -4.697513E-03  6.974925E-03  4.952657E+01
    11.5000   -3.279971E-03  7.319720E-03  4.980084E+01
    11.5500   -1.413638E-03  7.604993E-03  5.007851E+01
    11.6000    7.338604E-04  7.818270E-03  5.035949E+01
    11.6500    2.932954E-03  7.947022E-03  5.064348E+01
    11.7000    4.920949E-03  7.979586E-03  5.093002E+01
    11.7500    6.444185E-03  7.906138E-03  5.121836E+01
    11.8000    7.306185E-03  7.719646E-03  5.150751E+01
    11.8500    7.410757E-03  7.416748E-03  5.179608E+01
    11.9000    6.788083E-03  6.998571E-03  5.208216E+01
    11.9500    5.594511E-03  6.471527E-03  5.236296E+01
    12.0000    4.088045E-03  5.859429E-03  5.263491E+01
    12.0500    2.553369E-03  5.183385E-03  5.289199E+01
    12.1000    1.249602E-03  4.457914E-03  5.312296E+01
    12.1500    3.616430E-04  3.729557E-03  5.330996E+01
    12.2000   -5.501928E-05  3.074824E-03  5.342497E+01
    12.2500   -8.560451E-05  2.616857E-03  5.343979E+01
    12.3000    7.051757E-05  2.500453E-03  5.337887E+01
    12.3500    1.586755E-04  2.762508E-03  5.334960E+01
    12.4000   -5.498911E-05  3.279135E-03  5.342385E+01
    12.4500   -7.108160E-04  3.900173E-03  5.359035E+01
    12.5000   -1.806984E-03  4.524983E-03  5.381787E+01
    12.5500   -3.189608E-03  5.093672E-03  5.408373E+01
    12.6000   -4.585811E-03  5.569610E-03  5.437439E+01
    12.6500   -5.671986E-03  5.929895E-03  5.468186E+01
    12.7000   -6.159273E-03  6.160969E-03  5.500134E+01
    12.7500   -5.872994E-03  6.256553E-03  5.532984E+01
    12.8000   -4.803973E-03  6.216550E-03  5.566547E+01
    12.8500   -3.117172E-03  6.046305E-03  5.600702E+01
    12.9000   -1.114823E-03  5.755973E-03  5.635375E+01
    12.9500    8.361831E-04  5.359862E-03  5.670532E+01
    13.0000    2.399017E-03  4.885919E-03  5.706191E+01
    13.0500    3.343727E-03  4.355870E-03  5.742381E+01
    13.1000    3.573118E-03  3.774558E-03  5.779129E+01
    13.1500    3.161133E-03  3.164514E-03  5.816569E+01
    13.2000    2.316810E-03  2.548906E-03  5.854952E+01
    13.2500    1.319217E-03  1.950825E-03  5.894762E+01
    13.3000    4.380563E-04  1.392802E-03  5.937032E+01
    13.3500   -1.371583E-04  8.971774E-04  5.984374E+01
    13.4000   -3.396134E-04  4.907240E-04  6.045461E+01
    13.4500   -2.286009E-04  2.389778E-04  6.155683E+01
    13.5000    4.513546E-05  2.628546E-04  6.300442E+01
    13.5500    2.997889E-04  3.598875E-04  6.381637E+01
    13.6000    3.889559E-04  3.893979E-04  6.445030E+01
    13.6500    2.532374E-04  3.469166E-04  6.515517E+01
    13.7000   -5.892610E-05  3.010772E-04  6.617043E+01
    13.7500   -4.073314E-04  4.170614E-04  6.732781E+01
    13.8000   -6.076844E-04  7.177674E-04  6.810542E+01
    13.8500   -4.958402E-04  1.124529E-03  6.865840E+01
    13.9000    1.147290E-05  1.596323E-03  6.912223E+01
    13.9500    8.784913E-04  2.107805E-03  6.954494E+01
    14.0000    1.947502E-03  2.638825E-03  6.994517E+01
    14.0500    2.976383E-03  3.173598E-03  7.033144E+01
    14.1000    3.692709E-03  3.693659E-03  7.070851E+01
    14.1500    3.863827E-03  4.182454E-03  7.107869E+01
    14.2000    3.360383E-03  4.625134E-03  7.144335E+01
    14.2500    2.194124E-03  5.009015E-03  7.180322E+01
    14.3000    5.205558E-04  5.323980E-03  7.215870E+01
    14.3500   -1.393911E-03  5.562798E-03  7.250991E+01
    14.4000   -3.231163E-03  5.721349E-03  7.285677E+01
    14.4500   -4.691018E-03  5.798735E-03  7.319903E+01
    14.5000   -5.553351E-03  5.797282E-03  7.353631E+01
    14.5500   -5.717710E-03  5.722433E-03  7.386806E+01
    14.6000   -5.212368E-03  5.582520E-03  7.419363E+01
    14.6500   -4.173448E-03  5.388429E-03  7.451227E+01
    14.7000   -2.802593E-03  5.153138E-03  7.482319E+01
    14.7500   -1.316561E-03  4.891108E-03  7.512569E+01
    14.8000    9.725039E-05  4.617501E-03  7.541929E+01
    14.8500    1.308710E-03  4.347185E-03  7.570401E+01
    14.9000    2.251830E-03  4.093514E-03  7.598070E+01
    14.9500    2.912930E-03  3.866982E-03  7.625126E+01
    15.0000    3.310573E-03  3.676803E-03  7.651890E+01
    15.0500    3.468910E-03  3.526503E-03  7.678804E+01
    15.1000    3.392433E-03  3.407488E-03  7.706305E+01
    15.1500    3.077928E-03  3.313100E-03  7.734807E+01
    15.2000    2.520933E-03  3.235055E-03  7.764634E+01
    15.2500    1.734116E-03  3.165400E-03  7.796004E+01
    15.3000    7.649337E-04  3.098058E-03  7.829033E+01
    15.3500   -2.955545E-04  3.029711E-03  7.863752E+01
    15.4000   -1.317966E-03  2.960004E-03  7.900128E+01
    15.4500   -2.154429E-03  2.891192E-03  7.938061E+01
    15.5000   -2.668467E-03  2.827332E-03  7.977379E+01
    15.5500   -2.766810E-03  2.773157E-03  8.017829E+01
    15.6000   -2.423961E-03  2.732806E-03  8.059063E+01
    15.6500   -1.692113E-03  2.708665E-03  8.100666E+01
    15.7000   -6.931057E-04  2.700652E-03  8.142186E+01
    15.7500    4.058326E-04  2.706134E-03  8.183194E+01
    15.8000    1.426305E-03  2.720527E-03  8.223327E+01
    15.8500    2.214084E-03  2.738307E-03  8.262311E+01
    15.9000    2.666740E-03  2.754143E-03  8.299960E+01
    15.9500    2.747334E-03  2.763864E-03  8.336163E+01
    16.0000    2.484770E-03  2.768125E-03  8.370862E+01
    16.0500    1.952575E-03  2.769701E-03  8.404061E+01
    16.1000    1.239646E-03  2.763890E-03  8.435790E+01
    16.1500    4.436563E-04  2.753887E-03  8.466119E+01
    16.2000   -3.523237E-04  2.744048E-03  8.495175E+01
    16.2500   -1.087971E-03  2.739023E-03  8.523148E+01
    16.3000   -1.724490E-03  2.742752E-03  8.550294E+01
    16.3500   -2.236898E-03  2.757514E-03  8.576920E+01
    16.4000   -2.604559E-03  2.783266E-03  8.603350E+01
    16.4500   -2.804764E-03  2.817468E-03  8.629880E+01
    16.5000   -2.812470E-03  2.855415E-03  8.656745E+01
    16.5500   -2.606644E-03  2.890951E-03  8.684101E+01
    16.6000   -2.180837E-03  2.917331E-03  8.712024E+01
    16.6500   -1.553773E-03  2.928047E-03  8.740522E+01
    16.7000   -7.753752E-04  2.917474E-03  8.769559E+01
    16.7500    7.504129E-05  2.881329E-03  8.799064E+01
    16.8000    8.991986E-04  2.816931E-03  8.828949E+01
    16.8500    1.596870E-03  2.723299E-03  8.859117E+01
    16.9000    2.085196E-03  2.601137E-03  8.889464E+01
    16.9500    2.315116E-03  2.452710E-03  8.919885E+01
    17.0000    2.280097E-03  2.281286E-03  8.950311E+01
    17.0500    2.014576E-03  2.091194E-03  8.980692E+01
    17.1000    1.587090E-03  1.888668E-03  9.010831E+01
    17.1500    1.082084E-03  1.679558E-03  9.040612E+01
    17.2000    5.818080E-04  1.469879E-03  9.069923E+01
    17.2500    1.509397E-04  1.265451E-03  9.098662E+01
    17.3000   -1.723499E-04  1.071506E-03  9.126774E+01
    17.3500   -3.774338E-04  8.922824E-04  9.154294E+01
    17.4000   -4.753467E-04  7.306412E-04  9.181455E+01
    17.4500   -4.889017E-04  5.877725E-04  9.208851E+01
    17.5000   -4.425810E-04  4.632241E-04  9.237732E+01
    17.5500   -3.555401E-04  3.556866E-04  9.270569E+01
    17.6000   -2.395620E-04  2.655194E-04  9.312285E+01
    17.6500   -1.017898E-04  2.012726E-04  9.371755E+01
    17.7000    4.974434E-05  1.873612E-04  9.451650E+01
    17.7500    2.007626E-04  2.373090E-04  9.525621E+01
    17.8000    3.283831E-04  3.284430E-04  9.579948E+01
    17.8500    4.033845E-04  4.394911E-04  9.622676E+01
    17.9000    3.969004E-04  5.596743E-04  9.660106E+01
    17.9500    2.895616E-04  6.822738E-04  9.695107E+01
    18.0000    7.868726E-05  8.016075E-04  9.729105E+01
    18.0500   -2.157470E-04  9.119695E-04  9.762821E+01
    18.1000   -5.461813E-04  1.009223E-03  9.796122E+01
    18.1500   -8.549714E-04  1.089600E-03  9.829153E+01
    18.2000   -1.084060E-03  1.150114E-03  9.861961E+01
    18.2500   -1.188558E-03  1.188688E-03  9.894538E+01
    18.3000   -1.147510E-03  1.204253E-03  9.926837E+01
    18.3500   -9.687408E-04  1.196811E-03  9.958778E+01
    18.4000   -6.863912E-04  1.167455E-03  9.990246E+01
    18.4500   -3.518778E-04  1.118353E-03  1.002109E+02
    18.5000   -2.093427E-05  1.052704E-03  1.005111E+02
    18.5500    2.595245E-04  9.746598E-04  1.008005E+02
    18.6000    4.610334E-04  8.892240E-04  1.010760E+02
    18.6500    5.772068E-04  8.020895E-04  1.013342E+02
    18.7000    6.207805E-04  7.193570E-04  1.015721E+02
    18.7500    6.155169E-04  6.469810E-04  1.017886E+02
    18.8000    5.859337E-04  5.897706E-04  1.019876E+02
    18.8500    5.483514E-04  5.500201E-04  1.021797E+02
    18.9000    5.061571E-04  5.264871E-04  1.023806E+02
    18.9500    4.506770E-04  5.147566E-04  1.026061E+02
    19.0000    3.671227E-04  5.094004E-04  1.028678E+02
    19.0500    2.426107E-04  5.060171E-04  1.031725E+02
    19.1000    7.568246E-05  5.010577E-04  1.035209E+02
    19.1500   -1.182040E-04  4.947166E-04  1.039138E+02
    19.2000   -3.074460E-04  4.901451E-04  1.043506E+02
    19.2500   -4.506746E-04  4.928919E-04  1.048265E+02
    19.3000   -5.074648E-04  5.093412E-04  1.053292E+02
    19.3500   -4.502887E-04  5.442172E-04  1.058397E+02
    19.4000   -2.741056E-04  5.985144E-04  1.063384E+02
    19.4500   -5.715007E-07  6.693938E-04  1.068133E+02
    19.5000    3.246279E-04  7.517098E-04  1.072607E+02
    19.5500    6.408381E-04  8.396621E-04  1.076824E+02
    19.6000    8.855763E-04  9.277919E-04  1.080821E+02
    19.6500    1.008299E-03  1.011415E-03  1.084635E+02
    19.7000    9.812250E-04  1.086774E-03  1.088293E+02
    19.7500    8.045548E-04  1.151093E-03  1.091818E+02
    19.8000    5.050555E-04  1.202591E-03  1.095223E+02
    19.8500    1.288242E-04  1.240471E-03  1.098517E+02
    19.9000   -2.694612E-04  1.264894E-03  1.101704E+02
    19.9500   -6.377623E-04  1.276899E-03  1.104787E+02