# # tequil.ion_motion                                            FEFF 9.05   
# # POT  SCF  30  5.5000   1, core-hole, AFOLP (folp(0)= 1.150)
# # Abs   Z=30 Rmt= 1.325 Rnm= 1.425 K  shell
# # Pot 1 Z=26 Rmt= 1.293 Rnm= 1.395
# # Pot 2 Z= 8 Rmt= 0.997 Rnm= 1.081
# # Gam_ch=1.897E+00 H-L exch
# # Mu=-1.175E+01 kf=2.188E+00 Vint=-1.919E+01 Rs_int= 1.657
# # PATH  Rmax= 8.500,  Keep_limit= 0.00, Heap_limit 0.00  Pwcrit= 2.50%
#  S02=1.000                                        Global_sig2= 0.00000
#  Energy zero shift, vr, vi   -2.00000E+00   0.00000E+00
#  Curved wave amplitude ratio filter   4.000%
#     file         sig2 tot  cw amp ratio   deg  nlegs   reff  inp sig2
#           1       0.00000    100.00      1.00     2   1.9656
#           2       0.00000     97.53      1.00     2   1.9849
#           3       0.00000     89.75      1.00     2   2.0501
#           4       0.00000     71.29      1.00     2   2.2415
#           5       0.00000     61.44      1.00     2   2.3735
#           6       0.00000     56.70      1.00     2   2.4476
#           7       0.00000     32.38      1.00     2   2.9807
#           8       0.00000     32.26      1.00     2   2.9852
#           9       0.00000     31.53      1.00     2   3.0154
#          10       0.00000     31.39      1.00     2   3.0211
#          11       0.00000     29.12      1.00     2   3.1210
#          12       0.00000     28.08      1.00     2   3.1702
#          13       0.00000     26.82      1.00     2   3.2331
#          14       0.00000     22.94      1.00     2   3.4315
#          15       0.00000     22.84      1.00     2   3.4371
#          16       0.00000     16.93      2.00     3   3.4923
#          17       0.00000     11.78      2.00     3   3.5101
#          18       0.00000     11.03      2.00     3   3.5280
#          19       0.00000     16.18      2.00     3   3.5304
#          20       0.00000     21.07      1.00     2   3.5393
#          21       0.00000     10.72      2.00     3   3.5416
#          22       0.00000      9.27      2.00     3   3.5499
#          23       0.00000     20.83      1.00     2   3.5535
#          24       0.00000     20.81      1.00     2   3.5548
#          25       0.00000     11.12      2.00     3   3.5624
#          26       0.00000     20.13      1.00     2   3.5976
#          27       0.00000      9.07      2.00     3   3.6017
#          28       0.00000      9.59      2.00     3   3.6070
#          29       0.00000      8.98      2.00     3   3.6085
#          30       0.00000     14.22      2.00     3   3.6120
#          31       0.00000      8.09      2.00     3   3.6250
#          32       0.00000      7.08      2.00     3   3.6342
#          33       0.00000     20.25      1.00     2   3.6354
#          34       0.00000      7.57      2.00     3   3.6383
#          35       0.00000      7.39      2.00     3   3.6411
#          36       0.00000      8.11      2.00     3   3.6554
#          37       0.00000     10.25      2.00     3   3.6621
#          38       0.00000      7.31      2.00     3   3.6839
#          39       0.00000      8.34      2.00     3   3.7092
#          40       0.00000     19.12      1.00     2   3.7215
#          41       0.00000      7.54      2.00     3   3.7378
#          42       0.00000      6.65      2.00     3   3.7975
#          43       0.00000     35.68      2.00     2   3.8272
#          44       0.00000     15.59      2.00     3   3.8342
#          45       0.00000     16.68      1.00     2   3.8478
#          46       0.00000      5.57      1.00     4   3.8636
#          47       0.00000      4.99      1.00     4   3.8905
#          48       0.00000     16.98      1.00     2   3.9035
#          49       0.00000     16.02      1.00     2   3.9040
#          50       0.00000     14.68      2.00     3   3.9154
#          51       0.00000      9.74      1.00     4   3.9313
#          52       0.00000     16.52      1.00     2   3.9463
#          54       0.00000     15.32      1.00     2   3.9655
#          55       0.00000      9.25      1.00     4   3.9699
#          56       0.00000      4.30      1.00     4   3.9909
#          57       0.00000      5.05      1.00     4   3.9991
#          59       0.00000      5.85      1.00     4   4.0331
#          60       0.00000      4.91      1.00     4   4.0406
#          61       0.00000     11.57      2.00     3   4.0866
#          62       0.00000      9.40      2.00     3   4.0872
#          63       0.00000      8.41      2.00     3   4.0963
#          64       0.00000      7.80      1.00     4   4.1003
#          65       0.00000      5.81      1.00     4   4.1093
#          66       0.00000      8.23      2.00     3   4.1126
#          67       0.00000      4.38      1.00     4   4.1190
#          68       0.00000     11.75      2.00     3   4.1434
#          69       0.00000      8.32      2.00     3   4.1476
#          70       0.00000     20.33      2.00     3   4.1486
#          71       0.00000     11.68      2.00     3   4.1620
#          72       0.00000      4.39      1.00     4   4.1880
#          73       0.00000      4.89      1.00     4   4.1928
#          74       0.00000      7.03      2.00     3   4.2197
#          75       0.00000     14.45      2.00     4   4.2264
#          76       0.00000      7.25      2.00     3   4.2607
#          77       0.00000     12.45      1.00     2   4.2643
#          78       0.00000      6.76      2.00     3   4.2750
#          79       0.00000     12.34      1.00     2   4.2774
#          80       0.00000      6.86      2.00     3   4.2783
#          81       0.00000     20.33      2.00     3   4.2969
#          82       0.00000     12.16      1.00     2   4.2986
#          83       0.00000     16.00      2.00     4   4.3391
#          84       0.00000      7.96      2.00     3   4.3414
#          86       0.00000     11.69      1.00     2   4.3580
#          87       0.00000     11.64      1.00     2   4.3646
#          89       0.00000      6.02      2.00     3   4.3806
#          91       0.00000     11.36      1.00     2   4.4004
#          92       0.00000     16.38      2.00     3   4.4294
#          93       0.00000      7.73      2.00     3   4.4348
#          94       0.00000      7.07      2.00     3   4.4381
#          95       0.00000     10.96      1.00     2   4.4549
#          96       0.00000     10.94      1.00     2   4.4580
#          97       0.00000     20.69      2.00     3   4.4681
#          98       0.00000      4.90      1.00     4   4.4829
#          99       0.00000     11.48      2.00     4   4.4977
#         100       0.00000     20.05      2.00     3   4.5040
#         101       0.00000     10.48      1.00     2   4.5232
#         102       0.00000     15.60      2.00     3   4.5254
#         103       0.00000      5.46      2.00     3   4.5315
#         104       0.00000     10.33      1.00     2   4.5469
#         105       0.00000     10.30      1.00     2   4.5513
#         106       0.00000     10.26      1.00     2   4.5563
#         107       0.00000     11.82      1.00     4   4.5717
#         109       0.00000     16.41      2.00     3   4.5966
#         110       0.00000      4.85      2.00     3   4.5971
#         111       0.00000     23.42      2.00     3   4.5980
#         112       0.00000      9.93      1.00     2   4.6073
#         113       0.00000     11.35      1.00     4   4.6075
#         114       0.00000     15.42      2.00     3   4.6084
#         115       0.00000      5.04      2.00     3   4.6159
#         117       0.00000      5.03      2.00     3   4.6254
#         118       0.00000      4.68      2.00     3   4.6411
#         119       0.00000     14.70      1.00     4   4.6448
#         120       0.00000      8.33      2.00     3   4.6509
#         121       0.00000      4.70      2.00     3   4.6748
#         122       0.00000      7.07      2.00     3   4.6807
#         123       0.00000      4.52      2.00     3   4.6835
#         124       0.00000      6.94      2.00     3   4.6886
#         125       0.00000      7.85      1.00     4   4.6929
#         126       0.00000      4.68      2.00     3   4.6949
#         127       0.00000      6.87      2.00     3   4.7010
#         128       0.00000     11.97      2.00     3   4.7267
#         129       0.00000      9.18      1.00     2   4.7318
#         130       0.00000      8.70      1.00     4   4.7353
#         131       0.00000      6.47      2.00     3   4.7399
#         132       0.00000     12.12      2.00     3   4.7430
#         134       0.00000      6.04      2.00     3   4.7514
#         135       0.00000      7.95      1.00     4   4.7618
#         136       0.00000      8.92      1.00     2   4.7781
#         138       0.00000      4.16      2.00     3   4.8223
#         139       0.00000     10.46      2.00     3   4.8308
#         141       0.00000      5.54      2.00     3   4.8473
#         142       0.00000      8.51      1.00     2   4.8544
#         143       0.00000      6.44      2.00     3   4.8609
#         144       0.00000      8.02      2.00     3   4.8664
#         145       0.00000      9.51      1.00     2   4.8704
#         147       0.00000      5.37      2.00     3   4.8935
#         149       0.00000      7.72      2.00     3   4.9005
#         151       0.00000      8.20      1.00     2   4.9136
#         153       0.00000      5.61      1.00     4   4.9302
#         154       0.00000      9.19      1.00     2   4.9313
#         155       0.00000      5.71      1.00     4   4.9390
#         156       0.00000      7.29      2.00     3   4.9419
#         157       0.00000      8.89      2.00     3   4.9687
#         158       0.00000      8.84      2.00     3   4.9800
#         159       0.00000      4.71      2.00     4   4.9868
#         160       0.00000     10.01      2.00     3   4.9968
#         164       0.00000      8.57      2.00     3   5.0256
#         165       0.00000      4.30      2.00     4   5.0309
#         166       0.00000      8.59      1.00     2   5.0548
#         167       0.00000      4.70      1.00     4   5.0543
#         168       0.00000      7.52      1.00     2   5.0568
#         169       0.00000      8.70      2.00     3   5.0768
#         172       0.00000      4.79      1.00     4   5.1232
#         174       0.00000      4.31      2.00     4   5.1337
#         176       0.00000      8.17      1.00     2   5.1445
#         177       0.00000      6.53      2.00     3   5.1705
#         180       0.00000      8.61      2.00     3   5.1876
#         181       0.00000      7.19      2.00     3   5.1878
#         182       0.00000      6.91      1.00     2   5.2004
#         183       0.00000      4.13      1.00     4   5.2223
#         184       0.00000      6.80      1.00     2   5.2281
#         187       0.00000     15.75      2.00     3   5.2438
#         188       0.00000      7.70      1.00     2   5.2539
#         189       0.00000      9.43      1.00     4   5.2594
#         190       0.00000      6.63      1.00     2   5.2712
#         192       0.00000      6.59      1.00     2   5.2809
#         193       0.00000      6.85      2.00     3   5.2842
#         194       0.00000      7.58      2.00     3   5.2879
#         195       0.00000     15.51      2.00     3   5.2887
#         196       0.00000      9.91      2.00     3   5.2911
#         197       0.00000      9.30      1.00     4   5.2966
#         198       0.00000      4.34      1.00     4   5.3111
#         199       0.00000      6.47      1.00     2   5.3150
#         200       0.00000      7.45      1.00     2   5.3165
#         202       0.00000      4.03      1.00     4   5.3205
#         203       0.00000      6.40      1.00     2   5.3325
#         204       0.00000      6.36      1.00     2   5.3437
#         205       0.00000     14.49      2.00     3   5.3555
#         206       0.00000      7.28      1.00     2   5.3594
#         207       0.00000      8.49      1.00     4   5.3672
#         208       0.00000      6.51      2.00     3   5.3725
#         210       0.00000      7.20      1.00     2   5.3817
#         211       0.00000      7.20      1.00     2   5.3823
#         212       0.00000      5.44      2.00     3   5.3946
#         213       0.00000      7.43      2.00     3   5.3966
#         214       0.00000      6.74      2.00     3   5.4022
#         215       0.00000      5.84      2.00     3   5.4128
#         216       0.00000      6.11      1.00     2   5.4148
#         217       0.00000      4.91      2.00     3   5.4153
#         218       0.00000      6.10      1.00     2   5.4161
#         221       0.00000      6.94      2.00     3   5.4371
#         222       0.00000      5.97      1.00     2   5.4544
#         224       0.00000      4.65      2.00     3   5.4653
#         225       0.00000      5.86      2.00     3   5.4669
#         226       0.00000      7.29      2.00     3   5.4685
#         228       0.00000      5.18      2.00     3   5.4713
#         230       0.00000      4.53      2.00     4   5.4816
#         232       0.00000      5.70      2.00     3   5.4892
#         233       0.00000      5.01      2.00     3   5.4938
#         236       0.00000      5.79      2.00     3   5.5272
#         237       0.00000      4.09      2.00     4   5.5385
#         238       0.00000      5.68      1.00     2   5.5415
#         240       0.00000      4.86      2.00     3   5.5664
#         243       0.00000      6.09      2.00     3   5.5768
#         245       0.00000      4.08      2.00     3   5.5884
#         246       0.00000      6.39      1.00     2   5.6084
#         247       0.00000      5.46      1.00     2   5.6135
#         248       0.00000      4.59      2.00     3   5.6146
#         251       0.00000      6.35      1.00     2   5.6214
#         253       0.00000      4.62      2.00     3   5.6335
#         256       0.00000      6.28      1.00     2   5.6430
#         258       0.00000      4.20      2.00     4   5.6513
#         259       0.00000      6.06      2.00     3   5.6624
#         260       0.00000      5.61      2.00     3   5.6706
#         262       0.00000      4.76      2.00     3   5.6781
#         266       0.00000      4.26      2.00     3   5.6937
#         268       0.00000      8.31      2.00     3   5.7238
#         270       0.00000      6.55      2.00     3   5.7390
#         275       0.00000      5.88      2.00     3   5.7496
#         277       0.00000      4.52      2.00     3   5.7540
#         287       0.00000      5.95      2.00     3   5.8174
#         291       0.00000      4.47      2.00     3   5.8300
#         295       0.00000      4.01      2.00     3   5.8480
#         296       0.00000      4.49      2.00     3   5.8479
#         302       0.00000      5.63      1.00     2   5.8591
#         303       0.00000      5.61      1.00     2   5.8641
#         305       0.00000      4.75      1.00     2   5.8707
#         308       0.00000      5.53      1.00     2   5.8949
#         309       0.00000      6.47      2.00     3   5.8953
#         314       0.00000      4.32      2.00     3   5.9055
#         315       0.00000      5.49      1.00     2   5.9095
#         324       0.00000      8.07      2.00     3   5.9581
#   232/ 294 paths used
#  -----------------------------------------------------------------------
#       k          chi          mag           phase @#
    -0.7000   -5.119327E-01  5.311111E-01 -1.301243E+00
    -0.6500   -4.767929E-01  4.980385E-01 -1.277657E+00
    -0.6000   -4.532630E-01  4.759387E-01 -1.260869E+00
    -0.5500   -4.368572E-01  4.609178E-01 -1.246259E+00
    -0.5000   -4.262464E-01  4.516751E-01 -1.233647E+00
    -0.4500   -4.192527E-01  4.462265E-01 -1.221317E+00
    -0.4000   -4.149351E-01  4.434871E-01 -1.210009E+00
    -0.3500   -4.120432E-01  4.425646E-01 -1.197239E+00
    -0.3000   -4.103323E-01  4.427561E-01 -1.185716E+00
    -0.2500   -4.093154E-01  4.435141E-01 -1.175524E+00
    -0.2000   -4.087056E-01  4.444802E-01 -1.166841E+00
    -0.1500   -4.084226E-01  4.456420E-01 -1.159195E+00
    -0.1000   -4.082998E-01  4.466472E-01 -1.153391E+00
    -0.0500   -4.082447E-01  4.472928E-01 -1.149846E+00
     0.0000   -4.082290E-01  4.475147E-01 -1.148654E+00
     0.0500   -4.082145E-01  4.477400E-01 -1.147457E+00
     0.1000   -4.081780E-01  4.484350E-01 -1.143834E+00
     0.1500   -4.081360E-01  4.496546E-01 -1.137688E+00
     0.2000   -4.081045E-01  4.514803E-01 -1.128861E+00
     0.2500   -4.080829E-01  4.540080E-01 -1.117127E+00
     0.3000   -4.080357E-01  4.573330E-01 -1.102209E+00
     0.3500   -4.079435E-01  4.617267E-01 -1.083319E+00
     0.4000   -4.078211E-01  4.678734E-01 -1.058555E+00
     0.4500   -4.071121E-01  4.751721E-01 -1.028969E+00
     0.5000   -4.053925E-01  4.835866E-01 -9.941648E-01
     0.5500   -4.021991E-01  4.935334E-01 -9.526220E-01
     0.6000   -3.967186E-01  5.055482E-01 -9.022598E-01
     0.6500   -3.878121E-01  5.184017E-01 -8.451820E-01
     0.7000   -3.744125E-01  5.322289E-01 -7.802826E-01
     0.7500   -3.547279E-01  5.478250E-01 -7.043261E-01
     0.8000   -3.279054E-01  5.633971E-01 -6.212042E-01
     0.8500   -2.923706E-01  5.795049E-01 -5.288235E-01
     0.9000   -2.465598E-01  5.959616E-01 -4.265337E-01
     0.9500   -1.909130E-01  6.112159E-01 -3.176652E-01
     1.0000   -1.229965E-01  6.264288E-01 -1.976296E-01
     1.0500   -4.531894E-02  6.398013E-01 -7.089220E-02
     1.1000    4.138521E-02  6.513947E-01  6.357605E-02
     1.1500    1.354909E-01  6.610290E-01  2.064327E-01
     1.2000    2.314613E-01  6.675549E-01  3.540826E-01
     1.2500    3.285519E-01  6.717687E-01  5.110402E-01
     1.3000    4.183463E-01  6.722456E-01  6.716924E-01
     1.3500    4.982294E-01  6.695142E-01  8.392848E-01
     1.4000    5.617899E-01  6.629757E-01  1.011025E+00
     1.4500    6.053120E-01  6.527104E-01  1.187354E+00
     1.5000    6.256289E-01  6.387034E-01  1.368112E+00
     1.5500    6.208179E-01  6.209354E-01  1.551335E+00
     1.6000    5.912114E-01  5.996650E-01  1.738906E+00
     1.6500    5.389788E-01  5.750690E-01  1.926958E+00
     1.7000    4.672190E-01  5.474506E-01  2.119033E+00
     1.7500    3.822395E-01  5.172990E-01  2.310135E+00
     1.8000    2.888282E-01  4.847841E-01  2.503347E+00
     1.8500    1.948317E-01  4.507622E-01  2.694632E+00
     1.9000    1.042091E-01  4.151313E-01  2.887852E+00
     1.9500    2.390006E-02  3.789133E-01  3.078475E+00
     2.0000   -4.169795E-02  3.431502E-01  3.263409E+00
     2.0500   -9.121073E-02  3.085233E-01  3.441714E+00
     2.1000   -1.239791E-01  2.741931E-01  3.610778E+00
     2.1500   -1.411830E-01  2.409153E-01  3.767740E+00
     2.2000   -1.472110E-01  2.109812E-01  3.913837E+00
     2.2500   -1.454562E-01  1.845115E-01  4.049685E+00
     2.3000   -1.381422E-01  1.607613E-01  4.175492E+00
     2.3500   -1.259859E-01  1.382368E-01  4.288211E+00
     2.4000   -1.122659E-01  1.183247E-01  4.390991E+00
     2.4500   -9.779249E-02  1.004704E-01  4.480988E+00
     2.5000   -8.343521E-02  8.455007E-02  4.549817E+00
     2.5500   -7.241691E-02  7.315885E-02  4.569850E+00
     2.6000   -6.388096E-02  6.475074E-02  4.548298E+00
     2.6500   -5.893503E-02  6.033892E-02  4.496252E+00
     2.7000   -5.803368E-02  6.011991E-02  4.448178E+00
     2.7500   -5.948276E-02  6.155787E-02  4.452001E+00
     2.8000   -6.279406E-02  6.448322E-02  4.482996E+00
     2.8500   -6.748184E-02  6.847895E-02  4.541531E+00
     2.9000   -7.279169E-02  7.306329E-02  4.626138E+00
     2.9500   -7.766849E-02  7.767422E-02  4.724533E+00
     3.0000   -8.175640E-02  8.242666E-02  4.840003E+00
     3.0500   -8.421412E-02  8.714447E-02  4.972452E+00
     3.1000   -8.412524E-02  9.160857E-02  5.119391E+00
     3.1500   -8.100212E-02  9.566179E-02  5.273329E+00
     3.2000   -7.431372E-02  9.926680E-02  5.437198E+00
     3.2500   -6.356698E-02  1.021471E-01  5.611497E+00
     3.3000   -4.902838E-02  1.041514E-01  5.793054E+00
     3.3500   -3.175065E-02  1.055126E-01  5.977530E+00
     3.4000   -1.247080E-02  1.062970E-01  6.165594E+00
     3.4500    7.973919E-03  1.063364E-01  6.358243E+00
     3.5000    2.832762E-02  1.056240E-01  6.554702E+00
     3.5500    4.725748E-02  1.042535E-01  6.753642E+00
     3.6000    6.359521E-02  1.022990E-01  6.954046E+00
     3.6500    7.641673E-02  9.974272E-02  7.155996E+00
     3.7000    8.506246E-02  9.665802E-02  7.359122E+00
     3.7500    8.915765E-02  9.307243E-02  7.562915E+00
     3.8000    8.872558E-02  8.906138E-02  7.767117E+00
     3.8500    8.421575E-02  8.480766E-02  7.972198E+00
     3.9000    7.619957E-02  8.038925E-02  8.178255E+00
     3.9500    6.535463E-02  7.582695E-02  8.385789E+00
     4.0000    5.244956E-02  7.112543E-02  8.595530E+00
     4.0500    3.840835E-02  6.640870E-02  8.808057E+00
     4.1000    2.404046E-02  6.168194E-02  9.024419E+00
     4.1500    1.015995E-02  5.689090E-02  9.245228E+00
     4.2000   -2.383820E-03  5.196725E-02  9.470666E+00
     4.2500   -1.295188E-02  4.708434E-02  9.703449E+00
     4.3000   -2.104224E-02  4.226801E-02  9.945872E+00
     4.3500   -2.623535E-02  3.749499E-02  1.019976E+01
     4.4000   -2.813942E-02  3.263238E-02  1.046460E+01
     4.4500   -2.715210E-02  2.798761E-02  1.075062E+01
     4.5000   -2.361255E-02  2.367264E-02  1.106684E+01
     4.5500   -1.802547E-02  1.982457E-02  1.142489E+01
     4.6000   -1.102904E-02  1.650531E-02  1.183457E+01
     4.6500   -3.550880E-03  1.421970E-02  1.231398E+01
     4.7000    3.648733E-03  1.330136E-02  1.284425E+01
     4.7500    9.878222E-03  1.377775E-02  1.336582E+01
     4.8000    1.446858E-02  1.516088E-02  1.383380E+01
     4.8500    1.713426E-02  1.721217E-02  1.423235E+01
     4.9000    1.772608E-02  1.956300E-02  1.457399E+01
     4.9500    1.625728E-02  2.198184E-02  1.487552E+01
     5.0000    1.277473E-02  2.429258E-02  1.515423E+01
     5.0500    7.727284E-03  2.651450E-02  1.541224E+01
     5.1000    1.505584E-03  2.860549E-02  1.565531E+01
     5.1500   -5.449657E-03  3.054550E-02  1.588733E+01
     5.2000   -1.278776E-02  3.231727E-02  1.611479E+01
     5.2500   -1.992699E-02  3.394307E-02  1.633540E+01
     5.3000   -2.643787E-02  3.541948E-02  1.655063E+01
     5.3500   -3.193842E-02  3.674613E-02  1.676147E+01
     5.4000   -3.615272E-02  3.792698E-02  1.697168E+01
     5.4500   -3.878218E-02  3.897854E-02  1.717834E+01
     5.5000   -3.970400E-02  3.991560E-02  1.738177E+01
     5.5500   -3.889570E-02  4.075924E-02  1.758232E+01
     5.6000   -3.640007E-02  4.155629E-02  1.778221E+01
     5.6500   -3.234176E-02  4.232786E-02  1.797995E+01
     5.7000   -2.688234E-02  4.310544E-02  1.817616E+01
     5.7500   -2.019069E-02  4.391715E-02  1.837185E+01
     5.8000   -1.240181E-02  4.480705E-02  1.856911E+01
     5.8500   -3.721983E-03  4.577185E-02  1.876815E+01
     5.9000    5.629911E-03  4.679896E-02  1.897015E+01
     5.9500    1.535841E-02  4.785975E-02  1.917624E+01
     6.0000    2.513493E-02  4.897991E-02  1.938843E+01
     6.0500    3.436533E-02  5.005071E-02  1.960637E+01
     6.1000    4.236481E-02  5.099243E-02  1.983011E+01
     6.1500    4.840181E-02  5.173339E-02  2.005951E+01
     6.2000    5.179200E-02  5.220686E-02  2.029420E+01
     6.2500    5.202049E-02  5.235587E-02  2.053360E+01
     6.3000    4.885590E-02  5.213697E-02  2.077701E+01
     6.3500    4.242792E-02  5.152295E-02  2.102364E+01
     6.4000    3.324624E-02  5.050439E-02  2.127261E+01
     6.4500    2.215068E-02  4.909035E-02  2.152301E+01
     6.5000    1.020085E-02  4.739963E-02  2.177424E+01
     6.5500   -1.502916E-03  4.538329E-02  2.202427E+01
     6.6000   -1.192793E-02  4.307954E-02  2.227170E+01
     6.6500   -2.029997E-02  4.056496E-02  2.251525E+01
     6.7000   -2.619827E-02  3.792697E-02  2.275368E+01
     6.7500   -2.956954E-02  3.525922E-02  2.298592E+01
     6.8000   -3.066765E-02  3.265587E-02  2.321120E+01
     6.8500   -2.993935E-02  3.020437E-02  2.342938E+01
     6.9000   -2.788904E-02  2.797697E-02  2.364125E+01
     6.9500   -2.495850E-02  2.602185E-02  2.384881E+01
     7.0000   -2.151455E-02  2.440409E-02  2.405351E+01
     7.0500   -1.766822E-02  2.306898E-02  2.426032E+01
     7.1000   -1.342795E-02  2.194806E-02  2.447440E+01
     7.1500   -8.795161E-03  2.096784E-02  2.469989E+01
     7.2000   -3.840532E-03  2.004883E-02  2.493999E+01
     7.2500    1.225775E-03  1.912018E-02  2.519689E+01
     7.3000    6.035130E-03  1.813020E-02  2.547209E+01
     7.3500    1.010235E-02  1.705207E-02  2.576683E+01
     7.4000    1.291947E-02  1.588579E-02  2.608250E+01
     7.4500    1.407640E-02  1.465770E-02  2.642096E+01
     7.5000    1.335585E-02  1.339921E-02  2.678402E+01
     7.5500    1.084139E-02  1.217318E-02  2.717568E+01
     7.6000    6.925462E-03  1.107633E-02  2.759888E+01
     7.6500    2.243498E-03  1.020893E-02  2.805277E+01
     7.7000   -2.436633E-03  9.655004E-03  2.852946E+01
     7.7500   -6.362724E-03  9.449103E-03  2.901309E+01
     7.8000   -8.941914E-03  9.555581E-03  2.948480E+01
     7.8500   -9.845839E-03  9.881945E-03  2.993064E+01
     7.9000   -9.054038E-03  1.031602E-02  3.034495E+01
     7.9500   -6.829119E-03  1.075818E-02  3.072820E+01
     8.0000   -3.598061E-03  1.114578E-02  3.108722E+01
     8.0500    8.628708E-05  1.144132E-02  3.142347E+01
     8.1000    3.674499E-03  1.162044E-02  3.173766E+01
     8.1500    6.749223E-03  1.168192E-02  3.203190E+01
     8.2000    9.059557E-03  1.164043E-02  3.230785E+01
     8.2500    1.052157E-02  1.152113E-02  3.256710E+01
     8.3000    1.117979E-02  1.135382E-02  3.281141E+01
     8.3500    1.114892E-02  1.116664E-02  3.304306E+01
     8.4000    1.055802E-02  1.098001E-02  3.326486E+01
     8.4500    9.514663E-03  1.080205E-02  3.347993E+01
     8.5000    8.083005E-03  1.062313E-02  3.369284E+01
     8.5500    6.333942E-03  1.042980E-02  3.390487E+01
     8.6000    4.359303E-03  1.019999E-02  3.411592E+01
     8.6500    2.278528E-03  9.907260E-03  3.432546E+01
     8.7000    2.506771E-04  9.530572E-03  3.453121E+01
     8.7500   -1.546777E-03  9.061124E-03  3.472906E+01
     8.8000   -2.960005E-03  8.509273E-03  3.491280E+01
     8.8500   -3.907984E-03  7.912261E-03  3.507411E+01
     8.9000   -4.420125E-03  7.342671E-03  3.520349E+01
     8.9500   -4.645339E-03  6.913044E-03  3.529438E+01
     9.0000   -4.838645E-03  6.775123E-03  3.535297E+01
     9.0500   -5.267763E-03  7.034860E-03  3.540378E+01
     9.1000   -6.129527E-03  7.702306E-03  3.547785E+01
     9.1500   -7.493565E-03  8.704466E-03  3.559453E+01
     9.2000   -9.244317E-03  9.925229E-03  3.575575E+01
     9.2500   -1.107963E-02  1.124965E-02  3.595424E+01
     9.3000   -1.256299E-02  1.258049E-02  3.618107E+01
     9.3500   -1.321999E-02  1.383941E-02  3.642863E+01
     9.4000   -1.265627E-02  1.496436E-02  3.669112E+01
     9.4500   -1.066606E-02  1.590728E-02  3.696421E+01
     9.5000   -7.295790E-03  1.664882E-02  3.724550E+01
     9.5500   -2.854869E-03  1.716555E-02  3.753202E+01
     9.6000    2.118047E-03  1.743348E-02  3.782091E+01
     9.6500    6.975375E-03  1.745194E-02  3.811029E+01
     9.7000    1.109153E-02  1.723132E-02  3.839841E+01
     9.7500    1.398731E-02  1.679276E-02  3.868351E+01
     9.8000    1.541567E-02  1.616765E-02  3.896372E+01
     9.8500    1.538858E-02  1.539687E-02  3.923710E+01
     9.9000    1.414133E-02  1.452966E-02  3.950163E+01
     9.9500    1.204774E-02  1.362190E-02  3.975541E+01
    10.0000    9.534380E-03  1.276843E-02  3.999759E+01
    10.0500    6.913204E-03  1.202148E-02  4.022801E+01
    10.1000    4.361759E-03  1.139904E-02  4.044805E+01
    10.1500    1.944642E-03  1.093539E-02  4.066192E+01
    10.2000   -3.743757E-04  1.064056E-02  4.087590E+01
    10.2500   -2.660394E-03  1.049755E-02  4.109693E+01
    10.3000   -4.928541E-03  1.046693E-02  4.133098E+01
    10.3500   -7.087116E-03  1.049711E-02  4.158187E+01
    10.4000   -8.924417E-03  1.053532E-02  4.185120E+01
    10.4500   -1.014677E-02  1.053578E-02  4.213891E+01
    10.5000   -1.045840E-02  1.046395E-02  4.244406E+01
    10.5500   -9.659590E-03  1.029774E-02  4.276540E+01
    10.6000   -7.731911E-03  1.002687E-02  4.310170E+01
    10.6500   -4.881880E-03  9.651255E-03  4.345195E+01
    10.7000   -1.525023E-03  9.179069E-03  4.381538E+01
    10.7500    1.790297E-03  8.624502E-03  4.419140E+01
    10.8000    4.502040E-03  8.005472E-03  4.457955E+01
    10.8500    6.165782E-03  7.341276E-03  4.497936E+01
    10.9000    6.562248E-03  6.650251E-03  4.539023E+01
    10.9500    5.750445E-03  5.947593E-03  4.581129E+01
    11.0000    4.056117E-03  5.251203E-03  4.624125E+01
    11.0500    1.968171E-03  4.564407E-03  4.667807E+01
    11.1000    1.731963E-05  3.876837E-03  4.711942E+01
    11.1500   -1.352091E-03  3.181515E-03  4.756283E+01
    11.2000   -1.905004E-03  2.467561E-03  4.800590E+01
    11.2500   -1.670083E-03  1.722734E-03  4.844682E+01
    11.3000   -9.190870E-04  9.361597E-04  4.888596E+01
    11.3500   -7.702165E-05  1.010361E-04  4.939860E+01
    11.4000    4.115342E-04  7.857384E-04  4.657264E+01
    11.4500    2.219188E-04  1.718401E-03  4.699439E+01
    11.5000   -7.451912E-04  2.687019E-03  4.740490E+01
    11.5500   -2.322963E-03  3.675465E-03  4.780805E+01
    11.6000   -4.114677E-03  4.662958E-03  4.820487E+01
    11.6500   -5.597882E-03  5.625246E-03  4.859601E+01
    11.7000   -6.268064E-03  6.535932E-03  4.898197E+01
    11.7500   -5.782113E-03  7.367834E-03  4.936314E+01
    11.8000   -4.061665E-03  8.094326E-03  4.973981E+01
    11.8500   -1.327293E-03  8.690604E-03  5.011215E+01
    11.9000    1.946526E-03  9.134848E-03  5.048022E+01
    11.9500    5.143978E-03  9.409247E-03  5.084389E+01
    12.0000    7.667189E-03  9.508911E-03  5.120338E+01
    12.0500    9.067459E-03  9.429866E-03  5.155814E+01
    12.1000    9.137642E-03  9.160243E-03  5.190654E+01
    12.1500    7.980465E-03  8.704489E-03  5.224703E+01
    12.2000    5.958229E-03  8.074260E-03  5.257708E+01
    12.2500    3.587683E-03  7.289439E-03  5.289249E+01
    12.3000    1.399103E-03  6.380272E-03  5.318599E+01
    12.3500   -2.016248E-04  5.392415E-03  5.344447E+01
    12.4000   -1.030881E-03  4.399430E-03  5.364360E+01
    12.4500   -1.159873E-03  3.532084E-03  5.374167E+01
    12.5000   -8.751059E-04  3.018756E-03  5.370119E+01
    12.5500   -5.798312E-04  3.099947E-03  5.359523E+01
    12.6000   -6.653719E-04  3.734671E-03  5.358619E+01
    12.6500   -1.388753E-03  4.664145E-03  5.370941E+01
    12.7000   -2.790428E-03  5.687153E-03  5.391992E+01
    12.7500   -4.674112E-03  6.692610E-03  5.418023E+01
    12.8000   -6.653273E-03  7.617480E-03  5.446926E+01
    12.8500   -8.250591E-03  8.422515E-03  5.477547E+01
    12.9000   -9.022752E-03  9.082120E-03  5.509227E+01
    12.9500   -8.676831E-03  9.580119E-03  5.541561E+01
    13.0000   -7.151938E-03  9.921186E-03  5.574360E+01
    13.0500   -4.616544E-03  1.011138E-02  5.607453E+01
    13.1000   -1.444492E-03  1.013437E-02  5.640565E+01
    13.1500    1.858063E-03  9.997717E-03  5.673560E+01
    13.2000    4.779448E-03  9.713880E-03  5.706308E+01
    13.2500    6.912451E-03  9.299799E-03  5.738664E+01
    13.3000    8.032081E-03  8.776446E-03  5.770464E+01
    13.3500    8.123925E-03  8.168414E-03  5.801505E+01
    13.4000    7.360019E-03  7.503565E-03  5.831538E+01
    13.4500    6.033081E-03  6.812773E-03  5.860257E+01
    13.5000    4.470116E-03  6.129688E-03  5.887303E+01
    13.5500    2.950076E-03  5.490260E-03  5.912299E+01
    13.6000    1.647015E-03  4.931305E-03  5.934973E+01
    13.6500    6.112111E-04  4.486785E-03  5.955361E+01
    13.7000   -2.109544E-04  4.180749E-03  5.974074E+01
    13.7500   -9.286221E-04  4.018637E-03  5.992345E+01
    13.8000   -1.647112E-03  3.983112E-03  6.011658E+01
    13.8500   -2.416903E-03  4.039603E-03  6.033164E+01
    13.9000   -3.206272E-03  4.148196E-03  6.057371E+01
    13.9500   -3.904841E-03  4.273738E-03  6.084252E+01
    14.0000   -4.358978E-03  4.393858E-03  6.113497E+01
    14.0500   -4.415396E-03  4.492864E-03  6.144703E+01
    14.1000   -3.967249E-03  4.555911E-03  6.177504E+01
    14.1500   -3.006508E-03  4.580696E-03  6.211589E+01
    14.2000   -1.630724E-03  4.569065E-03  6.246690E+01
    14.2500   -2.783352E-05  4.525533E-03  6.282570E+01
    14.3000    1.562377E-03  4.456068E-03  6.319008E+01
    14.3500    2.899242E-03  4.367117E-03  6.355785E+01
    14.4000    3.790951E-03  4.264880E-03  6.392674E+01
    14.4500    4.130519E-03  4.154834E-03  6.429441E+01
    14.5000    3.910055E-03  4.041552E-03  6.465844E+01
    14.5500    3.211737E-03  3.928785E-03  6.501641E+01
    14.6000    2.180196E-03  3.819776E-03  6.536601E+01
    14.6500    9.854277E-04  3.717706E-03  6.570518E+01
    14.7000   -2.131953E-04  3.626138E-03  6.603227E+01
    14.7500   -1.292866E-03  3.549301E-03  6.634628E+01
    14.8000   -2.178304E-03  3.492067E-03  6.664702E+01
    14.8500   -2.837748E-03  3.459522E-03  6.693533E+01
    14.9000   -3.268397E-03  3.456149E-03  6.721311E+01
    14.9500   -3.478289E-03  3.484784E-03  6.748318E+01
    15.0000   -3.476479E-03  3.550330E-03  6.774856E+01
    15.0500   -3.262391E-03  3.655732E-03  6.801239E+01
    15.1000   -2.812553E-03  3.787061E-03  6.827798E+01
    15.1500   -2.116833E-03  3.935640E-03  6.854714E+01
    15.2000   -1.187215E-03  4.091466E-03  6.882064E+01
    15.2500   -7.053976E-05  4.244294E-03  6.909842E+01
    15.3000    1.147577E-03  4.384519E-03  6.937986E+01
    15.3500    2.350019E-03  4.503825E-03  6.966398E+01
    15.4000    3.405449E-03  4.595619E-03  6.994963E+01
    15.4500    4.191324E-03  4.655299E-03  7.023557E+01
    15.5000    4.616634E-03  4.680407E-03  7.052057E+01
    15.5500    4.638450E-03  4.670675E-03  7.080337E+01
    15.6000    4.268148E-03  4.627999E-03  7.108278E+01
    15.6500    3.566134E-03  4.556314E-03  7.135767E+01
    15.7000    2.626971E-03  4.461381E-03  7.162703E+01
    15.7500    1.559305E-03  4.350435E-03  7.189005E+01
    15.8000    4.660457E-04  4.231688E-03  7.214627E+01
    15.8500   -5.702917E-04  4.113646E-03  7.239571E+01
    15.9000   -1.494069E-03  4.004258E-03  7.263900E+01
    15.9500   -2.274489E-03  3.909967E-03  7.287747E+01
    16.0000   -2.899170E-03  3.836056E-03  7.311346E+01
    16.0500   -3.359495E-03  3.783298E-03  7.334957E+01
    16.1000   -3.639264E-03  3.746855E-03  7.358720E+01
    16.1500   -3.722831E-03  3.722833E-03  7.382836E+01
    16.2000   -3.593018E-03  3.705560E-03  7.407451E+01
    16.2500   -3.238482E-03  3.688497E-03  7.432657E+01
    16.3000   -2.663226E-03  3.665111E-03  7.458480E+01
    16.3500   -1.894690E-03  3.629604E-03  7.484902E+01
    16.4000   -9.871603E-04  3.577397E-03  7.511865E+01
    16.4500   -1.863682E-05  3.505402E-03  7.539291E+01
    16.5000    9.187422E-04  3.412104E-03  7.567085E+01
    16.5500    1.732694E-03  3.297508E-03  7.595147E+01
    16.6000    2.345857E-03  3.162988E-03  7.623376E+01
    16.6500    2.708265E-03  3.011076E-03  7.651670E+01
    16.7000    2.804319E-03  2.845207E-03  7.679928E+01
    16.7500    2.652854E-03  2.669446E-03  7.708057E+01
    16.8000    2.300741E-03  2.488203E-03  7.735968E+01
    16.8500    1.812029E-03  2.305957E-03  7.763582E+01
    16.9000    1.255564E-03  2.126981E-03  7.790838E+01
    16.9500    6.939786E-04  1.955095E-03  7.817695E+01
    17.0000    1.749340E-04  1.794235E-03  7.844216E+01
    17.0500   -2.710539E-04  1.646968E-03  7.870515E+01
    17.1000   -6.231977E-04  1.512647E-03  7.896445E+01
    17.1500   -8.760958E-04  1.392051E-03  7.922054E+01
    17.2000   -1.033600E-03  1.285410E-03  7.947398E+01
    17.2500   -1.105183E-03  1.192584E-03  7.972538E+01
    17.3000   -1.103081E-03  1.113251E-03  7.997534E+01
    17.3500   -1.040325E-03  1.047094E-03  8.022438E+01
    17.4000   -9.293814E-04  9.939363E-04  8.047301E+01
    17.4500   -7.811172E-04  9.538035E-04  8.072183E+01
    17.5000   -6.039726E-04  9.268972E-04  8.097171E+01
    17.5500   -4.035521E-04  9.134960E-04  8.122384E+01
    17.6000   -1.830170E-04  9.138022E-04  8.147976E+01
    17.6500    5.539721E-05  9.277783E-04  8.174115E+01
    17.7000    3.077736E-04  9.550142E-04  8.200954E+01
    17.7500    5.653762E-04  9.946500E-04  8.228599E+01
    17.8000    8.120250E-04  1.045357E-03  8.257096E+01
    17.8500    1.023225E-03  1.105359E-03  8.286428E+01
    17.9000    1.168046E-03  1.172478E-03  8.316523E+01
    17.9500    1.214045E-03  1.244188E-03  8.347277E+01
    18.0000    1.135500E-03  1.319474E-03  8.378661E+01
    18.0500    9.180270E-04  1.397852E-03  8.410651E+01
    18.1000    5.651246E-04  1.471778E-03  8.442891E+01
    18.1500    1.081131E-04  1.538065E-03  8.475265E+01
    18.2000   -3.999176E-04  1.593674E-03  8.507665E+01
    18.2500   -8.921384E-04  1.635874E-03  8.539982E+01
    18.3000   -1.300152E-03  1.662402E-03  8.572102E+01
    18.3500   -1.567526E-03  1.671625E-03  8.603903E+01
    18.4000   -1.661280E-03  1.662700E-03  8.635246E+01
    18.4500   -1.578251E-03  1.635739E-03  8.665970E+01
    18.5000   -1.344519E-03  1.591959E-03  8.695883E+01
    18.5500   -1.007932E-03  1.533841E-03  8.724759E+01
    18.6000   -6.257399E-04  1.465269E-03  8.752337E+01
    18.6500   -2.507227E-04  1.391629E-03  8.778344E+01
    18.7000    8.029268E-05  1.319764E-03  8.802547E+01
    18.7500    3.523467E-04  1.257609E-03  8.824857E+01
    18.8000    5.711503E-04  1.213249E-03  8.845475E+01
    18.8500    7.553898E-04  1.193265E-03  8.865007E+01
    18.9000    9.251462E-04  1.200813E-03  8.884411E+01
    18.9500    1.090282E-03  1.234491E-03  8.904720E+01
    19.0000    1.244222E-03  1.290176E-03  8.926769E+01
    19.0500    1.361745E-03  1.362171E-03  8.951039E+01
    19.1000    1.397769E-03  1.438549E-03  8.977407E+01
    19.1500    1.310898E-03  1.511770E-03  9.005678E+01
    19.2000    1.074284E-03  1.575628E-03  9.035595E+01
    19.2500    6.881339E-04  1.625397E-03  9.066903E+01
    19.3000    1.858694E-04  1.657785E-03  9.099383E+01
    19.3500   -3.684852E-04  1.670814E-03  9.132856E+01
    19.4000   -8.916249E-04  1.663690E-03  9.167180E+01
    19.4500   -1.298417E-03  1.636656E-03  9.202246E+01
    19.5000   -1.521050E-03  1.590846E-03  9.237967E+01
    19.5500   -1.524819E-03  1.528122E-03  9.274274E+01
    19.6000   -1.316343E-03  1.450914E-03  9.311108E+01
    19.6500   -9.419675E-04  1.362036E-03  9.348409E+01
    19.7000   -4.768185E-04  1.264513E-03  9.386114E+01
    19.7500   -7.414367E-06  1.161397E-03  9.424140E+01
    19.8000    3.875658E-04  1.055597E-03  9.462373E+01
    19.8500    6.534346E-04  9.497397E-04  9.500653E+01
    19.9000    7.686634E-04  8.460601E-04  9.538751E+01
    19.9500    7.452281E-04  7.463634E-04  9.576341E+01