# # tequil.ion_motion                                            FEFF 9.05   
# # POT  SCF  30  5.5000   1, core-hole, AFOLP (folp(0)= 1.150)
# # Abs   Z=30 Rmt= 1.310 Rnm= 1.413 K  shell
# # Pot 1 Z=26 Rmt= 1.317 Rnm= 1.408
# # Pot 2 Z= 8 Rmt= 0.989 Rnm= 1.076
# # Gam_ch=1.897E+00 H-L exch
# # Mu=-1.175E+01 kf=2.186E+00 Vint=-1.923E+01 Rs_int= 1.659
# # PATH  Rmax= 8.500,  Keep_limit= 0.00, Heap_limit 0.00  Pwcrit= 2.50%
#  S02=1.000                                        Global_sig2= 0.00000
#  Energy zero shift, vr, vi   -2.00000E+00   0.00000E+00
#  Curved wave amplitude ratio filter   4.000%
#     file         sig2 tot  cw amp ratio   deg  nlegs   reff  inp sig2
#           1       0.00000    100.00      1.00     2   1.9515
#           2       0.00000     95.49      1.00     2   1.9870
#           3       0.00000     95.05      1.00     2   1.9906
#           4       0.00000     73.55      1.00     2   2.1994
#           5       0.00000     62.11      1.00     2   2.3477
#           6       0.00000     51.39      1.00     2   2.5242
#           7       0.00000     32.87      1.00     2   2.9399
#           8       0.00000     32.83      1.00     2   2.9417
#           9       0.00000     32.09      1.00     2   2.9711
#          10       0.00000     29.95      1.00     2   3.0621
#          11       0.00000     55.80      2.00     2   3.1571
#          12       0.00000     23.46      1.00     2   3.3829
#          13       0.00000     23.40      1.00     2   3.3857
#          14       0.00000     23.62      1.00     2   3.3888
#          15       0.00000     12.83      2.00     3   3.4231
#          16       0.00000     11.78      2.00     3   3.4421
#          17       0.00000     21.76      1.00     2   3.4764
#          18       0.00000     11.13      2.00     3   3.4792
#          19       0.00000     18.19      2.00     3   3.4876
#          20       0.00000     21.36      1.00     2   3.5001
#          21       0.00000     12.25      2.00     3   3.5254
#          22       0.00000     15.39      2.00     3   3.5301
#          23       0.00000      7.96      2.00     3   3.5623
#          24       0.00000      8.43      2.00     3   3.5621
#          25       0.00000     20.32      1.00     2   3.5640
#          26       0.00000      8.53      2.00     3   3.5669
#          27       0.00000     20.17      1.00     2   3.5732
#          28       0.00000      9.98      2.00     3   3.5876
#          29       0.00000      8.14      2.00     3   3.6014
#          30       0.00000      9.35      2.00     3   3.6020
#          31       0.00000      7.95      2.00     3   3.6121
#          32       0.00000      9.83      2.00     3   3.6237
#          33       0.00000      7.55      2.00     3   3.6368
#          34       0.00000     19.76      1.00     2   3.6491
#          35       0.00000      9.16      2.00     3   3.6886
#          36       0.00000     19.21      1.00     2   3.6917
#          37       0.00000      9.13      2.00     3   3.7060
#          38       0.00000     18.84      1.00     2   3.7208
#          39       0.00000     13.30      2.00     3   3.7356
#          40       0.00000      6.94      2.00     3   3.7641
#          41       0.00000      7.24      2.00     3   3.8022
#          42       0.00000      5.42      1.00     4   3.8183
#          43       0.00000     15.09      2.00     3   3.9029
#          44       0.00000      9.90      1.00     4   3.9031
#          45       0.00000      4.95      1.00     4   3.9032
#          46       0.00000      6.05      1.00     4   3.9044
#          47       0.00000     16.66      1.00     2   3.9098
#          48       0.00000     13.71      2.00     3   3.9159
#          49       0.00000     15.42      1.00     2   3.9329
#          52       0.00000      5.62      1.00     4   3.9444
#          53       0.00000     16.24      1.00     2   3.9498
#          54       0.00000      8.99      1.00     4   3.9740
#          56       0.00000      8.91      1.00     4   3.9812
#          57       0.00000      4.92      1.00     4   3.9887
#          58       0.00000     14.80      1.00     2   3.9901
#          59       0.00000     15.80      1.00     2   3.9931
#          60       0.00000      8.48      2.00     3   4.0579
#          61       0.00000     13.98      1.00     2   4.0715
#          63       0.00000      6.18      1.00     4   4.0851
#          64       0.00000      8.56      2.00     3   4.0858
#          65       0.00000     14.38      2.00     3   4.0992
#          66       0.00000      8.52      2.00     3   4.0999
#          67       0.00000     12.50      2.00     3   4.1017
#          68       0.00000      7.90      2.00     3   4.1056
#          69       0.00000     20.90      2.00     3   4.1123
#          70       0.00000      4.84      1.00     4   4.1402
#          71       0.00000      8.35      2.00     3   4.1517
#          72       0.00000      7.13      2.00     3   4.1723
#          73       0.00000      7.02      2.00     3   4.1852
#          74       0.00000     15.04      2.00     4   4.1865
#          75       0.00000      5.85      1.00     4   4.2485
#          76       0.00000     10.17      2.00     3   4.2598
#          77       0.00000     18.93      2.00     3   4.2777
#          78       0.00000      4.87      1.00     4   4.2935
#          79       0.00000      6.54      2.00     3   4.3006
#          80       0.00000      6.40      2.00     3   4.3160
#          81       0.00000     13.91      2.00     4   4.3383
#          82       0.00000     11.39      1.00     2   4.3715
#          83       0.00000     11.36      1.00     2   4.3755
#          84       0.00000      8.89      2.00     3   4.3860
#          85       0.00000     11.20      1.00     2   4.3973
#          86       0.00000      5.29      1.00     4   4.3989
#          87       0.00000     11.15      1.00     2   4.4040
#          88       0.00000     11.11      1.00     2   4.4097
#          89       0.00000     11.10      1.00     2   4.4108
#          90       0.00000     11.04      1.00     2   4.4190
#          91       0.00000     17.09      2.00     3   4.4200
#          92       0.00000      7.43      2.00     3   4.4212
#          93       0.00000     11.01      1.00     2   4.4232
#          94       0.00000     12.57      2.00     4   4.4758
#          95       0.00000     20.22      2.00     3   4.4771
#          96       0.00000     21.43      2.00     3   4.4837
#          97       0.00000     10.56      1.00     2   4.4862
#          98       0.00000     10.51      1.00     2   4.4937
#          99       0.00000     10.47      1.00     2   4.5004
#         100       0.00000      7.51      2.00     3   4.5095
#         103       0.00000     17.33      2.00     3   4.5500
#         104       0.00000     22.16      2.00     3   4.5625
#         105       0.00000     12.52      1.00     4   4.5702
#         106       0.00000      9.97      1.00     2   4.5750
#         107       0.00000     11.46      1.00     4   4.5787
#         108       0.00000     14.21      2.00     3   4.5847
#         109       0.00000     12.88      2.00     3   4.6162
#         110       0.00000     13.42      1.00     4   4.6247
#         111       0.00000      9.66      1.00     2   4.6252
#         112       0.00000      4.85      2.00     3   4.6377
#         113       0.00000      4.82      2.00     3   4.6383
#         114       0.00000     14.97      2.00     3   4.6419
#         115       0.00000      4.73      2.00     3   4.6711
#         116       0.00000      9.32      1.00     4   4.6767
#         118       0.00000      4.46      2.00     3   4.6996
#         119       0.00000      8.32      2.00     3   4.7005
#         120       0.00000      4.46      2.00     3   4.7045
#         121       0.00000      9.16      1.00     2   4.7077
#         122       0.00000      4.64      2.00     3   4.7374
#         123       0.00000     13.10      2.00     3   4.7410
#         124       0.00000      4.13      2.00     3   4.7452
#         125       0.00000      7.85      2.00     3   4.7494
#         126       0.00000      9.53      2.00     3   4.7515
#         127       0.00000      6.98      1.00     4   4.7597
#         128       0.00000      4.09      2.00     3   4.7614
#         130       0.00000     12.81      2.00     3   4.7879
#         131       0.00000      7.72      1.00     4   4.7902
#         132       0.00000      6.81      2.00     3   4.7916
#         133       0.00000      8.60      1.00     2   4.8090
#         134       0.00000      6.08      1.00     4   4.8134
#         135       0.00000      7.17      2.00     3   4.8135
#         136       0.00000      5.24      2.00     3   4.8323
#         137       0.00000      7.82      2.00     3   4.8437
#         138       0.00000      4.18      2.00     3   4.8634
#         139       0.00000      5.62      2.00     3   4.8630
#         142       0.00000      6.81      2.00     3   4.8962
#         143       0.00000      8.13      1.00     2   4.9017
#         144       0.00000      8.11      1.00     2   4.9058
#         145       0.00000      6.48      1.00     4   4.9069
#         147       0.00000      5.34      2.00     3   4.9212
#         149       0.00000      4.57      2.00     3   4.9264
#         151       0.00000      4.84      2.00     3   4.9302
#         152       0.00000      4.73      2.00     4   4.9305
#         155       0.00000      7.89      1.00     2   4.9499
#         156       0.00000      6.36      1.00     4   4.9506
#         157       0.00000      8.35      2.00     3   4.9687
#         158       0.00000      8.88      1.00     2   4.9702
#         159       0.00000      6.98      2.00     3   4.9825
#         163       0.00000      8.53      1.00     2   5.0414
#         164       0.00000      4.37      2.00     4   5.0446
#         165       0.00000      8.51      1.00     2   5.0461
#         166       0.00000      7.90      2.00     3   5.0674
#         168       0.00000      9.48      2.00     3   5.0939
#         169       0.00000      4.18      2.00     4   5.1007
#         170       0.00000      7.18      1.00     2   5.1079
#         171       0.00000      8.44      2.00     3   5.1240
#         173       0.00000     10.86      2.00     3   5.1374
#         174       0.00000      8.06      1.00     2   5.1471
#         176       0.00000      8.03      1.00     2   5.1519
#         177       0.00000      9.73      2.00     3   5.1579
#         178       0.00000      6.96      1.00     2   5.1591
#         179       0.00000     17.18      2.00     3   5.1632
#         180       0.00000     10.70      1.00     4   5.1672
#         181       0.00000      7.92      1.00     2   5.1791
#         183       0.00000      6.84      1.00     2   5.1891
#         184       0.00000      5.70      2.00     3   5.1906
#         185       0.00000     16.20      2.00     3   5.1985
#         186       0.00000      9.77      1.00     4   5.2080
#         187       0.00000      7.19      2.00     3   5.2100
#         188       0.00000      6.74      1.00     2   5.2153
#         189       0.00000      7.76      1.00     2   5.2175
#         190       0.00000      4.53      1.00     4   5.2176
#         191       0.00000      6.10      2.00     3   5.2259
#         193       0.00000      5.20      1.00     4   5.2333
#         194       0.00000      6.66      1.00     2   5.2343
#         195       0.00000      6.66      1.00     2   5.2355
#         196       0.00000     15.72      2.00     3   5.2424
#         197       0.00000      9.42      1.00     4   5.2492
#         199       0.00000      6.54      1.00     2   5.2661
#         200       0.00000      4.62      1.00     4   5.2698
#         201       0.00000      7.28      2.00     3   5.2858
#         203       0.00000      6.45      2.00     3   5.3001
#         204       0.00000      6.97      2.00     3   5.3093
#         205       0.00000      5.84      2.00     3   5.3178
#         207       0.00000      6.15      2.00     3   5.3329
#         209       0.00000      7.22      2.00     3   5.3370
#         211       0.00000      7.22      2.00     3   5.3480
#         212       0.00000      7.41      2.00     3   5.3753
#         213       0.00000      4.61      2.00     3   5.3824
#         215       0.00000      6.04      1.00     2   5.4059
#         217       0.00000      6.96      1.00     2   5.4196
#         220       0.00000      4.26      2.00     4   5.4517
#         222       0.00000      4.51      2.00     4   5.4634
#         223       0.00000      6.12      2.00     3   5.4649
#         224       0.00000      5.82      1.00     2   5.4690
#         226       0.00000      4.77      2.00     3   5.4864
#         227       0.00000      7.11      2.00     3   5.4867
#         229       0.00000      6.70      1.00     2   5.4924
#         230       0.00000      6.68      1.00     2   5.5001
#         231       0.00000      4.27      2.00     3   5.5014
#         234       0.00000      5.64      1.00     2   5.5258
#         235       0.00000      5.12      2.00     3   5.5260
#         238       0.00000      5.56      1.00     2   5.5508
#         239       0.00000      5.96      2.00     3   5.5525
#         240       0.00000      4.44      2.00     4   5.5638
#         242       0.00000      6.40      1.00     2   5.5819
#         243       0.00000      5.14      2.00     3   5.5827
#         247       0.00000      5.41      1.00     2   5.5994
#         248       0.00000      4.48      2.00     3   5.6005
#         249       0.00000      6.22      2.00     3   5.6007
#         251       0.00000      4.32      2.00     3   5.6023
#         253       0.00000      4.02      2.00     3   5.6109
#         254       0.00000      6.27      2.00     3   5.6122
#         255       0.00000      5.08      2.00     3   5.6151
#         260       0.00000      4.11      2.00     3   5.6397
#         266       0.00000      4.78      2.00     3   5.6701
#         267       0.00000      5.26      2.00     3   5.6703
#         278       0.00000      4.28      2.00     3   5.7377
#         279       0.00000      4.30      2.00     3   5.7383
#         281       0.00000      5.12      2.00     3   5.7523
#         284       0.00000      4.72      2.00     3   5.7784
#         286       0.00000      5.23      2.00     3   5.7954
#         290       0.00000      5.70      1.00     2   5.8083
#         291       0.00000      5.73      2.00     3   5.8095
#         292       0.00000      5.69      1.00     2   5.8122
#         293       0.00000      4.35      2.00     3   5.8227
#         296       0.00000      4.03      2.00     3   5.8335
#         297       0.00000      5.63      1.00     2   5.8341
#         300       0.00000      5.60      1.00     2   5.8425
#         305       0.00000      4.35      2.00     3   5.8626
#         306       0.00000      4.66      1.00     2   5.8731
#         309       0.00000      8.71      2.00     3   5.8899
#         314       0.00000      6.37      2.00     3   5.9189
#         316       0.00000      4.69      2.00     3   5.9302
#         317       0.00000      5.35      1.00     2   5.9368
#         319       0.00000      4.03      1.00     4   5.9457
#         320       0.00000      4.48      1.00     2   5.9477
#   233/ 285 paths used
#  -----------------------------------------------------------------------
#       k          chi          mag           phase @#
    -0.7000   -5.315289E-01  5.321635E-01 -1.521953E+00
    -0.6500   -5.217329E-01  5.230332E-01 -1.500267E+00
    -0.6000   -5.176591E-01  5.201111E-01 -1.473656E+00
    -0.5500   -5.160210E-01  5.203842E-01 -1.441210E+00
    -0.5000   -5.152006E-01  5.221148E-01 -1.407872E+00
    -0.4500   -5.143555E-01  5.244820E-01 -1.373972E+00
    -0.4000   -5.132873E-01  5.269101E-01 -1.342908E+00
    -0.3500   -5.117600E-01  5.294886E-01 -1.311293E+00
    -0.3000   -5.100134E-01  5.317455E-01 -1.283913E+00
    -0.2500   -5.081967E-01  5.336373E-01 -1.260772E+00
    -0.2000   -5.064665E-01  5.351579E-01 -1.241861E+00
    -0.1500   -5.049506E-01  5.365259E-01 -1.226012E+00
    -0.1000   -5.037665E-01  5.375526E-01 -1.214366E+00
    -0.0500   -5.030158E-01  5.381638E-01 -1.207383E+00
     0.0000   -5.027588E-01  5.383667E-01 -1.205057E+00
     0.0500   -5.024984E-01  5.385691E-01 -1.202730E+00
     0.1000   -5.016969E-01  5.391736E-01 -1.195755E+00
     0.1500   -5.002927E-01  5.401712E-01 -1.184138E+00
     0.2000   -4.981827E-01  5.415455E-01 -1.167896E+00
     0.2500   -4.952219E-01  5.432703E-01 -1.147055E+00
     0.3000   -4.912239E-01  5.453083E-01 -1.121652E+00
     0.3500   -4.859390E-01  5.477568E-01 -1.091119E+00
     0.4000   -4.789499E-01  5.510090E-01 -1.053629E+00
     0.4500   -4.699610E-01  5.544963E-01 -1.011344E+00
     0.5000   -4.586082E-01  5.581302E-01 -9.643644E-01
     0.5500   -4.443698E-01  5.621942E-01 -9.114951E-01
     0.6000   -4.264467E-01  5.670708E-01 -8.511163E-01
     0.6500   -4.046184E-01  5.718676E-01 -7.860090E-01
     0.7000   -3.783149E-01  5.767815E-01 -7.153832E-01
     0.7500   -3.463220E-01  5.825779E-01 -6.365998E-01
     0.8000   -3.089004E-01  5.879601E-01 -5.531575E-01
     0.8500   -2.651408E-01  5.935485E-01 -4.630786E-01
     0.9000   -2.143449E-01  5.993786E-01 -3.657094E-01
     0.9500   -1.575963E-01  6.043310E-01 -2.638282E-01
     1.0000   -9.305095E-02  6.096463E-01 -1.532299E-01
     1.0500   -2.303049E-02  6.138945E-01 -3.752419E-02
     1.1000    5.207020E-02  6.173062E-01  8.445103E-02
     1.1500    1.313744E-01  6.198870E-01  2.135522E-01
     1.2000    2.109729E-01  6.205895E-01  3.468696E-01
     1.2500    2.912354E-01  6.203843E-01  4.886604E-01
     1.3000    3.660256E-01  6.177807E-01  6.341397E-01
     1.3500    4.342458E-01  6.134345E-01  7.865104E-01
     1.4000    4.910649E-01  6.065959E-01  9.433718E-01
     1.4500    5.337288E-01  5.972843E-01  1.105286E+00
     1.5000    5.594860E-01  5.853767E-01  1.272270E+00
     1.5500    5.659081E-01  5.705924E-01  1.442571E+00
     1.6000    5.525241E-01  5.531453E-01  1.618192E+00
     1.6500    5.193910E-01  5.327708E-01  1.795382E+00
     1.7000    4.681513E-01  5.098097E-01  1.977862E+00
     1.7500    4.024122E-01  4.842187E-01  2.160592E+00
     1.8000    3.255408E-01  4.561510E-01  2.346871E+00
     1.8500    2.437722E-01  4.260552E-01  2.532454E+00
     1.9000    1.607046E-01  3.938129E-01  2.721250E+00
     1.9500    8.321915E-02  3.601307E-01  2.908405E+00
     2.0000    1.675482E-02  3.259335E-01  3.090164E+00
     2.0500   -3.585071E-02  2.919589E-01  3.264697E+00
     2.1000   -7.307773E-02  2.575178E-01  3.429324E+00
     2.1500   -9.460695E-02  2.234206E-01  3.578840E+00
     2.2000   -1.034699E-01  1.924189E-01  3.709338E+00
     2.2500   -1.034449E-01  1.653452E-01  3.817531E+00
     2.3000   -9.777490E-02  1.422763E-01  3.899246E+00
     2.3500   -8.853470E-02  1.229045E-01  3.945904E+00
     2.4000   -8.069913E-02  1.091514E-01  3.973670E+00
     2.4500   -7.560261E-02  9.997495E-02  3.999102E+00
     2.5000   -7.308193E-02  9.371639E-02  4.035971E+00
     2.5500   -7.248007E-02  9.017887E-02  4.075142E+00
     2.6000   -7.288964E-02  8.769037E-02  4.122884E+00
     2.6500   -7.387416E-02  8.582136E-02  4.178412E+00
     2.7000   -7.514407E-02  8.439866E-02  4.239699E+00
     2.7500   -7.754477E-02  8.399267E-02  4.318003E+00
     2.8000   -7.996552E-02  8.396814E-02  4.402383E+00
     2.8500   -8.222695E-02  8.428613E-02  4.490889E+00
     2.9000   -8.430551E-02  8.500869E-02  4.583678E+00
     2.9500   -8.592240E-02  8.596689E-02  4.680216E+00
     3.0000   -8.715712E-02  8.736758E-02  4.781813E+00
     3.0500   -8.787212E-02  8.928613E-02  4.890596E+00
     3.1000   -8.766828E-02  9.165768E-02  5.008512E+00
     3.1500   -8.604525E-02  9.423232E-02  5.132317E+00
     3.2000   -8.246028E-02  9.698358E-02  5.266726E+00
     3.2500   -7.606305E-02  9.955007E-02  5.413590E+00
     3.3000   -6.649742E-02  1.016318E-01  5.569932E+00
     3.3500   -5.406549E-02  1.033630E-01  5.732743E+00
     3.4000   -3.887135E-02  1.047071E-01  5.902842E+00
     3.4500   -2.126707E-02  1.053878E-01  6.079992E+00
     3.5000   -2.112977E-03  1.052876E-01  6.263115E+00
     3.5500    1.730710E-02  1.043891E-01  6.449748E+00
     3.6000    3.570763E-02  1.027073E-01  6.638264E+00
     3.6500    5.198811E-02  1.001825E-01  6.828789E+00
     3.7000    6.507429E-02  9.684979E-02  7.019969E+00
     3.7500    7.418731E-02  9.280169E-02  7.209511E+00
     3.8000    7.906689E-02  8.817524E-02  7.395446E+00
     3.8500    7.994019E-02  8.309242E-02  7.577653E+00
     3.9000    7.732800E-02  7.771133E-02  7.754615E+00
     3.9500    7.209759E-02  7.227700E-02  7.924457E+00
     4.0000    6.527930E-02  6.706282E-02  8.085125E+00
     4.0500    5.762893E-02  6.211322E-02  8.236293E+00
     4.1000    4.986430E-02  5.758518E-02  8.377787E+00
     4.1500    4.249227E-02  5.362683E-02  8.510094E+00
     4.2000    3.578924E-02  5.038385E-02  8.634809E+00
     4.2500    2.957189E-02  4.779485E-02  8.757659E+00
     4.3000    2.357565E-02  4.574939E-02  8.883395E+00
     4.3500    1.757757E-02  4.412115E-02  9.015013E+00
     4.4000    1.149391E-02  4.288147E-02  9.153421E+00
     4.4500    5.041142E-03  4.170697E-02  9.303611E+00
     4.5000   -1.669119E-03  4.042204E-02  9.466082E+00
     4.5500   -8.305647E-03  3.891062E-02  9.639888E+00
     4.6000   -1.436760E-02  3.718912E-02  9.821437E+00
     4.6500   -1.943155E-02  3.505767E-02  1.001227E+01
     4.7000   -2.299020E-02  3.248558E-02  1.021102E+01
     4.7500   -2.467722E-02  2.949046E-02  1.041617E+01
     4.8000   -2.442373E-02  2.621746E-02  1.062352E+01
     4.8500   -2.227065E-02  2.256275E-02  1.083449E+01
     4.9000   -1.856230E-02  1.858741E-02  1.104756E+01
     4.9500   -1.387002E-02  1.437105E-02  1.126041E+01
     5.0000   -9.023019E-03  1.007835E-02  1.145730E+01
     5.0500   -4.615022E-03  5.686665E-03  1.161957E+01
     5.1000   -1.279930E-03  1.396328E-03  1.140678E+01
     5.1500    4.953165E-04  3.342753E-03  9.276054E+00
     5.2000    2.616361E-04  7.591123E-03  9.390305E+00
     5.2500   -1.812532E-03  1.174447E-02  9.579728E+00
     5.3000   -5.527134E-03  1.575351E-02  9.783258E+00
     5.3500   -1.051378E-02  1.959773E-02  9.991037E+00
     5.4000   -1.633734E-02  2.319810E-02  1.020615E+01
     5.4500   -2.233719E-02  2.663474E-02  1.041958E+01
     5.5000   -2.797130E-02  2.992973E-02  1.063181E+01
     5.5500   -3.272415E-02  3.310513E-02  1.084372E+01
     5.6000   -3.607511E-02  3.614826E-02  1.105921E+01
     5.6500   -3.758993E-02  3.911229E-02  1.127550E+01
     5.7000   -3.690566E-02  4.200632E-02  1.149350E+01
     5.7500   -3.373622E-02  4.482248E-02  1.171427E+01
     5.8000   -2.785829E-02  4.754107E-02  1.194028E+01
     5.8500   -1.933466E-02  5.013229E-02  1.217043E+01
     5.9000   -8.437136E-03  5.254202E-02  1.240509E+01
     5.9500    4.272522E-03  5.470463E-02  1.264455E+01
     6.0000    1.803727E-02  5.657480E-02  1.289086E+01
     6.0500    3.160997E-02  5.807301E-02  1.314194E+01
     6.1000    4.366586E-02  5.912295E-02  1.339730E+01
     6.1500    5.290110E-02  5.965845E-02  1.365660E+01
     6.2000    5.821708E-02  5.962536E-02  1.391939E+01
     6.2500    5.891718E-02  5.898512E-02  1.418517E+01
     6.3000    5.485670E-02  5.771735E-02  1.445332E+01
     6.3500    4.650788E-02  5.582167E-02  1.472318E+01
     6.4000    3.491707E-02  5.331858E-02  1.499394E+01
     6.4500    2.155355E-02  5.024952E-02  1.526465E+01
     6.5000    8.089768E-03  4.677634E-02  1.553414E+01
     6.5500   -3.945781E-03  4.288765E-02  1.580010E+01
     6.6000   -1.333277E-02  3.865562E-02  1.606011E+01
     6.6500   -1.939108E-02  3.419680E-02  1.631088E+01
     6.7000   -2.206922E-02  2.964828E-02  1.654755E+01
     6.7500   -2.189535E-02  2.517166E-02  1.676284E+01
     6.8000   -1.981154E-02  2.096251E-02  1.694584E+01
     6.8500   -1.693131E-02  1.726626E-02  1.708147E+01
     6.9000   -1.427794E-02  1.438864E-02  1.715463E+01
     6.9500   -1.256401E-02  1.264204E-02  1.716760E+01
     7.0000   -1.212277E-02  1.220736E-02  1.716097E+01
     7.0500   -1.272889E-02  1.277311E-02  1.719553E+01
     7.1000   -1.382231E-02  1.382460E-02  1.729698E+01
     7.1500   -1.469656E-02  1.493405E-02  1.745734E+01
     7.2000   -1.469444E-02  1.583085E-02  1.765997E+01
     7.2500   -1.339655E-02  1.636904E-02  1.789092E+01
     7.3000   -1.073478E-02  1.648347E-02  1.814033E+01
     7.3500   -7.004555E-03  1.616133E-02  1.840128E+01
     7.4000   -2.777316E-03  1.542565E-02  1.866852E+01
     7.4500    1.258497E-03  1.432551E-02  1.893752E+01
     7.5000    4.457177E-03  1.294487E-02  1.920107E+01
     7.5500    6.443635E-03  1.135776E-02  1.945282E+01
     7.6000    7.159599E-03  9.661504E-03  1.968418E+01
     7.6500    6.847551E-03  7.981793E-03  1.988072E+01
     7.7000    5.966645E-03  6.475268E-03  2.002136E+01
     7.7500    5.040112E-03  5.337130E-03  2.008517E+01
     7.8000    4.490483E-03  4.757043E-03  2.008400E+01
     7.8500    4.511037E-03  4.764374E-03  2.009278E+01
     7.9000    5.010849E-03  5.151843E-03  2.018586E+01
     7.9500    5.649264E-03  5.654930E-03  2.037558E+01
     8.0000    5.960434E-03  6.111937E-03  2.064347E+01
     8.0500    5.479401E-03  6.433890E-03  2.097203E+01
     8.1000    3.941624E-03  6.613054E-03  2.135259E+01
     8.1500    1.395047E-03  6.707025E-03  2.178162E+01
     8.2000   -1.780200E-03  6.820504E-03  2.225521E+01
     8.2500   -4.939433E-03  7.084443E-03  2.276266E+01
     8.3000   -7.320772E-03  7.613992E-03  2.328352E+01
     8.3500   -8.234778E-03  8.461413E-03  2.379391E+01
     8.4000   -7.246936E-03  9.601391E-03  2.427742E+01
     8.4500   -4.304877E-03  1.095569E-02  2.472892E+01
     8.5000    2.332491E-04  1.241687E-02  2.515153E+01
     8.5500    5.629923E-03  1.389400E-02  2.554994E+01
     8.6000    1.093642E-02  1.531049E-02  2.592838E+01
     8.6500    1.520138E-02  1.659692E-02  2.629052E+01
     8.7000    1.766119E-02  1.769800E-02  2.663903E+01
     8.7500    1.788962E-02  1.857301E-02  2.697565E+01
     8.8000    1.586648E-02  1.919616E-02  2.730139E+01
     8.8500    1.195398E-02  1.955683E-02  2.761670E+01
     8.9000    6.792327E-03  1.965961E-02  2.792157E+01
     8.9500    1.145950E-03  1.952402E-02  2.821561E+01
     9.0000   -4.267734E-03  1.920233E-02  2.849846E+01
     9.0500   -8.904399E-03  1.874299E-02  2.876939E+01
     9.1000   -1.244456E-02  1.819050E-02  2.902774E+01
     9.1500   -1.480726E-02  1.760628E-02  2.927350E+01
     9.2000   -1.608918E-02  1.705157E-02  2.950755E+01
     9.2500   -1.647360E-02  1.657966E-02  2.973196E+01
     9.3000   -1.613809E-02  1.622739E-02  2.995009E+01
     9.3500   -1.518985E-02  1.600816E-02  3.016625E+01
     9.4000   -1.364647E-02  1.590924E-02  3.038501E+01
     9.4500   -1.146436E-02  1.589486E-02  3.061030E+01
     9.5000   -8.604888E-03  1.593951E-02  3.084567E+01
     9.5500   -5.079764E-03  1.597881E-02  3.109241E+01
     9.6000   -1.048164E-03  1.593580E-02  3.135010E+01
     9.6500    3.167845E-03  1.576281E-02  3.161827E+01
     9.7000    7.124281E-03  1.542334E-02  3.189608E+01
     9.7500    1.033234E-02  1.489331E-02  3.218262E+01
     9.8000    1.236161E-02  1.416108E-02  3.247710E+01
     9.8500    1.294228E-02  1.322668E-02  3.277897E+01
     9.9000    1.203862E-02  1.210072E-02  3.308808E+01
     9.9500    9.872448E-03  1.080306E-02  3.340484E+01
    10.0000    6.902872E-03  9.375436E-03  3.372997E+01
    10.0500    3.703799E-03  7.839775E-03  3.406547E+01
    10.1000    8.654222E-04  6.219749E-03  3.441793E+01
    10.1500   -1.111654E-03  4.563859E-03  3.480357E+01
    10.2000   -1.933580E-03  2.945019E-03  3.527377E+01
    10.2500   -1.566788E-03  1.571145E-03  3.605383E+01
    10.3000   -2.326096E-04  1.394758E-03  3.753155E+01
    10.3500    1.653529E-03  2.525846E-03  3.841282E+01
    10.4000    3.581785E-03  3.834437E-03  3.890487E+01
    10.4500    5.061656E-03  5.063195E-03  3.929456E+01
    10.5000    5.723190E-03  6.151190E-03  3.964515E+01
    10.5500    5.383909E-03  7.073846E-03  3.997570E+01
    10.6000    4.069448E-03  7.820821E-03  4.029346E+01
    10.6500    1.987868E-03  8.391064E-03  4.060153E+01
    10.7000   -5.315126E-04  8.791106E-03  4.090120E+01
    10.7500   -3.116649E-03  9.034083E-03  4.119293E+01
    10.8000   -5.428530E-03  9.138843E-03  4.147673E+01
    10.8500   -7.217177E-03  9.128928E-03  4.175247E+01
    10.9000   -8.348019E-03  9.031303E-03  4.202001E+01
    10.9500   -8.797577E-03  8.874762E-03  4.227952E+01
    11.0000   -8.642442E-03  8.705039E-03  4.253150E+01
    11.0500   -7.987229E-03  8.552467E-03  4.277710E+01
    11.1000   -6.915452E-03  8.419667E-03  4.301853E+01
    11.1500   -5.508892E-03  8.319698E-03  4.325861E+01
    11.2000   -3.826156E-03  8.257408E-03  4.350051E+01
    11.2500   -1.915781E-03  8.229782E-03  4.374736E+01
    11.3000    1.607336E-04  8.227656E-03  4.400183E+01
    11.3500    2.306018E-03  8.238302E-03  4.426600E+01
    11.4000    4.373909E-03  8.248220E-03  4.454123E+01
    11.4500    6.173116E-03  8.245545E-03  4.482834E+01
    11.5000    7.489089E-03  8.221795E-03  4.512771E+01
    11.5500    8.120270E-03  8.172919E-03  4.543953E+01
    11.6000    7.920627E-03  8.099731E-03  4.576378E+01
    11.6500    6.838278E-03  8.007843E-03  4.610037E+01
    11.7000    4.940541E-03  7.907180E-03  4.644899E+01
    11.7500    2.418635E-03  7.811079E-03  4.680907E+01
    11.8000   -4.303379E-04  7.734957E-03  4.717955E+01
    11.8500   -3.241686E-03  7.694558E-03  4.755876E+01
    11.9000   -5.635147E-03  7.703905E-03  4.794436E+01
    11.9500   -7.271567E-03  7.773276E-03  4.833344E+01
    12.0000   -7.918440E-03  7.921680E-03  4.872329E+01
    12.0500   -7.458438E-03  8.153744E-03  4.911065E+01
    12.1000   -5.898055E-03  8.445915E-03  4.949242E+01
    12.1500   -3.410137E-03  8.787854E-03  4.986697E+01
    12.2000   -2.933583E-04  9.166501E-03  5.023347E+01
    12.2500    3.066637E-03  9.567483E-03  5.059177E+01
    12.3000    6.247041E-03  9.976194E-03  5.094215E+01
    12.3500    8.841973E-03  1.037850E-02  5.128518E+01
    12.4000    1.051408E-02  1.076112E-02  5.162159E+01
    12.4500    1.103740E-02  1.111187E-02  5.195211E+01
    12.5000    1.032626E-02  1.141968E-02  5.227745E+01
    12.5500    8.446547E-03  1.167469E-02  5.259823E+01
    12.6000    5.607655E-03  1.186830E-02  5.291496E+01
    12.6500    2.135514E-03  1.199325E-02  5.322806E+01
    12.7000   -1.570119E-03  1.204375E-02  5.353782E+01
    12.7500   -5.088711E-03  1.201563E-02  5.384439E+01
    12.8000   -8.034961E-03  1.190647E-02  5.414782E+01
    12.8500   -1.010944E-02  1.171587E-02  5.444803E+01
    12.9000   -1.113595E-02  1.144550E-02  5.474477E+01
    12.9500   -1.107949E-02  1.109934E-02  5.503769E+01
    13.0000   -1.005705E-02  1.070174E-02  5.532675E+01
    13.0500   -8.275304E-03  1.026881E-02  5.561153E+01
    13.1000   -5.984904E-03  9.783696E-03  5.589043E+01
    13.1500   -3.488141E-03  9.258926E-03  5.616240E+01
    13.2000   -1.063751E-03  8.709554E-03  5.642623E+01
    13.2500    1.072639E-03  8.152922E-03  5.668062E+01
    13.3000    2.791503E-03  7.608191E-03  5.692435E+01
    13.3500    4.052503E-03  7.095476E-03  5.715656E+01
    13.4000    4.888832E-03  6.634375E-03  5.737713E+01
    13.4500    5.378269E-03  6.241786E-03  5.758719E+01
    13.5000    5.609205E-03  5.929151E-03  5.778945E+01
    13.5500    5.650759E-03  5.699824E-03  5.798816E+01
    13.6000    5.534492E-03  5.547672E-03  5.818841E+01
    13.6500    5.251845E-03  5.457828E-03  5.839507E+01
    13.7000    4.766946E-03  5.409504E-03  5.861183E+01
    13.7500    4.040142E-03  5.379733E-03  5.884070E+01
    13.8000    3.054653E-03  5.346746E-03  5.908216E+01
    13.8500    1.837884E-03  5.292221E-03  5.933559E+01
    13.9000    4.704563E-04  5.202394E-03  5.959971E+01
    13.9500   -9.204972E-04  5.068317E-03  5.987289E+01
    14.0000   -2.185381E-03  4.895044E-03  6.015305E+01
    14.0500   -3.187987E-03  4.687161E-03  6.043823E+01
    14.1000   -3.814467E-03  4.431077E-03  6.072719E+01
    14.1500   -4.010991E-03  4.132549E-03  6.101791E+01
    14.2000   -3.795859E-03  3.800068E-03  6.130813E+01
    14.2500   -3.254042E-03  3.444461E-03  6.159512E+01
    14.3000   -2.515573E-03  3.078579E-03  6.187545E+01
    14.3500   -1.723479E-03  2.717127E-03  6.214475E+01
    14.4000   -9.998744E-04  2.376632E-03  6.239762E+01
    14.4500   -4.194369E-04  2.075377E-03  6.262835E+01
    14.5000    2.522237E-06  1.832670E-03  6.283323E+01
    14.5500    3.042434E-04  1.666125E-03  6.301549E+01
    14.6000    5.558393E-04  1.586092E-03  6.318990E+01
    14.6500    8.282242E-04  1.590267E-03  6.337965E+01
    14.7000    1.161972E-03  1.664901E-03  6.360435E+01
    14.7500    1.545671E-03  1.792745E-03  6.387141E+01
    14.8000    1.910862E-03  1.960253E-03  6.417769E+01
    14.8500    2.146041E-03  2.159668E-03  6.451505E+01
    14.9000    2.126764E-03  2.387502E-03  6.487436E+01
    14.9500    1.754065E-03  2.641988E-03  6.524740E+01
    15.0000    9.881027E-04  2.923129E-03  6.562862E+01
    15.0500   -1.290457E-04  3.230845E-03  6.601340E+01
    15.1000   -1.457347E-03  3.555587E-03  6.639576E+01
    15.1500   -2.789883E-03  3.888656E-03  6.677357E+01
    15.2000   -3.888857E-03  4.219714E-03  6.714561E+01
    15.2500   -4.535074E-03  4.537538E-03  6.751129E+01
    15.3000   -4.576185E-03  4.830776E-03  6.787034E+01
    15.3500   -3.961866E-03  5.088652E-03  6.822266E+01
    15.4000   -2.757153E-03  5.301581E-03  6.856811E+01
    15.4500   -1.130578E-03  5.461709E-03  6.890653E+01
    15.5000    6.800216E-04  5.563378E-03  6.923758E+01
    15.5500    2.415640E-03  5.603519E-03  6.956074E+01
    15.6000    3.846592E-03  5.581979E-03  6.987530E+01
    15.6500    4.813504E-03  5.501794E-03  7.018026E+01
    15.7000    5.249813E-03  5.369383E-03  7.047440E+01
    15.7500    5.181806E-03  5.194679E-03  7.075625E+01
    15.8000    4.708064E-03  4.991107E-03  7.102422E+01
    15.8500    3.965310E-03  4.775315E-03  7.127685E+01
    15.9000    3.090597E-03  4.566427E-03  7.151321E+01
    15.9500    2.189986E-03  4.384508E-03  7.173363E+01
    16.0000    1.322585E-03  4.251436E-03  7.194029E+01
    16.0500    4.951715E-04  4.184216E-03  7.213801E+01
    16.1000   -3.206104E-04  4.180367E-03  7.233340E+01
    16.1500   -1.155239E-03  4.234406E-03  7.253296E+01
    16.2000   -2.020019E-03  4.332397E-03  7.274169E+01
    16.2500   -2.889534E-03  4.455403E-03  7.296230E+01
    16.3000   -3.697736E-03  4.583234E-03  7.319534E+01
    16.3500   -4.348848E-03  4.697299E-03  7.343983E+01
    16.4000   -4.739721E-03  4.782236E-03  7.369398E+01
    16.4500   -4.786928E-03  4.826593E-03  7.395572E+01
    16.5000   -4.450640E-03  4.822926E-03  7.422291E+01
    16.5500   -3.748421E-03  4.767598E-03  7.449354E+01
    16.6000   -2.755176E-03  4.660427E-03  7.476570E+01
    16.6500   -1.589483E-03  4.504262E-03  7.503757E+01
    16.7000   -3.902736E-04  4.304509E-03  7.530743E+01
    16.7500    7.098038E-04  4.068626E-03  7.557358E+01
    16.8000    1.607525E-03  3.805584E-03  7.583433E+01
    16.8500    2.243449E-03  3.525284E-03  7.608803E+01
    16.9000    2.605045E-03  3.237944E-03  7.633312E+01
    16.9500    2.719374E-03  2.953426E-03  7.656823E+01
    17.0000    2.639469E-03  2.681061E-03  7.679265E+01
    17.0500    2.427589E-03  2.429257E-03  7.700608E+01
    17.1000    2.139182E-03  2.201975E-03  7.720841E+01
    17.1500    1.816790E-03  2.000875E-03  7.740134E+01
    17.2000    1.486641E-03  1.824348E-03  7.758728E+01
    17.2500    1.162660E-03  1.668157E-03  7.776865E+01
    17.3000    8.530601E-04  1.526719E-03  7.794693E+01
    17.3500    5.660867E-04  1.394749E-03  7.812189E+01
    17.4000    3.123671E-04  1.268797E-03  7.829107E+01
    17.4500    1.031566E-04  1.148412E-03  7.844987E+01
    17.5000   -5.429278E-05  1.036752E-03  7.859221E+01
    17.5500   -1.616484E-04  9.404711E-04  7.871255E+01
    17.6000   -2.318581E-04  8.683076E-04  7.881012E+01
    17.6500   -2.870710E-04  8.276748E-04  7.889402E+01
    17.7000   -3.520400E-04  8.199678E-04  7.898357E+01
    17.7500   -4.449155E-04  8.380978E-04  7.909944E+01
    17.8000   -5.687378E-04  8.688375E-04  7.925346E+01
    17.8500   -7.071680E-04  8.974963E-04  7.944726E+01
    17.9000   -8.268803E-04  9.112341E-04  7.967694E+01
    17.9500   -8.868697E-04  9.002963E-04  7.993769E+01
    18.0000   -8.521852E-04  8.580043E-04  8.022714E+01
    18.0500   -7.078446E-04  7.811799E-04  8.054738E+01
    18.1000   -4.701442E-04  6.704098E-04  8.090422E+01
    18.1500   -1.867909E-04  5.301320E-04  8.132133E+01
    18.2000    7.158976E-05  3.746530E-04  8.187367E+01
    18.2500    2.290527E-04  2.562082E-04  8.278763E+01
    18.3000    2.262303E-04  3.029108E-04  8.397968E+01
    18.3500    4.019859E-05  4.940019E-04  8.474154E+01
    18.4000   -3.040134E-04  7.301219E-04  8.525247E+01
    18.4500   -7.345960E-04  9.754021E-04  8.567580E+01
    18.5000   -1.147642E-03  1.213566E-03  8.606267E+01
    18.5500   -1.432159E-03  1.433176E-03  8.643148E+01
    18.6000   -1.498941E-03  1.624789E-03  8.678997E+01
    18.6500   -1.305279E-03  1.780434E-03  8.714169E+01
    18.7000   -8.682764E-04  1.893633E-03  8.748826E+01
    18.7500   -2.625265E-04  1.959563E-03  8.783022E+01
    18.8000    3.977482E-04  1.975234E-03  8.816735E+01
    18.8500    9.874906E-04  1.939655E-03  8.849874E+01
    18.9000    1.402658E-03  1.853986E-03  8.882264E+01
    18.9500    1.586211E-03  1.721703E-03  8.913601E+01
    19.0000    1.541592E-03  1.549581E-03  8.943380E+01
    19.0500    1.328113E-03  1.347906E-03  8.970697E+01
    19.1000    1.038040E-03  1.128603E-03  8.993873E+01
    19.1500    7.725260E-04  9.139273E-04  9.009909E+01
    19.2000    6.091671E-04  7.421908E-04  9.014343E+01
    19.2500    5.794170E-04  6.705067E-04  9.006273E+01
    19.3000    6.605976E-04  7.324400E-04  8.998201E+01
    19.3500    7.848161E-04  8.899158E-04  9.002631E+01
    19.4000    8.619990E-04  1.083822E-03  9.018663E+01
    19.4500    8.099734E-04  1.275605E-03  9.041821E+01
    19.5000    5.823595E-04  1.443491E-03  9.069092E+01
    19.5500    1.856624E-04  1.574455E-03  9.098799E+01
    19.6000   -3.198111E-04  1.660367E-03  9.130001E+01
    19.6500   -8.356884E-04  1.696415E-03  9.162129E+01
    19.7000   -1.253324E-03  1.680435E-03  9.194797E+01
    19.7500   -1.485340E-03  1.612592E-03  9.227705E+01
    19.8000   -1.491371E-03  1.495182E-03  9.260557E+01
    19.8500   -1.290166E-03  1.332507E-03  9.292975E+01
    19.9000   -9.542121E-04  1.130839E-03  9.324344E+01
    19.9500   -5.883324E-04  8.987012E-04  9.353406E+01