# # tequil.ion_motion                                            FEFF 9.05   
# # POT  SCF  30  5.5000   1, core-hole, AFOLP (folp(0)= 1.150)
# # Abs   Z=30 Rmt= 1.319 Rnm= 1.408 K  shell
# # Pot 1 Z=26 Rmt= 1.298 Rnm= 1.408
# # Pot 2 Z= 8 Rmt= 0.940 Rnm= 1.075
# # Gam_ch=1.897E+00 H-L exch
# # Mu=-1.134E+01 kf=2.185E+00 Vint=-1.831E+01 Rs_int= 1.660
# # PATH  Rmax= 8.500,  Keep_limit= 0.00, Heap_limit 0.00  Pwcrit= 2.50%
#  S02=1.000                                        Global_sig2= 0.00000
#  Energy zero shift, vr, vi   -2.00000E+00   0.00000E+00
#  Curved wave amplitude ratio filter   4.000%
#     file         sig2 tot  cw amp ratio   deg  nlegs   reff  inp sig2
#           1       0.00000    100.00      1.00     2   1.9738
#           2       0.00000     98.32      1.00     2   1.9867
#           3       0.00000     94.97      1.00     2   2.0133
#           4       0.00000     85.01      1.00     2   2.1008
#           5       0.00000     67.61      1.00     2   2.2933
#           6       0.00000     58.95      1.00     2   2.4160
#           7       0.00000     34.31      1.00     2   2.9004
#           8       0.00000     33.47      1.00     2   2.9319
#           9       0.00000     32.05      1.00     2   2.9880
#          10       0.00000     31.10      1.00     2   3.0275
#          11       0.00000     29.81      1.00     2   3.0830
#          12       0.00000     27.17      1.00     2   3.2082
#          13       0.00000     25.05      1.00     2   3.3219
#          14       0.00000     23.91      1.00     2   3.3859
#          15       0.00000     13.72      2.00     3   3.3879
#          16       0.00000     22.95      1.00     2   3.4293
#          17       0.00000     11.99      2.00     3   3.4366
#          18       0.00000     18.57      2.00     3   3.4395
#          19       0.00000     11.64      2.00     3   3.4573
#          20       0.00000     22.29      1.00     2   3.4654
#          21       0.00000     22.01      1.00     2   3.4815
#          22       0.00000     21.93      1.00     2   3.4860
#          23       0.00000     13.29      2.00     3   3.4881
#          24       0.00000      9.00      2.00     3   3.5143
#          25       0.00000     11.19      2.00     3   3.5343
#          26       0.00000     10.32      2.00     3   3.5354
#          27       0.00000     10.47      2.00     3   3.5361
#          28       0.00000      9.16      2.00     3   3.5529
#          29       0.00000     16.71      2.00     3   3.5539
#          30       0.00000     20.63      1.00     2   3.5637
#          31       0.00000      7.24      2.00     3   3.5714
#          32       0.00000     10.24      2.00     3   3.5713
#          33       0.00000      7.87      2.00     3   3.5825
#          34       0.00000      9.28      2.00     3   3.5883
#          35       0.00000     20.75      1.00     2   3.5905
#          36       0.00000     11.54      2.00     3   3.5984
#          37       0.00000      9.99      2.00     3   3.6395
#          38       0.00000      7.74      2.00     3   3.6697
#          39       0.00000      9.44      2.00     3   3.6703
#          40       0.00000     10.30      2.00     3   3.6826
#          41       0.00000     15.74      2.00     3   3.6896
#          42       0.00000     19.01      1.00     2   3.7214
#          43       0.00000     18.96      1.00     2   3.7254
#          44       0.00000      6.93      2.00     3   3.7313
#          45       0.00000     18.52      1.00     2   3.7605
#          46       0.00000      6.35      1.00     4   3.7959
#          47       0.00000     16.66      1.00     2   3.8451
#          48       0.00000     14.35      2.00     3   3.8472
#          49       0.00000      6.82      1.00     4   3.8754
#          50       0.00000     16.54      2.00     3   3.8853
#          51       0.00000     16.92      1.00     2   3.8996
#          52       0.00000      5.04      1.00     4   3.8997
#          53       0.00000     17.16      2.00     3   3.9118
#          54       0.00000     15.80      1.00     2   3.9177
#          55       0.00000     10.59      1.00     4   3.9475
#          57       0.00000     10.22      1.00     4   3.9733
#          58       0.00000      5.72      1.00     4   3.9827
#          59       0.00000      4.93      2.00     4   3.9871
#          60       0.00000      4.26      1.00     4   3.9933
#          61       0.00000      9.19      2.00     3   4.0078
#          62       0.00000      9.74      2.00     3   4.0189
#          63       0.00000     24.11      2.00     3   4.0221
#          64       0.00000     15.61      1.00     2   4.0259
#          65       0.00000      9.51      1.00     4   4.0266
#          66       0.00000     14.48      1.00     2   4.0391
#          67       0.00000      6.66      1.00     4   4.0491
#          68       0.00000      7.54      1.00     4   4.0630
#          69       0.00000     14.03      2.00     3   4.0690
#          70       0.00000      4.84      1.00     4   4.0828
#          71       0.00000      5.01      1.00     4   4.0843
#          72       0.00000     22.01      2.00     4   4.0875
#          73       0.00000      4.39      1.00     4   4.1040
#          74       0.00000      4.68      1.00     4   4.1151
#          75       0.00000      8.63      2.00     3   4.1185
#          76       0.00000      8.70      2.00     3   4.1511
#          77       0.00000      7.98      2.00     3   4.1674
#          78       0.00000      7.68      2.00     3   4.1961
#          79       0.00000      7.57      1.00     4   4.2017
#          80       0.00000     12.28      2.00     3   4.2050
#          81       0.00000     12.72      1.00     2   4.2252
#          82       0.00000      7.21      2.00     3   4.2356
#          83       0.00000      7.13      2.00     3   4.2357
#          84       0.00000      5.55      1.00     4   4.2384
#          85       0.00000     19.54      2.00     3   4.2398
#          86       0.00000      6.96      2.00     3   4.2408
#          87       0.00000     12.45      1.00     2   4.2556
#          88       0.00000      6.15      2.00     3   4.2862
#          89       0.00000     17.11      2.00     4   4.3066
#          90       0.00000      8.51      2.00     3   4.3224
#          91       0.00000     19.29      2.00     3   4.3440
#          92       0.00000     11.57      1.00     2   4.3640
#          93       0.00000     11.50      1.00     2   4.3729
#          94       0.00000      4.75      1.00     4   4.3841
#          95       0.00000     17.68      2.00     3   4.3868
#          96       0.00000      5.77      2.00     3   4.3877
#          97       0.00000     17.91      2.00     4   4.3897
#          98       0.00000     22.03      2.00     3   4.4532
#          99       0.00000      7.07      2.00     3   4.4568
#         100       0.00000      8.04      2.00     3   4.4760
#         101       0.00000     10.73      1.00     2   4.4779
#         102       0.00000     10.68      1.00     2   4.4855
#         103       0.00000      6.11      2.00     3   4.4896
#         104       0.00000     10.61      1.00     2   4.4957
#         105       0.00000     12.25      2.00     3   4.5037
#         106       0.00000     10.30      1.00     2   4.5408
#         107       0.00000     22.72      2.00     3   4.5417
#         108       0.00000     12.89      1.00     4   4.5425
#         109       0.00000      9.08      1.00     4   4.5484
#         110       0.00000     10.07      1.00     2   4.5753
#         111       0.00000      5.44      2.00     3   4.5820
#         112       0.00000      4.76      1.00     4   4.5866
#         113       0.00000     19.35      2.00     3   4.5901
#         114       0.00000      9.96      1.00     2   4.5927
#         116       0.00000     13.83      1.00     4   4.6055
#         117       0.00000      9.85      1.00     2   4.6092
#         118       0.00000      9.82      1.00     2   4.6136
#         119       0.00000      4.76      2.00     3   4.6271
#         120       0.00000     15.76      2.00     3   4.6277
#         121       0.00000      5.53      2.00     3   4.6532
#         122       0.00000     17.86      2.00     3   4.6742
#         123       0.00000     11.01      1.00     4   4.6846
#         124       0.00000      4.24      2.00     3   4.6896
#         125       0.00000      8.26      2.00     3   4.7139
#         126       0.00000      5.24      1.00     4   4.7519
#         127       0.00000      8.95      1.00     2   4.7602
#         128       0.00000      5.78      2.00     3   4.7619
#         129       0.00000     13.78      2.00     3   4.7656
#         130       0.00000      8.23      1.00     4   4.7700
#         131       0.00000     10.02      1.00     4   4.7731
#         132       0.00000      7.30      2.00     3   4.7841
#         134       0.00000     10.07      2.00     3   4.7872
#         135       0.00000      4.21      2.00     3   4.7961
#         136       0.00000      6.50      2.00     3   4.7988
#         138       0.00000      8.72      1.00     2   4.8026
#         140       0.00000      7.98      2.00     3   4.8254
#         141       0.00000     10.22      2.00     3   4.8252
#         143       0.00000      4.01      2.00     3   4.8394
#         144       0.00000      8.49      1.00     2   4.8456
#         145       0.00000      9.53      1.00     2   4.8541
#         146       0.00000      7.06      2.00     3   4.8572
#         147       0.00000      8.36      1.00     2   4.8699
#         148       0.00000      7.40      2.00     3   4.8745
#         152       0.00000      8.28      1.00     2   4.8858
#         153       0.00000      4.75      2.00     4   4.9057
#         155       0.00000      5.67      2.00     4   4.9137
#         156       0.00000      6.99      1.00     4   4.9177
#         157       0.00000      7.12      2.00     3   4.9560
#         158       0.00000     11.68      2.00     3   4.9570
#         160       0.00000      5.02      2.00     3   4.9738
#         161       0.00000      4.62      2.00     4   4.9746
#         162       0.00000      9.70      2.00     3   4.9763
#         163       0.00000      5.96      2.00     3   5.0100
#         164       0.00000      7.60      1.00     2   5.0261
#         165       0.00000      8.62      1.00     2   5.0324
#         166       0.00000      4.32      1.00     4   5.0336
#         169       0.00000      4.51      1.00     4   5.0578
#         170       0.00000      5.61      1.00     4   5.0599
#         171       0.00000      7.97      2.00     3   5.0678
#         172       0.00000      8.43      1.00     2   5.0736
#         173       0.00000      4.97      2.00     3   5.0800
#         174       0.00000      8.25      1.00     2   5.1127
#         175       0.00000      7.49      2.00     3   5.1195
#         176       0.00000      7.95      2.00     3   5.1223
#         177       0.00000      7.15      1.00     2   5.1275
#         181       0.00000      7.12      2.00     3   5.1673
#         182       0.00000      8.01      1.00     2   5.1685
#         183       0.00000      8.60      2.00     3   5.1692
#         184       0.00000      7.48      2.00     3   5.1781
#         185       0.00000      4.29      1.00     4   5.1924
#         187       0.00000      6.85      1.00     2   5.1993
#         188       0.00000     17.31      2.00     3   5.1995
#         189       0.00000     10.96      1.00     4   5.1997
#         191       0.00000      6.03      2.00     3   5.2176
#         192       0.00000      7.77      1.00     2   5.2238
#         193       0.00000      4.53      2.00     3   5.2242
#         195       0.00000      8.46      2.00     3   5.2305
#         196       0.00000      6.95      2.00     3   5.2476
#         197       0.00000      7.09      2.00     3   5.2509
#         198       0.00000      6.65      1.00     2   5.2514
#         199       0.00000      6.60      1.00     2   5.2635
#         200       0.00000      6.58      1.00     2   5.2694
#         201       0.00000     14.76      2.00     3   5.2725
#         202       0.00000     15.33      2.00     3   5.2754
#         203       0.00000      9.14      1.00     4   5.2873
#         205       0.00000      7.36      2.00     3   5.2930
#         206       0.00000      8.56      1.00     4   5.2935
#         207       0.00000      4.06      1.00     4   5.3061
#         208       0.00000      5.03      2.00     4   5.3086
#         209       0.00000      4.14      2.00     4   5.3090
#         210       0.00000      7.80      2.00     3   5.3127
#         211       0.00000      6.39      1.00     2   5.3201
#         212       0.00000      7.34      1.00     2   5.3299
#         216       0.00000      7.22      1.00     2   5.3605
#         217       0.00000      6.20      1.00     2   5.3705
#         219       0.00000      6.22      2.00     3   5.3741
#         221       0.00000      7.14      1.00     2   5.3813
#         222       0.00000      5.40      2.00     3   5.3879
#         225       0.00000      5.78      2.00     4   5.4031
#         226       0.00000      6.07      1.00     2   5.4072
#         230       0.00000      5.26      2.00     3   5.4246
#         234       0.00000      5.95      1.00     2   5.4417
#         235       0.00000      5.97      2.00     3   5.4479
#         237       0.00000      6.76      2.00     3   5.4535
#         238       0.00000      5.86      1.00     2   5.4688
#         240       0.00000      7.92      2.00     3   5.4759
#         241       0.00000      4.64      2.00     3   5.4856
#         242       0.00000      6.80      2.00     3   5.4942
#         244       0.00000      5.86      2.00     3   5.5063
#         246       0.00000      7.30      2.00     3   5.5107
#         251       0.00000      4.33      2.00     3   5.5632
#         253       0.00000      5.67      2.00     4   5.5770
#         255       0.00000      4.89      2.00     4   5.5823
#         259       0.00000      6.33      1.00     2   5.6121
#         261       0.00000      5.38      1.00     2   5.6228
#         262       0.00000      5.36      2.00     3   5.6303
#         263       0.00000      4.38      2.00     3   5.6354
#         264       0.00000      5.12      2.00     3   5.6370
#         267       0.00000      5.37      2.00     3   5.6523
#         268       0.00000      6.93      2.00     3   5.6546
#         269       0.00000      4.09      2.00     3   5.6548
#         272       0.00000      6.15      1.00     2   5.6662
#         276       0.00000      6.10      2.00     3   5.6890
#         277       0.00000      5.13      2.00     3   5.6903
#         278       0.00000      4.05      2.00     3   5.6931
#         280       0.00000      4.01      2.00     3   5.6982
#         281       0.00000      4.32      2.00     3   5.6993
#         282       0.00000      4.00      2.00     3   5.7026
#         285       0.00000      4.30      2.00     4   5.7081
#         286       0.00000      5.09      1.00     2   5.7236
#         289       0.00000      5.88      1.00     2   5.7559
#         291       0.00000      4.98      1.00     2   5.7626
#         292       0.00000      7.46      2.00     3   5.7640
#         294       0.00000      5.57      2.00     3   5.7650
#         298       0.00000      5.83      1.00     2   5.7734
#         300       0.00000      4.49      2.00     3   5.7835
#         302       0.00000      6.72      2.00     3   5.7892
#         305       0.00000      4.91      2.00     4   5.8058
#         310       0.00000      4.47      2.00     3   5.8233
#         314       0.00000      4.63      2.00     3   5.8426
#         316       0.00000      4.73      1.00     2   5.8568
#         326       0.00000      5.46      1.00     2   5.9014
#         331       0.00000      5.04      2.00     3   5.9269
#   242/ 308 paths used
#  -----------------------------------------------------------------------
#       k          chi          mag           phase @#
    -0.7000   -5.863428E-01  5.867741E-01 -1.609141E+00
    -0.6500   -5.797156E-01  5.797395E-01 -1.561726E+00
    -0.6000   -5.753999E-01  5.763035E-01 -1.514789E+00
    -0.5500   -5.718340E-01  5.749462E-01 -1.466702E+00
    -0.5000   -5.682004E-01  5.745379E-01 -1.422130E+00
    -0.4500   -5.642700E-01  5.746976E-01 -1.380010E+00
    -0.4000   -5.601863E-01  5.750159E-01 -1.343194E+00
    -0.3500   -5.560481E-01  5.758976E-01 -1.307483E+00
    -0.3000   -5.519962E-01  5.766584E-01 -1.277281E+00
    -0.2500   -5.482382E-01  5.772875E-01 -1.252212E+00
    -0.2000   -5.449444E-01  5.777872E-01 -1.232006E+00
    -0.1500   -5.422748E-01  5.784523E-01 -1.215255E+00
    -0.1000   -5.402891E-01  5.790057E-01 -1.203030E+00
    -0.0500   -5.390622E-01  5.793355E-01 -1.195731E+00
     0.0000   -5.386474E-01  5.794450E-01 -1.193304E+00
     0.0500   -5.382296E-01  5.795543E-01 -1.190880E+00
     0.1000   -5.369588E-01  5.798809E-01 -1.183626E+00
     0.1500   -5.347827E-01  5.804208E-01 -1.171592E+00
     0.2000   -5.316158E-01  5.811664E-01 -1.154863E+00
     0.2500   -5.273411E-01  5.821061E-01 -1.133546E+00
     0.3000   -5.218135E-01  5.832234E-01 -1.107773E+00
     0.3500   -5.148718E-01  5.846990E-01 -1.077076E+00
     0.4000   -5.062545E-01  5.871234E-01 -1.039720E+00
     0.4500   -4.956176E-01  5.897790E-01 -9.979186E-01
     0.5000   -4.826767E-01  5.926217E-01 -9.518270E-01
     0.5500   -4.671000E-01  5.960944E-01 -9.004406E-01
     0.6000   -4.482816E-01  6.007642E-01 -8.423138E-01
     0.6500   -4.258177E-01  6.055537E-01 -7.798706E-01
     0.7000   -3.992247E-01  6.108073E-01 -7.123337E-01
     0.7500   -3.673982E-01  6.176126E-01 -6.371019E-01
     0.8000   -3.302524E-01  6.242867E-01 -5.574307E-01
     0.8500   -2.869352E-01  6.316244E-01 -4.715653E-01
     0.9000   -2.365905E-01  6.396970E-01 -3.788452E-01
     0.9500   -1.798807E-01  6.471620E-01 -2.816627E-01
     1.0000   -1.149461E-01  6.555763E-01 -1.762470E-01
     1.0500   -4.359998E-02  6.631870E-01 -6.579057E-02
     1.1000    3.394809E-02  6.702808E-01  5.066925E-02
     1.1500    1.170936E-01  6.768939E-01  1.738612E-01
     1.2000    2.022773E-01  6.817677E-01  3.012304E-01
     1.2500    2.900490E-01  6.861932E-01  4.364146E-01
     1.3000    3.744719E-01  6.882976E-01  5.752628E-01
     1.3500    4.545188E-01  6.889475E-01  7.204583E-01
     1.4000    5.252491E-01  6.872283E-01  8.699564E-01
     1.4500    5.837122E-01  6.832306E-01  1.024282E+00
     1.5000    6.266935E-01  6.768269E-01  1.183487E+00
     1.5500    6.507667E-01  6.675476E-01  1.346100E+00
     1.6000    6.547134E-01  6.557709E-01  1.513999E+00
     1.6500    6.367245E-01  6.408212E-01  1.683931E+00
     1.7000    5.975790E-01  6.233721E-01  1.859467E+00
     1.7500    5.386756E-01  6.027883E-01  2.036201E+00
     1.8000    4.625151E-01  5.795229E-01  2.217464E+00
     1.8500    3.739903E-01  5.534668E-01  2.399648E+00
     1.9000    2.763936E-01  5.247855E-01  2.586903E+00
     1.9500    1.767551E-01  4.936363E-01  2.775395E+00
     2.0000    8.210603E-02  4.605372E-01  2.962351E+00
     2.0500   -2.301146E-03  4.260434E-01  3.146994E+00
     2.1000   -7.298935E-02  3.895128E-01  3.330093E+00
     2.1500   -1.264567E-01  3.513730E-01  3.509746E+00
     2.2000   -1.614587E-01  3.138406E-01  3.681971E+00
     2.2500   -1.795520E-01  2.776305E-01  3.844882E+00
     2.3000   -1.829126E-01  2.425169E-01  3.996068E+00
     2.3500   -1.732253E-01  2.074703E-01  4.129617E+00
     2.4000   -1.569875E-01  1.762347E-01  4.240666E+00
     2.4500   -1.384517E-01  1.495011E-01  4.325512E+00
     2.5000   -1.209246E-01  1.278252E-01  4.382305E+00
     2.5500   -1.082366E-01  1.134094E-01  4.409197E+00
     2.6000   -9.906242E-02  1.036529E-01  4.413666E+00
     2.6500   -9.402040E-02  9.850334E-02  4.409536E+00
     2.7000   -9.304902E-02  9.734631E-02  4.414151E+00
     2.7500   -9.460846E-02  9.777752E-02  4.457095E+00
     2.8000   -9.759618E-02  9.947770E-02  4.517587E+00
     2.8500   -1.013457E-01  1.020595E-01  4.594051E+00
     2.9000   -1.051121E-01  1.051496E-01  4.685668E+00
     2.9500   -1.076843E-01  1.079981E-01  4.788636E+00
     3.0000   -1.087693E-01  1.107632E-01  4.902421E+00
     3.0500   -1.078954E-01  1.134213E-01  5.025824E+00
     3.1000   -1.045998E-01  1.158822E-01  5.157322E+00
     3.1500   -9.870172E-02  1.181066E-01  5.293779E+00
     3.2000   -9.002153E-02  1.202016E-01  5.436753E+00
     3.2500   -7.822287E-02  1.219953E-01  5.587130E+00
     3.3000   -6.333044E-02  1.233031E-01  5.743792E+00
     3.3500   -4.595792E-02  1.242020E-01  5.904149E+00
     3.4000   -2.658788E-02  1.247629E-01  6.068431E+00
     3.4500   -5.725919E-03  1.248009E-01  6.237289E+00
     3.5000    1.572061E-02  1.242323E-01  6.410068E+00
     3.5500    3.672235E-02  1.231118E-01  6.586080E+00
     3.6000    5.623586E-02  1.214554E-01  6.764581E+00
     3.6500    7.318105E-02  1.191433E-01  6.944592E+00
     3.7000    8.667742E-02  1.161998E-01  7.125122E+00
     3.7500    9.617753E-02  1.127175E-01  7.305394E+00
     3.8000    1.014689E-01  1.088242E-01  7.484211E+00
     3.8500    1.026300E-01  1.045913E-01  7.660018E+00
     3.9000    1.001244E-01  1.001484E-01  7.832057E+00
     3.9500    9.468751E-02  9.571382E-02  8.000555E+00
     4.0000    8.709805E-02  9.151877E-02  8.166065E+00
     4.0500    7.792805E-02  8.757157E-02  8.327699E+00
     4.1000    6.773554E-02  8.398408E-02  8.486522E+00
     4.1500    5.689210E-02  8.083712E-02  8.644064E+00
     4.2000    4.560872E-02  7.817813E-02  8.801876E+00
     4.2500    3.384748E-02  7.591965E-02  8.962673E+00
     4.3000    2.157580E-02  7.396164E-02  9.128757E+00
     4.3500    8.874581E-03  7.217784E-02  9.301512E+00
     4.4000   -3.927572E-03  7.046236E-02  9.480547E+00
     4.4500   -1.657496E-02  6.862742E-02  9.668711E+00
     4.5000   -2.843519E-02  6.653303E-02  9.866376E+00
     4.5500   -3.870519E-02  6.408658E-02  1.007323E+01
     4.6000   -4.656038E-02  6.129929E-02  1.028741E+01
     4.6500   -5.132635E-02  5.801863E-02  1.051053E+01
     4.7000   -5.249912E-02  5.422932E-02  1.074229E+01
     4.7500   -4.996872E-02  4.997311E-02  1.098233E+01
     4.8000   -4.415887E-02  4.538135E-02  1.122821E+01
     4.8500   -3.570289E-02  4.042997E-02  1.148398E+01
     4.9000   -2.561497E-02  3.521834E-02  1.175196E+01
     4.9500   -1.510325E-02  2.987030E-02  1.203626E+01
     5.0000   -5.523252E-03  2.451902E-02  1.233916E+01
     5.0500    2.213845E-03  1.934426E-02  1.268107E+01
     5.1000    7.380171E-03  1.461863E-02  1.309558E+01
     5.1500    9.583018E-03  1.087058E-02  1.364552E+01
     5.2000    8.735322E-03  8.977185E-03  1.436982E+01
     5.2500    5.375170E-03  9.711408E-03  1.512141E+01
     5.3000    1.732841E-04  1.223438E-02  1.569380E+01
     5.3500   -6.058631E-03  1.536986E-02  1.611315E+01
     5.4000   -1.255883E-02  1.850557E-02  1.645389E+01
     5.4500   -1.851185E-02  2.149047E-02  1.674598E+01
     5.5000   -2.336392E-02  2.424827E-02  1.700786E+01
     5.5500   -2.676136E-02  2.677290E-02  1.724940E+01
     5.6000   -2.849934E-02  2.908735E-02  1.748017E+01
     5.6500   -2.852553E-02  3.125931E-02  1.770009E+01
     5.7000   -2.687406E-02  3.334320E-02  1.791222E+01
     5.7500   -2.360072E-02  3.538714E-02  1.811948E+01
     5.8000   -1.868165E-02  3.742209E-02  1.832686E+01
     5.8500   -1.224667E-02  3.947381E-02  1.853410E+01
     5.9000   -4.421582E-03  4.153329E-02  1.874290E+01
     5.9500    4.573400E-03  4.356739E-02  1.895472E+01
     6.0000    1.448653E-02  4.554434E-02  1.917325E+01
     6.0500    2.465123E-02  4.740249E-02  1.939645E+01
     6.1000    3.431432E-02  4.906448E-02  1.962407E+01
     6.1500    4.262630E-02  5.045256E-02  1.985589E+01
     6.2000    4.873302E-02  5.149366E-02  2.009142E+01
     6.2500    5.191207E-02  5.212485E-02  2.032996E+01
     6.3000    5.170796E-02  5.229768E-02  2.057067E+01
     6.3500    4.803426E-02  5.198138E-02  2.081256E+01
     6.4000    4.121617E-02  5.116521E-02  2.105454E+01
     6.4500    3.195905E-02  4.985985E-02  2.129538E+01
     6.5000    2.117884E-02  4.821196E-02  2.153634E+01
     6.5500    9.971833E-03  4.617576E-02  2.177348E+01
     6.6000   -5.692787E-04  4.379713E-02  2.200415E+01
     6.6500   -9.584355E-03  4.117415E-02  2.222608E+01
     6.7000   -1.656406E-02  3.842876E-02  2.243679E+01
     6.7500   -2.139771E-02  3.570468E-02  2.263377E+01
     6.8000   -2.433464E-02  3.316202E-02  2.281506E+01
     6.8500   -2.587032E-02  3.096520E-02  2.298013E+01
     6.9000   -2.658613E-02  2.926080E-02  2.313105E+01
     6.9500   -2.698211E-02  2.814628E-02  2.327333E+01
     7.0000   -2.743534E-02  2.773004E-02  2.341602E+01
     7.0500   -2.788753E-02  2.788794E-02  2.356743E+01
     7.1000   -2.802918E-02  2.844992E-02  2.373414E+01
     7.1500   -2.738859E-02  2.923861E-02  2.391958E+01
     7.2000   -2.544862E-02  3.007753E-02  2.412411E+01
     7.2500   -2.181307E-02  3.081451E-02  2.434624E+01
     7.3000   -1.635059E-02  3.133137E-02  2.458371E+01
     7.3500   -9.279122E-03  3.154494E-02  2.483417E+01
     7.4000   -1.168843E-03  3.140410E-02  2.509551E+01
     7.4500    7.138907E-03  3.088574E-02  2.536599E+01
     7.5000    1.471136E-02  3.005559E-02  2.564423E+01
     7.5500    2.063654E-02  2.887673E-02  2.592885E+01
     7.6000    2.420065E-02  2.734896E-02  2.621899E+01
     7.6500    2.505940E-02  2.551613E-02  2.651405E+01
     7.7000    2.329061E-02  2.343270E-02  2.681372E+01
     7.7500    1.936965E-02  2.116076E-02  2.711794E+01
     7.8000    1.406673E-02  1.876737E-02  2.742698E+01
     7.8500    8.291009E-03  1.632199E-02  2.774151E+01
     7.9000    2.917002E-03  1.389419E-02  2.806282E+01
     7.9500   -1.368647E-03  1.155174E-02  2.839309E+01
     8.0000   -4.161811E-03  9.330017E-03  2.873670E+01
     8.0500   -5.361594E-03  7.288029E-03  2.910099E+01
     8.1000   -5.174698E-03  5.501389E-03  2.949878E+01
     8.1500   -4.015691E-03  4.038736E-03  2.995201E+01
     8.2000   -2.382675E-03  2.977452E-03  3.048823E+01
     8.2500   -7.327095E-04  2.378569E-03  3.110279E+01
     8.3000    6.149902E-04  2.190571E-03  3.170050E+01
     8.3500    1.528046E-03  2.225671E-03  3.217267E+01
     8.4000    2.055176E-03  2.328882E-03  3.249702E+01
     8.4500    2.372603E-03  2.476217E-03  3.269642E+01
     8.5000    2.685520E-03  2.721995E-03  3.282283E+01
     8.5500    3.155700E-03  3.162598E-03  3.292066E+01
     8.6000    3.856078E-03  3.860256E-03  3.303325E+01
     8.6500    4.707447E-03  4.802000E-03  3.318550E+01
     8.7000    5.490985E-03  5.937819E-03  3.337715E+01
     8.7500    5.898644E-03  7.208358E-03  3.359906E+01
     8.8000    5.611819E-03  8.556184E-03  3.384217E+01
     8.8500    4.388342E-03  9.928403E-03  3.409969E+01
     8.9000    2.136358E-03  1.127698E-02  3.436692E+01
     8.9500   -1.042834E-03  1.255880E-02  3.464065E+01
     9.0000   -4.857349E-03  1.372930E-02  3.491914E+01
     9.0500   -8.853935E-03  1.476088E-02  3.520080E+01
     9.1000   -1.249904E-02  1.563261E-02  3.548406E+01
     9.1500   -1.527559E-02  1.632409E-02  3.576796E+01
     9.2000   -1.677162E-02  1.682100E-02  3.605167E+01
     9.2500   -1.675255E-02  1.711512E-02  3.633452E+01
     9.3000   -1.519997E-02  1.720425E-02  3.661583E+01
     9.3500   -1.231051E-02  1.709197E-02  3.689495E+01
     9.4000   -8.456593E-03  1.678738E-02  3.717118E+01
     9.4500   -4.118408E-03  1.630477E-02  3.744376E+01
     9.5000    1.959449E-04  1.567852E-02  3.771161E+01
     9.5500    4.051136E-03  1.493398E-02  3.797382E+01
     9.6000    7.124371E-03  1.408539E-02  3.822942E+01
     9.6500    9.236096E-03  1.316059E-02  3.847703E+01
     9.7000    1.036125E-02  1.219015E-02  3.871504E+01
     9.7500    1.060838E-02  1.120704E-02  3.894158E+01
     9.8000    1.017818E-02  1.024612E-02  3.915469E+01
     9.8500    9.311061E-03  9.343004E-03  3.935262E+01
     9.9000    8.235128E-03  8.531826E-03  3.953440E+01
     9.9500    7.125016E-03  7.841381E-03  3.970068E+01
    10.0000    6.097985E-03  7.318961E-03  3.985588E+01
    10.0500    5.153124E-03  6.955328E-03  4.000631E+01
    10.1000    4.233645E-03  6.704261E-03  4.015724E+01
    10.1500    3.285692E-03  6.535210E-03  4.031391E+01
    10.2000    2.266483E-03  6.411603E-03  4.047940E+01
    10.2500    1.167463E-03  6.298091E-03  4.065426E+01
    10.3000    2.342756E-05  6.165946E-03  4.083690E+01
    10.3500   -1.094252E-03  5.996049E-03  4.102423E+01
    10.4000   -2.097600E-03  5.780160E-03  4.121208E+01
    10.4500   -2.908760E-03  5.521369E-03  4.139556E+01
    10.5000   -3.485037E-03  5.234361E-03  4.156927E+01
    10.5500   -3.834201E-03  4.945527E-03  4.172787E+01
    10.6000   -4.014621E-03  4.692130E-03  4.186743E+01
    10.6500   -4.119067E-03  4.518442E-03  4.198789E+01
    10.7000   -4.245782E-03  4.466375E-03  4.209590E+01
    10.7500   -4.464440E-03  4.561547E-03  4.220479E+01
    10.8000   -4.786724E-03  4.802751E-03  4.232978E+01
    10.8500   -5.150783E-03  5.163447E-03  4.248155E+01
    10.9000   -5.425769E-03  5.603142E-03  4.266379E+01
    10.9500   -5.437687E-03  6.079138E-03  4.287502E+01
    11.0000   -5.023480E-03  6.571968E-03  4.311222E+01
    11.0500   -4.049430E-03  7.055166E-03  4.337096E+01
    11.1000   -2.463822E-03  7.484566E-03  4.364685E+01
    11.1500   -3.535021E-04  7.841192E-03  4.393720E+01
    11.2000    2.067318E-03  8.111487E-03  4.424000E+01
    11.2500    4.483059E-03  8.286937E-03  4.455390E+01
    11.3000    6.529301E-03  8.363790E-03  4.487802E+01
    11.3500    7.862018E-03  8.342827E-03  4.521194E+01
    11.4000    8.229103E-03  8.229127E-03  4.555555E+01
    11.4500    7.528228E-03  8.031814E-03  4.590909E+01
    11.5000    5.837354E-03  7.763718E-03  4.627299E+01
    11.5500    3.409695E-03  7.440949E-03  4.664788E+01
    11.6000    6.326203E-04  7.082268E-03  4.703445E+01
    11.6500   -2.042003E-03  6.708205E-03  4.743320E+01
    11.7000   -4.181990E-03  6.339762E-03  4.784424E+01
    11.7500   -5.456015E-03  5.996601E-03  4.826682E+01
    11.8000   -5.694691E-03  5.694745E-03  4.869903E+01
    11.8500   -4.918754E-03  5.444100E-03  4.913761E+01
    11.9000   -3.328743E-03  5.246525E-03  4.957816E+01
    11.9500   -1.258985E-03  5.095287E-03  5.001581E+01
    12.0000    8.918194E-04  4.982680E-03  5.044544E+01
    12.0500    2.753123E-03  4.892184E-03  5.086320E+01
    12.1000    4.041397E-03  4.796475E-03  5.126753E+01
    12.1500    4.603088E-03  4.677969E-03  5.165711E+01
    12.2000    4.437024E-03  4.522602E-03  5.203112E+01
    12.2500    3.678225E-03  4.320948E-03  5.238870E+01
    12.3000    2.554115E-03  4.068834E-03  5.272845E+01
    12.3500    1.324749E-03  3.767790E-03  5.304780E+01
    12.4000    2.216271E-04  3.425742E-03  5.334234E+01
    12.4500   -6.008206E-04  3.058388E-03  5.360481E+01
    12.5000   -1.090704E-03  2.691823E-03  5.382426E+01
    12.5500   -1.296699E-03  2.366463E-03  5.398698E+01
    12.6000   -1.340965E-03  2.138761E-03  5.408475E+01
    12.6500   -1.375184E-03  2.068108E-03  5.413450E+01
    12.7000   -1.531672E-03  2.180439E-03  5.418592E+01
    12.7500   -1.882195E-03  2.445821E-03  5.428522E+01
    12.8000   -2.414802E-03  2.804777E-03  5.444423E+01
    12.8500   -3.034167E-03  3.202060E-03  5.465261E+01
    12.9000   -3.584987E-03  3.596941E-03  5.489632E+01
    12.9500   -3.892225E-03  3.960884E-03  5.516434E+01
    13.0000   -3.811679E-03  4.279605E-03  5.544987E+01
    13.0500   -3.260059E-03  4.542577E-03  5.574822E+01
    13.1000   -2.242112E-03  4.731263E-03  5.605496E+01
    13.1500   -8.699367E-04  4.838686E-03  5.636790E+01
    13.2000    6.632325E-04  4.860834E-03  5.668554E+01
    13.2500    2.121600E-03  4.796384E-03  5.700687E+01
    13.3000    3.276079E-03  4.646493E-03  5.733118E+01
    13.3500    3.952898E-03  4.414602E-03  5.765803E+01
    13.4000    4.070333E-03  4.106229E-03  5.798714E+01
    13.4500    3.655167E-03  3.728742E-03  5.831845E+01
    13.5000    2.835197E-03  3.291110E-03  5.865210E+01
    13.5500    1.809653E-03  2.803633E-03  5.898863E+01
    13.6000    8.044405E-04  2.277663E-03  5.932929E+01
    13.6500    2.250779E-05  1.725351E-03  5.967721E+01
    13.7000   -3.993757E-04  1.159579E-03  6.004188E+01
    13.7500   -4.178216E-04  5.952997E-04  6.046828E+01
    13.8000   -8.821801E-05  1.155694E-04  6.196340E+01
    13.8500    4.523468E-04  5.249865E-04  6.387034E+01
    13.9000    1.020136E-03  1.024434E-03  6.431101E+01
    13.9500    1.429282E-03  1.486134E-03  6.468014E+01
    14.0000    1.536862E-03  1.901945E-03  6.503262E+01
    14.0500    1.271047E-03  2.269297E-03  6.537893E+01
    14.1000    6.437633E-04  2.578328E-03  6.572109E+01
    14.1500   -2.462727E-04  2.824789E-03  6.606074E+01
    14.2000   -1.239991E-03  3.006177E-03  6.639862E+01
    14.2500   -2.154336E-03  3.121735E-03  6.673508E+01
    14.3000   -2.822678E-03  3.172422E-03  6.707025E+01
    14.3500   -3.129866E-03  3.160851E-03  6.740411E+01
    14.4000   -3.034211E-03  3.091174E-03  6.773652E+01
    14.4500   -2.572064E-03  2.968936E-03  6.806724E+01
    14.5000   -1.844996E-03  2.800887E-03  6.839592E+01
    14.5500   -9.936532E-04  2.594764E-03  6.872206E+01
    14.6000   -1.652673E-04  2.359053E-03  6.904492E+01
    14.6500    5.171504E-04  2.102733E-03  6.936353E+01
    14.7000    9.769244E-04  1.835016E-03  6.967645E+01
    14.7500    1.192778E-03  1.565095E-03  6.998161E+01
    14.8000    1.194071E-03  1.301913E-03  7.027595E+01
    14.8500    1.044942E-03  1.053969E-03  7.055486E+01
    14.9000    8.226475E-04  8.291708E-04  7.081135E+01
    14.9500    5.963363E-04  6.346990E-04  7.103529E+01
    15.0000    4.104643E-04  4.754555E-04  7.121484E+01
    15.0500    2.806930E-04  3.537484E-04  7.134012E+01
    15.1000    2.012083E-04  2.711100E-04  7.142034E+01
    15.1500    1.483069E-04  2.181094E-04  7.150892E+01
    15.2000    9.664514E-05  1.779249E-04  7.168241E+01
    15.2500    3.170473E-05  1.369798E-04  7.202306E+01
    15.3000   -4.333458E-05  9.917968E-05  7.270881E+01
    15.3500   -1.082384E-04  1.082518E-04  7.381171E+01
    15.4000   -1.332447E-04  1.851601E-04  7.459497E+01
    15.4500   -9.062343E-05  2.955014E-04  7.508652E+01
    15.5000    3.379177E-05  4.215484E-04  7.547847E+01
    15.5500    2.330323E-04  5.543779E-04  7.583205E+01
    15.6000    4.779410E-04  6.871511E-04  7.616739E+01
    15.6500    7.230552E-04  8.139232E-04  7.649198E+01
    15.7000    9.176329E-04  9.295597E-04  7.680866E+01
    15.7500    1.018443E-03  1.029890E-03  7.711826E+01
    15.8000    1.000459E-03  1.111910E-03  7.742058E+01
    15.8500    8.623344E-04  1.173976E-03  7.771483E+01
    15.9000    6.252349E-04  1.215974E-03  7.799976E+01
    15.9500    3.256988E-04  1.239443E-03  7.827392E+01
    16.0000    3.120655E-06  1.249586E-03  7.853732E+01
    16.0500   -3.108361E-04  1.251143E-03  7.879089E+01
    16.1000   -5.869799E-04  1.244739E-03  7.903089E+01
    16.1500   -8.136703E-04  1.237107E-03  7.925760E+01
    16.2000   -9.928619E-04  1.235271E-03  7.947341E+01
    16.2500   -1.133172E-03  1.245199E-03  7.968318E+01
    16.3000   -1.240597E-03  1.270315E-03  7.989388E+01
    16.3500   -1.310480E-03  1.310484E-03  8.011302E+01
    16.4000   -1.324177E-03  1.362004E-03  8.034685E+01
    16.4500   -1.252472E-03  1.418554E-03  8.059936E+01
    16.5000   -1.065564E-03  1.472574E-03  8.087240E+01
    16.5500   -7.469921E-04  1.516552E-03  8.116638E+01
    16.6000   -3.070030E-04  1.544010E-03  8.148124E+01
    16.6500    2.097248E-04  1.550196E-03  8.181711E+01
    16.7000    7.259938E-04  1.532639E-03  8.217488E+01
    16.7500    1.145058E-03  1.491676E-03  8.255655E+01
    16.8000    1.372613E-03  1.431046E-03  8.296545E+01
    16.8500    1.342511E-03  1.358583E-03  8.340617E+01
    16.9000    1.038932E-03  1.286813E-03  8.388332E+01
    16.9500    5.078609E-04  1.232679E-03  8.439836E+01
    17.0000   -1.486830E-04  1.218251E-03  8.494535E+01
    17.0500   -7.964950E-04  1.264422E-03  8.550446E+01
    17.1000   -1.285598E-03  1.366583E-03  8.604780E+01
    17.1500   -1.493485E-03  1.514302E-03  8.655980E+01
    17.2000   -1.353211E-03  1.691040E-03  8.703693E+01
    17.2500   -8.708865E-04  1.879746E-03  8.748288E+01
    17.3000   -1.262909E-04  2.065464E-03  8.790341E+01
    17.3500    7.439022E-04  2.235941E-03  8.830376E+01
    17.4000    1.576277E-03  2.381525E-03  8.868791E+01
    17.4500    2.216737E-03  2.494971E-03  8.905862E+01
    17.5000    2.553497E-03  2.571316E-03  8.941760E+01
    17.5500    2.538958E-03  2.607822E-03  8.976571E+01
    17.6000    2.195461E-03  2.603976E-03  9.010313E+01
    17.6500    1.604283E-03  2.561505E-03  9.042938E+01
    17.7000    8.816571E-04  2.484400E-03  9.074340E+01
    17.7500    1.488686E-04  2.378929E-03  9.104357E+01
    17.8000   -4.953328E-04  2.253610E-03  9.132779E+01
    17.8500   -9.928697E-04  2.119075E-03  9.159382E+01
    17.9000   -1.331000E-03  1.987652E-03  9.183990E+01
    17.9500   -1.533575E-03  1.872382E-03  9.206594E+01
    18.0000   -1.646759E-03  1.789323E-03  9.227510E+01
    18.0500   -1.717529E-03  1.752656E-03  9.247644E+01
    18.1000   -1.752905E-03  1.752920E-03  9.268104E+01
    18.1500   -1.740000E-03  1.783614E-03  9.289858E+01
    18.2000   -1.644324E-03  1.833622E-03  9.313538E+01
    18.2500   -1.425000E-03  1.890334E-03  9.339390E+01
    18.3000   -1.054425E-03  1.942162E-03  9.367388E+01
    18.3500   -5.357417E-04  1.979918E-03  9.397378E+01
    18.4000    8.796917E-05  1.997301E-03  9.429184E+01
    18.4500    7.363736E-04  1.990909E-03  9.462665E+01
    18.5000    1.306496E-03  1.960061E-03  9.497736E+01
    18.5500    1.695670E-03  1.906571E-03  9.534377E+01
    18.6000    1.826675E-03  1.834494E-03  9.572622E+01
    18.6500    1.668132E-03  1.749853E-03  9.612540E+01
    18.7000    1.244448E-03  1.660253E-03  9.654198E+01
    18.7500    6.324920E-04  1.574298E-03  9.697593E+01
    18.8000   -5.424301E-05  1.500639E-03  9.742553E+01
    18.8500   -6.898456E-04  1.446599E-03  9.788647E+01
    18.9000   -1.162362E-03  1.416619E-03  9.835169E+01
    18.9500   -1.395809E-03  1.411162E-03  9.881252E+01
    19.0000   -1.364783E-03  1.428456E-03  9.925987E+01
    19.0500   -1.095478E-03  1.464387E-03  9.968580E+01
    19.1000   -6.433967E-04  1.507429E-03  1.000900E+02
    19.1500   -9.100488E-05  1.551792E-03  1.004723E+02
    19.2000    4.751888E-04  1.593394E-03  1.008338E+02
    19.2500    9.803775E-04  1.630034E-03  1.011763E+02
    19.3000    1.371035E-03  1.661169E-03  1.015018E+02
    19.3500    1.617376E-03  1.687450E-03  1.018126E+02
    19.4000    1.710050E-03  1.710125E-03  1.021111E+02
    19.4500    1.653915E-03  1.730395E-03  1.024002E+02
    19.5000    1.462107E-03  1.748831E-03  1.026825E+02
    19.5500    1.152692E-03  1.764954E-03  1.029609E+02
    19.6000    7.486017E-04  1.777058E-03  1.032377E+02
    19.6500    2.797485E-04  1.782312E-03  1.035149E+02
    19.7000   -2.149493E-04  1.777079E-03  1.037938E+02
    19.7500   -6.880758E-04  1.757372E-03  1.040749E+02
    19.8000   -1.088289E-03  1.719352E-03  1.043579E+02
    19.8500   -1.368799E-03  1.659789E-03  1.046422E+02
    19.9000   -1.497788E-03  1.576466E-03  1.049261E+02
    19.9500   -1.467541E-03  1.468504E-03  1.052071E+02