# # tequil.ion_motion                                            FEFF 9.05   
# # POT  SCF  30  5.5000   1, core-hole, AFOLP (folp(0)= 1.150)
# # Abs   Z=30 Rmt= 1.331 Rnm= 1.404 K  shell
# # Pot 1 Z=26 Rmt= 1.286 Rnm= 1.386
# # Pot 2 Z= 8 Rmt= 0.972 Rnm= 1.089
# # Gam_ch=1.897E+00 H-L exch
# # Mu=-1.171E+01 kf=2.183E+00 Vint=-1.837E+01 Rs_int= 1.662
# # PATH  Rmax= 8.500,  Keep_limit= 0.00, Heap_limit 0.00  Pwcrit= 2.50%
#  S02=1.000                                        Global_sig2= 0.00000
#  Energy zero shift, vr, vi   -2.00000E+00   0.00000E+00
#  Curved wave amplitude ratio filter   4.000%
#     file         sig2 tot  cw amp ratio   deg  nlegs   reff  inp sig2
#           1       0.00000    100.00      1.00     2   1.9713
#           2       0.00000     92.93      1.00     2   2.0270
#           3       0.00000     89.15      1.00     2   2.0593
#           4       0.00000     83.34      1.00     2   2.1128
#           5       0.00000     80.30      1.00     2   2.1428
#           6       0.00000     74.79      1.00     2   2.2014
#           7       0.00000     37.79      1.00     2   2.7875
#           8       0.00000     34.47      1.00     2   2.9060
#           9       0.00000     33.83      1.00     2   2.9305
#          10       0.00000     32.37      1.00     2   2.9882
#          11       0.00000     25.75      1.00     2   3.2963
#          12       0.00000     11.24      2.00     3   3.3909
#          13       0.00000     11.55      2.00     3   3.3956
#          14       0.00000     23.22      1.00     2   3.3988
#          15       0.00000     12.26      2.00     3   3.4343
#          16       0.00000     22.94      1.00     2   3.4572
#          17       0.00000     21.97      1.00     2   3.4671
#          18       0.00000     11.23      2.00     3   3.4689
#          19       0.00000     11.56      2.00     3   3.4928
#          20       0.00000     22.34      1.00     2   3.4949
#          21       0.00000     10.61      2.00     3   3.4973
#          22       0.00000     11.97      2.00     3   3.4989
#          23       0.00000      9.56      2.00     3   3.5063
#          24       0.00000     12.40      2.00     3   3.5137
#          25       0.00000      9.80      2.00     3   3.5243
#          26       0.00000     11.60      2.00     3   3.5339
#          27       0.00000     11.16      2.00     3   3.5371
#          28       0.00000     10.73      2.00     3   3.5460
#          29       0.00000     10.16      2.00     3   3.5533
#          30       0.00000     19.93      2.00     3   3.5593
#          31       0.00000      9.85      2.00     3   3.5666
#          32       0.00000      7.26      2.00     3   3.5741
#          33       0.00000      8.33      2.00     3   3.6036
#          34       0.00000      8.01      2.00     3   3.6174
#          35       0.00000      8.05      2.00     3   3.6261
#          36       0.00000     19.31      1.00     2   3.6314
#          37       0.00000      7.93      2.00     3   3.6360
#          38       0.00000     20.16      1.00     2   3.6414
#          39       0.00000      6.56      2.00     3   3.6598
#          40       0.00000     19.75      1.00     2   3.6712
#          41       0.00000     18.57      1.00     2   3.6823
#          42       0.00000     17.95      1.00     2   3.7265
#          43       0.00000     17.48      2.00     3   3.7282
#          44       0.00000     17.88      1.00     2   3.7318
#          45       0.00000     17.67      1.00     2   3.7471
#          46       0.00000     18.67      1.00     2   3.7533
#          47       0.00000     18.61      1.00     2   3.7584
#          48       0.00000     14.87      2.00     3   3.7626
#          49       0.00000     18.50      1.00     2   3.7674
#          50       0.00000      5.44      1.00     4   3.8223
#          51       0.00000     16.80      2.00     3   3.8315
#          52       0.00000     15.72      1.00     2   3.9050
#          53       0.00000     16.59      2.00     3   3.9219
#          54       0.00000     17.06      2.00     3   3.9232
#          55       0.00000     13.49      2.00     3   3.9321
#          56       0.00000     10.85      1.00     4   3.9425
#          57       0.00000      5.17      1.00     4   3.9615
#          58       0.00000      6.22      1.00     4   3.9627
#          59       0.00000     14.12      2.00     3   3.9655
#          60       0.00000     14.84      1.00     2   3.9843
#          61       0.00000      6.42      1.00     4   3.9942
#          63       0.00000      6.64      1.00     4   4.0037
#          64       0.00000      6.16      1.00     4   4.0216
#          65       0.00000     15.29      1.00     2   4.0531
#          66       0.00000      9.31      1.00     4   4.0541
#          67       0.00000      4.08      1.00     4   4.0681
#          68       0.00000      7.16      1.00     4   4.0790
#          69       0.00000      6.97      1.00     4   4.0853
#          70       0.00000      5.55      1.00     4   4.0861
#          71       0.00000      8.32      2.00     3   4.1090
#          72       0.00000     13.56      1.00     2   4.1114
#          73       0.00000      8.55      1.00     4   4.1186
#          74       0.00000      8.45      2.00     3   4.1213
#          75       0.00000     24.01      2.00     3   4.1342
#          76       0.00000     24.41      2.00     3   4.1369
#          77       0.00000      4.69      1.00     4   4.1450
#          78       0.00000     24.84      2.00     3   4.1461
#          79       0.00000     13.18      1.00     2   4.1518
#          80       0.00000     24.81      2.00     4   4.1699
#          81       0.00000     23.99      2.00     4   4.1721
#          82       0.00000     25.82      2.00     4   4.1727
#          83       0.00000      5.39      1.00     4   4.1778
#          84       0.00000      4.36      1.00     4   4.1930
#          85       0.00000     12.58      1.00     2   4.2192
#          86       0.00000     12.56      1.00     2   4.2210
#          87       0.00000      7.44      1.00     4   4.2255
#          88       0.00000      8.97      2.00     3   4.2284
#          89       0.00000      7.70      2.00     3   4.2527
#          90       0.00000      6.65      2.00     3   4.2677
#          91       0.00000      6.76      2.00     3   4.2810
#          92       0.00000      6.89      1.00     4   4.2856
#          93       0.00000      7.09      2.00     3   4.3190
#          94       0.00000     20.42      2.00     3   4.3502
#          95       0.00000      7.19      2.00     3   4.3539
#          96       0.00000      6.63      2.00     3   4.3718
#          97       0.00000      6.65      2.00     3   4.3741
#          98       0.00000      5.96      1.00     4   4.4028
#          99       0.00000     10.93      1.00     2   4.4272
#         100       0.00000     10.89      1.00     2   4.4328
#         101       0.00000      6.31      2.00     3   4.4382
#         102       0.00000      7.20      2.00     3   4.4417
#         103       0.00000      6.29      2.00     3   4.4500
#         104       0.00000      5.98      2.00     3   4.4629
#         105       0.00000      5.89      2.00     3   4.4640
#         106       0.00000      5.24      2.00     3   4.4690
#         107       0.00000      5.79      2.00     3   4.4715
#         108       0.00000     11.43      1.00     4   4.4813
#         109       0.00000      5.71      2.00     3   4.4837
#         110       0.00000      7.24      2.00     3   4.4865
#         111       0.00000      4.99      2.00     3   4.5044
#         112       0.00000     10.33      1.00     2   4.5117
#         113       0.00000      8.23      2.00     3   4.5197
#         114       0.00000      4.51      2.00     3   4.5258
#         115       0.00000     10.20      1.00     2   4.5319
#         116       0.00000     10.13      1.00     2   4.5418
#         117       0.00000      8.40      2.00     3   4.5425
#         118       0.00000      4.76      2.00     3   4.5434
#         119       0.00000     18.59      2.00     3   4.5474
#         121       0.00000     10.07      1.00     2   4.5508
#         122       0.00000     17.47      2.00     3   4.5571
#         123       0.00000     10.02      1.00     2   4.5583
#         124       0.00000      7.39      2.00     3   4.5626
#         126       0.00000      5.51      2.00     3   4.5790
#         127       0.00000      5.54      2.00     3   4.5854
#         128       0.00000      8.45      2.00     3   4.5922
#         129       0.00000      5.69      2.00     3   4.6073
#         130       0.00000      7.00      2.00     3   4.6135
#         132       0.00000     16.79      2.00     3   4.6361
#         133       0.00000      5.33      2.00     3   4.6408
#         134       0.00000     16.85      2.00     3   4.6594
#         135       0.00000      7.02      2.00     3   4.6606
#         136       0.00000     10.49      1.00     4   4.6620
#         137       0.00000      9.36      1.00     2   4.6650
#         138       0.00000      4.42      2.00     3   4.6775
#         139       0.00000      9.63      1.00     4   4.6871
#         140       0.00000     13.60      2.00     3   4.7243
#         141       0.00000     12.23      2.00     3   4.7298
#         144       0.00000      8.92      1.00     2   4.7400
#         145       0.00000      8.86      1.00     2   4.7513
#         146       0.00000      9.90      1.00     2   4.7542
#         147       0.00000      8.25      2.00     3   4.7538
#         148       0.00000      9.28      1.00     4   4.7605
#         151       0.00000     10.85      2.00     3   4.7769
#         152       0.00000      9.33      1.00     4   4.7770
#         153       0.00000      8.54      1.00     2   4.8092
#         154       0.00000      8.52      1.00     2   4.8128
#         156       0.00000      6.98      2.00     3   4.8302
#         157       0.00000      5.81      2.00     4   4.8468
#         158       0.00000      8.31      1.00     2   4.8537
#         159       0.00000      8.30      2.00     3   4.8579
#         161       0.00000      6.92      1.00     4   4.8903
#         162       0.00000      9.97      2.00     3   4.8927
#         163       0.00000     13.02      2.00     3   4.8934
#         164       0.00000      9.11      1.00     2   4.8951
#         165       0.00000      9.45      2.00     3   4.9054
#         166       0.00000     15.03      2.00     3   4.9072
#         167       0.00000      5.90      1.00     4   4.9277
#         169       0.00000      6.29      2.00     4   4.9330
#         171       0.00000      7.84      1.00     2   4.9467
#         172       0.00000      4.60      2.00     4   4.9595
#         176       0.00000      8.85      2.00     3   4.9871
#         177       0.00000      4.92      1.00     4   5.0031
#         178       0.00000      8.36      1.00     4   5.0052
#         179       0.00000      7.57      1.00     2   5.0057
#         180       0.00000      9.98      2.00     3   5.0124
#         182       0.00000     18.27      2.00     3   5.0250
#         183       0.00000      6.78      1.00     4   5.0355
#         184       0.00000     11.51      1.00     4   5.0443
#         185       0.00000      8.36      1.00     2   5.0463
#         186       0.00000      4.25      2.00     3   5.0485
#         187       0.00000      4.54      1.00     4   5.0566
#         188       0.00000      7.28      2.00     3   5.0647
#         190       0.00000      8.68      2.00     3   5.0848
#         193       0.00000      4.49      1.00     4   5.1205
#         194       0.00000      7.90      1.00     2   5.1466
#         195       0.00000      6.93      1.00     2   5.1514
#         196       0.00000     17.47      2.00     3   5.1555
#         197       0.00000     11.15      1.00     4   5.1597
#         198       0.00000      8.64      2.00     3   5.1614
#         199       0.00000      8.63      2.00     3   5.1847
#         200       0.00000      6.73      1.00     2   5.2024
#         201       0.00000     16.33      2.00     3   5.2116
#         202       0.00000      4.65      1.00     4   5.2121
#         203       0.00000     10.15      1.00     4   5.2209
#         206       0.00000      6.53      1.00     2   5.2527
#         210       0.00000      4.26      2.00     3   5.2793
#         211       0.00000      7.10      2.00     3   5.2845
#         213       0.00000      7.30      1.00     2   5.2877
#         214       0.00000      6.44      2.00     3   5.2888
#         215       0.00000      6.38      2.00     3   5.3132
#         217       0.00000      4.17      1.00     4   5.3230
#         218       0.00000      4.89      2.00     3   5.3250
#         220       0.00000      6.15      1.00     2   5.3551
#         223       0.00000      9.04      2.00     3   5.3920
#         225       0.00000      6.81      1.00     2   5.4167
#         226       0.00000      5.27      2.00     3   5.4170
#         228       0.00000      6.76      1.00     2   5.4283
#         229       0.00000      5.88      1.00     2   5.4353
#         230       0.00000      4.28      2.00     4   5.4384
#         232       0.00000      5.96      2.00     3   5.4502
#         233       0.00000      6.68      1.00     2   5.4527
#         234       0.00000      4.17      2.00     4   5.4581
#         236       0.00000      4.68      2.00     3   5.4806
#         237       0.00000      6.57      1.00     2   5.4840
#         238       0.00000      5.98      2.00     3   5.4854
#         240       0.00000      5.68      1.00     2   5.4929
#         241       0.00000      4.32      1.00     4   5.4964
#         242       0.00000      4.78      2.00     4   5.4977
#         244       0.00000      6.45      1.00     2   5.5160
#         245       0.00000      5.53      1.00     2   5.5431
#         246       0.00000      5.47      2.00     3   5.5449
#         247       0.00000      6.95      2.00     3   5.5536
#         248       0.00000      6.29      1.00     2   5.5637
#         249       0.00000      6.25      1.00     2   5.5759
#         251       0.00000      4.93      2.00     3   5.5785
#         252       0.00000      5.41      1.00     2   5.5791
#         253       0.00000      5.43      2.00     3   5.5855
#         255       0.00000      5.81      2.00     3   5.5937
#         257       0.00000      4.80      2.00     3   5.6053
#         259       0.00000      4.19      2.00     4   5.6077
#         262       0.00000      6.08      1.00     2   5.6284
#         263       0.00000      5.47      2.00     3   5.6295
#         265       0.00000      6.07      1.00     2   5.6333
#         266       0.00000      5.78      2.00     3   5.6380
#         267       0.00000      4.44      2.00     3   5.6380
#         268       0.00000      5.24      1.00     2   5.6393
#         269       0.00000      4.28      2.00     3   5.6445
#         270       0.00000      8.20      2.00     3   5.6505
#         271       0.00000      5.09      2.00     3   5.6510
#         272       0.00000      4.03      2.00     3   5.6658
#         273       0.00000      6.04      2.00     3   5.6680
#         274       0.00000      4.37      2.00     3   5.6714
#         275       0.00000      5.94      1.00     2   5.6734
#         276       0.00000      5.12      1.00     2   5.6778
#         277       0.00000      4.47      2.00     3   5.6832
#         279       0.00000      5.51      2.00     3   5.6941
#         280       0.00000      6.53      2.00     3   5.6964
#         281       0.00000      5.39      2.00     3   5.6991
#         283       0.00000      8.24      2.00     3   5.7021
#         284       0.00000      4.28      2.00     3   5.7090
#         285       0.00000      4.17      2.00     4   5.7132
#         286       0.00000     10.66      2.00     3   5.7145
#         289       0.00000      5.66      2.00     3   5.7312
#         292       0.00000      4.68      2.00     4   5.7387
#         298       0.00000      4.86      2.00     3   5.7534
#         300       0.00000      5.40      1.00     4   5.7556
#         305       0.00000      4.87      1.00     2   5.7693
#         306       0.00000      4.87      1.00     2   5.7709
#         308       0.00000      5.64      2.00     3   5.7729
#         310       0.00000      4.29      2.00     3   5.7797
#         311       0.00000      5.19      2.00     3   5.7842
#         313       0.00000      4.82      1.00     2   5.7872
#         317       0.00000      4.80      1.00     2   5.7957
#         322       0.00000      4.48      2.00     4   5.8140
#         327       0.00000      4.92      2.00     3   5.8231
#         330       0.00000      5.46      1.00     2   5.8346
#         337       0.00000      4.22      2.00     3   5.8435
#         339       0.00000      4.23      2.00     4   5.8499
#         343       0.00000      5.38      1.00     2   5.8648
#         345       0.00000      4.04      2.00     4   5.8661
#         347       0.00000      4.50      2.00     3   5.8727
#         349       0.00000      8.61      2.00     3   5.8805
#         350       0.00000      4.58      1.00     2   5.8819
#         357       0.00000      5.26      1.00     2   5.9093
#   264/ 337 paths used
#  -----------------------------------------------------------------------
#       k          chi          mag           phase @#
    -0.7000   -4.772597E-01  4.788033E-01 -1.651117E+00
    -0.6500   -4.632142E-01  4.646475E-01 -1.649362E+00
    -0.6000   -4.570785E-01  4.583825E-01 -1.646245E+00
    -0.5500   -4.563941E-01  4.574912E-01 -1.640066E+00
    -0.5000   -4.593773E-01  4.602290E-01 -1.631641E+00
    -0.4500   -4.647713E-01  4.653524E-01 -1.620778E+00
    -0.4000   -4.709441E-01  4.712811E-01 -1.608615E+00
    -0.3500   -4.783467E-01  4.784785E-01 -1.594264E+00
    -0.3000   -4.851688E-01  4.851908E-01 -1.580327E+00
    -0.2500   -4.911162E-01  4.911188E-01 -1.567528E+00
    -0.2000   -4.960419E-01  4.960932E-01 -1.556422E+00
    -0.1500   -5.004954E-01  5.006410E-01 -1.546673E+00
    -0.1000   -5.038528E-01  5.041036E-01 -1.539255E+00
    -0.0500   -5.058632E-01  5.061928E-01 -1.534707E+00
     0.0000   -5.065322E-01  5.068909E-01 -1.533176E+00
     0.0500   -5.072007E-01  5.075898E-01 -1.531637E+00
     0.1000   -5.092016E-01  5.096909E-01 -1.526974E+00
     0.1500   -5.125183E-01  5.132051E-01 -1.519056E+00
     0.2000   -5.171122E-01  5.181440E-01 -1.507676E+00
     0.2500   -5.229075E-01  5.245115E-01 -1.492571E+00
     0.3000   -5.297739E-01  5.322942E-01 -1.473448E+00
     0.3500   -5.378516E-01  5.418360E-01 -1.449449E+00
     0.4000   -5.478058E-01  5.542271E-01 -1.418425E+00
     0.4500   -5.579479E-01  5.680562E-01 -1.381865E+00
     0.5000   -5.676357E-01  5.831567E-01 -1.339563E+00
     0.5500   -5.767034E-01  6.001835E-01 -1.290157E+00
     0.6000   -5.846613E-01  6.199509E-01 -1.231763E+00
     0.6500   -5.888633E-01  6.404023E-01 -1.166860E+00
     0.7000   -5.881400E-01  6.617929E-01 -1.094517E+00
     0.7500   -5.809853E-01  6.853260E-01 -1.011729E+00
     0.8000   -5.648580E-01  7.085287E-01 -9.226872E-01
     0.8500   -5.383048E-01  7.324421E-01 -8.255859E-01
     0.9000   -4.991517E-01  7.570141E-01 -7.199794E-01
     0.9500   -4.461944E-01  7.801180E-01 -6.088904E-01
     1.0000   -3.771856E-01  8.037868E-01 -4.884534E-01
     1.0500   -2.927475E-01  8.255738E-01 -3.624849E-01
     1.1000   -1.929884E-01  8.458583E-01 -2.301843E-01
     1.1500   -7.859732E-02  8.647289E-01 -9.101806E-02
     1.2000    4.599263E-02  8.804400E-01  5.226202E-02
     1.2500    1.805986E-01  8.949547E-01  2.031917E-01
     1.3000    3.169686E-01  9.056115E-01  3.575765E-01
     1.3500    4.525039E-01  9.138508E-01  5.180209E-01
     1.4000    5.792715E-01  9.183490E-01  6.825514E-01
     1.4500    6.917233E-01  9.193271E-01  8.517338E-01
     1.5000    7.838341E-01  9.166898E-01  1.025686E+00
     1.5500    8.488380E-01  9.096488E-01  1.203076E+00
     1.6000    8.836868E-01  8.990189E-01  1.385848E+00
     1.6500    8.833624E-01  8.833624E-01  1.570975E+00
     1.7000    8.483148E-01  8.641021E-01  1.762244E+00
     1.7500    7.783142E-01  8.396340E-01  1.955344E+00
     1.8000    6.770606E-01  8.111133E-01  2.153950E+00
     1.8500    5.507960E-01  7.776570E-01  2.354539E+00
     1.9000    4.053290E-01  7.400915E-01  2.562011E+00
     1.9500    2.516928E-01  6.979238E-01  2.772649E+00
     2.0000    1.024469E-01  6.513192E-01  2.983645E+00
     2.0500   -3.167873E-02  6.008908E-01  3.194337E+00
     2.1000   -1.436446E-01  5.460606E-01  3.407781E+00
     2.1500   -2.256931E-01  4.870267E-01  3.623432E+00
     2.2000   -2.723221E-01  4.262318E-01  3.834668E+00
     2.2500   -2.850995E-01  3.648157E-01  4.038642E+00
     2.3000   -2.681691E-01  3.024679E-01  4.231542E+00
     2.3500   -2.263258E-01  2.375175E-01  4.404186E+00
     2.4000   -1.742828E-01  1.772143E-01  4.530247E+00
     2.4500   -1.238566E-01  1.253309E-01  4.558856E+00
     2.5000   -8.525968E-02  8.959081E-02  4.400177E+00
     2.5500   -6.713548E-02  8.037073E-02  4.130312E+00
     2.6000   -6.326611E-02  9.015986E-02  3.919388E+00
     2.6500   -7.285167E-02  1.093276E-01  3.870910E+00
     2.7000   -9.290135E-02  1.300214E-01  3.937514E+00
     2.7500   -1.134029E-01  1.453958E-01  4.036194E+00
     2.8000   -1.357833E-01  1.593912E-01  4.161170E+00
     2.8500   -1.578228E-01  1.718909E-01  4.304996E+00
     2.9000   -1.769224E-01  1.826502E-01  4.461292E+00
     2.9500   -1.910213E-01  1.917688E-01  4.624064E+00
     3.0000   -1.984503E-01  1.990852E-01  4.792272E+00
     3.0500   -1.981843E-01  2.046343E-01  4.964130E+00
     3.1000   -1.899763E-01  2.085886E-01  5.138040E+00
     3.1500   -1.742171E-01  2.114389E-01  5.314822E+00
     3.2000   -1.513349E-01  2.131007E-01  5.493464E+00
     3.2500   -1.224402E-01  2.135380E-01  5.672550E+00
     3.3000   -8.906350E-02  2.128957E-01  5.851565E+00
     3.3500   -5.261248E-02  2.115486E-01  6.031846E+00
     3.4000   -1.467858E-02  2.094848E-01  6.213058E+00
     3.4500    2.279521E-02  2.066346E-01  6.393727E+00
     3.5000    5.818433E-02  2.031162E-01  6.573714E+00
     3.5500    9.052026E-02  1.993392E-01  6.754549E+00
     3.6000    1.187004E-01  1.953049E-01  6.936434E+00
     3.6500    1.412669E-01  1.907084E-01  7.117369E+00
     3.7000    1.575836E-01  1.856350E-01  7.297065E+00
     3.7500    1.675966E-01  1.802763E-01  7.476687E+00
     3.8000    1.713172E-01  1.747053E-01  7.656719E+00
     3.8500    1.688265E-01  1.688583E-01  7.834565E+00
     3.9000    1.608876E-01  1.628634E-01  8.009906E+00
     3.9500    1.485145E-01  1.569885E-01  8.184047E+00
     4.0000    1.325438E-01  1.514276E-01  8.358733E+00
     4.0500    1.137791E-01  1.459775E-01  8.531024E+00
     4.1000    9.318220E-02  1.407443E-01  8.701204E+00
     4.1500    7.148970E-02  1.358183E-01  8.870461E+00
     4.2000    4.919911E-02  1.312217E-01  9.040455E+00
     4.2500    2.707094E-02  1.269298E-01  9.209852E+00
     4.3000    5.564367E-03  1.229449E-01  9.379503E+00
     4.3500   -1.494473E-02  1.192299E-01  9.550452E+00
     4.4000   -3.406151E-02  1.157082E-01  9.723579E+00
     4.4500   -5.127959E-02  1.123486E-01  9.898760E+00
     4.5000   -6.617454E-02  1.090785E-01  1.007664E+01
     4.5500   -7.830568E-02  1.058336E-01  1.025769E+01
     4.6000   -8.729314E-02  1.026231E-01  1.044194E+01
     4.6500   -9.271346E-02  9.929511E-02  1.062943E+01
     4.7000   -9.431555E-02  9.578514E-02  1.082018E+01
     4.7500   -9.204525E-02  9.206072E-02  1.101391E+01
     4.8000   -8.621674E-02  8.822763E-02  1.120949E+01
     4.8500   -7.708602E-02  8.410821E-02  1.140710E+01
     4.9000   -6.530294E-02  7.970165E-02  1.160611E+01
     4.9500   -5.173372E-02  7.503768E-02  1.180566E+01
     5.0000   -3.746921E-02  7.028074E-02  1.200407E+01
     5.0500   -2.337299E-02  6.534142E-02  1.220056E+01
     5.1000   -1.035881E-02  6.030171E-02  1.239373E+01
     5.1500    8.656847E-04  5.526214E-02  1.258204E+01
     5.2000    9.846282E-03  5.042003E-02  1.276292E+01
     5.2500    1.650162E-02  4.579350E-02  1.293501E+01
     5.3000    2.101028E-02  4.150898E-02  1.309710E+01
     5.3500    2.376730E-02  3.767741E-02  1.324897E+01
     5.4000    2.524133E-02  3.442295E-02  1.338949E+01
     5.4500    2.595379E-02  3.174908E-02  1.352337E+01
     5.5000    2.626212E-02  2.962329E-02  1.365617E+01
     5.5500    2.631513E-02  2.794061E-02  1.379439E+01
     5.6000    2.612348E-02  2.663654E-02  1.394058E+01
     5.6500    2.544434E-02  2.546064E-02  1.410138E+01
     5.7000    2.398945E-02  2.423216E-02  1.427882E+01
     5.7500    2.153480E-02  2.280829E-02  1.447291E+01
     5.8000    1.814581E-02  2.117700E-02  1.467881E+01
     5.8500    1.391981E-02  1.920434E-02  1.489718E+01
     5.9000    9.267349E-03  1.686769E-02  1.512630E+01
     5.9500    4.782489E-03  1.419039E-02  1.536421E+01
     6.0000    1.226439E-03  1.132721E-02  1.559948E+01
     6.0500   -9.795911E-04  8.250900E-03  1.582697E+01
     6.1000   -1.560640E-03  5.046470E-03  1.602237E+01
     6.1500   -5.483517E-04  1.890994E-03  1.600217E+01
     6.2000    1.698509E-03  1.703724E-03  1.405891E+01
     6.2500    4.572186E-03  4.614088E-03  1.400230E+01
     6.3000    7.356155E-03  7.368993E-03  1.419621E+01
     6.3500    9.391182E-03  9.796147E-03  1.442571E+01
     6.4000    1.022360E-02  1.182105E-02  1.466309E+01
     6.4500    9.696770E-03  1.340044E-02  1.489894E+01
     6.5000    7.813911E-03  1.454985E-02  1.514103E+01
     6.5500    5.025827E-03  1.527878E-02  1.537278E+01
     6.6000    1.886321E-03  1.563621E-02  1.558703E+01
     6.6500   -1.125648E-03  1.572192E-02  1.577962E+01
     6.7000   -3.715268E-03  1.568521E-02  1.594710E+01
     6.7500   -5.845622E-03  1.571940E-02  1.608899E+01
     6.8000   -7.726746E-03  1.603506E-02  1.621075E+01
     6.8500   -9.722839E-03  1.680710E-02  1.632485E+01
     6.9000   -1.220432E-02  1.811728E-02  1.644707E+01
     6.9500   -1.538779E-02  1.993374E-02  1.658986E+01
     7.0000   -1.929862E-02  2.216233E-02  1.676476E+01
     7.0500   -2.343487E-02  2.463100E-02  1.696584E+01
     7.1000   -2.706833E-02  2.718132E-02  1.718755E+01
     7.1500   -2.935591E-02  2.967625E-02  1.742582E+01
     7.2000   -2.949589E-02  3.199835E-02  1.767687E+01
     7.2500   -2.692744E-02  3.405191E-02  1.793748E+01
     7.3000   -2.148749E-02  3.576339E-02  1.820502E+01
     7.3500   -1.348448E-02  3.708116E-02  1.847738E+01
     7.4000   -3.669564E-03  3.797510E-02  1.875277E+01
     7.4500    6.888113E-03  3.843571E-02  1.902974E+01
     7.5000    1.708658E-02  3.855083E-02  1.930875E+01
     7.5500    2.576764E-02  3.830687E-02  1.958736E+01
     7.6000    3.202050E-02  3.771174E-02  1.986381E+01
     7.6500    3.535304E-02  3.681864E-02  2.013725E+01
     7.7000    3.568749E-02  3.569067E-02  2.040701E+01
     7.7500    3.330812E-02  3.439689E-02  2.067263E+01
     7.8000    2.874907E-02  3.300774E-02  2.093396E+01
     7.8500    2.265869E-02  3.158978E-02  2.119126E+01
     7.9000    1.567807E-02  3.020034E-02  2.144531E+01
     7.9500    8.361984E-03  2.888245E-02  2.169743E+01
     8.0000    1.127759E-03  2.771254E-02  2.195044E+01
     8.0500   -5.687348E-03  2.666415E-02  2.220610E+01
     8.1000   -1.175136E-02  2.569500E-02  2.246615E+01
     8.1500   -1.673662E-02  2.477736E-02  2.273276E+01
     8.2000   -2.030300E-02  2.387616E-02  2.300779E+01
     8.2500   -2.212845E-02  2.295543E-02  2.329271E+01
     8.3000   -2.197629E-02  2.198412E-02  2.358865E+01
     8.3500   -1.977951E-02  2.094045E-02  2.389649E+01
     8.4000   -1.571312E-02  1.981452E-02  2.421701E+01
     8.4500   -1.022565E-02  1.860940E-02  2.455099E+01
     8.5000   -4.015027E-03  1.733700E-02  2.489903E+01
     8.5500    2.066490E-03  1.601927E-02  2.526210E+01
     8.6000    7.159813E-03  1.469450E-02  2.564167E+01
     8.6500    1.055575E-02  1.340774E-02  2.603914E+01
     8.7000    1.183467E-02  1.220813E-02  2.645555E+01
     8.7500    1.094873E-02  1.114377E-02  2.689091E+01
     8.8000    8.227388E-03  1.025460E-02  2.734318E+01
     8.8500    4.303990E-03  9.563465E-03  2.780752E+01
     8.9000   -1.942303E-05  9.068636E-03  2.827648E+01
     8.9500   -3.936924E-03  8.741982E-03  2.874149E+01
     9.0000   -6.791524E-03  8.530749E-03  2.919519E+01
     9.0500   -8.195470E-03  8.383390E-03  2.963300E+01
     9.1000   -8.076367E-03  8.253390E-03  3.005262E+01
     9.1500   -6.646576E-03  8.101081E-03  3.045372E+01
     9.2000   -4.322529E-03  7.900577E-03  3.083701E+01
     9.2500   -1.610318E-03  7.639637E-03  3.120355E+01
     9.3000    1.009628E-03  7.317856E-03  3.155434E+01
     9.3500    3.171399E-03  6.944181E-03  3.189021E+01
     9.4000    4.668983E-03  6.534208E-03  3.221190E+01
     9.4500    5.454944E-03  6.107390E-03  3.252027E+01
     9.5000    5.609774E-03  5.692069E-03  3.281647E+01
     9.5500    5.270490E-03  5.306186E-03  3.310278E+01
     9.6000    4.572662E-03  4.956658E-03  3.338294E+01
     9.6500    3.629667E-03  4.649629E-03  3.366184E+01
     9.7000    2.519009E-03  4.383973E-03  3.394541E+01
     9.7500    1.296693E-03  4.152714E-03  3.423996E+01
     9.8000    2.376544E-05  3.946206E-03  3.455150E+01
     9.8500   -1.209461E-03  3.756179E-03  3.488535E+01
     9.9000   -2.274300E-03  3.579583E-03  3.524599E+01
     9.9500   -3.016287E-03  3.421379E-03  3.563676E+01
    10.0000   -3.297742E-03  3.306214E-03  3.605671E+01
    10.0500   -3.022132E-03  3.248966E-03  3.650420E+01
    10.1000   -2.161719E-03  3.261695E-03  3.697461E+01
    10.1500   -8.091028E-04  3.362795E-03  3.745612E+01
    10.2000    8.310833E-04  3.558135E-03  3.793486E+01
    10.2500    2.474093E-03  3.838596E-03  3.839952E+01
    10.3000    3.810149E-03  4.183907E-03  3.884401E+01
    10.3500    4.569006E-03  4.569026E-03  3.926695E+01
    10.4000    4.577490E-03  4.969327E-03  3.966968E+01
    10.4500    3.795472E-03  5.363509E-03  4.005454E+01
    10.5000    2.321868E-03  5.734857E-03  4.042387E+01
    10.5500    3.705661E-04  6.071634E-03  4.077963E+01
    10.6000   -1.775950E-03  6.367086E-03  4.112338E+01
    10.6500   -3.822217E-03  6.619215E-03  4.145630E+01
    10.7000   -5.510478E-03  6.830372E-03  4.177935E+01
    10.7500   -6.655226E-03  7.006633E-03  4.209345E+01
    10.8000   -7.156413E-03  7.156923E-03  4.239955E+01
    10.8500   -6.992932E-03  7.291875E-03  4.269883E+01
    10.9000   -6.203618E-03  7.422476E-03  4.299273E+01
    10.9500   -4.865506E-03  7.558626E-03  4.328297E+01
    11.0000   -3.087085E-03  7.728479E-03  4.357139E+01
    11.0500   -9.653766E-04  7.943466E-03  4.386047E+01
    11.1000    1.385811E-03  8.181921E-03  4.415249E+01
    11.1500    3.797813E-03  8.438594E-03  4.444912E+01
    11.2000    6.055004E-03  8.705074E-03  4.475151E+01
    11.2500    7.903682E-03  8.971003E-03  4.506032E+01
    11.3000    9.080653E-03  9.225319E-03  4.537577E+01
    11.3500    9.358624E-03  9.457338E-03  4.569770E+01
    11.4000    8.598756E-03  9.657569E-03  4.602574E+01
    11.4500    6.796425E-03  9.818262E-03  4.635933E+01
    11.5000    4.106001E-03  9.933697E-03  4.669777E+01
    11.5500    8.346153E-04  1.000027E-02  4.704033E+01
    11.6000   -2.597597E-03  1.001643E-02  4.738622E+01
    11.6500   -5.724526E-03  9.982507E-03  4.773461E+01
    11.7000   -8.114614E-03  9.900500E-03  4.808463E+01
    11.7500   -9.447115E-03  9.773810E-03  4.843540E+01
    11.8000   -9.566965E-03  9.607002E-03  4.878601E+01
    11.8500   -8.506371E-03  9.405596E-03  4.913552E+01
    11.9000   -6.469450E-03  9.175884E-03  4.948299E+01
    11.9500   -3.785272E-03  8.924799E-03  4.982748E+01
    12.0000   -8.393843E-04  8.671658E-03  5.016853E+01
    12.0500    2.002052E-03  8.426293E-03  5.050537E+01
    12.1000    4.423609E-03  8.181297E-03  5.083675E+01
    12.1500    6.207624E-03  7.945257E-03  5.116223E+01
    12.2000    7.245899E-03  7.726554E-03  5.148170E+01
    12.2500    7.526504E-03  7.532781E-03  5.179545E+01
    12.3000    7.106986E-03  7.370020E-03  5.210425E+01
    12.3500    6.085358E-03  7.242066E-03  5.240928E+01
    12.4000    4.578578E-03  7.149751E-03  5.271208E+01
    12.4500    2.713447E-03  7.090552E-03  5.301437E+01
    12.5000    6.289209E-04  7.058609E-03  5.331786E+01
    12.5500   -1.516303E-03  7.045181E-03  5.362400E+01
    12.6000   -3.539476E-03  7.039459E-03  5.393392E+01
    12.6500   -5.240358E-03  7.029542E-03  5.424832E+01
    12.7000   -6.422098E-03  7.003436E-03  5.456755E+01
    12.7500   -6.924068E-03  6.949919E-03  5.489159E+01
    12.8000   -6.658803E-03  6.859235E-03  5.522021E+01
    12.8500   -5.641967E-03  6.723586E-03  5.555298E+01
    12.9000   -4.004539E-03  6.537439E-03  5.588938E+01
    12.9500   -1.980406E-03  6.297693E-03  5.622877E+01
    13.0000    1.368180E-04  6.013618E-03  5.657142E+01
    13.0500    2.048218E-03  5.690040E-03  5.691690E+01
    13.1000    3.481320E-03  5.315156E-03  5.726282E+01
    13.1500    4.268167E-03  4.894490E-03  5.760801E+01
    13.2000    4.372705E-03  4.435554E-03  5.795092E+01
    13.2500    3.890805E-03  3.947675E-03  5.828941E+01
    13.3000    3.019152E-03  3.441890E-03  5.862031E+01
    13.3500    2.001331E-03  2.931021E-03  5.893866E+01
    13.4000    1.065696E-03  2.430193E-03  5.923631E+01
    13.4500    3.716752E-04  1.958303E-03  5.949931E+01
    13.5000   -2.141492E-05  1.541455E-03  5.970415E+01
    13.5500   -1.555890E-04  1.218878E-03  5.981826E+01
    13.6000   -1.466380E-04  1.042370E-03  5.983141E+01
    13.6500   -1.371799E-04  1.038423E-03  5.982275E+01
    13.7000   -2.450286E-04  1.161479E-03  5.990282E+01
    13.7500   -5.225330E-04  1.336594E-03  6.009192E+01
    13.8000   -9.388764E-04  1.512727E-03  6.035983E+01
    13.8500   -1.390171E-03  1.664284E-03  6.067893E+01
    13.9000   -1.733720E-03  1.780041E-03  6.103242E+01
    13.9500   -1.835555E-03  1.856360E-03  6.141091E+01
    14.0000   -1.618155E-03  1.898256E-03  6.181121E+01
    14.0500   -1.080507E-03  1.911568E-03  6.223112E+01
    14.1000   -3.133540E-04  1.893899E-03  6.266563E+01
    14.1500    5.156576E-04  1.851229E-03  6.311414E+01
    14.2000    1.212869E-03  1.789969E-03  6.357634E+01
    14.2500    1.612020E-03  1.716466E-03  6.405200E+01
    14.3000    1.620956E-03  1.636535E-03  6.454074E+01
    14.3500    1.248010E-03  1.555055E-03  6.504189E+01
    14.4000    6.003598E-04  1.475701E-03  6.555446E+01
    14.4500   -1.452217E-04  1.400860E-03  6.607730E+01
    14.5000   -7.908554E-04  1.331807E-03  6.660925E+01
    14.5500   -1.171474E-03  1.269106E-03  6.714943E+01
    14.6000   -1.198958E-03  1.213159E-03  6.769740E+01
    14.6500   -8.842556E-04  1.164730E-03  6.825296E+01
    14.7000   -3.316802E-04  1.125277E-03  6.881584E+01
    14.7500    2.924476E-04  1.096915E-03  6.938491E+01
    14.8000    8.074768E-04  1.081926E-03  6.995757E+01
    14.8500    1.068706E-03  1.081902E-03  7.052949E+01
    14.9000    1.006196E-03  1.096826E-03  7.109521E+01
    14.9500    6.416502E-04  1.124521E-03  7.164940E+01
    15.0000    7.882638E-05  1.162461E-03  7.218877E+01
    15.0500   -5.293579E-04  1.206445E-03  7.271087E+01
    15.1000   -1.019235E-03  1.246388E-03  7.321412E+01
    15.1500   -1.264996E-03  1.275341E-03  7.369998E+01
    15.2000   -1.212000E-03  1.287020E-03  7.417054E+01
    15.2500   -8.884170E-04  1.276172E-03  7.462819E+01
    15.3000   -3.931005E-04  1.238786E-03  7.507531E+01
    15.3500    1.358057E-04  1.172214E-03  7.551434E+01
    15.4000    5.617490E-04  1.075233E-03  7.594794E+01
    15.4500    7.880853E-04  9.480736E-04  7.637957E+01
    15.5000    7.830697E-04  7.924642E-04  7.681489E+01
    15.5500    5.850481E-04  6.118248E-04  7.726597E+01
    15.6000    2.873165E-04  4.123447E-04  7.776891E+01
    15.6500    7.927005E-06  2.116858E-04  7.850236E+01
    15.7000   -1.462586E-04  1.485799E-04  8.028761E+01
    15.7500   -1.107831E-04  3.401198E-04  8.134964E+01
    15.8000    1.185516E-04  5.725266E-04  8.188999E+01
    15.8500    4.856090E-04  8.050287E-04  8.232894E+01
    15.9000    8.908106E-04  1.026870E-03  8.273156E+01
    15.9500    1.219464E-03  1.230982E-03  8.311530E+01
    16.0000    1.377407E-03  1.415967E-03  8.348612E+01
    16.0500    1.310866E-03  1.581826E-03  8.384621E+01
    16.1000    1.004980E-03  1.716027E-03  8.419733E+01
    16.1500    5.079413E-04  1.816004E-03  8.453952E+01
    16.2000   -9.247321E-05  1.880648E-03  8.487219E+01
    16.2500   -6.930242E-04  1.910470E-03  8.519422E+01
    16.3000   -1.200973E-03  1.907776E-03  8.550393E+01
    16.3500   -1.554649E-03  1.876856E-03  8.579912E+01
    16.4000   -1.733458E-03  1.824190E-03  8.607708E+01
    16.4500   -1.755573E-03  1.758625E-03  8.633488E+01
    16.5000   -1.665198E-03  1.691393E-03  8.657002E+01
    16.5500   -1.514093E-03  1.635639E-03  8.678174E+01
    16.6000   -1.343357E-03  1.604972E-03  8.697282E+01
    16.6500   -1.170876E-03  1.610802E-03  8.715081E+01
    16.7000   -9.877910E-04  1.659241E-03  8.732692E+01
    16.7500   -7.645081E-04  1.749430E-03  8.751233E+01
    16.8000   -4.639014E-04  1.874528E-03  8.771452E+01
    16.8500   -5.748638E-05  2.024456E-03  8.793619E+01
    16.9000    4.603160E-04  2.188570E-03  8.817650E+01
    16.9500    1.063908E-03  2.357270E-03  8.843285E+01
    17.0000    1.696959E-03  2.524516E-03  8.870176E+01
    17.0500    2.283870E-03  2.687641E-03  8.898014E+01
    17.1000    2.736484E-03  2.838292E-03  8.926674E+01
    17.1500    2.972066E-03  2.972943E-03  8.955968E+01
    17.2000    2.930363E-03  3.089183E-03  8.985744E+01
    17.2500    2.586201E-03  3.185540E-03  9.015886E+01
    17.3000    1.955892E-03  3.261320E-03  9.046303E+01
    17.3500    1.096430E-03  3.316459E-03  9.076924E+01
    17.4000    9.793099E-05  3.351383E-03  9.107696E+01
    17.4500   -9.290698E-04  3.366890E-03  9.138576E+01
    17.5000   -1.869124E-03  3.364047E-03  9.169529E+01
    17.5500   -2.617638E-03  3.344100E-03  9.200528E+01
    17.6000   -3.094556E-03  3.308417E-03  9.231546E+01
    17.6500   -3.254138E-03  3.258445E-03  9.262556E+01
    17.7000   -3.089663E-03  3.195690E-03  9.293530E+01
    17.7500   -2.632651E-03  3.121724E-03  9.324432E+01
    17.8000   -1.946915E-03  3.038200E-03  9.355222E+01
    17.8500   -1.118443E-03  2.946896E-03  9.385849E+01
    17.9000   -2.427062E-04  2.849753E-03  9.416251E+01
    17.9500    5.886109E-04  2.748938E-03  9.446357E+01
    18.0000    1.300708E-03  2.647844E-03  9.476128E+01
    18.0500    1.843045E-03  2.550424E-03  9.505540E+01
    18.1000    2.186010E-03  2.457441E-03  9.534413E+01
    18.1500    2.328944E-03  2.372426E-03  9.562682E+01
    18.2000    2.290966E-03  2.299182E-03  9.590314E+01
    18.2500    2.102041E-03  2.241592E-03  9.617329E+01
    18.3000    1.793700E-03  2.203322E-03  9.643821E+01
    18.3500    1.391950E-03  2.187415E-03  9.669962E+01
    18.4000    9.143317E-04  2.195856E-03  9.695990E+01
    18.4500    3.718706E-04  2.229229E-03  9.722177E+01
    18.5000   -2.247929E-04  2.286581E-03  9.748784E+01
    18.5500   -8.572014E-04  2.365517E-03  9.776019E+01
    18.6000   -1.491756E-03  2.462499E-03  9.804013E+01
    18.6500   -2.076269E-03  2.573225E-03  9.832821E+01
    18.7000   -2.542537E-03  2.692987E-03  9.862433E+01
    18.7500   -2.815490E-03  2.816957E-03  9.892790E+01
    18.8000   -2.827561E-03  2.940392E-03  9.923809E+01
    18.8500   -2.535203E-03  3.058771E-03  9.955395E+01
    18.9000   -1.933455E-03  3.167888E-03  9.987449E+01
    18.9500   -1.064474E-03  3.263925E-03  1.001988E+02
    19.0000   -1.715056E-05  3.346199E-03  1.005258E+02
    19.0500    1.087372E-03  3.416320E-03  1.008549E+02
    19.1000    2.108511E-03  3.464924E-03  1.011852E+02
    19.1500    2.908275E-03  3.490176E-03  1.015160E+02
    19.2000    3.377861E-03  3.490893E-03  1.018466E+02
    19.2500    3.456939E-03  3.466584E-03  1.021764E+02
    19.3000    3.143840E-03  3.417473E-03  1.025047E+02
    19.3500    2.494507E-03  3.344516E-03  1.028307E+02
    19.4000    1.610614E-03  3.249389E-03  1.031540E+02
    19.4500    6.197393E-04  3.134469E-03  1.034735E+02
    19.5000   -3.478937E-04  3.002788E-03  1.037887E+02
    19.5500   -1.181007E-03  2.857967E-03  1.040986E+02
    19.6000   -1.802825E-03  2.704124E-03  1.044023E+02
    19.6500   -2.177968E-03  2.545749E-03  1.046991E+02
    19.7000   -2.310275E-03  2.387530E-03  1.049883E+02
    19.7500   -2.233383E-03  2.234133E-03  1.052693E+02
    19.8000   -1.997352E-03  2.089904E-03  1.055421E+02
    19.8500   -1.655246E-03  1.958514E-03  1.058073E+02
    19.9000   -1.252980E-03  1.842555E-03  1.060664E+02
    19.9500   -8.244214E-04  1.743184E-03  1.063215E+02