# # tequil.ion_motion                                            FEFF 9.05   
# # POT  SCF  30  5.5000   1, core-hole, AFOLP (folp(0)= 1.150)
# # Abs   Z=30 Rmt= 1.314 Rnm= 1.424 K  shell
# # Pot 1 Z=26 Rmt= 1.318 Rnm= 1.418
# # Pot 2 Z= 8 Rmt= 0.955 Rnm= 1.086
# # Gam_ch=1.897E+00 H-L exch
# # Mu=-1.146E+01 kf=2.163E+00 Vint=-1.785E+01 Rs_int= 1.677
# # PATH  Rmax= 8.500,  Keep_limit= 0.00, Heap_limit 0.00  Pwcrit= 2.50%
#  S02=1.000                                        Global_sig2= 0.00000
#  Energy zero shift, vr, vi   -2.00000E+00   0.00000E+00
#  Curved wave amplitude ratio filter   4.000%
#     file         sig2 tot  cw amp ratio   deg  nlegs   reff  inp sig2
#           1       0.00000    100.00      1.00     2   1.9398
#           2       0.00000     99.55      1.00     2   1.9431
#           3       0.00000     77.76      1.00     2   2.1330
#           4       0.00000     62.37      1.00     2   2.3177
#           5       0.00000     61.04      1.00     2   2.3366
#           6       0.00000     58.42      1.00     2   2.3753
#           7       0.00000     33.28      1.00     2   2.8573
#           8       0.00000     31.13      1.00     2   2.9412
#           9       0.00000     27.97      1.00     2   3.0797
#          10       0.00000     27.65      1.00     2   3.0946
#          11       0.00000     24.59      1.00     2   3.2519
#          12       0.00000     24.45      1.00     2   3.2597
#          13       0.00000     24.17      1.00     2   3.2890
#          14       0.00000     12.48      2.00     3   3.3781
#          15       0.00000     22.26      1.00     2   3.3902
#          16       0.00000     21.46      1.00     2   3.4326
#          17       0.00000     10.96      2.00     3   3.4771
#          18       0.00000      7.93      2.00     3   3.4943
#          19       0.00000     19.03      2.00     3   3.5319
#          20       0.00000     19.77      1.00     2   3.5351
#          21       0.00000     19.46      1.00     2   3.5545
#          22       0.00000     19.32      1.00     2   3.5636
#          23       0.00000     16.12      2.00     3   3.5817
#          24       0.00000      8.26      2.00     3   3.5831
#          25       0.00000      9.27      2.00     3   3.6080
#          26       0.00000     18.49      1.00     2   3.6198
#          27       0.00000      8.59      2.00     3   3.6254
#          28       0.00000      6.37      2.00     3   3.6486
#          29       0.00000      9.07      2.00     3   3.6553
#          30       0.00000      7.51      2.00     3   3.6584
#          31       0.00000     18.28      1.00     2   3.6758
#          32       0.00000      6.44      2.00     3   3.6756
#          33       0.00000      8.07      2.00     3   3.6763
#          34       0.00000      8.59      2.00     3   3.6956
#          35       0.00000      8.75      2.00     3   3.7134
#          36       0.00000      6.50      2.00     3   3.7248
#          37       0.00000     13.70      2.00     3   3.7388
#          38       0.00000      7.48      2.00     3   3.7475
#          39       0.00000      6.89      2.00     3   3.7647
#          40       0.00000     17.17      1.00     2   3.7703
#          41       0.00000     17.07      1.00     2   3.7794
#          42       0.00000      6.76      2.00     3   3.7811
#          43       0.00000      5.45      1.00     4   3.8042
#          44       0.00000      6.31      2.00     3   3.8056
#          45       0.00000     15.84      1.00     2   3.8229
#          46       0.00000     15.72      1.00     2   3.8329
#          47       0.00000     16.42      1.00     2   3.8386
#          48       0.00000     15.82      2.00     3   3.8541
#          49       0.00000     11.67      1.00     4   3.8796
#          51       0.00000     11.56      1.00     4   3.8861
#          52       0.00000     10.61      2.00     3   3.8974
#          53       0.00000      6.78      1.00     4   3.8988
#          54       0.00000      4.87      1.00     4   3.9116
#          55       0.00000     15.31      1.00     2   3.9466
#          56       0.00000     14.02      1.00     2   3.9888
#          57       0.00000      5.46      1.00     4   4.0129
#          58       0.00000     12.52      2.00     3   4.0213
#          59       0.00000     13.60      2.00     3   4.0258
#          60       0.00000     11.96      2.00     3   4.0289
#          61       0.00000      6.60      1.00     4   4.0325
#          62       0.00000     14.37      1.00     2   4.0463
#          65       0.00000      8.20      2.00     3   4.0945
#          66       0.00000      9.24      2.00     3   4.1042
#          67       0.00000     12.33      2.00     3   4.1349
#          68       0.00000      7.94      2.00     3   4.1827
#          69       0.00000      7.95      2.00     3   4.1901
#          70       0.00000      4.99      1.00     4   4.2130
#          72       0.00000     21.10      2.00     3   4.2175
#          73       0.00000      7.56      2.00     3   4.2513
#          74       0.00000     21.76      2.00     4   4.2575
#          75       0.00000      6.90      1.00     4   4.2660
#          78       0.00000      7.22      2.00     3   4.2808
#          79       0.00000     20.41      2.00     3   4.2872
#          80       0.00000     21.43      2.00     4   4.3184
#          81       0.00000     11.10      1.00     2   4.3226
#          82       0.00000      4.68      1.00     4   4.3231
#          83       0.00000      6.22      2.00     3   4.3291
#          84       0.00000      7.79      2.00     3   4.3378
#          85       0.00000     10.94      1.00     2   4.3432
#          86       0.00000     10.75      1.00     2   4.3692
#          87       0.00000     10.70      1.00     2   4.3758
#          88       0.00000      7.31      2.00     3   4.3774
#          89       0.00000     15.79      2.00     3   4.3992
#          90       0.00000     20.80      2.00     3   4.4378
#          91       0.00000     10.20      1.00     2   4.4482
#          92       0.00000      7.45      2.00     3   4.4555
#          93       0.00000     14.20      2.00     4   4.4695
#          94       0.00000      9.95      1.00     2   4.4857
#          95       0.00000      9.82      1.00     2   4.5046
#          96       0.00000      9.79      1.00     2   4.5105
#          97       0.00000     12.34      1.00     4   4.5324
#          98       0.00000      5.21      2.00     3   4.5352
#          99       0.00000      9.46      1.00     2   4.5623
#         100       0.00000      9.43      1.00     2   4.5669
#         101       0.00000      9.39      1.00     2   4.5734
#         102       0.00000     19.39      2.00     3   4.5918
#         103       0.00000     18.40      2.00     3   4.5962
#         104       0.00000      9.21      1.00     2   4.6038
#         105       0.00000      9.05      1.00     2   4.6310
#         106       0.00000      4.53      2.00     3   4.6350
#         107       0.00000      4.40      1.00     4   4.6354
#         109       0.00000      4.55      2.00     3   4.6364
#         111       0.00000      8.82      1.00     2   4.6710
#         112       0.00000      4.21      1.00     4   4.6731
#         113       0.00000     11.59      1.00     4   4.6731
#         115       0.00000     11.77      2.00     3   4.6878
#         116       0.00000     10.65      1.00     4   4.6879
#         117       0.00000     15.67      2.00     3   4.6907
#         118       0.00000      4.59      2.00     3   4.7016
#         119       0.00000     14.05      2.00     3   4.7094
#         120       0.00000      6.99      2.00     3   4.7186
#         121       0.00000      7.53      2.00     3   4.7330
#         123       0.00000     14.95      2.00     3   4.7493
#         125       0.00000     11.12      2.00     3   4.7649
#         126       0.00000      6.17      2.00     3   4.7660
#         127       0.00000      8.24      1.00     2   4.7771
#         128       0.00000      8.20      1.00     2   4.7839
#         129       0.00000      7.76      2.00     3   4.7861
#         131       0.00000      6.16      2.00     3   4.8007
#         132       0.00000      6.13      2.00     3   4.8026
#         135       0.00000      8.71      1.00     4   4.8080
#         136       0.00000      7.01      2.00     3   4.8131
#         137       0.00000      5.88      2.00     3   4.8440
#         138       0.00000      7.36      1.00     4   4.8519
#         140       0.00000      5.43      2.00     3   4.8561
#         141       0.00000      8.26      1.00     4   4.8677
#         142       0.00000      5.90      2.00     4   4.8810
#         143       0.00000      8.21      2.00     3   4.8847
#         144       0.00000      5.62      1.00     4   4.8899
#         146       0.00000      7.58      1.00     2   4.9109
#         148       0.00000      6.64      2.00     3   4.9261
#         149       0.00000      8.42      1.00     2   4.9485
#         150       0.00000      7.73      2.00     3   4.9564
#         151       0.00000      5.23      1.00     4   4.9676
#         152       0.00000      7.31      1.00     2   4.9698
#         153       0.00000     10.11      2.00     3   4.9713
#         154       0.00000      8.31      1.00     2   4.9718
#         155       0.00000      8.30      1.00     2   4.9751
#         158       0.00000      4.67      2.00     3   5.0003
#         159       0.00000      4.83      2.00     4   5.0377
#         160       0.00000      7.62      2.00     3   5.0454
#         161       0.00000      8.46      2.00     3   5.0659
#         162       0.00000      9.74      2.00     3   5.0845
#         165       0.00000      6.78      1.00     2   5.0920
#         166       0.00000     16.68      2.00     3   5.1004
#         167       0.00000      7.59      2.00     3   5.1032
#         168       0.00000     10.45      1.00     4   5.1089
#         170       0.00000      7.18      2.00     3   5.1419
#         171       0.00000      4.92      1.00     4   5.1586
#         173       0.00000      7.17      2.00     3   5.1710
#         176       0.00000      6.42      1.00     2   5.1851
#         177       0.00000      4.63      1.00     4   5.1940
#         179       0.00000     15.22      2.00     3   5.1975
#         181       0.00000      7.44      2.00     3   5.2071
#         183       0.00000      9.28      1.00     4   5.2099
#         184       0.00000      7.28      1.00     2   5.2132
#         185       0.00000      7.25      1.00     2   5.2217
#         186       0.00000      5.68      2.00     4   5.2287
#         189       0.00000      7.19      1.00     2   5.2368
#         191       0.00000      6.16      1.00     2   5.2536
#         192       0.00000     12.31      2.00     2   5.2554
#         193       0.00000      6.95      2.00     3   5.2558
#         194       0.00000     15.15      2.00     3   5.2560
#         195       0.00000      9.41      1.00     4   5.2584
#         197       0.00000      7.03      1.00     2   5.2792
#         198       0.00000      6.05      1.00     2   5.2840
#         203       0.00000      7.79      2.00     3   5.3187
#         204       0.00000      4.37      2.00     3   5.3306
#         205       0.00000      4.32      2.00     3   5.3315
#         206       0.00000      4.12      2.00     3   5.3631
#         207       0.00000      5.22      2.00     4   5.3756
#         208       0.00000      6.65      1.00     2   5.3813
#         210       0.00000      6.48      2.00     3   5.3974
#         211       0.00000      6.56      1.00     2   5.4072
#         212       0.00000      5.14      2.00     3   5.4082
#         213       0.00000      5.93      2.00     3   5.4234
#         217       0.00000      4.38      2.00     3   5.4653
#         219       0.00000      6.72      2.00     3   5.4934
#         222       0.00000      5.28      1.00     2   5.5188
#         223       0.00000      5.84      2.00     3   5.5401
#         224       0.00000      4.54      2.00     3   5.5452
#         225       0.00000      5.20      1.00     2   5.5464
#         229       0.00000      5.39      2.00     3   5.5733
#         230       0.00000      4.38      2.00     3   5.5771
#         232       0.00000      4.58      2.00     3   5.5860
#         234       0.00000      5.95      1.00     2   5.5942
#         239       0.00000      5.90      1.00     2   5.6091
#         244       0.00000      4.90      1.00     2   5.6540
#         245       0.00000      4.47      2.00     3   5.6595
#         246       0.00000      4.87      1.00     2   5.6642
#         248       0.00000      4.86      1.00     2   5.6689
#         251       0.00000      4.52      2.00     3   5.6901
#         252       0.00000      6.41      2.00     3   5.6928
#         257       0.00000      6.18      2.00     3   5.7108
#         258       0.00000      5.59      1.00     2   5.7124
#         260       0.00000      4.41      2.00     3   5.7216
#         261       0.00000      5.93      2.00     3   5.7249
#         262       0.00000      4.19      2.00     3   5.7256
#         265       0.00000      6.19      2.00     3   5.7295
#         269       0.00000      4.64      1.00     2   5.7512
#         273       0.00000      4.86      2.00     3   5.7649
#         280       0.00000      4.52      1.00     2   5.7991
#         282       0.00000      4.37      2.00     3   5.8020
#         283       0.00000      4.51      1.00     2   5.8027
#         285       0.00000      5.31      1.00     2   5.8138
#         286       0.00000      4.59      2.00     3   5.8315
#         287       0.00000      5.24      1.00     2   5.8408
#         288       0.00000      4.01      2.00     3   5.8406
#         289       0.00000      5.23      1.00     2   5.8442
#         291       0.00000      4.32      2.00     3   5.8503
#         293       0.00000      4.36      1.00     2   5.8644
#         294       0.00000      5.49      2.00     3   5.8651
#         295       0.00000      5.16      1.00     2   5.8704
#         298       0.00000      8.03      2.00     3   5.8724
#         300       0.00000      4.55      2.00     3   5.8851
#         301       0.00000      5.12      1.00     2   5.8865
#         304       0.00000      5.08      1.00     2   5.9020
#         307       0.00000      4.45      2.00     3   5.9065
#         309       0.00000      4.58      2.00     3   5.9218
#         311       0.00000      8.14      2.00     3   5.9269
#         315       0.00000      7.00      2.00     3   5.9458
#         316       0.00000      5.85      2.00     3   5.9606
#         317       0.00000      4.13      1.00     2   5.9629
#         324       0.00000      4.11      1.00     2   5.9727
#         325       0.00000      4.90      1.00     2   5.9737
#   225/ 294 paths used
#  -----------------------------------------------------------------------
#       k          chi          mag           phase @#
    -0.7000   -4.168916E-01  4.249574E-01 -1.375652E+00
    -0.6500   -3.860865E-01  3.917238E-01 -1.400939E+00
    -0.6000   -3.709434E-01  3.746042E-01 -1.430881E+00
    -0.5500   -3.656352E-01  3.680073E-01 -1.457194E+00
    -0.5000   -3.669236E-01  3.685957E-01 -1.475509E+00
    -0.4500   -3.720974E-01  3.734630E-01 -1.485253E+00
    -0.4000   -3.789626E-01  3.802825E-01 -1.487455E+00
    -0.3500   -3.870334E-01  3.885117E-01 -1.483535E+00
    -0.3000   -3.946866E-01  3.964596E-01 -1.476188E+00
    -0.2500   -4.014168E-01  4.035734E-01 -1.467370E+00
    -0.2000   -4.069877E-01  4.095652E-01 -1.458546E+00
    -0.1500   -4.117991E-01  4.148079E-01 -1.450280E+00
    -0.1000   -4.153632E-01  4.187409E-01 -1.443697E+00
    -0.0500   -4.174904E-01  4.211128E-01 -1.439537E+00
     0.0000   -4.181969E-01  4.219050E-01 -1.438117E+00
     0.0500   -4.189020E-01  4.226979E-01 -1.436679E+00
     0.1000   -4.210079E-01  4.250800E-01 -1.432270E+00
     0.1500   -4.244806E-01  4.290573E-01 -1.424605E+00
     0.2000   -4.292456E-01  4.346284E-01 -1.413249E+00
     0.2500   -4.351648E-01  4.417693E-01 -1.397664E+00
     0.3000   -4.420104E-01  4.504190E-01 -1.377267E+00
     0.3500   -4.497359E-01  4.608169E-01 -1.351053E+00
     0.4000   -4.586803E-01  4.738695E-01 -1.316921E+00
     0.4500   -4.670784E-01  4.881676E-01 -1.275786E+00
     0.5000   -4.740172E-01  5.034083E-01 -1.227398E+00
     0.5500   -4.788923E-01  5.200248E-01 -1.170390E+00
     0.6000   -4.806878E-01  5.385810E-01 -1.102875E+00
     0.6500   -4.768472E-01  5.570270E-01 -1.027594E+00
     0.7000   -4.660497E-01  5.754806E-01 -9.438867E-01
     0.7500   -4.466133E-01  5.949854E-01 -8.490135E-01
     0.8000   -4.166147E-01  6.129966E-01 -7.472668E-01
     0.8500   -3.749169E-01  6.303368E-01 -6.370022E-01
     0.9000   -3.202563E-01  6.468210E-01 -5.179771E-01
     0.9500   -2.533196E-01  6.605227E-01 -3.935980E-01
     1.0000   -1.730242E-01  6.731054E-01 -2.599721E-01
     1.0500   -8.262588E-02  6.824799E-01 -1.213649E-01
     1.1000    1.578269E-02  6.889799E-01  2.290933E-02
     1.1500    1.193744E-01  6.926824E-01  1.732011E-01
     1.2000    2.219584E-01  6.924512E-01  3.262997E-01
     1.2500    3.219912E-01  6.896913E-01  4.857399E-01
     1.3000    4.115526E-01  6.829385E-01  6.467805E-01
     1.3500    4.885768E-01  6.732874E-01  8.119912E-01
     1.4000    5.480195E-01  6.603273E-01  9.789661E-01
     1.4500    5.877901E-01  6.445444E-01  1.148004E+00
     1.5000    6.065330E-01  6.262892E-01  1.318955E+00
     1.5500    6.037341E-01  6.056947E-01  1.490313E+00
     1.6000    5.809540E-01  5.834765E-01  1.663816E+00
     1.6500    5.400161E-01  5.596558E-01  1.836502E+00
     1.7000    4.837831E-01  5.350040E-01  2.011948E+00
     1.7500    4.160087E-01  5.095311E-01  2.186350E+00
     1.8000    3.395767E-01  4.836607E-01  2.363255E+00
     1.8500    2.589557E-01  4.575754E-01  2.540032E+00
     1.9000    1.757474E-01  4.311531E-01  2.721744E+00
     1.9500    9.459319E-02  4.045877E-01  2.905607E+00
     2.0000    1.948068E-02  3.780728E-01  3.090044E+00
     2.0500   -4.695054E-02  3.516236E-01  3.275518E+00
     2.1000   -1.019632E-01  3.237512E-01  3.461990E+00
     2.1500   -1.430543E-01  2.943453E-01  3.649109E+00
     2.2000   -1.699633E-01  2.652234E-01  3.837173E+00
     2.2500   -1.828421E-01  2.364068E-01  4.025814E+00
     2.3000   -1.820982E-01  2.072859E-01  4.214281E+00
     2.3500   -1.674320E-01  1.760891E-01  4.397520E+00
     2.4000   -1.441851E-01  1.457298E-01  4.566660E+00
     2.4500   -1.175081E-01  1.175082E-01  4.713175E+00
     2.5000   -9.196525E-02  9.257052E-02  4.826806E+00
     2.5500   -7.281957E-02  7.384780E-02  4.879458E+00
     2.6000   -5.851319E-02  5.914377E-02  4.858545E+00
     2.6500   -5.004174E-02  5.008726E-02  4.755026E+00
     2.7000   -4.736673E-02  4.758785E-02  4.615950E+00
     2.7500   -4.867223E-02  4.939011E-02  4.541683E+00
     2.8000   -5.287244E-02  5.377897E-02  4.528519E+00
     2.8500   -5.876390E-02  5.934178E-02  4.572719E+00
     2.9000   -6.499688E-02  6.508510E-02  4.660315E+00
     2.9500   -7.036458E-02  7.050858E-02  4.776311E+00
     3.0000   -7.385544E-02  7.540475E-02  4.915452E+00
     3.0500   -7.449945E-02  7.957281E-02  5.071406E+00
     3.1000   -7.168086E-02  8.293133E-02  5.239349E+00
     3.1500   -6.515430E-02  8.534092E-02  5.414533E+00
     3.2000   -5.524846E-02  8.708638E-02  5.595940E+00
     3.2500   -4.212635E-02  8.821502E-02  5.785331E+00
     3.3000   -2.621601E-02  8.850794E-02  5.982474E+00
     3.3500   -8.720085E-03  8.794954E-02  6.183873E+00
     3.4000    9.069805E-03  8.679055E-02  6.387879E+00
     3.4500    2.609518E-02  8.505446E-02  6.595020E+00
     3.5000    4.130813E-02  8.281518E-02  6.805398E+00
     3.5500    5.383251E-02  8.006171E-02  7.020615E+00
     3.6000    6.279088E-02  7.678277E-02  7.240716E+00
     3.6500    6.763025E-02  7.310762E-02  7.464426E+00
     3.7000    6.819981E-02  6.910171E-02  7.692240E+00
     3.7500    6.459847E-02  6.476523E-02  7.925758E+00
     3.8000    5.716330E-02  6.006134E-02  8.165893E+00
     3.8500    4.675075E-02  5.511821E-02  8.412218E+00
     3.9000    3.439941E-02  5.000696E-02  8.666197E+00
     3.9500    2.123442E-02  4.477679E-02  8.930691E+00
     4.0000    8.460428E-03  3.944766E-02  9.208626E+00
     4.0500   -2.599583E-03  3.416822E-02  9.500933E+00
     4.1000   -1.098101E-02  2.904993E-02  9.812418E+00
     4.1500   -1.607126E-02  2.417683E-02  1.015192E+01
     4.2000   -1.759339E-02  1.963726E-02  1.053527E+01
     4.2500   -1.580205E-02  1.580524E-02  1.097550E+01
     4.3000   -1.143258E-02  1.296831E-02  1.148718E+01
     4.3500   -5.486362E-03  1.136102E-02  1.206239E+01
     4.4000    9.846733E-04  1.098165E-02  1.265616E+01
     4.4500    6.693930E-03  1.147144E-02  1.318944E+01
     4.5000    1.076920E-02  1.223083E-02  1.364328E+01
     4.5500    1.276845E-02  1.283743E-02  1.403345E+01
     4.6000    1.272719E-02  1.312075E-02  1.438271E+01
     4.6500    1.096130E-02  1.288662E-02  1.469085E+01
     4.7000    8.232401E-03  1.211412E-02  1.496079E+01
     4.7500    5.417703E-03  1.087465E-02  1.518645E+01
     4.8000    3.285023E-03  9.393125E-03  1.535068E+01
     4.8500    2.281792E-03  7.890327E-03  1.541458E+01
     4.9000    2.487024E-03  6.918192E-03  1.534024E+01
     4.9500    3.567240E-03  7.148879E-03  1.518553E+01
     5.0000    4.841957E-03  8.717218E-03  1.511906E+01
     5.0500    5.542309E-03  1.101261E-02  1.518059E+01
     5.1000    5.008699E-03  1.354112E-02  1.532907E+01
     5.1500    2.867834E-03  1.598656E-02  1.552760E+01
     5.2000   -9.334675E-04  1.815772E-02  1.575939E+01
     5.2500   -5.840721E-03  1.987021E-02  1.600631E+01
     5.3000   -1.103764E-02  2.101126E-02  1.626105E+01
     5.3500   -1.558273E-02  2.150430E-02  1.651846E+01
     5.4000   -1.869868E-02  2.133500E-02  1.677636E+01
     5.4500   -1.983257E-02  2.047692E-02  1.702723E+01
     5.5000   -1.896433E-02  1.896629E-02  1.726438E+01
     5.5500   -1.656378E-02  1.689520E-02  1.747716E+01
     5.6000   -1.349775E-02  1.447162E-02  1.764771E+01
     5.6500   -1.073393E-02  1.199301E-02  1.774109E+01
     5.7000   -9.136613E-03  1.006180E-02  1.771095E+01
     5.7500   -9.198735E-03  9.584416E-03  1.756341E+01
     5.8000   -1.092279E-02  1.107608E-02  1.744532E+01
     5.8500   -1.371947E-02  1.395055E-02  1.746102E+01
     5.9000   -1.661026E-02  1.742463E-02  1.758570E+01
     5.9500   -1.846240E-02  2.099108E-02  1.777467E+01
     6.0000   -1.824024E-02  2.439206E-02  1.800482E+01
     6.0500   -1.532556E-02  2.738383E-02  1.825558E+01
     6.1000   -9.723715E-03  2.982143E-02  1.851742E+01
     6.1500   -2.045518E-03  3.161055E-02  1.878480E+01
     6.2000    6.631911E-03  3.269540E-02  1.905381E+01
     6.2500    1.502105E-02  3.305744E-02  1.932125E+01
     6.3000    2.192658E-02  3.271562E-02  1.958406E+01
     6.3500    2.651474E-02  3.172744E-02  1.983897E+01
     6.4000    2.848030E-02  3.019078E-02  2.008212E+01
     6.4500    2.807112E-02  2.824660E-02  2.030883E+01
     6.5000    2.606719E-02  2.618595E-02  2.051563E+01
     6.5500    2.327214E-02  2.417852E-02  2.069503E+01
     6.6000    2.049297E-02  2.247546E-02  2.084352E+01
     6.6500    1.826436E-02  2.134848E-02  2.096457E+01
     6.7000    1.669662E-02  2.098781E-02  2.107125E+01
     6.7500    1.548270E-02  2.141834E-02  2.118320E+01
     6.8000    1.403190E-02  2.248620E-02  2.131727E+01
     6.8500    1.168642E-02  2.393349E-02  2.148102E+01
     6.9000    7.955323E-03  2.549144E-02  2.167377E+01
     6.9500    2.697848E-03  2.693452E-02  2.189082E+01
     7.0000   -3.864642E-03  2.818392E-02  2.212870E+01
     7.0500   -1.103139E-02  2.906809E-02  2.238041E+01
     7.1000   -1.784429E-02  2.949323E-02  2.264095E+01
     7.1500   -2.334238E-02  2.943434E-02  2.290692E+01
     7.2000   -2.676799E-02  2.889980E-02  2.317545E+01
     7.2500   -2.773219E-02  2.792613E-02  2.344402E+01
     7.3000   -2.628101E-02  2.657303E-02  2.371033E+01
     7.3500   -2.285149E-02  2.491857E-02  2.397213E+01
     7.4000   -1.813784E-02  2.305405E-02  2.422721E+01
     7.4500   -1.291167E-02  2.107836E-02  2.447345E+01
     7.5000   -7.898476E-03  1.914107E-02  2.470738E+01
     7.5500   -3.516881E-03  1.729856E-02  2.492801E+01
     7.6000    5.336822E-05  1.560521E-02  2.513616E+01
     7.6500    2.824102E-03  1.410945E-02  2.533426E+01
     7.7000    4.926442E-03  1.282107E-02  2.552713E+01
     7.7500    6.500496E-03  1.170799E-02  2.572137E+01
     7.8000    7.611556E-03  1.070388E-02  2.592381E+01
     7.8500    8.221514E-03  9.725331E-03  2.614000E+01
     7.9000    8.222580E-03  8.691530E-03  2.637355E+01
     7.9500    7.517093E-03  7.539406E-03  2.662658E+01
     8.0000    6.133076E-03  6.247671E-03  2.689536E+01
     8.0500    4.247596E-03  4.786204E-03  2.718251E+01
     8.1000    2.204996E-03  3.156793E-03  2.750105E+01
     8.1500    4.780066E-04  1.403476E-03  2.792679E+01
     8.2000   -4.594963E-04  6.035865E-04  3.055065E+01
     8.2500   -2.742465E-04  2.430295E-03  3.130284E+01
     8.3000    1.106137E-03  4.292494E-03  3.167656E+01
     8.3500    3.436204E-03  6.062019E-03  3.201859E+01
     8.4000    6.183893E-03  7.668021E-03  3.235405E+01
     8.4500    8.648840E-03  9.047722E-03  3.268868E+01
     8.5000    1.013397E-02  1.014175E-02  3.302589E+01
     8.5500    1.014319E-02  1.091501E-02  3.336504E+01
     8.6000    8.534453E-03  1.133966E-02  3.370549E+01
     8.6500    5.563461E-03  1.139620E-02  3.404751E+01
     8.7000    1.832829E-03  1.107902E-02  3.439132E+01
     8.7500   -1.858003E-03  1.039653E-02  3.473720E+01
     8.8000   -4.721575E-03  9.370665E-03  3.508559E+01
     8.8500   -6.192912E-03  8.035915E-03  3.543739E+01
     8.9000   -6.082745E-03  6.437953E-03  3.579458E+01
     8.9500   -4.629384E-03  4.632114E-03  3.616265E+01
     9.0000   -2.437730E-03  2.685443E-03  3.656121E+01
     9.0500   -3.083804E-04  7.003565E-04  3.724316E+01
     9.1000    9.910767E-04  1.450666E-03  4.008859E+01
     9.1500    9.392157E-04  3.435876E-03  4.056382E+01
     9.2000   -5.852748E-04  5.321899E-03  4.095090E+01
     9.2500   -3.261510E-03  7.039496E-03  4.132244E+01
     9.3000   -6.406717E-03  8.535906E-03  4.168961E+01
     9.3500   -9.157695E-03  9.768443E-03  4.205601E+01
     9.4000   -1.070425E-02  1.070501E-02  4.242338E+01
     9.4500   -1.051112E-02  1.132490E-02  4.279291E+01
     9.5000   -8.462056E-03  1.162297E-02  4.316683E+01
     9.5500   -4.900948E-03  1.160392E-02  4.354626E+01
     9.6000   -5.660692E-04  1.128029E-02  4.393209E+01
     9.6500    3.607383E-03  1.067897E-02  4.432688E+01
     9.7000    6.722076E-03  9.839247E-03  4.473442E+01
     9.7500    8.143970E-03  8.813969E-03  4.516067E+01
     9.8000    7.657993E-03  7.672783E-03  4.561519E+01
     9.8500    5.514708E-03  6.509821E-03  4.611332E+01
     9.9000    2.358089E-03  5.458241E-03  4.667715E+01
     9.9500   -9.441974E-04  4.703493E-03  4.732601E+01
    10.0000   -3.525670E-03  4.439340E-03  4.804156E+01
    10.0500   -4.718936E-03  4.725053E-03  4.874557E+01
    10.1000   -4.218125E-03  5.408498E-03  4.937097E+01
    10.1500   -2.153413E-03  6.269608E-03  4.991487E+01
    10.2000    9.602363E-04  7.145218E-03  5.040028E+01
    10.2500    4.363113E-03  7.935612E-03  5.084762E+01
    10.3000    7.244133E-03  8.582181E-03  5.127035E+01
    10.3500    8.936781E-03  9.051651E-03  5.167680E+01
    10.4000    9.069186E-03  9.327620E-03  5.207222E+01
    10.4500    7.634486E-03  9.406001E-03  5.246008E+01
    10.5000    4.969781E-03  9.292272E-03  5.284277E+01
    10.5500    1.655570E-03  8.999519E-03  5.322206E+01
    10.6000   -1.633754E-03  8.546843E-03  5.359941E+01
    10.6500   -4.288236E-03  7.957916E-03  5.397616E+01
    10.7000   -5.890892E-03  7.259647E-03  5.435372E+01
    10.7500   -6.288774E-03  6.480937E-03  5.473375E+01
    10.8000   -5.595783E-03  5.651584E-03  5.511851E+01
    10.8500   -4.134232E-03  4.801405E-03  5.551134E+01
    10.9000   -2.336281E-03  3.959772E-03  5.591760E+01
    10.9500   -6.335650E-04  3.155904E-03  5.634654E+01
    11.0000    6.339714E-04  2.426222E-03  5.681304E+01
    11.0500    1.291518E-03  1.804853E-03  5.734612E+01
    11.1000    1.330233E-03  1.340381E-03  5.799633E+01
    11.1500    8.740942E-04  1.108812E-03  5.878219E+01
    11.2000    1.329658E-04  1.129540E-03  5.957227E+01
    11.2500   -6.601664E-04  1.296672E-03  6.022443E+01
    11.3000   -1.304535E-03  1.495946E-03  6.074963E+01
    11.3500   -1.667958E-03  1.671305E-03  6.119775E+01
    11.4000   -1.699890E-03  1.803195E-03  6.160119E+01
    11.4500   -1.423731E-03  1.888227E-03  6.197772E+01
    11.5000   -9.156164E-04  1.930103E-03  6.233759E+01
    11.5500   -2.785165E-04  1.935604E-03  6.268746E+01
    11.6000    3.809039E-04  1.912604E-03  6.303235E+01
    11.6500    9.684161E-04  1.869026E-03  6.337653E+01
    11.7000    1.410695E-03  1.812330E-03  6.372395E+01
    11.7500    1.658162E-03  1.749392E-03  6.407827E+01
    11.8000    1.685267E-03  1.686619E-03  6.444269E+01
    11.8500    1.490607E-03  1.630123E-03  6.481939E+01
    11.9000    1.097566E-03  1.585706E-03  6.520897E+01
    11.9500    5.543798E-04  1.558447E-03  6.560976E+01
    12.0000   -7.199604E-05  1.556572E-03  6.601972E+01
    12.0500   -7.022796E-04  1.583631E-03  6.643290E+01
    12.1000   -1.242828E-03  1.631316E-03  6.683962E+01
    12.1500   -1.612755E-03  1.693599E-03  6.723402E+01
    12.2000   -1.758258E-03  1.762297E-03  6.761196E+01
    12.2500   -1.664713E-03  1.828563E-03  6.797080E+01
    12.3000   -1.360126E-03  1.884406E-03  6.830867E+01
    12.3500   -9.078315E-04  1.924133E-03  6.862369E+01
    12.4000   -3.895274E-04  1.945775E-03  6.891349E+01
    12.4500    1.170464E-04  1.952633E-03  6.917502E+01
    12.5000    5.593676E-04  1.954842E-03  6.940524E+01
    12.5500    9.236616E-04  1.970396E-03  6.960294E+01
    12.6000    1.235926E-03  2.024071E-03  6.977187E+01
    12.6500    1.549221E-03  2.142381E-03  6.992336E+01
    12.7000    1.920213E-03  2.345121E-03  7.007438E+01
    12.7500    2.381563E-03  2.638682E-03  7.024071E+01
    12.8000    2.918622E-03  3.015918E-03  7.043114E+01
    12.8500    3.458344E-03  3.460942E-03  7.064708E+01
    12.9000    3.875385E-03  3.954115E-03  7.088572E+01
    12.9500    4.015797E-03  4.475020E-03  7.114283E+01
    13.0000    3.735454E-03  5.008224E-03  7.141480E+01
    13.0500    2.933348E-03  5.538570E-03  7.169848E+01
    13.1000    1.589402E-03  6.042343E-03  7.199046E+01
    13.1500   -2.078138E-04  6.503053E-03  7.228859E+01
    13.2000   -2.267670E-03  6.905798E-03  7.259121E+01
    13.2500   -4.324163E-03  7.237526E-03  7.289697E+01
    13.3000   -6.082093E-03  7.487293E-03  7.320475E+01
    13.3500   -7.273076E-03  7.646500E-03  7.351362E+01
    13.4000   -7.709012E-03  7.709099E-03  7.382268E+01
    13.4500   -7.320774E-03  7.671748E-03  7.413108E+01
    13.5000   -6.173103E-03  7.533935E-03  7.443791E+01
    13.5500   -4.452028E-03  7.298048E-03  7.474213E+01
    13.6000   -2.427456E-03  6.969436E-03  7.504247E+01
    13.6500   -3.992281E-04  6.556471E-03  7.533730E+01
    13.7000    1.361351E-03  6.070673E-03  7.562440E+01
    13.7500    2.661587E-03  5.526982E-03  7.590066E+01
    13.8000    3.418313E-03  4.944356E-03  7.616159E+01
    13.8500    3.663431E-03  4.346926E-03  7.640062E+01
    13.9000    3.523835E-03  3.766083E-03  7.660840E+01
    13.9500    3.181345E-03  3.243511E-03  7.677292E+01
    14.0000    2.827415E-03  2.837933E-03  7.688290E+01
    14.0500    2.612692E-03  2.613660E-03  7.694180E+01
    14.1000    2.598294E-03  2.598621E-03  7.698490E+01
    14.1500    2.759702E-03  2.770881E-03  7.705888E+01
    14.2000    2.991337E-03  3.064542E-03  7.718803E+01
    14.2500    3.139030E-03  3.409770E-03  7.737021E+01
    14.3000    3.045336E-03  3.753466E-03  7.759338E+01
    14.3500    2.596094E-03  4.059795E-03  7.784602E+01
    14.4000    1.756394E-03  4.305397E-03  7.811961E+01
    14.4500    5.867694E-04  4.475414E-03  7.840833E+01
    14.5000   -7.646827E-04  4.561035E-03  7.870827E+01
    14.5500   -2.092589E-03  4.558078E-03  7.901679E+01
    14.6000   -3.179789E-03  4.466133E-03  7.933213E+01
    14.6500   -3.846985E-03  4.288004E-03  7.965309E+01
    14.7000   -3.994418E-03  4.029294E-03  7.997894E+01
    14.7500   -3.625277E-03  3.698038E-03  8.030931E+01
    14.8000   -2.845028E-03  3.304354E-03  8.064419E+01
    14.8500   -1.836696E-03  2.860095E-03  8.098407E+01
    14.9000   -8.181225E-04  2.378495E-03  8.133027E+01
    14.9500    8.359331E-06  1.873844E-03  8.168587E+01
    15.0000    5.016170E-04  1.361540E-03  8.205872E+01
    15.0500    6.102772E-04  8.563630E-04  8.247466E+01
    15.1000    3.787714E-04  3.844508E-04  8.308011E+01
    15.1500   -6.636350E-05  2.117895E-04  8.514172E+01
    15.2000   -5.524494E-04  5.711499E-04  8.613720E+01
    15.2500   -9.073614E-04  9.283645E-04  8.660692E+01
    15.3000   -1.004982E-03  1.227837E-03  8.700580E+01
    15.3500   -7.977504E-04  1.457256E-03  8.738530E+01
    15.4000   -3.279510E-04  1.610008E-03  8.775946E+01
    15.4500    2.850864E-04  1.682800E-03  8.813483E+01
    15.5000    8.784289E-04  1.675495E-03  8.851646E+01
    15.5500    1.290729E-03  1.591423E-03  8.891055E+01
    15.6000    1.407154E-03  1.438249E-03  8.932707E+01
    15.6500    1.192080E-03  1.230249E-03  8.978514E+01
    15.7000    7.008211E-04  9.949342E-04  9.032462E+01
    15.7500    6.720188E-05  7.920267E-04  9.102124E+01
    15.8000   -5.297933E-04  7.381628E-04  9.190671E+01
    15.8500   -9.115353E-04  9.138318E-04  9.274789E+01
    15.9000   -9.455320E-04  1.245410E-03  9.338568E+01
    15.9500   -5.796394E-04  1.642890E-03  9.388720E+01
    16.0000    1.446204E-04  2.064303E-03  9.431789E+01
    16.0500    1.108295E-03  2.491666E-03  9.470873E+01
    16.1000    2.131376E-03  2.896120E-03  9.507484E+01
    16.1500    3.013845E-03  3.264282E-03  9.542431E+01
    16.2000    3.580366E-03  3.586239E-03  9.576134E+01
    16.2500    3.715919E-03  3.855072E-03  9.608808E+01
    16.3000    3.386004E-03  4.066761E-03  9.640558E+01
    16.3500    2.637715E-03  4.220183E-03  9.671421E+01
    16.4000    1.583080E-03  4.317110E-03  9.701391E+01
    16.4500    3.703413E-04  4.362117E-03  9.730437E+01
    16.5000   -8.485839E-04  4.362382E-03  9.758514E+01
    16.5500   -1.946106E-03  4.327313E-03  9.785583E+01
    16.6000   -2.836227E-03  4.267954E-03  9.811625E+01
    16.6500   -3.478503E-03  4.196124E-03  9.836665E+01
    16.7000   -3.870127E-03  4.123280E-03  9.860793E+01
    16.7500   -4.030765E-03  4.059191E-03  9.884175E+01
    16.8000   -3.986240E-03  4.010630E-03  9.907051E+01
    16.8500   -3.756652E-03  3.980422E-03  9.929707E+01
    16.9000   -3.352351E-03  3.967151E-03  9.952435E+01
    16.9500   -2.778093E-03  3.965678E-03  9.975482E+01
    17.0000   -2.041679E-03  3.970185E-03  9.999083E+01
    17.0500   -1.163267E-03  3.973393E-03  1.002338E+02
    17.1000   -1.919544E-04  3.962486E-03  1.004825E+02
    17.1500    8.015187E-04  3.930565E-03  1.007363E+02
    17.2000    1.731306E-03  3.872427E-03  1.009945E+02
    17.2500    2.509583E-03  3.784892E-03  1.012559E+02
    17.3000    3.062187E-03  3.666902E-03  1.015193E+02
    17.3500    3.342573E-03  3.519447E-03  1.017834E+02
    17.4000    3.340332E-03  3.345368E-03  1.020469E+02
    17.4500    3.082072E-03  3.149071E-03  1.023084E+02
    17.5000    2.624597E-03  2.936170E-03  1.025666E+02
    17.5500    2.042425E-03  2.713071E-03  1.028202E+02
    17.6000    1.413047E-03  2.486512E-03  1.030681E+02
    17.6500    8.037009E-04  2.263051E-03  1.033095E+02
    17.7000    2.626593E-04  2.048518E-03  1.035440E+02
    17.7500   -1.835133E-04  1.847458E-03  1.037721E+02
    17.8000   -5.271103E-04  1.662625E-03  1.039952E+02
    17.8500   -7.727451E-04  1.494660E-03  1.042159E+02
    17.9000   -9.298412E-04  1.342056E-03  1.044380E+02
    17.9500   -1.006753E-03  1.201545E-03  1.046659E+02
    18.0000   -1.009532E-03  1.069880E-03  1.049059E+02
    18.0500   -9.414911E-04  9.443748E-04  1.051652E+02
    18.1000   -8.021970E-04  8.194611E-04  1.054490E+02
    18.1500   -6.005917E-04  6.940998E-04  1.057684E+02
    18.2000   -3.548926E-04  5.707908E-04  1.061432E+02
    18.2500   -9.343029E-05  4.585537E-04  1.066090E+02
    18.3000    1.477349E-04  3.787539E-04  1.072148E+02
    18.3500    3.300107E-04  3.651849E-04  1.079424E+02
    18.4000    4.190693E-04  4.314596E-04  1.086252E+02
    18.4500    3.916224E-04  5.523110E-04  1.091676E+02
    18.5000    2.406269E-04  6.997380E-04  1.096047E+02
    18.5500   -2.217749E-05  8.577592E-04  1.099816E+02
    18.6000   -3.668600E-04  1.017669E-03  1.103245E+02
    18.6500   -7.488517E-04  1.174051E-03  1.106474E+02
    18.7000   -1.114824E-03  1.323020E-03  1.109579E+02
    18.7500   -1.409994E-03  1.461455E-03  1.112604E+02
    18.8000   -1.585888E-03  1.586651E-03  1.115575E+02
    18.8500   -1.607571E-03  1.696130E-03  1.118511E+02
    18.9000   -1.459433E-03  1.787570E-03  1.121421E+02
    18.9500   -1.148613E-03  1.858785E-03  1.124312E+02
    19.0000   -7.047028E-04  1.908913E-03  1.127192E+02
    19.0500   -1.741361E-04  1.937694E-03  1.130073E+02
    19.1000    3.787567E-04  1.940407E-03  1.132938E+02
    19.1500    8.854408E-04  1.916093E-03  1.135777E+02
    19.2000    1.285165E-03  1.864673E-03  1.138577E+02
    19.2500    1.536385E-03  1.787217E-03  1.141319E+02
    19.3000    1.624836E-03  1.686256E-03  1.143974E+02
    19.3500    1.565901E-03  1.566153E-03  1.146502E+02
    19.4000    1.400086E-03  1.433594E-03  1.148848E+02
    19.4500    1.182179E-03  1.298200E-03  1.150941E+02
    19.5000    9.665114E-04  1.173085E-03  1.152707E+02
    19.5500    7.921383E-04  1.074586E-03  1.154101E+02
    19.6000    6.721985E-04  1.019302E-03  1.155188E+02
    19.6500    5.908685E-04  1.017267E-03  1.156192E+02
    19.7000    5.093843E-04  1.065467E-03  1.157405E+02
    19.7500    3.799622E-04  1.149100E-03  1.159019E+02
    19.8000    1.638984E-04  1.249107E-03  1.161073E+02
    19.8500   -1.515273E-04  1.348214E-03  1.163516E+02
    19.9000   -5.428699E-04  1.432988E-03  1.166275E+02
    19.9500   -9.510296E-04  1.493780E-03  1.169291E+02