# # tequil.ion_motion                                            FEFF 9.05   
# # POT  SCF  30  5.5000   1, core-hole, AFOLP (folp(0)= 1.150)
# # Abs   Z=30 Rmt= 1.282 Rnm= 1.422 K  shell
# # Pot 1 Z=26 Rmt= 1.270 Rnm= 1.385
# # Pot 2 Z= 8 Rmt= 0.973 Rnm= 1.094
# # Gam_ch=1.897E+00 H-L exch
# # Mu=-1.169E+01 kf=2.169E+00 Vint=-1.830E+01 Rs_int= 1.672
# # PATH  Rmax= 8.500,  Keep_limit= 0.00, Heap_limit 0.00  Pwcrit= 2.50%
#  S02=1.000                                        Global_sig2= 0.00000
#  Energy zero shift, vr, vi   -2.00000E+00   0.00000E+00
#  Curved wave amplitude ratio filter   4.000%
#     file         sig2 tot  cw amp ratio   deg  nlegs   reff  inp sig2
#           1       0.00000    100.00      1.00     2   1.9171
#           2       0.00000     91.88      1.00     2   1.9797
#           3       0.00000     90.09      1.00     2   1.9945
#           4       0.00000     58.65      1.00     2   2.3460
#           5       0.00000     49.48      1.00     2   2.5009
#           6       0.00000     38.27      1.00     2   2.7524
#           7       0.00000     29.85      1.00     2   2.9791
#           8       0.00000     28.47      1.00     2   3.0414
#           9       0.00000     26.89      1.00     2   3.1340
#          10       0.00000     25.39      1.00     2   3.1954
#          11       0.00000     25.29      1.00     2   3.2005
#          12       0.00000     25.12      1.00     2   3.2098
#          13       0.00000     24.82      1.00     2   3.2261
#          14       0.00000     24.08      1.00     2   3.2627
#          15       0.00000     22.92      1.00     2   3.3212
#          16       0.00000     22.78      1.00     2   3.3438
#          17       0.00000     21.65      1.00     2   3.3906
#          18       0.00000     11.12      2.00     3   3.4884
#          19       0.00000     18.08      2.00     3   3.4940
#          20       0.00000     19.37      1.00     2   3.5286
#          21       0.00000     19.78      1.00     2   3.5419
#          22       0.00000      8.04      2.00     3   3.5550
#          23       0.00000     10.20      2.00     3   3.5581
#          24       0.00000     18.82      1.00     2   3.5648
#          25       0.00000     14.42      2.00     3   3.5783
#          26       0.00000     18.17      2.00     3   3.5861
#          27       0.00000     11.15      2.00     3   3.5915
#          28       0.00000      9.57      2.00     3   3.6031
#          29       0.00000     18.92      1.00     2   3.6057
#          30       0.00000     13.01      2.00     3   3.6445
#          31       0.00000     11.52      2.00     3   3.6514
#          32       0.00000     18.02      1.00     2   3.6761
#          33       0.00000      7.90      2.00     3   3.6758
#          34       0.00000      9.98      2.00     3   3.6783
#          35       0.00000      9.89      2.00     3   3.7136
#          36       0.00000      7.00      2.00     3   3.7190
#          37       0.00000      7.85      2.00     3   3.7560
#          38       0.00000      7.49      2.00     3   3.7910
#          39       0.00000      5.26      1.00     4   3.7926
#          40       0.00000     13.65      2.00     3   3.8101
#          41       0.00000     15.42      1.00     2   3.8260
#          42       0.00000      5.02      1.00     4   3.8283
#          43       0.00000     11.39      1.00     4   3.8343
#          44       0.00000     16.06      1.00     2   3.8454
#          45       0.00000      6.59      2.00     3   3.8719
#          46       0.00000      6.17      2.00     3   3.8829
#          47       0.00000     15.58      1.00     2   3.8906
#          48       0.00000      7.66      2.00     4   3.8968
#          49       0.00000     12.94      2.00     3   3.9121
#          51       0.00000      9.64      2.00     3   3.9198
#          52       0.00000      4.49      1.00     4   3.9469
#          53       0.00000      9.53      1.00     4   3.9593
#          54       0.00000      5.01      2.00     4   3.9741
#          55       0.00000      9.05      2.00     3   3.9750
#          56       0.00000      9.15      1.00     4   3.9890
#          57       0.00000      5.16      1.00     4   3.9977
#          58       0.00000     13.47      1.00     2   4.0111
#          59       0.00000      8.43      2.00     3   4.0329
#          60       0.00000      4.44      1.00     4   4.0748
#          61       0.00000     12.85      2.00     3   4.0767
#          63       0.00000      4.10      1.00     4   4.0783
#          64       0.00000      8.18      2.00     3   4.0789
#          65       0.00000     11.09      2.00     3   4.0998
#          66       0.00000     12.40      1.00     2   4.1283
#          67       0.00000     13.20      1.00     2   4.1436
#          68       0.00000      4.61      1.00     4   4.1481
#          69       0.00000      7.71      2.00     3   4.1882
#          70       0.00000     11.36      1.00     2   4.2539
#          71       0.00000      8.39      2.00     4   4.2631
#          72       0.00000      8.67      2.00     3   4.2752
#          73       0.00000      6.57      2.00     3   4.2829
#          74       0.00000     11.07      1.00     2   4.2914
#          75       0.00000      7.92      2.00     3   4.2914
#          76       0.00000     11.07      2.00     3   4.3102
#          77       0.00000     15.31      2.00     3   4.3279
#          79       0.00000     10.54      1.00     2   4.3648
#          80       0.00000     14.15      2.00     3   4.3985
#          81       0.00000      5.26      2.00     3   4.4025
#          82       0.00000     10.26      1.00     2   4.4040
#          83       0.00000     10.26      1.00     2   4.4051
#          84       0.00000      9.95      1.00     2   4.4504
#          85       0.00000     22.53      2.00     3   4.4684
#          86       0.00000     19.34      2.00     3   4.4685
#          87       0.00000      4.70      1.00     4   4.4769
#          88       0.00000      9.75      1.00     2   4.4816
#          89       0.00000      7.07      2.00     3   4.4873
#          90       0.00000     10.49      2.00     4   4.4953
#          91       0.00000     12.38      2.00     3   4.5141
#          92       0.00000      7.62      1.00     4   4.5275
#          93       0.00000     14.36      1.00     4   4.5328
#          94       0.00000     10.30      2.00     3   4.5335
#          95       0.00000      9.34      1.00     2   4.5464
#          96       0.00000     11.46      1.00     4   4.5722
#          97       0.00000      8.99      1.00     2   4.6064
#          98       0.00000      8.90      1.00     2   4.6213
#          99       0.00000     11.64      2.00     3   4.6345
#         100       0.00000     13.65      2.00     3   4.6450
#         101       0.00000      4.90      2.00     3   4.6548
#         102       0.00000     16.28      2.00     3   4.6570
#         103       0.00000     20.22      2.00     3   4.6607
#         104       0.00000      8.52      1.00     2   4.6885
#         107       0.00000      8.39      1.00     2   4.7138
#         108       0.00000     12.91      1.00     4   4.7150
#         110       0.00000      8.32      1.00     2   4.7265
#         111       0.00000      8.30      1.00     2   4.7299
#         112       0.00000      8.41      2.00     4   4.7320
#         113       0.00000      5.83      1.00     4   4.7367
#         114       0.00000      4.14      2.00     3   4.7465
#         115       0.00000      9.08      1.00     2   4.7490
#         116       0.00000      9.34      1.00     4   4.7676
#         117       0.00000      7.97      1.00     2   4.7945
#         118       0.00000     11.66      2.00     3   4.7985
#         119       0.00000      7.21      2.00     3   4.8006
#         120       0.00000      7.91      1.00     2   4.8067
#         121       0.00000      7.21      1.00     4   4.8084
#         122       0.00000      4.26      1.00     4   4.8130
#         123       0.00000     12.81      2.00     3   4.8367
#         124       0.00000      5.73      2.00     3   4.8472
#         125       0.00000      7.05      2.00     3   4.8582
#         127       0.00000      7.65      2.00     3   4.8902
#         129       0.00000      7.50      1.00     2   4.8932
#         133       0.00000      5.25      2.00     3   4.9115
#         134       0.00000      4.78      2.00     3   4.9162
#         135       0.00000      6.53      1.00     4   4.9244
#         136       0.00000     12.86      2.00     3   4.9274
#         137       0.00000      7.28      1.00     2   4.9401
#         138       0.00000      5.55      2.00     4   4.9588
#         139       0.00000      4.65      2.00     4   4.9586
#         140       0.00000      5.16      2.00     3   4.9633
#         142       0.00000      5.74      2.00     3   4.9643
#         143       0.00000      5.91      1.00     4   4.9757
#         144       0.00000      7.02      2.00     3   4.9965
#         145       0.00000      7.33      2.00     3   5.0033
#         146       0.00000      6.85      2.00     3   5.0353
#         147       0.00000      7.09      1.00     4   5.0481
#         148       0.00000      7.63      1.00     2   5.0499
#         149       0.00000      5.91      2.00     3   5.0539
#         150       0.00000      6.74      1.00     2   5.0682
#         152       0.00000      7.50      1.00     2   5.0801
#         154       0.00000      7.36      1.00     2   5.1130
#         155       0.00000      5.85      2.00     3   5.1199
#         156       0.00000      5.23      2.00     3   5.1254
#         160       0.00000      7.21      1.00     2   5.1505
#         162       0.00000      7.20      1.00     2   5.1514
#         163       0.00000      7.20      1.00     2   5.1529
#         164       0.00000     10.29      2.00     3   5.1538
#         165       0.00000      6.37      1.00     2   5.1622
#         166       0.00000      5.45      2.00     3   5.1642
#         167       0.00000     16.99      2.00     3   5.1649
#         169       0.00000      8.56      2.00     3   5.1749
#         170       0.00000     10.24      1.00     4   5.1793
#         171       0.00000      6.67      2.00     3   5.1937
#         174       0.00000      4.93      1.00     4   5.2275
#         175       0.00000      8.52      2.00     3   5.2312
#         176       0.00000      4.01      2.00     3   5.2317
#         177       0.00000      9.11      2.00     3   5.2386
#         178       0.00000      6.40      2.00     4   5.2424
#         182       0.00000      4.76      2.00     3   5.2903
#         183       0.00000      9.40      2.00     3   5.2916
#         186       0.00000      5.90      2.00     3   5.3081
#         187       0.00000      8.16      2.00     4   5.3077
#         188       0.00000      4.18      1.00     4   5.3243
#         189       0.00000      5.75      1.00     2   5.3348
#         190       0.00000      5.75      1.00     2   5.3350
#         191       0.00000      4.57      2.00     3   5.3375
#         195       0.00000     13.53      2.00     3   5.3463
#         196       0.00000      4.17      1.00     4   5.3494
#         197       0.00000      8.22      1.00     4   5.3577
#         198       0.00000      5.84      2.00     3   5.3582
#         199       0.00000      5.66      1.00     2   5.3625
#         201       0.00000      4.17      2.00     3   5.3706
#         202       0.00000      5.63      1.00     2   5.3733
#         204       0.00000      5.61      1.00     2   5.3781
#         206       0.00000     12.99      2.00     3   5.3893
#         207       0.00000      5.56      1.00     2   5.3934
#         208       0.00000      5.56      1.00     2   5.3941
#         209       0.00000      5.55      1.00     2   5.3970
#         211       0.00000      7.79      1.00     4   5.4006
#         213       0.00000      6.82      2.00     3   5.4124
#         216       0.00000      4.55      2.00     3   5.4283
#         218       0.00000      6.16      1.00     2   5.4375
#         219       0.00000      4.58      2.00     3   5.4519
#         220       0.00000      6.10      1.00     2   5.4553
#         222       0.00000      5.32      1.00     2   5.4718
#         223       0.00000      7.39      2.00     3   5.4778
#         224       0.00000      4.96      2.00     3   5.4795
#         226       0.00000      4.71      2.00     4   5.4800
#         228       0.00000      5.24      1.00     2   5.4957
#         230       0.00000     12.36      2.00     3   5.4981
#         231       0.00000      7.41      1.00     4   5.5005
#         235       0.00000      5.72      2.00     4   5.5231
#         240       0.00000      7.14      2.00     3   5.5487
#         241       0.00000      5.74      1.00     2   5.5674
#         243       0.00000      5.69      2.00     3   5.5688
#         249       0.00000      5.09      2.00     3   5.6364
#         252       0.00000      4.24      2.00     3   5.6537
#         254       0.00000      5.02      2.00     3   5.6704
#         255       0.00000      4.56      2.00     3   5.6793
#         256       0.00000      6.22      2.00     3   5.6802
#         257       0.00000      4.11      2.00     3   5.6894
#         265       0.00000      4.45      2.00     3   5.7672
#         273       0.00000      4.99      1.00     2   5.8382
#         275       0.00000      4.97      1.00     2   5.8436
#         277       0.00000      4.94      1.00     2   5.8569
#         278       0.00000      4.28      1.00     2   5.8635
#         281       0.00000      5.47      2.00     3   5.8858
#         282       0.00000      7.50      2.00     3   5.8999
#         284       0.00000      4.79      1.00     2   5.9178
#         287       0.00000      4.75      1.00     2   5.9328
#         288       0.00000      4.75      1.00     2   5.9344
#         292       0.00000      4.70      1.00     2   5.9539
#         293       0.00000      8.77      2.00     3   5.9577
#         295       0.00000      4.03      1.00     2   5.9725
#         296       0.00000      4.87      2.00     3   5.9791
#         298       0.00000      4.28      1.00     4   5.9810
#   215/ 276 paths used
#  -----------------------------------------------------------------------
#       k          chi          mag           phase @#
    -0.7000   -4.634103E-01  5.059930E-01 -1.983990E+00
    -0.6500   -4.857130E-01  5.130272E-01 -1.898578E+00
    -0.6000   -5.011464E-01  5.168277E-01 -1.817763E+00
    -0.5500   -5.113273E-01  5.186854E-01 -1.739436E+00
    -0.5000   -5.163911E-01  5.188991E-01 -1.669155E+00
    -0.4500   -5.178272E-01  5.181284E-01 -1.604897E+00
    -0.4000   -5.164460E-01  5.165640E-01 -1.549422E+00
    -0.3500   -5.137424E-01  5.151116E-01 -1.497870E+00
    -0.3000   -5.098790E-01  5.133427E-01 -1.454564E+00
    -0.2500   -5.056268E-01  5.115205E-01 -1.418847E+00
    -0.2000   -5.015404E-01  5.098299E-01 -1.390221E+00
    -0.1500   -4.981243E-01  5.086473E-01 -1.367032E+00
    -0.1000   -4.955121E-01  5.078077E-01 -1.350291E+00
    -0.0500   -4.938645E-01  5.072777E-01 -1.340323E+00
     0.0000   -4.933022E-01  5.070968E-01 -1.337013E+00
     0.0500   -4.927336E-01  5.069138E-01 -1.333710E+00
     0.1000   -4.909898E-01  5.063525E-01 -1.323837E+00
     0.1500   -4.879610E-01  5.053769E-01 -1.307506E+00
     0.2000   -4.834757E-01  5.039307E-01 -1.284899E+00
     0.2500   -4.773172E-01  5.019423E-01 -1.256261E+00
     0.3000   -4.692449E-01  4.993307E-01 -1.221892E+00
     0.3500   -4.590568E-01  4.961745E-01 -1.181542E+00
     0.4000   -4.465477E-01  4.928596E-01 -1.133818E+00
     0.4500   -4.313204E-01  4.887408E-01 -1.081181E+00
     0.5000   -4.132422E-01  4.837535E-01 -1.024090E+00
     0.5500   -3.923315E-01  4.782426E-01 -9.620419E-01
     0.6000   -3.685590E-01  4.726553E-01 -8.942870E-01
     0.6500   -3.419006E-01  4.662009E-01 -8.232749E-01
     0.7000   -3.125957E-01  4.592353E-01 -7.487004E-01
     0.7500   -2.806877E-01  4.526898E-01 -6.687990E-01
     0.8000   -2.465914E-01  4.454895E-01 -5.865958E-01
     0.8500   -2.105218E-01  4.384349E-01 -5.008447E-01
     0.9000   -1.725739E-01  4.318058E-01 -4.111418E-01
     0.9500   -1.333984E-01  4.248174E-01 -3.194173E-01
     1.0000   -9.250822E-02  4.189017E-01 -2.226707E-01
     1.0500   -5.068484E-02  4.129191E-01 -1.230580E-01
     1.1000   -7.936798E-03  4.072304E-01 -1.949093E-02
     1.1500    3.573459E-02  4.019852E-01  8.901278E-02
     1.2000    7.902745E-02  3.963119E-01  2.007529E-01
     1.2500    1.226511E-01  3.911386E-01  3.189551E-01
     1.3000    1.642236E-01  3.851366E-01  4.405129E-01
     1.3500    2.036568E-01  3.788552E-01  5.675389E-01
     1.4000    2.389832E-01  3.716440E-01  6.984656E-01
     1.4500    2.691075E-01  3.635219E-01  8.334848E-01
     1.5000    2.928110E-01  3.544010E-01  9.723533E-01
     1.5500    3.086682E-01  3.440019E-01  1.113584E+00
     1.6000    3.164953E-01  3.326425E-01  1.257938E+00
     1.6500    3.154584E-01  3.199640E-01  1.402780E+00
     1.7000    3.064923E-01  3.065599E-01  1.549795E+00
     1.7500    2.898461E-01  2.921207E-01  1.695668E+00
     1.8000    2.670808E-01  2.771903E-01  1.841703E+00
     1.8500    2.395715E-01  2.617422E-01  1.985351E+00
     1.9000    2.088956E-01  2.461890E-01  2.128416E+00
     1.9500    1.767723E-01  2.306341E-01  2.268278E+00
     2.0000    1.448879E-01  2.152731E-01  2.403278E+00
     2.0500    1.145311E-01  2.003311E-01  2.533005E+00
     2.1000    8.689831E-02  1.858931E-01  2.655173E+00
     2.1500    6.278964E-02  1.723375E-01  2.768667E+00
     2.2000    4.198881E-02  1.599291E-01  2.875933E+00
     2.2500    2.431077E-02  1.486606E-01  2.977323E+00
     2.3000    9.721730E-03  1.384942E-01  3.071339E+00
     2.3500   -1.616181E-03  1.294702E-01  3.154076E+00
     2.4000   -1.085563E-02  1.216753E-01  3.230929E+00
     2.4500   -1.850834E-02  1.151851E-01  3.302976E+00
     2.5000   -2.524647E-02  1.102078E-01  3.372726E+00
     2.5500   -3.339607E-02  1.096576E-01  3.451057E+00
     2.6000   -4.276057E-02  1.101472E-01  3.540284E+00
     2.6500   -5.340824E-02  1.110045E-01  3.643542E+00
     2.7000   -6.475167E-02  1.115459E-01  3.760927E+00
     2.7500   -7.689053E-02  1.119585E-01  3.898638E+00
     2.8000   -8.780812E-02  1.118138E-01  4.044784E+00
     2.8500   -9.650082E-02  1.109231E-01  4.196754E+00
     2.9000   -1.022181E-01  1.092004E-01  4.352851E+00
     2.9500   -1.046696E-01  1.068267E-01  4.511088E+00
     3.0000   -1.036069E-01  1.036972E-01  4.670645E+00
     3.0500   -9.913368E-02  9.982386E-02  4.830050E+00
     3.1000   -9.171894E-02  9.530999E-02  4.987768E+00
     3.1500   -8.218176E-02  9.031251E-02  5.139971E+00
     3.2000   -7.143154E-02  8.509759E-02  5.286994E+00
     3.2500   -6.003550E-02  7.968339E-02  5.429929E+00
     3.3000   -4.861473E-02  7.399847E-02  5.566393E+00
     3.3500   -3.834992E-02  6.855489E-02  5.689518E+00
     3.4000   -2.968827E-02  6.377870E-02  5.798999E+00
     3.4500   -2.246752E-02  5.961119E-02  5.896737E+00
     3.5000   -1.653112E-02  5.618312E-02  5.984529E+00
     3.5500   -1.168013E-02  5.361909E-02  6.063589E+00
     3.6000   -7.496633E-03  5.199514E-02  6.138502E+00
     3.6500   -3.368629E-03  5.112628E-02  6.217249E+00
     3.7000    1.053600E-03  5.079437E-02  6.303929E+00
     3.7500    5.880303E-03  5.091332E-02  6.398940E+00
     3.8000    1.120436E-02  5.142303E-02  6.502833E+00
     3.8500    1.701235E-02  5.191514E-02  6.617048E+00
     3.9000    2.300384E-02  5.224153E-02  6.739159E+00
     3.9500    2.885072E-02  5.246354E-02  6.865453E+00
     4.0000    3.443312E-02  5.276334E-02  6.994190E+00
     4.0500    3.945779E-02  5.284623E-02  7.126202E+00
     4.1000    4.365880E-02  5.271246E-02  7.259153E+00
     4.1500    4.704088E-02  5.257001E-02  7.391221E+00
     4.2000    4.990938E-02  5.274856E-02  7.524392E+00
     4.2500    5.193889E-02  5.294118E-02  7.659085E+00
     4.3000    5.308115E-02  5.317029E-02  7.796071E+00
     4.3500    5.331478E-02  5.349864E-02  7.936913E+00
     4.4000    5.264568E-02  5.407508E-02  8.084419E+00
     4.4500    5.060301E-02  5.455813E-02  8.237093E+00
     4.5000    4.702434E-02  5.485744E-02  8.394951E+00
     4.5500    4.187674E-02  5.491425E-02  8.557479E+00
     4.6000    3.533704E-02  5.484445E-02  8.724652E+00
     4.6500    2.756378E-02  5.439428E-02  8.893378E+00
     4.7000    1.901579E-02  5.356046E-02  9.061827E+00
     4.7500    1.023334E-02  5.239988E-02  9.228222E+00
     4.8000    1.670137E-03  5.117353E-02  9.392135E+00
     4.8500   -6.216742E-03  4.976388E-02  9.550030E+00
     4.9000   -1.315919E-02  4.830774E-02  9.700668E+00
     4.9500   -1.911287E-02  4.696668E-02  9.843885E+00
     5.0000   -2.439709E-02  4.602988E-02  9.983411E+00
     5.0500   -2.908139E-02  4.545094E-02  1.011907E+01
     5.1000   -3.341642E-02  4.529109E-02  1.025460E+01
     5.1500   -3.755372E-02  4.554205E-02  1.039426E+01
     5.2000   -4.160681E-02  4.624134E-02  1.054403E+01
     5.2500   -4.513314E-02  4.712349E-02  1.070390E+01
     5.3000   -4.768348E-02  4.803326E-02  1.087482E+01
     5.3500   -4.872375E-02  4.881445E-02  1.105654E+01
     5.4000   -4.780455E-02  4.939590E-02  1.125010E+01
     5.4500   -4.452660E-02  4.959042E-02  1.145142E+01
     5.5000   -3.887499E-02  4.932460E-02  1.165858E+01
     5.5500   -3.116701E-02  4.856576E-02  1.186959E+01
     5.6000   -2.196602E-02  4.733115E-02  1.208376E+01
     5.6500   -1.212483E-02  4.564153E-02  1.229749E+01
     5.7000   -2.507404E-03  4.356924E-02  1.250879E+01
     5.7500    6.140880E-03  4.121249E-02  1.271593E+01
     5.8000    1.329475E-02  3.868610E-02  1.291718E+01
     5.8500    1.870776E-02  3.610718E-02  1.311102E+01
     5.9000    2.242384E-02  3.359314E-02  1.329723E+01
     5.9500    2.467114E-02  3.123714E-02  1.347686E+01
     6.0000    2.571272E-02  2.911275E-02  1.364904E+01
     6.0500    2.584999E-02  2.721973E-02  1.381858E+01
     6.1000    2.522936E-02  2.550552E-02  1.398988E+01
     6.1500    2.386558E-02  2.387590E-02  1.416658E+01
     6.2000    2.170782E-02  2.221399E-02  1.435105E+01
     6.2500    1.874003E-02  2.040420E-02  1.454385E+01
     6.3000    1.508130E-02  1.835255E-02  1.474348E+01
     6.3500    1.104569E-02  1.600032E-02  1.494600E+01
     6.4000    7.132376E-03  1.333256E-02  1.514350E+01
     6.4500    3.939326E-03  1.038786E-02  1.531901E+01
     6.5000    2.219193E-03  7.430231E-03  1.540466E+01
     6.5500    2.135968E-03  4.887262E-03  1.525565E+01
     6.6000    3.598424E-03  4.273192E-03  1.470681E+01
     6.6500    6.171199E-03  6.359481E-03  1.438111E+01
     6.7000    9.091941E-03  9.440263E-03  1.440966E+01
     6.7500    1.143420E-02  1.262664E-02  1.457526E+01
     6.8000    1.233106E-02  1.560307E-02  1.479667E+01
     6.8500    1.120089E-02  1.819809E-02  1.504495E+01
     6.9000    7.912099E-03  2.029310E-02  1.530745E+01
     6.9500    2.837641E-03  2.180288E-02  1.557744E+01
     7.0000   -3.343615E-03  2.276255E-02  1.585539E+01
     7.0500   -9.523388E-03  2.309011E-02  1.613310E+01
     7.1000   -1.461724E-02  2.275916E-02  1.640540E+01
     7.1500   -1.786557E-02  2.180717E-02  1.666807E+01
     7.2000   -1.898390E-02  2.031204E-02  1.691513E+01
     7.2500   -1.821943E-02  1.840225E-02  1.713768E+01
     7.3000   -1.626096E-02  1.627639E-02  1.732231E+01
     7.3500   -1.402630E-02  1.423649E-02  1.745081E+01
     7.4000   -1.238570E-02  1.271827E-02  1.750795E+01
     7.4500   -1.189882E-02  1.221745E-02  1.750764E+01
     7.5000   -1.268622E-02  1.304271E-02  1.751310E+01
     7.5500   -1.426569E-02  1.494775E-02  1.758201E+01
     7.6000   -1.575399E-02  1.745529E-02  1.772394E+01
     7.6500   -1.612072E-02  2.015945E-02  1.792283E+01
     7.7000   -1.447109E-02  2.277218E-02  1.816094E+01
     7.7500   -1.032603E-02  2.509734E-02  1.842552E+01
     7.8000   -3.800627E-03  2.700116E-02  1.870833E+01
     7.8500    4.370020E-03  2.839465E-02  1.900407E+01
     7.9000    1.296828E-02  2.922411E-02  1.930934E+01
     7.9500    2.056117E-02  2.946586E-02  1.962187E+01
     8.0000    2.588957E-02  2.917872E-02  1.994096E+01
     8.0500    2.801384E-02  2.835619E-02  2.026480E+01
     8.1000    2.661254E-02  2.701030E-02  2.059218E+01
     8.1500    2.208824E-02  2.520068E-02  2.092262E+01
     8.2000    1.542943E-02  2.300163E-02  2.125587E+01
     8.2500    7.968572E-03  2.049873E-02  2.159189E+01
     8.3000    1.070297E-03  1.778521E-02  2.193093E+01
     8.3500   -4.169607E-03  1.495836E-02  2.227364E+01
     8.4000   -7.140170E-03  1.211597E-02  2.262136E+01
     8.4500   -7.797708E-03  9.353116E-03  2.297693E+01
     8.5000   -6.595153E-03  6.758472E-03  2.334166E+01
     8.5500   -4.348031E-03  4.407983E-03  2.372706E+01
     8.6000   -1.938205E-03  2.379475E-03  2.418079E+01
     8.6500   -7.753509E-05  8.308106E-04  2.503928E+01
     8.7000    8.449002E-04  9.128899E-04  2.709192E+01
     8.7500    8.173228E-04  1.712901E-03  2.777692E+01
     8.8000    1.468786E-04  2.175048E-03  2.820675E+01
     8.8500   -6.844312E-04  2.245229E-03  2.858410E+01
     8.9000   -1.200646E-03  1.937028E-03  2.894287E+01
     8.9500   -1.094286E-03  1.283179E-03  2.929564E+01
     9.0000   -3.324856E-04  3.358837E-04  2.970276E+01
     9.0500    8.544889E-04  8.568204E-04  2.677733E+01
     9.1000    2.032639E-03  2.237461E-03  2.713475E+01
     9.1500    2.694866E-03  3.748740E-03  2.747215E+01
     9.2000    2.420888E-03  5.330713E-03  2.780293E+01
     9.2500    1.002528E-03  6.926146E-03  2.812908E+01
     9.3000   -1.491755E-03  8.482693E-03  2.845111E+01
     9.3500   -4.726867E-03  9.954877E-03  2.876910E+01
     9.4000   -8.177816E-03  1.130569E-02  2.908296E+01
     9.4500   -1.124815E-02  1.250772E-02  2.939249E+01
     9.5000   -1.340225E-02  1.354879E-02  2.969792E+01
     9.5500   -1.425505E-02  1.442521E-02  2.999888E+01
     9.6000   -1.363104E-02  1.513649E-02  3.029491E+01
     9.6500   -1.157907E-02  1.569311E-02  3.058606E+01
     9.7000   -8.330448E-03  1.611186E-02  3.087254E+01
     9.7500   -4.237028E-03  1.641345E-02  3.115483E+01
     9.8000    2.945787E-04  1.661976E-02  3.143365E+01
     9.8500    4.855722E-03  1.675100E-02  3.171002E+01
     9.9000    9.067827E-03  1.682323E-02  3.198518E+01
     9.9500    1.259612E-02  1.684646E-02  3.226052E+01
    10.0000    1.519563E-02  1.686247E-02  3.253834E+01
    10.0500    1.663174E-02  1.686619E-02  3.281979E+01
    10.1000    1.669618E-02  1.681409E-02  3.310522E+01
    10.1500    1.531736E-02  1.669325E-02  3.339557E+01
    10.2000    1.256075E-02  1.648968E-02  3.369153E+01
    10.2500    8.654681E-03  1.619060E-02  3.399354E+01
    10.3000    3.992122E-03  1.578649E-02  3.430186E+01
    10.3500   -9.018463E-04  1.527255E-02  3.461660E+01
    10.4000   -5.437850E-03  1.464959E-02  3.493781E+01
    10.4500   -9.055128E-03  1.392440E-02  3.526551E+01
    10.5000   -1.132020E-02  1.310957E-02  3.559970E+01
    10.5500   -1.200778E-02  1.222285E-02  3.594045E+01
    10.6000   -1.114299E-02  1.128625E-02  3.628782E+01
    10.6500   -8.992844E-03  1.032481E-02  3.664189E+01
    10.7000   -6.007628E-03  9.365176E-03  3.700268E+01
    10.7500   -2.725977E-03  8.434024E-03  3.736999E+01
    10.8000    3.332787E-04  7.556404E-03  3.774323E+01
    10.8500    2.766342E-03  6.754074E-03  3.812111E+01
    10.9000    4.344803E-03  6.043986E-03  3.850128E+01
    10.9500    5.029367E-03  5.437255E-03  3.888010E+01
    11.0000    4.947503E-03  4.948241E-03  3.925264E+01
    11.0500    4.310135E-03  4.578163E-03  3.961378E+01
    11.1000    3.332101E-03  4.316498E-03  3.995881E+01
    11.1500    2.196280E-03  4.162439E-03  4.028488E+01
    11.2000    1.011102E-03  4.115262E-03  4.059247E+01
    11.2500   -1.872485E-04  4.173021E-03  4.088559E+01
    11.3000   -1.402798E-03  4.329688E-03  4.117065E+01
    11.3500   -2.633118E-03  4.572668E-03  4.145433E+01
    11.4000   -3.827633E-03  4.882278E-03  4.174176E+01
    11.4500   -4.868274E-03  5.233243E-03  4.203582E+01
    11.5000   -5.581774E-03  5.597122E-03  4.233743E+01
    11.5500   -5.781673E-03  5.944671E-03  4.264622E+01
    11.6000   -5.327399E-03  6.247720E-03  4.296117E+01
    11.6500   -4.181025E-03  6.480567E-03  4.328106E+01
    11.7000   -2.441771E-03  6.621003E-03  4.360459E+01
    11.7500   -3.443108E-04  6.651087E-03  4.393051E+01
    11.8000    1.782417E-03  6.557712E-03  4.425756E+01
    11.8500    3.587024E-03  6.333003E-03  4.458443E+01
    11.9000    4.779378E-03  5.974562E-03  4.490952E+01
    11.9500    5.202952E-03  5.485602E-03  4.523068E+01
    12.0000    4.879473E-03  4.879636E-03  4.554493E+01
    12.0500    3.992991E-03  4.170839E-03  4.584617E+01
    12.1000    2.843755E-03  3.374992E-03  4.612180E+01
    12.1500    1.780190E-03  2.528737E-03  4.634290E+01
    12.2000    1.098456E-03  1.710140E-03  4.642637E+01
    12.2500    9.632032E-04  1.165056E-03  4.615059E+01
    12.3000    1.364082E-03  1.373847E-03  4.567239E+01
    12.3500    2.119792E-03  2.122889E-03  4.560712E+01
    12.4000    2.928408E-03  3.001003E-03  4.577350E+01
    12.4500    3.450090E-03  3.873013E-03  4.602478E+01
    12.5000    3.399686E-03  4.687304E-03  4.631242E+01
    12.5500    2.624448E-03  5.415021E-03  4.661791E+01
    12.6000    1.146657E-03  6.036991E-03  4.693279E+01
    12.6500   -8.391454E-04  6.540329E-03  4.725255E+01
    12.7000   -3.012247E-03  6.917397E-03  4.757444E+01
    12.7500   -5.001744E-03  7.165406E-03  4.789655E+01
    12.8000   -6.471743E-03  7.286184E-03  4.821735E+01
    12.8500   -7.193796E-03  7.285953E-03  4.853547E+01
    12.9000   -7.089198E-03  7.175046E-03  4.884953E+01
    12.9500   -6.232804E-03  6.967592E-03  4.915808E+01
    13.0000   -4.823774E-03  6.691245E-03  4.946037E+01
    13.0500   -3.113895E-03  6.371266E-03  4.975484E+01
    13.1000   -1.355583E-03  6.015653E-03  5.003819E+01
    13.1500    2.437910E-04  5.649402E-03  5.030865E+01
    13.2000    1.563275E-03  5.298623E-03  5.056497E+01
    13.2500    2.571932E-03  4.988812E-03  5.080712E+01
    13.3000    3.306551E-03  4.742164E-03  5.103706E+01
    13.3500    3.833566E-03  4.574145E-03  5.125926E+01
    13.4000    4.208875E-03  4.490409E-03  5.148029E+01
    13.4500    4.448528E-03  4.485789E-03  5.170730E+01
    13.5000    4.518881E-03  4.546308E-03  5.194618E+01
    13.5500    4.348192E-03  4.653336E-03  5.220043E+01
    13.6000    3.854989E-03  4.787889E-03  5.247114E+01
    13.6500    2.983676E-03  4.933590E-03  5.275760E+01
    13.7000    1.736105E-03  5.077998E-03  5.305815E+01
    13.7500    1.894106E-04  5.212751E-03  5.337073E+01
    13.8000   -1.505370E-03  5.333055E-03  5.369324E+01
    13.8500   -3.143931E-03  5.436923E-03  5.402366E+01
    13.9000   -4.503535E-03  5.524370E-03  5.436017E+01
    13.9500   -5.383658E-03  5.596684E-03  5.470108E+01
    14.0000   -5.648330E-03  5.661125E-03  5.504512E+01
    14.0500   -5.241078E-03  5.722796E-03  5.539111E+01
    14.1000   -4.187531E-03  5.774832E-03  5.573744E+01
    14.1500   -2.612718E-03  5.819147E-03  5.608304E+01
    14.2000   -7.107989E-04  5.857086E-03  5.642701E+01
    14.2500    1.284979E-03  5.889334E-03  5.676862E+01
    14.3000    3.135617E-03  5.915900E-03  5.710731E+01
    14.3500    4.627589E-03  5.936145E-03  5.744263E+01
    14.4000    5.598010E-03  5.948852E-03  5.777431E+01
    14.4500    5.951422E-03  5.952315E-03  5.810215E+01
    14.5000    5.667354E-03  5.944465E-03  5.842600E+01
    14.5500    4.798795E-03  5.923026E-03  5.874578E+01
    14.6000    3.462376E-03  5.885704E-03  5.906134E+01
    14.6500    1.821542E-03  5.830413E-03  5.937252E+01
    14.7000    6.457652E-05  5.755533E-03  5.967904E+01
    14.7500   -1.619979E-03  5.660192E-03  5.998052E+01
    14.8000   -3.067276E-03  5.544553E-03  6.027647E+01
    14.8500   -4.155854E-03  5.410097E-03  6.056623E+01
    14.9000   -4.819770E-03  5.259855E-03  6.084908E+01
    14.9500   -5.050915E-03  5.098574E-03  6.112422E+01
    15.0000   -4.897177E-03  4.938943E-03  6.139120E+01
    15.0500   -4.436539E-03  4.793891E-03  6.164961E+01
    15.1000   -3.745023E-03  4.661417E-03  6.189885E+01
    15.1500   -2.904909E-03  4.551678E-03  6.213969E+01
    15.2000   -1.978013E-03  4.473729E-03  6.237387E+01
    15.2500   -1.000863E-03  4.433898E-03  6.260416E+01
    15.3000    9.521122E-06  4.434353E-03  6.283400E+01
    15.3500    1.041728E-03  4.472386E-03  6.306694E+01
    15.4000    2.073190E-03  4.540709E-03  6.330600E+01
    15.4500    3.056926E-03  4.628621E-03  6.355326E+01
    15.5000    3.917315E-03  4.723634E-03  6.380971E+01
    15.5500    4.557649E-03  4.813062E-03  6.407541E+01
    15.6000    4.878443E-03  4.885280E-03  6.434974E+01
    15.6500    4.801855E-03  4.930576E-03  6.463165E+01
    15.7000    4.295200E-03  4.941636E-03  6.491989E+01
    15.7500    3.386376E-03  4.913764E-03  6.521311E+01
    15.8000    2.166024E-03  4.844912E-03  6.550996E+01
    15.8500    7.749240E-04  4.735579E-03  6.580907E+01
    15.9000   -6.206501E-04  4.588629E-03  6.610912E+01
    15.9500   -1.859445E-03  4.409026E-03  6.640880E+01
    16.0000   -2.815428E-03  4.204969E-03  6.670705E+01
    16.0500   -3.414593E-03  3.984297E-03  6.700289E+01
    16.1000   -3.636151E-03  3.752397E-03  6.729468E+01
    16.1500   -3.516995E-03  3.519411E-03  6.758130E+01
    16.2000   -3.130779E-03  3.295800E-03  6.786203E+01
    16.2500   -2.564380E-03  3.091604E-03  6.813689E+01
    16.3000   -1.896172E-03  2.915539E-03  6.840697E+01
    16.3500   -1.182454E-03  2.774025E-03  6.867468E+01
    16.4000   -4.553742E-04  2.670375E-03  6.894367E+01
    16.4500    2.683736E-04  2.604470E-03  6.921827E+01
    16.5000    9.725117E-04  2.573166E-03  6.950261E+01
    16.5500    1.626402E-03  2.571314E-03  6.979984E+01
    16.6000    2.177052E-03  2.593021E-03  7.011155E+01
    16.6500    2.552105E-03  2.632666E-03  7.043781E+01
    16.7000    2.674172E-03  2.685425E-03  7.077741E+01
    16.7500    2.482782E-03  2.747309E-03  7.112826E+01
    16.8000    1.957231E-03  2.814881E-03  7.148777E+01
    16.8500    1.132682E-03  2.884855E-03  7.185314E+01
    16.9000    1.034371E-04  2.953767E-03  7.222161E+01
    16.9500   -9.891500E-04  3.017803E-03  7.259057E+01
    17.0000   -1.982368E-03  3.072750E-03  7.295784E+01
    17.0500   -2.724642E-03  3.114462E-03  7.332173E+01
    17.1000   -3.105154E-03  3.139111E-03  7.368021E+01
    17.1500   -3.077909E-03  3.143166E-03  7.403155E+01
    17.2000   -2.668944E-03  3.124197E-03  7.437406E+01
    17.2500   -1.966880E-03  3.081371E-03  7.470592E+01
    17.3000   -1.099207E-03  3.015955E-03  7.502517E+01
    17.3500   -2.009721E-04  2.931795E-03  7.532962E+01
    17.4000    6.154238E-04  2.835738E-03  7.561699E+01
    17.4500    1.281206E-03  2.737876E-03  7.588520E+01
    17.5000    1.777746E-03  2.651355E-03  7.613311E+01
    17.5500    2.127794E-03  2.591323E-03  7.636160E+01
    17.6000    2.375130E-03  2.572614E-03  7.657464E+01
    17.6500    2.559687E-03  2.606341E-03  7.677953E+01
    17.7000    2.696345E-03  2.696702E-03  7.698531E+01
    17.7500    2.764289E-03  2.839807E-03  7.720015E+01
    17.8000    2.710412E-03  3.025166E-03  7.742924E+01
    17.8500    2.465872E-03  3.238662E-03  7.767437E+01
    17.9000    1.970834E-03  3.465365E-03  7.793486E+01
    17.9500    1.199890E-03  3.691357E-03  7.820875E+01
    18.0000    1.793815E-04  3.905485E-03  7.849387E+01
    18.0500   -1.008425E-03  4.099944E-03  7.878833E+01
    18.1000   -2.228270E-03  4.265392E-03  7.908949E+01
    18.1500   -3.319452E-03  4.396204E-03  7.939558E+01
    18.2000   -4.124714E-03  4.488766E-03  7.970509E+01
    18.2500   -4.521349E-03  4.541351E-03  8.001672E+01
    18.3000   -4.445483E-03  4.553991E-03  8.032935E+01
    18.3500   -3.903937E-03  4.528308E-03  8.064197E+01
    18.4000   -2.971417E-03  4.467333E-03  8.095372E+01
    18.4500   -1.774483E-03  4.375294E-03  8.126381E+01
    18.5000   -4.668489E-04  4.257378E-03  8.157153E+01
    18.5500    7.977842E-04  4.119464E-03  8.187630E+01
    18.6000    1.889219E-03  3.967837E-03  8.217766E+01
    18.6500    2.716120E-03  3.808878E-03  8.247532E+01
    18.7000    3.231386E-03  3.648737E-03  8.276923E+01
    18.7500    3.428431E-03  3.493011E-03  8.305962E+01
    18.8000    3.331399E-03  3.346433E-03  8.334703E+01
    18.8500    2.983247E-03  3.212624E-03  8.363238E+01
    18.9000    2.435357E-03  3.093928E-03  8.391684E+01
    18.9500    1.740953E-03  2.991377E-03  8.420183E+01
    19.0000    9.534733E-04  2.906611E-03  8.448878E+01
    19.0500    1.254891E-04  2.841452E-03  8.477882E+01
    19.1000   -6.902261E-04  2.789682E-03  8.507302E+01
    19.1500   -1.435280E-03  2.749504E-03  8.537221E+01
    19.2000   -2.049743E-03  2.719030E-03  8.567690E+01
    19.2500   -2.476716E-03  2.696501E-03  8.598725E+01
    19.3000   -2.669412E-03  2.680428E-03  8.630311E+01
    19.3500   -2.599189E-03  2.669653E-03  8.662406E+01
    19.4000   -2.262528E-03  2.663332E-03  8.694954E+01
    19.4500   -1.685062E-03  2.660876E-03  8.727882E+01
    19.5000   -9.213951E-04  2.661870E-03  8.761113E+01
    19.5500   -5.038284E-05  2.665978E-03  8.794569E+01
    19.6000    8.335376E-04  2.672860E-03  8.828174E+01
    19.6500    1.631618E-03  2.682113E-03  8.861855E+01
    19.7000    2.252961E-03  2.693212E-03  8.895552E+01
    19.7500    2.625820E-03  2.705494E-03  8.929210E+01
    19.8000    2.706533E-03  2.718146E-03  8.962786E+01
    19.8500    2.485006E-03  2.730217E-03  8.996245E+01
    19.9000    1.986115E-03  2.740640E-03  9.029560E+01
    19.9500    1.266882E-03  2.748273E-03  9.062709E+01