# # tequil.ion_motion                                            FEFF 9.05   
# # POT  SCF  30  5.5000   1, core-hole, AFOLP (folp(0)= 1.150)
# # Abs   Z=30 Rmt= 1.328 Rnm= 1.418 K  shell
# # Pot 1 Z=26 Rmt= 1.292 Rnm= 1.396
# # Pot 2 Z= 8 Rmt= 0.965 Rnm= 1.087
# # Gam_ch=1.897E+00 H-L exch
# # Mu=-1.162E+01 kf=2.176E+00 Vint=-1.841E+01 Rs_int= 1.667
# # PATH  Rmax= 8.500,  Keep_limit= 0.00, Heap_limit 0.00  Pwcrit= 2.50%
#  S02=1.000                                        Global_sig2= 0.00000
#  Energy zero shift, vr, vi   -2.00000E+00   0.00000E+00
#  Curved wave amplitude ratio filter   4.000%
#     file         sig2 tot  cw amp ratio   deg  nlegs   reff  inp sig2
#           1       0.00000    100.00      1.00     2   1.9413
#           2       0.00000     91.30      1.00     2   2.0099
#           3       0.00000     87.09      1.00     2   2.0465
#           4       0.00000     66.74      1.00     2   2.2648
#           5       0.00000     65.31      1.00     2   2.2835
#           6       0.00000     62.69      1.00     2   2.3194
#           7       0.00000     35.73      1.00     2   2.7988
#           8       0.00000     31.52      1.00     2   2.9565
#           9       0.00000     28.14      1.00     2   3.1042
#          10       0.00000     27.59      1.00     2   3.1305
#          11       0.00000     27.21      1.00     2   3.1490
#          12       0.00000     26.59      1.00     2   3.1801
#          13       0.00000     25.26      1.00     2   3.2527
#          14       0.00000     24.59      1.00     2   3.2848
#          15       0.00000     23.91      1.00     2   3.3258
#          16       0.00000     10.03      2.00     3   3.4219
#          17       0.00000     18.06      2.00     3   3.4514
#          18       0.00000     12.29      2.00     3   3.4527
#          19       0.00000     10.25      2.00     3   3.4547
#          20       0.00000     20.78      1.00     2   3.4908
#          21       0.00000     20.11      1.00     2   3.5325
#          22       0.00000     10.44      2.00     3   3.5346
#          23       0.00000     20.02      1.00     2   3.5379
#          24       0.00000     11.31      2.00     3   3.5391
#          25       0.00000     14.95      2.00     3   3.5620
#          26       0.00000     19.60      1.00     2   3.5646
#          27       0.00000      7.62      2.00     3   3.5738
#          28       0.00000     10.19      2.00     3   3.5940
#          29       0.00000      8.50      2.00     3   3.6071
#          30       0.00000     10.95      2.00     3   3.6070
#          31       0.00000     11.48      2.00     3   3.6157
#          32       0.00000      8.65      2.00     3   3.6268
#          33       0.00000     10.70      2.00     3   3.6282
#          34       0.00000      6.52      2.00     3   3.6303
#          35       0.00000      8.67      2.00     3   3.6309
#          36       0.00000     19.32      1.00     2   3.6319
#          37       0.00000     15.78      2.00     3   3.6458
#          38       0.00000      9.16      2.00     3   3.6685
#          39       0.00000      6.65      2.00     3   3.6747
#          40       0.00000      8.86      2.00     3   3.6951
#          41       0.00000      8.68      2.00     3   3.7189
#          42       0.00000     18.05      1.00     2   3.7336
#          43       0.00000      8.44      2.00     3   3.7520
#          44       0.00000     17.67      1.00     2   3.7655
#          45       0.00000      7.05      2.00     3   3.7788
#          46       0.00000      5.98      1.00     4   3.7985
#          47       0.00000     17.21      1.00     2   3.8053
#          48       0.00000     16.65      1.00     2   3.8560
#          49       0.00000     13.76      2.00     3   3.8811
#          50       0.00000     11.09      1.00     4   3.8826
#          51       0.00000     16.12      1.00     2   3.9059
#          52       0.00000     14.99      1.00     2   3.9201
#          53       0.00000      4.86      1.00     4   3.9439
#          54       0.00000      5.74      1.00     4   3.9490
#          56       0.00000     13.14      2.00     3   3.9610
#          57       0.00000      4.27      1.00     4   3.9658
#          58       0.00000      8.84      2.00     3   3.9820
#          59       0.00000      4.14      2.00     4   3.9878
#          60       0.00000     14.03      1.00     2   4.0118
#          61       0.00000      9.17      1.00     4   4.0199
#          62       0.00000     12.81      2.00     3   4.0269
#          63       0.00000      8.34      2.00     3   4.0497
#          64       0.00000     12.84      2.00     3   4.0584
#          65       0.00000      8.00      2.00     3   4.0625
#          66       0.00000     13.78      2.00     3   4.0744
#          67       0.00000      4.28      1.00     4   4.0825
#          68       0.00000      9.52      2.00     3   4.0850
#          69       0.00000      8.31      1.00     4   4.0931
#          70       0.00000      8.94      2.00     3   4.0984
#          71       0.00000     13.01      1.00     2   4.1185
#          72       0.00000      4.40      1.00     4   4.1303
#          73       0.00000     17.83      2.00     3   4.1807
#          74       0.00000      4.83      1.00     4   4.1885
#          75       0.00000      7.14      2.00     3   4.2140
#          76       0.00000      7.46      2.00     3   4.2173
#          77       0.00000      7.06      2.00     3   4.2273
#          78       0.00000     21.84      2.00     3   4.2315
#          79       0.00000      5.60      1.00     4   4.2428
#          80       0.00000      4.32      1.00     4   4.2484
#          81       0.00000      6.89      2.00     3   4.2602
#          83       0.00000     21.50      2.00     4   4.2607
#          84       0.00000      4.70      1.00     4   4.2609
#          85       0.00000     18.71      2.00     3   4.2707
#          86       0.00000     14.27      2.00     4   4.2748
#          87       0.00000     11.67      1.00     2   4.2761
#          89       0.00000      6.02      2.00     3   4.3186
#          90       0.00000     16.42      2.00     4   4.3301
#          91       0.00000     11.06      1.00     2   4.3546
#          92       0.00000     10.94      1.00     2   4.3712
#          93       0.00000     10.89      1.00     2   4.3779
#          94       0.00000     10.52      1.00     2   4.4304
#          95       0.00000      7.20      2.00     3   4.4338
#          96       0.00000     10.42      1.00     2   4.4444
#          97       0.00000     23.38      2.00     3   4.4445
#          98       0.00000     10.33      1.00     2   4.4569
#          99       0.00000     10.30      1.00     2   4.4617
#         100       0.00000      7.56      2.00     3   4.4676
#         101       0.00000     10.22      1.00     2   4.4738
#         102       0.00000     18.44      2.00     3   4.4762
#         103       0.00000     10.20      1.00     2   4.4773
#         104       0.00000     10.16      1.00     2   4.4827
#         105       0.00000     16.97      2.00     3   4.5080
#         106       0.00000     14.58      1.00     4   4.5112
#         107       0.00000      4.83      1.00     4   4.5297
#         108       0.00000      4.62      1.00     4   4.5671
#         109       0.00000     17.43      2.00     3   4.5736
#         110       0.00000     10.39      1.00     4   4.5978
#         111       0.00000     16.20      2.00     3   4.6032
#         112       0.00000      6.48      2.00     3   4.6059
#         114       0.00000      8.82      2.00     3   4.6066
#         115       0.00000     15.43      2.00     3   4.6177
#         116       0.00000      4.26      1.00     4   4.6388
#         117       0.00000      9.21      1.00     4   4.6448
#         118       0.00000     13.14      2.00     3   4.6608
#         119       0.00000      9.01      1.00     2   4.6688
#         120       0.00000      4.58      2.00     3   4.6688
#         121       0.00000      4.55      2.00     3   4.6751
#         122       0.00000      7.38      2.00     3   4.6835
#         123       0.00000      9.81      1.00     4   4.6904
#         124       0.00000     10.69      2.00     3   4.6972
#         125       0.00000      4.65      2.00     3   4.7039
#         128       0.00000      8.77      1.00     2   4.7100
#         129       0.00000      8.76      1.00     2   4.7121
#         130       0.00000      8.70      1.00     2   4.7225
#         131       0.00000      6.32      2.00     3   4.7243
#         132       0.00000      8.68      1.00     2   4.7259
#         133       0.00000      8.82      1.00     4   4.7326
#         134       0.00000      8.25      1.00     4   4.7581
#         135       0.00000      4.55      2.00     3   4.7737
#         136       0.00000      4.15      2.00     3   4.7749
#         137       0.00000      4.52      2.00     3   4.7804
#         138       0.00000      4.66      2.00     4   4.8087
#         139       0.00000      4.92      2.00     3   4.8243
#         140       0.00000      6.78      2.00     3   4.8248
#         141       0.00000      6.56      2.00     3   4.8258
#         142       0.00000      6.76      2.00     3   4.8256
#         143       0.00000      4.30      2.00     3   4.8300
#         144       0.00000      6.54      1.00     4   4.8390
#         145       0.00000      7.91      1.00     2   4.8754
#         146       0.00000      4.28      2.00     3   4.8828
#         148       0.00000      8.88      1.00     2   4.8990
#         149       0.00000     10.02      2.00     3   4.9169
#         150       0.00000      7.70      1.00     2   4.9187
#         153       0.00000      7.51      2.00     3   4.9262
#         154       0.00000      5.05      2.00     3   4.9274
#         157       0.00000      4.78      1.00     4   4.9328
#         159       0.00000      8.10      2.00     3   4.9442
#         160       0.00000      8.65      1.00     2   4.9461
#         161       0.00000      8.91      2.00     3   4.9514
#         162       0.00000      6.22      2.00     3   4.9624
#         163       0.00000      8.47      1.00     2   4.9832
#         164       0.00000      4.25      2.00     3   4.9832
#         165       0.00000      5.45      2.00     4   5.0031
#         166       0.00000      7.41      2.00     3   5.0143
#         168       0.00000      8.66      2.00     3   5.0426
#         170       0.00000      7.07      1.00     2   5.0581
#         171       0.00000     18.05      2.00     3   5.0598
#         172       0.00000     11.61      1.00     4   5.0615
#         173       0.00000      7.01      1.00     2   5.0720
#         174       0.00000      6.08      2.00     3   5.0806
#         175       0.00000     10.17      2.00     3   5.0822
#         176       0.00000      9.48      2.00     3   5.0841
#         177       0.00000      4.02      2.00     4   5.0903
#         178       0.00000      8.61      2.00     3   5.0930
#         180       0.00000      7.94      2.00     3   5.1032
#         182       0.00000      4.73      1.00     4   5.1239
#         183       0.00000      4.73      2.00     3   5.1561
#         185       0.00000      8.25      2.00     3   5.1750
#         186       0.00000      4.30      1.00     4   5.1850
#         187       0.00000      4.12      1.00     4   5.1861
#         189       0.00000      7.53      1.00     2   5.1979
#         193       0.00000      6.43      1.00     2   5.2189
#         196       0.00000     15.28      2.00     3   5.2302
#         197       0.00000      9.34      1.00     4   5.2416
#         198       0.00000      7.34      1.00     2   5.2442
#         199       0.00000      4.93      1.00     4   5.2457
#         200       0.00000      7.31      1.00     2   5.2520
#         202       0.00000      6.07      2.00     4   5.2626
#         204       0.00000      7.18      1.00     2   5.2867
#         205       0.00000      9.21      2.00     3   5.3020
#         207       0.00000      7.09      1.00     2   5.3095
#         210       0.00000      6.06      1.00     2   5.3193
#         211       0.00000      5.20      2.00     3   5.3324
#         212       0.00000      5.99      1.00     2   5.3399
#         213       0.00000      5.24      2.00     3   5.3577
#         214       0.00000      5.91      1.00     2   5.3623
#         215       0.00000      6.68      2.00     3   5.3647
#         217       0.00000      5.86      1.00     2   5.3763
#         219       0.00000      6.42      2.00     3   5.3807
#         220       0.00000      6.59      2.00     3   5.3831
#         221       0.00000      4.97      2.00     3   5.3857
#         222       0.00000      5.59      2.00     3   5.3939
#         223       0.00000     12.65      2.00     3   5.4044
#         224       0.00000      7.07      2.00     3   5.4049
#         225       0.00000      4.44      1.00     4   5.4061
#         226       0.00000      5.74      1.00     2   5.4133
#         227       0.00000      5.74      1.00     2   5.4142
#         228       0.00000      4.88      2.00     3   5.4158
#         229       0.00000      6.70      1.00     2   5.4165
#         232       0.00000      7.25      1.00     4   5.4326
#         234       0.00000      5.83      2.00     3   5.4407
#         236       0.00000      4.31      2.00     3   5.4677
#         237       0.00000      5.27      2.00     3   5.4724
#         238       0.00000      4.19      2.00     3   5.4769
#         239       0.00000      4.62      2.00     4   5.4792
#         240       0.00000      4.84      2.00     3   5.5013
#         241       0.00000      7.64      2.00     3   5.5094
#         242       0.00000      6.26      2.00     3   5.5125
#         247       0.00000      5.31      1.00     2   5.5499
#         250       0.00000      6.15      1.00     2   5.5783
#         253       0.00000      4.89      2.00     3   5.6067
#         255       0.00000      4.35      2.00     4   5.6112
#         256       0.00000      6.55      2.00     3   5.6132
#         257       0.00000      5.12      1.00     2   5.6169
#         258       0.00000      4.98      2.00     3   5.6390
#         261       0.00000      4.59      2.00     3   5.6430
#         264       0.00000      7.62      2.00     3   5.6720
#         265       0.00000      5.12      2.00     3   5.6842
#         268       0.00000      5.75      1.00     2   5.7088
#         271       0.00000      5.64      2.00     3   5.7221
#         272       0.00000      4.52      2.00     3   5.7335
#         273       0.00000      5.65      1.00     2   5.7424
#         276       0.00000      4.73      1.00     2   5.7577
#         282       0.00000      4.71      2.00     3   5.7801
#         283       0.00000      5.54      1.00     2   5.7832
#         286       0.00000      4.40      2.00     3   5.8109
#         296       0.00000      4.48      1.00     2   5.8593
#         298       0.00000      5.32      1.00     2   5.8639
#         299       0.00000      4.30      2.00     3   5.8647
#         301       0.00000      5.28      2.00     3   5.8863
#         302       0.00000      4.54      2.00     3   5.8897
#         304       0.00000      8.88      2.00     3   5.9074
#         308       0.00000      5.18      1.00     2   5.9173
#         310       0.00000      4.33      1.00     2   5.9197
#         313       0.00000      5.78      2.00     3   5.9386
#         314       0.00000      5.11      1.00     2   5.9413
#   236/ 296 paths used
#  -----------------------------------------------------------------------
#       k          chi          mag           phase @#
    -0.7000   -4.741237E-01  4.742631E-01 -1.595043E+00
    -0.6500   -4.642465E-01  4.643504E-01 -1.591946E+00
    -0.6000   -4.627070E-01  4.627432E-01 -1.583309E+00
    -0.5500   -4.661328E-01  4.661352E-01 -1.567568E+00
    -0.5000   -4.720098E-01  4.721335E-01 -1.547907E+00
    -0.4500   -4.790163E-01  4.795187E-01 -1.525014E+00
    -0.4000   -4.857571E-01  4.869154E-01 -1.501807E+00
    -0.3500   -4.925426E-01  4.947351E-01 -1.476616E+00
    -0.3000   -4.982095E-01  5.016566E-01 -1.453499E+00
    -0.2500   -5.027355E-01  5.075380E-01 -1.433120E+00
    -0.2000   -5.062008E-01  5.123308E-01 -1.415950E+00
    -0.1500   -5.090931E-01  5.164923E-01 -1.401326E+00
    -0.1000   -5.111549E-01  5.195844E-01 -1.390421E+00
    -0.0500   -5.123435E-01  5.214325E-01 -1.383811E+00
     0.0000   -5.127313E-01  5.220472E-01 -1.381597E+00
     0.0500   -5.131149E-01  5.226611E-01 -1.379378E+00
     0.1000   -5.142394E-01  5.244982E-01 -1.372688E+00
     0.1500   -5.160237E-01  5.275427E-01 -1.361440E+00
     0.2000   -5.183245E-01  5.317639E-01 -1.345495E+00
     0.2500   -5.209254E-01  5.371096E-01 -1.324688E+00
     0.3000   -5.235260E-01  5.435009E-01 -1.298842E+00
     0.3500   -5.259159E-01  5.511197E-01 -1.267202E+00
     0.4000   -5.280290E-01  5.607068E-01 -1.227708E+00
     0.4500   -5.284949E-01  5.710781E-01 -1.182178E+00
     0.5000   -5.265092E-01  5.819987E-01 -1.130574E+00
     0.5500   -5.214480E-01  5.938848E-01 -1.071728E+00
     0.6000   -5.123127E-01  6.072763E-01 -1.003997E+00
     0.6500   -4.973315E-01  6.204407E-01 -9.299295E-01
     0.7000   -4.754434E-01  6.335293E-01 -8.487698E-01
     0.7500   -4.450274E-01  6.475076E-01 -7.577557E-01
     0.8000   -4.052583E-01  6.601975E-01 -6.609209E-01
     0.8500   -3.552481E-01  6.723963E-01 -5.566341E-01
     0.9000   -2.941522E-01  6.840034E-01 -4.445425E-01
     0.9500   -2.231181E-01  6.932929E-01 -3.276550E-01
     1.0000   -1.409976E-01  7.019560E-01 -2.022396E-01
     1.0500   -5.103751E-02  7.079882E-01 -7.215067E-02
     1.1000    4.504094E-02  7.117592E-01  6.332346E-02
     1.1500    1.449518E-01  7.133857E-01  2.046133E-01
     1.2000    2.431931E-01  7.116689E-01  3.487489E-01
     1.2500    3.390364E-01  7.081716E-01  4.992292E-01
     1.3000    4.251922E-01  7.011723E-01  6.515278E-01
     1.3500    5.002423E-01  6.918694E-01  8.081783E-01
     1.4000    5.594377E-01  6.796444E-01  9.669064E-01
     1.4500    6.008426E-01  6.649491E-01  1.128081E+00
     1.5000    6.229377E-01  6.480289E-01  1.291613E+00
     1.5500    6.246461E-01  6.287882E-01  1.455952E+00
     1.6000    6.071581E-01  6.079831E-01  1.622898E+00
     1.6500    5.713593E-01  5.852715E-01  1.789269E+00
     1.7000    5.198809E-01  5.616099E-01  1.958717E+00
     1.7500    4.557474E-01  5.366290E-01  2.126976E+00
     1.8000    3.818503E-01  5.109626E-01  2.297580E+00
     1.8500    3.025669E-01  4.845823E-01  2.467246E+00
     1.9000    2.197773E-01  4.576697E-01  2.640699E+00
     1.9500    1.382431E-01  4.302784E-01  2.814504E+00
     2.0000    6.226749E-02  4.026903E-01  2.986341E+00
     2.0500   -5.408695E-03  3.751590E-01  3.156010E+00
     2.1000   -6.300132E-02  3.466736E-01  3.324339E+00
     2.1500   -1.083526E-01  3.173243E-01  3.490059E+00
     2.2000   -1.408145E-01  2.888874E-01  3.650745E+00
     2.2500   -1.611907E-01  2.616088E-01  3.805440E+00
     2.3000   -1.704415E-01  2.348819E-01  3.953568E+00
     2.3500   -1.686508E-01  2.071882E-01  4.092595E+00
     2.4000   -1.599426E-01  1.818992E-01  4.215968E+00
     2.4500   -1.476787E-01  1.597698E-01  4.320847E+00
     2.5000   -1.348165E-01  1.413588E-01  4.406962E+00
     2.5500   -1.231571E-01  1.267773E-01  4.472839E+00
     2.6000   -1.142416E-01  1.164486E-01  4.517389E+00
     2.6500   -1.092761E-01  1.106273E-01  4.555932E+00
     2.7000   -1.077385E-01  1.083449E-01  4.606535E+00
     2.7500   -1.074231E-01  1.074967E-01  4.675383E+00
     2.8000   -1.079503E-01  1.080589E-01  4.757243E+00
     2.8500   -1.084437E-01  1.095405E-01  4.854023E+00
     2.9000   -1.078719E-01  1.114299E-01  4.965774E+00
     2.9500   -1.052232E-01  1.130871E-01  5.087515E+00
     3.0000   -1.001939E-01  1.145956E-01  5.219141E+00
     3.0500   -9.239406E-02  1.158538E-01  5.360036E+00
     3.1000   -8.163547E-02  1.167411E-01  5.508787E+00
     3.1500   -6.798301E-02  1.171095E-01  5.663833E+00
     3.2000   -5.187773E-02  1.171229E-01  5.824317E+00
     3.2500   -3.365054E-02  1.167655E-01  5.990850E+00
     3.3000   -1.385551E-02  1.158495E-01  6.163299E+00
     3.3500    6.461429E-03  1.143859E-01  6.339703E+00
     3.4000    2.628484E-02  1.125287E-01  6.518947E+00
     3.4500    4.475005E-02  1.102134E-01  6.701292E+00
     3.5000    6.097374E-02  1.074415E-01  6.886660E+00
     3.5500    7.423162E-02  1.042524E-01  7.075581E+00
     3.6000    8.384762E-02  1.006663E-01  7.267561E+00
     3.6500    8.930871E-02  9.665482E-02  7.461588E+00
     3.7000    9.045941E-02  9.223542E-02  7.657425E+00
     3.7500    8.739533E-02  8.739537E-02  7.854858E+00
     3.8000    8.053867E-02  8.216240E-02  8.053119E+00
     3.8500    7.068628E-02  7.665736E-02  8.251287E+00
     3.9000    5.876716E-02  7.094863E-02  8.448701E+00
     3.9500    4.579910E-02  6.513411E-02  8.644959E+00
     4.0000    3.277853E-02  5.929894E-02  8.839096E+00
     4.0500    2.062415E-02  5.347331E-02  9.028822E+00
     4.1000    1.005351E-02  4.774572E-02  9.212627E+00
     4.1500    1.527162E-03  4.220859E-02  9.388589E+00
     4.2000   -4.753277E-03  3.696529E-02  9.553723E+00
     4.2500   -8.908238E-03  3.211079E-02  9.705888E+00
     4.3000   -1.124519E-02  2.772477E-02  9.842414E+00
     4.3500   -1.217001E-02  2.386767E-02  9.959841E+00
     4.4000   -1.208386E-02  2.058911E-02  1.005201E+01
     4.4500   -1.155559E-02  1.795831E-02  1.012380E+01
     4.5000   -1.093792E-02  1.593716E-02  1.018119E+01
     4.5500   -1.042833E-02  1.443240E-02  1.023228E+01
     4.6000   -1.010734E-02  1.338138E-02  1.028093E+01
     4.6500   -9.934648E-03  1.253831E-02  1.033942E+01
     4.7000   -9.771720E-03  1.174532E-02  1.040742E+01
     4.7500   -9.487500E-03  1.091842E-02  1.047784E+01
     4.8000   -9.130592E-03  1.017476E-02  1.053857E+01
     4.8500   -8.627276E-03  9.418095E-03  1.058285E+01
     4.9000   -8.057787E-03  8.739873E-03  1.059788E+01
     4.9500   -7.594887E-03  8.315636E-03  1.057616E+01
     5.0000   -7.577016E-03  8.427402E-03  1.054247E+01
     5.0500   -8.056435E-03  9.051569E-03  1.052225E+01
     5.1000   -9.132371E-03  1.015303E-02  1.054334E+01
     5.1500   -1.077047E-02  1.159838E-02  1.061545E+01
     5.2000   -1.276975E-02  1.320425E-02  1.073833E+01
     5.2500   -1.476842E-02  1.484321E-02  1.089515E+01
     5.3000   -1.635525E-02  1.641041E-02  1.107759E+01
     5.3500   -1.711184E-02  1.782426E-02  1.127926E+01
     5.4000   -1.664702E-02  1.898665E-02  1.149726E+01
     5.4500   -1.481426E-02  1.988544E-02  1.172587E+01
     5.5000   -1.163099E-02  2.048944E-02  1.196271E+01
     5.5500   -7.327316E-03  2.078226E-02  1.220605E+01
     5.6000   -2.333705E-03  2.074459E-02  1.245363E+01
     5.6500    2.819336E-03  2.041024E-02  1.270495E+01
     5.7000    7.583414E-03  1.980113E-02  1.295939E+01
     5.7500    1.147051E-02  1.894830E-02  1.321659E+01
     5.8000    1.407183E-02  1.786414E-02  1.347346E+01
     5.8500    1.527683E-02  1.662294E-02  1.373196E+01
     5.9000    1.511633E-02  1.527475E-02  1.399302E+01
     5.9500    1.376627E-02  1.386740E-02  1.425801E+01
     6.0000    1.150878E-02  1.240174E-02  1.451896E+01
     6.0500    8.742083E-03  1.096593E-02  1.478531E+01
     6.1000    5.767310E-03  9.600596E-03  1.506356E+01
     6.1500    2.830531E-03  8.337340E-03  1.536158E+01
     6.2000    1.260357E-04  7.212718E-03  1.569049E+01
     6.2500   -2.188706E-03  6.280029E-03  1.606395E+01
     6.3000   -3.973179E-03  5.621367E-03  1.649293E+01
     6.3500   -5.091299E-03  5.340738E-03  1.697193E+01
     6.4000   -5.414763E-03  5.512630E-03  1.746747E+01
     6.4500   -4.844190E-03  6.120009E-03  1.793624E+01
     6.5000   -3.274303E-03  6.965416E-03  1.836017E+01
     6.5500   -8.442913E-04  8.032614E-03  1.874425E+01
     6.6000    2.249134E-03  9.253735E-03  1.909507E+01
     6.6500    5.704849E-03  1.055009E-02  1.942087E+01
     6.7000    9.128678E-03  1.185667E-02  1.972827E+01
     6.7500    1.209142E-02  1.312010E-02  2.002173E+01
     6.8000    1.420110E-02  1.429778E-02  2.030399E+01
     6.8500    1.517115E-02  1.535833E-02  2.057664E+01
     6.9000    1.486674E-02  1.628243E-02  2.084044E+01
     6.9500    1.331769E-02  1.706370E-02  2.109573E+01
     7.0000    1.065877E-02  1.774064E-02  2.134663E+01
     7.0500    7.151421E-03  1.832121E-02  2.159015E+01
     7.1000    3.107445E-03  1.882422E-02  2.182531E+01
     7.1500   -1.191141E-03  1.928444E-02  2.205295E+01
     7.2000   -5.518018E-03  1.973824E-02  2.227448E+01
     7.2500   -9.705167E-03  2.021682E-02  2.249186E+01
     7.3000   -1.361775E-02  2.073961E-02  2.270746E+01
     7.3500   -1.711469E-02  2.130940E-02  2.292372E+01
     7.4000   -2.001398E-02  2.191040E-02  2.314282E+01
     7.4500   -2.208081E-02  2.250977E-02  2.336641E+01
     7.5000   -2.311632E-02  2.313009E-02  2.359646E+01
     7.5500   -2.283025E-02  2.369160E-02  2.383242E+01
     7.6000   -2.102771E-02  2.411335E-02  2.407339E+01
     7.6500   -1.770521E-02  2.434525E-02  2.431843E+01
     7.7000   -1.306793E-02  2.434595E-02  2.456615E+01
     7.7500   -7.529344E-03  2.408682E-02  2.481482E+01
     7.8000   -1.657131E-03  2.355511E-02  2.506233E+01
     7.8500    3.926374E-03  2.275668E-02  2.530615E+01
     7.9000    8.666534E-03  2.171856E-02  2.554321E+01
     7.9500    1.218990E-02  2.049152E-02  2.576985E+01
     8.0000    1.443337E-02  1.921478E-02  2.598256E+01
     8.0500    1.552489E-02  1.795838E-02  2.617688E+01
     8.1000    1.577268E-02  1.681809E-02  2.634910E+01
     8.1500    1.560648E-02  1.593911E-02  2.649888E+01
     8.2000    1.541594E-02  1.545581E-02  2.663169E+01
     8.2500    1.542535E-02  1.544955E-02  2.675952E+01
     8.3000    1.561638E-02  1.591411E-02  2.689728E+01
     8.3500    1.572328E-02  1.675721E-02  2.705665E+01
     8.4000    1.530537E-02  1.783680E-02  2.724282E+01
     8.4500    1.387995E-02  1.900252E-02  2.745539E+01
     8.5000    1.108458E-02  2.012938E-02  2.769117E+01
     8.5500    6.812254E-03  2.111084E-02  2.794576E+01
     8.6000    1.286426E-03  2.186332E-02  2.821546E+01
     8.6500   -4.937827E-03  2.233146E-02  2.849729E+01
     8.7000   -1.106454E-02  2.248118E-02  2.878891E+01
     8.7500   -1.621393E-02  2.229735E-02  2.908852E+01
     8.8000   -1.960963E-02  2.178160E-02  2.939476E+01
     8.8500   -2.074965E-02  2.095033E-02  2.970661E+01
     8.9000   -1.951844E-02  1.983263E-02  3.002337E+01
     8.9500   -1.621224E-02  1.846816E-02  3.034458E+01
     9.0000   -1.148988E-02  1.692027E-02  3.066945E+01
     9.0500   -6.186746E-03  1.523427E-02  3.099774E+01
     9.1000   -1.154745E-03  1.345434E-02  3.132999E+01
     9.1500    2.889640E-03  1.163821E-02  3.166684E+01
     9.2000    5.505451E-03  9.843322E-03  3.200948E+01
     9.2500    6.580958E-03  8.124971E-03  3.236002E+01
     9.3000    6.307351E-03  6.534878E-03  3.272207E+01
     9.3500    5.086601E-03  5.120319E-03  3.310155E+01
     9.4000    3.403450E-03  3.923965E-03  3.350767E+01
     9.4500    1.698148E-03  2.983762E-03  3.395207E+01
     9.5000    2.771028E-04  2.326971E-03  3.443815E+01
     9.5500   -7.386515E-04  1.954224E-03  3.494513E+01
     9.6000   -1.386160E-03  1.830450E-03  3.541665E+01
     9.6500   -1.793783E-03  1.893957E-03  3.580162E+01
     9.7000   -2.104064E-03  2.104953E-03  3.609925E+01
     9.7500   -2.400522E-03  2.457421E-03  3.634393E+01
     9.8000   -2.665787E-03  2.952502E-03  3.657266E+01
     9.8500   -2.782667E-03  3.577653E-03  3.680797E+01
     9.9000   -2.575575E-03  4.305001E-03  3.705777E+01
     9.9500   -1.877190E-03  5.097903E-03  3.732201E+01
    10.0000   -5.885039E-04  5.939388E-03  3.759986E+01
    10.0500    1.275857E-03  6.794570E-03  3.788801E+01
    10.1000    3.531257E-03  7.608624E-03  3.818174E+01
    10.1500    5.869429E-03  8.349089E-03  3.847872E+01
    10.2000    7.918908E-03  8.988552E-03  3.877708E+01
    10.2500    9.325997E-03  9.505433E-03  3.907530E+01
    10.3000    9.833000E-03  9.884515E-03  3.937205E+01
    10.3500    9.333400E-03  1.011724E-02  3.966613E+01
    10.4000    7.890825E-03  1.020173E-02  3.995639E+01
    10.4500    5.718995E-03  1.014256E-02  4.024165E+01
    10.5000    3.130265E-03  9.950289E-03  4.052068E+01
    10.5500    4.678252E-04  9.640740E-03  4.079216E+01
    10.6000   -1.960700E-03  9.234117E-03  4.105467E+01
    10.6500   -3.932956E-03  8.753940E-03  4.130666E+01
    10.7000   -5.335815E-03  8.225875E-03  4.154653E+01
    10.7500   -6.162476E-03  7.676498E-03  4.177263E+01
    10.8000   -6.488567E-03  7.132058E-03  4.198345E+01
    10.8500   -6.437355E-03  6.617319E-03  4.217775E+01
    10.9000   -6.144712E-03  6.154562E-03  4.235492E+01
    10.9500   -5.731848E-03  5.762844E-03  4.251526E+01
    11.0000   -5.302885E-03  5.472911E-03  4.266142E+01
    11.0500   -4.907686E-03  5.296442E-03  4.279703E+01
    11.1000   -4.548274E-03  5.223919E-03  4.292575E+01
    11.1500   -4.213387E-03  5.259707E-03  4.305322E+01
    11.2000   -3.865132E-03  5.404598E-03  4.318545E+01
    11.2500   -3.441648E-03  5.655123E-03  4.332802E+01
    11.3000   -2.862061E-03  6.002846E-03  4.348530E+01
    11.3500   -2.037512E-03  6.434117E-03  4.366008E+01
    11.4000   -8.905246E-04  6.930507E-03  4.385345E+01
    11.4500    6.185173E-04  7.469768E-03  4.406519E+01
    11.5000    2.463305E-03  8.027066E-03  4.429420E+01
    11.5500    4.530762E-03  8.576275E-03  4.453888E+01
    11.6000    6.616906E-03  9.091198E-03  4.479746E+01
    11.6500    8.446104E-03  9.546687E-03  4.506818E+01
    11.7000    9.714596E-03  9.919644E-03  4.534942E+01
    11.7500    1.015170E-02  1.018988E-02  4.563969E+01
    11.8000    9.585449E-03  1.034086E-02  4.593769E+01
    11.8500    7.995742E-03  1.036023E-02  4.624227E+01
    11.9000    5.539043E-03  1.024031E-02  4.655238E+01
    11.9500    2.534494E-03  9.978219E-03  4.686707E+01
    12.0000   -5.953680E-04  9.590790E-03  4.718601E+01
    12.0500   -3.409355E-03  9.088389E-03  4.750843E+01
    12.1000   -5.507826E-03  8.461713E-03  4.783267E+01
    12.1500   -6.636870E-03  7.724507E-03  4.815759E+01
    12.2000   -6.738399E-03  6.894272E-03  4.848164E+01
    12.2500   -5.956986E-03  5.991820E-03  4.880257E+01
    12.3000   -4.598746E-03  5.040937E-03  4.911667E+01
    12.3500   -3.052176E-03  4.068458E-03  4.941711E+01
    12.4000   -1.691100E-03  3.105764E-03  4.968969E+01
    12.4500   -7.848598E-04  2.195349E-03  4.989988E+01
    12.5000   -4.390180E-04  1.419072E-03  4.995095E+01
    12.5500   -5.816358E-04  1.001714E-03  4.964597E+01
    12.6000   -9.977508E-04  1.199014E-03  4.928252E+01
    12.6500   -1.401547E-03  1.699684E-03  4.929600E+01
    12.7000   -1.525521E-03  2.215105E-03  4.950580E+01
    12.7500   -1.201565E-03  2.658553E-03  4.979652E+01
    12.8000   -4.115351E-04  3.003260E-03  5.012802E+01
    12.8500    7.062741E-04  3.241676E-03  5.048512E+01
    12.9000    1.895820E-03  3.375768E-03  5.086180E+01
    12.9500    2.855599E-03  3.414168E-03  5.125616E+01
    13.0000    3.327528E-03  3.374631E-03  5.166900E+01
    13.0500    3.161345E-03  3.276843E-03  5.210257E+01
    13.1000    2.354667E-03  3.139255E-03  5.255890E+01
    13.1500    1.072616E-03  2.990764E-03  5.304026E+01
    13.2000   -3.979624E-04  2.863111E-03  5.354652E+01
    13.2500   -1.720365E-03  2.786217E-03  5.407258E+01
    13.3000   -2.591795E-03  2.780796E-03  5.460706E+01
    13.3500   -2.816478E-03  2.851596E-03  5.513497E+01
    13.4000   -2.349310E-03  2.986545E-03  5.564333E+01
    13.4500   -1.300054E-03  3.162752E-03  5.612506E+01
    13.5000    1.007757E-04  3.354569E-03  5.657871E+01
    13.5500    1.562928E-03  3.539287E-03  5.700604E+01
    13.6000    2.806479E-03  3.699703E-03  5.740978E+01
    13.6500    3.622051E-03  3.824736E-03  5.779245E+01
    13.7000    3.906623E-03  3.909223E-03  5.815593E+01
    13.7500    3.668535E-03  3.953450E-03  5.850143E+01
    13.8000    3.004543E-03  3.962583E-03  5.882967E+01
    13.8500    2.059413E-03  3.945948E-03  5.914118E+01
    13.9000    9.823206E-04  3.916037E-03  5.943671E+01
    13.9500   -1.065800E-04  3.887055E-03  5.971768E+01
    14.0000   -1.132859E-03  3.878554E-03  5.998666E+01
    14.0500   -2.064963E-03  3.905528E-03  6.024736E+01
    14.1000   -2.882865E-03  3.965336E-03  6.050423E+01
    14.1500   -3.563615E-03  4.058681E-03  6.076198E+01
    14.2000   -4.063821E-03  4.180118E-03  6.102462E+01
    14.2500   -4.316848E-03  4.319316E-03  6.129487E+01
    14.3000   -4.246305E-03  4.463042E-03  6.157398E+01
    14.3500   -3.791764E-03  4.597179E-03  6.186200E+01
    14.4000   -2.937663E-03  4.708340E-03  6.215809E+01
    14.4500   -1.734547E-03  4.784963E-03  6.246090E+01
    14.5000   -3.037201E-04  4.817973E-03  6.276877E+01
    14.5500    1.178545E-03  4.801137E-03  6.307986E+01
    14.6000    2.514468E-03  4.731251E-03  6.339218E+01
    14.6500    3.527197E-03  4.608236E-03  6.370353E+01
    14.7000    4.100167E-03  4.435217E-03  6.401146E+01
    14.7500    4.201744E-03  4.218657E-03  6.431307E+01
    14.8000    3.887660E-03  3.968580E-03  6.460494E+01
    14.8500    3.280325E-03  3.698928E-03  6.488300E+01
    14.9000    2.531126E-03  3.427992E-03  6.514280E+01
    14.9500    1.777067E-03  3.178591E-03  6.538018E+01
    15.0000    1.103006E-03  2.979536E-03  6.559423E+01
    15.0500    5.227963E-04  2.856953E-03  6.578942E+01
    15.1000   -1.258119E-06  2.825030E-03  6.597389E+01
    15.1500   -5.425873E-04  2.890231E-03  6.616230E+01
    15.2000   -1.170902E-03  3.043235E-03  6.636839E+01
    15.2500   -1.913432E-03  3.263359E-03  6.659998E+01
    15.3000   -2.728783E-03  3.525993E-03  6.685843E+01
    15.3500   -3.502889E-03  3.808102E-03  6.714115E+01
    15.4000   -4.070026E-03  4.090527E-03  6.744408E+01
    15.4500   -4.254244E-03  4.358261E-03  6.776316E+01
    15.5000   -3.920091E-03  4.599920E-03  6.809485E+01
    15.5500   -3.018172E-03  4.807101E-03  6.843624E+01
    15.6000   -1.611953E-03  4.973816E-03  6.878499E+01
    15.6500    1.229884E-04  5.096058E-03  6.913917E+01
    15.7000    1.928535E-03  5.171490E-03  6.949719E+01
    15.7500    3.515775E-03  5.199205E-03  6.985765E+01
    15.8000    4.626063E-03  5.179558E-03  7.021931E+01
    15.8500    5.085977E-03  5.114046E-03  7.058101E+01
    15.9000    4.842386E-03  5.005211E-03  7.094160E+01
    15.9500    3.969326E-03  4.856590E-03  7.129991E+01
    16.0000    2.647153E-03  4.674957E-03  7.165469E+01
    16.0500    1.114619E-03  4.468520E-03  7.200453E+01
    16.1000   -3.862077E-04  4.239056E-03  7.234786E+01
    16.1500   -1.651828E-03  3.993724E-03  7.268304E+01
    16.2000   -2.554225E-03  3.740620E-03  7.300827E+01
    16.2500   -3.051991E-03  3.488735E-03  7.332168E+01
    16.3000   -3.179231E-03  3.247797E-03  7.362158E+01
    16.3500   -3.018357E-03  3.027890E-03  7.390680E+01
    16.4000   -2.666726E-03  2.838700E-03  7.417729E+01
    16.4500   -2.207565E-03  2.688291E-03  7.443475E+01
    16.5000   -1.693079E-03  2.581566E-03  7.468294E+01
    16.5500   -1.142907E-03  2.518895E-03  7.492727E+01
    16.6000   -5.558172E-04  2.495665E-03  7.517363E+01
    16.6500    7.157686E-05  2.503133E-03  7.542682E+01
    16.7000    7.270574E-04  2.530256E-03  7.568968E+01
    16.7500    1.372980E-03  2.565670E-03  7.596289E+01
    16.8000    1.948072E-03  2.599204E-03  7.624551E+01
    16.8500    2.380189E-03  2.622746E-03  7.653556E+01
    16.9000    2.605415E-03  2.630606E-03  7.683052E+01
    16.9500    2.586721E-03  2.619600E-03  7.712762E+01
    17.0000    2.325776E-03  2.590234E-03  7.742484E+01
    17.0500    1.860632E-03  2.545276E-03  7.772001E+01
    17.1000    1.259856E-03  2.486049E-03  7.800838E+01
    17.1500    6.041215E-04  2.419186E-03  7.828742E+01
    17.2000   -3.635467E-05  2.353368E-03  7.855526E+01
    17.2500   -6.164013E-04  2.298724E-03  7.881129E+01
    17.3000   -1.119887E-03  2.265665E-03  7.905683E+01
    17.3500   -1.552171E-03  2.263118E-03  7.929559E+01
    17.4000   -1.924288E-03  2.296514E-03  7.953327E+01
    17.4500   -2.235279E-03  2.366357E-03  7.977621E+01
    17.5000   -2.460013E-03  2.468074E-03  8.002977E+01
    17.5500   -2.548154E-03  2.593152E-03  8.029718E+01
    17.6000   -2.436140E-03  2.730866E-03  8.057949E+01
    17.6500   -2.069306E-03  2.869860E-03  8.087610E+01
    17.7000   -1.427279E-03  2.999225E-03  8.118544E+01
    17.7500   -5.438149E-04  3.109110E-03  8.150559E+01
    17.8000    4.868221E-04  3.191009E-03  8.183457E+01
    17.8500    1.521154E-03  3.237888E-03  8.217047E+01
    17.9000    2.394322E-03  3.244238E-03  8.251154E+01
    17.9500    2.957876E-03  3.206099E-03  8.285612E+01
    18.0000    3.119362E-03  3.123147E-03  8.320297E+01
    18.0500    2.865225E-03  2.997614E-03  8.355051E+01
    18.1000    2.261073E-03  2.825330E-03  8.389523E+01
    18.1500    1.448959E-03  2.608885E-03  8.423417E+01
    18.2000    6.049225E-04  2.352997E-03  8.456300E+01
    18.2500   -1.070112E-04  2.065121E-03  8.487484E+01
    18.3000   -5.774982E-04  1.756819E-03  8.515795E+01
    18.3500   -7.787411E-04  1.447001E-03  8.539127E+01
    18.4000   -7.674001E-04  1.169387E-03  8.553883E+01
    18.4500   -6.623092E-04  9.844021E-04  8.556099E+01
    18.5000   -6.032659E-04  9.672435E-04  8.549646E+01
    18.5500   -7.030079E-04  1.129435E-03  8.549486E+01
    18.6000   -1.006866E-03  1.402925E-03  8.562348E+01
    18.6500   -1.472673E-03  1.721611E-03  8.584933E+01
    18.7000   -1.977780E-03  2.046725E-03  8.613350E+01
    18.7500   -2.352095E-03  2.356156E-03  8.645252E+01
    18.8000   -2.428220E-03  2.635956E-03  8.679346E+01
    18.8500   -2.094373E-03  2.876541E-03  8.714907E+01
    18.9000   -1.334466E-03  3.071108E-03  8.751509E+01
    18.9500   -2.429831E-04  3.214955E-03  8.788894E+01
    19.0000    9.921582E-04  3.308146E-03  8.826920E+01
    19.0500    2.135798E-03  3.354261E-03  8.865486E+01
    19.1000    2.950914E-03  3.345496E-03  8.904480E+01
    19.1500    3.267790E-03  3.283119E-03  8.943872E+01
    19.2000    3.027049E-03  3.169709E-03  8.983655E+01
    19.2500    2.295502E-03  3.009046E-03  9.023845E+01
    19.3000    1.249110E-03  2.805973E-03  9.064483E+01
    19.3500    1.276051E-04  2.566248E-03  9.105644E+01
    19.4000   -8.268560E-04  2.296396E-03  9.147453E+01
    19.4500   -1.430252E-03  2.003573E-03  9.190117E+01
    19.5000   -1.600128E-03  1.695498E-03  9.233998E+01
    19.5500   -1.370511E-03  1.380558E-03  9.279770E+01
    19.6000   -8.750121E-04  1.068408E-03  9.328814E+01
    19.6500   -3.037147E-04  7.722392E-04  9.384357E+01
    19.7000    1.533614E-04  5.175630E-04  9.454861E+01
    19.7500    3.600402E-04  3.716726E-04  9.556773E+01
    19.8000    2.700159E-04  4.211855E-04  9.669346E+01
    19.8500   -6.443519E-05  5.899571E-04  9.749881E+01
    19.9000   -5.126192E-04  7.802973E-04  9.810614E+01
    19.9500   -9.077806E-04  9.585911E-04  9.863312E+01