# # tequil.ion_motion                                            FEFF 9.05   
# # POT  SCF  30  5.5000   1, core-hole, AFOLP (folp(0)= 1.150)
# # Abs   Z=30 Rmt= 1.273 Rnm= 1.401 K  shell
# # Pot 1 Z=26 Rmt= 1.274 Rnm= 1.392
# # Pot 2 Z= 8 Rmt= 0.994 Rnm= 1.100
# # Gam_ch=1.897E+00 H-L exch
# # Mu=-1.167E+01 kf=2.149E+00 Vint=-1.797E+01 Rs_int= 1.688
# # PATH  Rmax= 8.500,  Keep_limit= 0.00, Heap_limit 0.00  Pwcrit= 2.50%
#  S02=1.000                                        Global_sig2= 0.00000
#  Energy zero shift, vr, vi   -2.00000E+00   0.00000E+00
#  Curved wave amplitude ratio filter   4.000%
#     file         sig2 tot  cw amp ratio   deg  nlegs   reff  inp sig2
#           1       0.00000    100.00      1.00     2   1.9092
#           2       0.00000     98.71      1.00     2   1.9185
#           3       0.00000     84.97      1.00     2   2.0295
#           4       0.00000     60.17      1.00     2   2.3102
#           5       0.00000     59.48      1.00     2   2.3202
#           6       0.00000     54.70      1.00     2   2.3939
#           7       0.00000     30.21      1.00     2   2.9321
#           8       0.00000     30.12      1.00     2   2.9361
#           9       0.00000     28.55      1.00     2   3.0062
#          10       0.00000     27.03      1.00     2   3.0786
#          11       0.00000     24.92      1.00     2   3.1875
#          12       0.00000     23.17      1.00     2   3.2866
#          13       0.00000     22.17      1.00     2   3.3473
#          14       0.00000     10.97      2.00     3   3.4558
#          15       0.00000     10.91      2.00     3   3.4601
#          16       0.00000     19.47      1.00     2   3.4941
#          17       0.00000      9.25      2.00     3   3.4973
#          18       0.00000      7.32      2.00     3   3.5114
#          19       0.00000     15.94      2.00     3   3.5255
#          20       0.00000     10.37      2.00     3   3.5341
#          21       0.00000     18.74      1.00     2   3.5418
#          22       0.00000     11.91      2.00     3   3.5428
#          23       0.00000     10.04      2.00     3   3.5538
#          24       0.00000      9.25      2.00     3   3.5594
#          25       0.00000      8.84      2.00     3   3.5761
#          26       0.00000     18.20      1.00     2   3.5790
#          27       0.00000      7.88      2.00     3   3.5882
#          28       0.00000     18.04      1.00     2   3.5904
#          29       0.00000     10.48      2.00     3   3.6000
#          30       0.00000     17.78      1.00     2   3.6087
#          31       0.00000     16.59      2.00     3   3.6141
#          32       0.00000     17.58      1.00     2   3.6230
#          33       0.00000      9.07      2.00     3   3.6282
#          34       0.00000     13.87      2.00     3   3.6429
#          35       0.00000      7.30      2.00     3   3.6565
#          36       0.00000     17.51      1.00     2   3.6811
#          37       0.00000      8.34      2.00     3   3.6873
#          38       0.00000      7.17      2.00     3   3.6945
#          39       0.00000     17.29      1.00     2   3.6998
#          40       0.00000      7.29      2.00     3   3.7007
#          41       0.00000      6.84      2.00     3   3.7257
#          42       0.00000     16.92      1.00     2   3.7309
#          43       0.00000     16.88      1.00     2   3.7348
#          44       0.00000      5.95      2.00     3   3.7735
#          45       0.00000     16.19      1.00     2   3.7958
#          46       0.00000     15.37      1.00     2   3.7986
#          47       0.00000     12.29      1.00     4   3.8184
#          48       0.00000      4.52      2.00     4   3.8277
#          49       0.00000     11.95      1.00     4   3.8370
#          50       0.00000     14.82      1.00     2   3.8479
#          51       0.00000      5.04      1.00     4   3.8635
#          52       0.00000      4.76      1.00     4   3.8809
#          53       0.00000     14.21      2.00     3   3.8914
#          54       0.00000     12.61      2.00     3   3.9223
#          55       0.00000     13.96      1.00     2   3.9286
#          56       0.00000     14.79      1.00     2   3.9306
#          59       0.00000     12.80      2.00     3   3.9715
#          60       0.00000      5.50      1.00     4   3.9796
#          61       0.00000      5.45      1.00     4   3.9840
#          62       0.00000      4.09      1.00     4   3.9991
#          63       0.00000      4.91      1.00     4   4.0070
#          64       0.00000     12.73      2.00     3   4.0079
#          65       0.00000      8.71      1.00     4   4.0590
#          66       0.00000      5.69      1.00     4   4.0830
#          67       0.00000      8.42      2.00     3   4.1086
#          68       0.00000      8.71      2.00     3   4.1172
#          69       0.00000     11.15      2.00     3   4.1479
#          70       0.00000      4.54      1.00     4   4.1635
#          71       0.00000      8.24      2.00     3   4.1753
#          72       0.00000     20.26      2.00     3   4.1771
#          74       0.00000      7.34      2.00     3   4.2182
#          75       0.00000      4.27      1.00     4   4.2201
#          76       0.00000     19.77      2.00     4   4.2287
#          77       0.00000      6.97      2.00     3   4.2349
#          78       0.00000      7.34      2.00     3   4.2538
#          79       0.00000     19.65      2.00     3   4.2646
#          80       0.00000      8.96      2.00     3   4.2744
#          81       0.00000     16.90      2.00     3   4.2765
#          82       0.00000      6.96      2.00     3   4.2765
#          83       0.00000      6.84      2.00     3   4.2860
#          84       0.00000     10.78      1.00     2   4.2946
#          85       0.00000      7.91      2.00     3   4.3006
#          86       0.00000     19.73      2.00     4   4.3031
#          87       0.00000      6.53      2.00     3   4.3155
#          88       0.00000     10.50      1.00     2   4.3327
#          89       0.00000     15.05      2.00     4   4.3497
#          91       0.00000     10.22      1.00     2   4.3720
#          92       0.00000     21.97      2.00     3   4.3802
#          93       0.00000     10.15      1.00     2   4.3824
#          94       0.00000      5.79      2.00     3   4.3958
#          95       0.00000     10.02      1.00     2   4.4023
#          96       0.00000      7.16      2.00     3   4.4214
#          97       0.00000      9.69      1.00     2   4.4527
#          98       0.00000     13.75      1.00     4   4.4658
#          99       0.00000      9.52      1.00     2   4.4788
#         100       0.00000     19.86      2.00     3   4.4908
#         101       0.00000      9.41      1.00     2   4.4958
#         102       0.00000      9.41      1.00     2   4.4965
#         103       0.00000      9.24      1.00     2   4.5244
#         104       0.00000      4.85      2.00     3   4.5520
#         105       0.00000      9.05      1.00     2   4.5548
#         106       0.00000     20.84      2.00     3   4.5565
#         108       0.00000     12.20      1.00     4   4.5793
#         109       0.00000      4.59      2.00     3   4.5890
#         110       0.00000     16.61      2.00     3   4.6077
#         111       0.00000      4.58      2.00     3   4.6116
#         112       0.00000     13.24      1.00     4   4.6172
#         113       0.00000      4.28      1.00     4   4.6204
#         114       0.00000     13.82      2.00     3   4.6347
#         115       0.00000      4.18      1.00     4   4.6403
#         116       0.00000      8.56      1.00     2   4.6412
#         117       0.00000     12.25      2.00     3   4.6434
#         118       0.00000      8.53      1.00     2   4.6455
#         119       0.00000     15.17      2.00     3   4.6511
#         120       0.00000      4.52      2.00     3   4.6507
#         123       0.00000      4.45      2.00     3   4.6690
#         125       0.00000      8.26      1.00     2   4.6964
#         127       0.00000      7.01      2.00     3   4.7141
#         128       0.00000      9.67      1.00     4   4.7189
#         129       0.00000      8.11      1.00     2   4.7251
#         130       0.00000      8.00      1.00     2   4.7460
#         131       0.00000      8.57      1.00     4   4.7778
#         132       0.00000      8.06      2.00     3   4.7792
#         133       0.00000      6.23      2.00     3   4.7860
#         134       0.00000      6.34      2.00     3   4.7876
#         136       0.00000     12.83      2.00     3   4.7905
#         137       0.00000      7.36      1.00     4   4.7905
#         138       0.00000      5.71      2.00     3   4.7912
#         140       0.00000      5.78      2.00     3   4.8151
#         141       0.00000      4.63      2.00     3   4.8193
#         142       0.00000      5.92      2.00     3   4.8201
#         143       0.00000      6.18      1.00     4   4.8340
#         144       0.00000      7.53      1.00     2   4.8422
#         145       0.00000      7.91      2.00     3   4.8477
#         146       0.00000      4.14      2.00     3   4.8486
#         147       0.00000      5.33      2.00     3   4.8544
#         148       0.00000      6.36      2.00     4   4.8546
#         149       0.00000      6.56      2.00     3   4.8746
#         150       0.00000      9.44      2.00     3   4.9099
#         151       0.00000      7.22      1.00     2   4.9110
#         154       0.00000      8.02      1.00     2   4.9166
#         155       0.00000      6.96      1.00     4   4.9354
#         156       0.00000      7.08      2.00     3   4.9506
#         161       0.00000      7.72      1.00     2   4.9810
#         162       0.00000      4.64      2.00     4   4.9878
#         163       0.00000      7.79      2.00     3   4.9881
#         164       0.00000      7.27      2.00     3   5.0256
#         165       0.00000      9.95      2.00     3   5.0265
#         166       0.00000      7.82      2.00     3   5.0811
#         167       0.00000      7.26      1.00     2   5.0905
#         170       0.00000      7.23      1.00     2   5.0974
#         171       0.00000      6.43      1.00     2   5.0998
#         172       0.00000     16.48      2.00     3   5.1022
#         173       0.00000     10.70      1.00     4   5.1046
#         174       0.00000      6.37      1.00     2   5.1144
#         175       0.00000      8.16      2.00     3   5.1180
#         176       0.00000      4.47      1.00     4   5.1234
#         177       0.00000      5.03      1.00     4   5.1364
#         178       0.00000      6.29      1.00     2   5.1369
#         180       0.00000     15.49      2.00     3   5.1470
#         181       0.00000      9.80      1.00     4   5.1571
#         182       0.00000      7.05      2.00     3   5.1669
#         183       0.00000      5.17      2.00     3   5.1786
#         186       0.00000      6.81      1.00     2   5.2024
#         187       0.00000      7.74      2.00     3   5.2292
#         189       0.00000      4.06      1.00     4   5.2550
#         191       0.00000      5.61      2.00     3   5.2651
#         192       0.00000      6.56      1.00     2   5.2700
#         193       0.00000      5.71      1.00     2   5.2984
#         194       0.00000      5.70      1.00     2   5.3021
#         198       0.00000      6.31      1.00     2   5.3424
#         200       0.00000      5.54      1.00     2   5.3498
#         202       0.00000      6.28      1.00     2   5.3517
#         203       0.00000      5.53      1.00     2   5.3542
#         204       0.00000      6.08      2.00     3   5.3610
#         206       0.00000     13.00      2.00     3   5.3619
#         207       0.00000      4.50      2.00     3   5.3636
#         208       0.00000      5.48      2.00     3   5.3650
#         209       0.00000      6.20      1.00     2   5.3733
#         210       0.00000      7.88      1.00     4   5.3740
#         213       0.00000      6.04      2.00     3   5.4090
#         214       0.00000      6.26      2.00     3   5.4204
#         218       0.00000      4.51      2.00     3   5.4689
#         220       0.00000      4.54      2.00     3   5.4719
#         221       0.00000      4.41      2.00     4   5.4882
#         222       0.00000      4.38      2.00     3   5.4938
#         223       0.00000      5.53      2.00     3   5.4936
#         224       0.00000      4.96      2.00     3   5.5075
#         226       0.00000      4.33      2.00     4   5.5236
#         227       0.00000      4.71      2.00     4   5.5272
#         229       0.00000      4.47      2.00     3   5.5279
#         230       0.00000      5.08      2.00     3   5.5287
#         232       0.00000      4.97      1.00     2   5.5409
#         234       0.00000      4.12      2.00     3   5.5587
#         235       0.00000      4.88      1.00     2   5.5709
#         237       0.00000      5.75      2.00     3   5.5871
#         238       0.00000      4.12      2.00     3   5.5960
#         239       0.00000      4.81      1.00     2   5.5975
#         241       0.00000      4.63      2.00     3   5.6070
#         243       0.00000      4.78      1.00     2   5.6080
#         244       0.00000      4.76      1.00     2   5.6152
#         245       0.00000      5.43      1.00     2   5.6219
#         248       0.00000      5.38      1.00     2   5.6401
#         249       0.00000      5.35      1.00     2   5.6480
#         251       0.00000      5.00      2.00     3   5.6565
#         255       0.00000      4.30      2.00     3   5.6770
#         260       0.00000      4.21      2.00     3   5.7068
#         261       0.00000      4.35      2.00     3   5.7074
#         265       0.00000      5.16      1.00     2   5.7191
#         268       0.00000      5.69      2.00     3   5.7500
#         269       0.00000      4.16      2.00     3   5.7505
#         273       0.00000      4.37      1.00     2   5.7688
#         274       0.00000      4.49      2.00     3   5.7767
#         275       0.00000      5.30      2.00     3   5.7801
#         276       0.00000      5.14      2.00     3   5.7916
#         278       0.00000      4.98      2.00     3   5.7998
#         280       0.00000      4.27      1.00     2   5.8107
#         284       0.00000      5.33      2.00     3   5.8229
#         287       0.00000      4.42      2.00     3   5.8327
#         293       0.00000      4.24      2.00     3   5.8772
#         296       0.00000      4.74      1.00     2   5.8814
#         297       0.00000      4.11      1.00     2   5.8815
#         299       0.00000      4.70      1.00     2   5.8974
#         300       0.00000      4.68      1.00     2   5.9069
#         301       0.00000      4.72      2.00     3   5.9102
#         304       0.00000      7.59      2.00     3   5.9249
#         309       0.00000      4.60      1.00     2   5.9424
#   227/ 280 paths used
#  -----------------------------------------------------------------------
#       k          chi          mag           phase @#
    -0.7000   -5.185663E-01  5.236133E-01 -1.709751E+00
    -0.6500   -4.915877E-01  4.939892E-01 -1.669442E+00
    -0.6000   -4.705737E-01  4.716893E-01 -1.639584E+00
    -0.5500   -4.544456E-01  4.549233E-01 -1.616628E+00
    -0.5000   -4.433818E-01  4.435695E-01 -1.599889E+00
    -0.4500   -4.362094E-01  4.362640E-01 -1.586626E+00
    -0.4000   -4.320451E-01  4.320506E-01 -1.575810E+00
    -0.3500   -4.305471E-01  4.305513E-01 -1.566387E+00
    -0.3000   -4.304353E-01  4.304717E-01 -1.557796E+00
    -0.2500   -4.310618E-01  4.311549E-01 -1.550013E+00
    -0.2000   -4.319917E-01  4.321562E-01 -1.543210E+00
    -0.1500   -4.334039E-01  4.336454E-01 -1.537420E+00
    -0.1000   -4.346804E-01  4.349911E-01 -1.532999E+00
    -0.0500   -4.354965E-01  4.358548E-01 -1.530246E+00
     0.0000   -4.357764E-01  4.361517E-01 -1.529312E+00
     0.0500   -4.360601E-01  4.364529E-01 -1.528370E+00
     0.1000   -4.369332E-01  4.373820E-01 -1.525491E+00
     0.1500   -4.384566E-01  4.390113E-01 -1.520523E+00
     0.2000   -4.407162E-01  4.414481E-01 -1.513206E+00
     0.2500   -4.438008E-01  4.448173E-01 -1.503178E+00
     0.3000   -4.477737E-01  4.492400E-01 -1.489980E+00
     0.3500   -4.530036E-01  4.551874E-01 -1.472801E+00
     0.4000   -4.605246E-01  4.639115E-01 -1.449885E+00
     0.4500   -4.688739E-01  4.741631E-01 -1.421293E+00
     0.5000   -4.776017E-01  4.858385E-01 -1.386395E+00
     0.5500   -4.868698E-01  4.996885E-01 -1.343800E+00
     0.6000   -4.966353E-01  5.166608E-01 -1.291467E+00
     0.6500   -5.038829E-01  5.344759E-01 -1.230814E+00
     0.7000   -5.075538E-01  5.533841E-01 -1.160949E+00
     0.7500   -5.066631E-01  5.747932E-01 -1.078967E+00
     0.8000   -4.975031E-01  5.956321E-01 -9.885916E-01
     0.8500   -4.785428E-01  6.167801E-01 -8.880971E-01
     0.9000   -4.473795E-01  6.379894E-01 -7.771262E-01
     0.9500   -4.023426E-01  6.569547E-01 -6.591382E-01
     1.0000   -3.418407E-01  6.757607E-01 -5.303794E-01
     1.0500   -2.661671E-01  6.916486E-01 -3.950235E-01
     1.1000   -1.760865E-01  7.048730E-01 -2.524872E-01
     1.1500   -7.317456E-02  7.154095E-01 -1.024627E-01
     1.2000    3.738461E-02  7.216382E-01  5.182840E-02
     1.2500    1.538632E-01  7.251817E-01  2.137970E-01
     1.3000    2.676885E-01  7.239497E-01  3.787520E-01
     1.3500    3.752756E-01  7.191491E-01  5.489982E-01
     1.4000    4.693755E-01  7.100332E-01  7.222324E-01
     1.4500    5.454122E-01  6.970219E-01  8.986536E-01
     1.5000    5.994327E-01  6.803805E-01  1.078026E+00
     1.5500    6.282231E-01  6.600929E-01  1.258789E+00
     1.6000    6.317564E-01  6.370028E-01  1.442365E+00
     1.6500    6.100585E-01  6.109851E-01  1.625877E+00
     1.7000    5.661815E-01  5.831057E-01  1.812316E+00
     1.7500    5.035852E-01  5.533247E-01  1.998048E+00
     1.8000    4.266407E-01  5.224243E-01  2.186001E+00
     1.8500    3.408621E-01  4.906871E-01  2.373642E+00
     1.9000    2.497271E-01  4.583774E-01  2.565434E+00
     1.9500    1.591383E-01  4.257666E-01  2.758524E+00
     2.0000    7.427988E-02  3.934064E-01  2.951640E+00
     2.0500   -1.574466E-03  3.616245E-01  3.145947E+00
     2.1000   -6.638318E-02  3.291316E-01  3.344678E+00
     2.1500   -1.171221E-01  2.956804E-01  3.548869E+00
     2.2000   -1.519546E-01  2.628982E-01  3.757866E+00
     2.2500   -1.705728E-01  2.307051E-01  3.973704E+00
     2.3000   -1.721023E-01  1.978892E-01  4.196166E+00
     2.3500   -1.549817E-01  1.618587E-01  4.419842E+00
     2.4000   -1.262375E-01  1.264467E-01  4.654851E+00
     2.4500   -9.040633E-02  9.212623E-02  4.905921E+00
     2.5000   -5.327021E-02  5.979588E-02  5.183934E+00
     2.5500   -2.469104E-02  3.345916E-02  5.453164E+00
     2.6000   -2.685456E-03  8.997648E-03  5.980104E+00
     2.6500    1.019621E-02  1.533263E-02  8.697283E+00
     2.7000    1.283961E-02  3.591893E-02  9.059230E+00
     2.7500    7.241846E-03  5.244259E-02  9.286244E+00
     2.8000   -5.415277E-03  6.706419E-02  9.505614E+00
     2.8500   -2.355451E-02  7.993478E-02  9.723890E+00
     2.9000   -4.496757E-02  9.102035E-02  9.941507E+00
     2.9500   -6.719794E-02  1.007886E-01  1.015458E+01
     3.0000   -8.821584E-02  1.090692E-01  1.036690E+01
     3.0500   -1.058652E-01  1.157528E-01  1.057925E+01
     3.1000   -1.183619E-01  1.208693E-01  1.079153E+01
     3.1500   -1.243835E-01  1.243890E-01  1.100504E+01
     3.2000   -1.233986E-01  1.265814E-01  1.122030E+01
     3.2500   -1.154411E-01  1.276291E-01  1.143615E+01
     3.3000   -1.011168E-01  1.276359E-01  1.165192E+01
     3.3500   -8.136739E-02  1.265866E-01  1.186825E+01
     3.4000   -5.755598E-02  1.245127E-01  1.208584E+01
     3.4500   -3.150319E-02  1.215928E-01  1.230429E+01
     3.5000   -5.005980E-03  1.179523E-01  1.252392E+01
     3.5500    2.021454E-02  1.136135E-01  1.274525E+01
     3.6000    4.250566E-02  1.086129E-01  1.296847E+01
     3.6500    6.056007E-02  1.031390E-01  1.319393E+01
     3.7000    7.347331E-02  9.729086E-02  1.342232E+01
     3.7500    8.074774E-02  9.114218E-02  1.365492E+01
     3.8000    8.215800E-02  8.468565E-02  1.389223E+01
     3.8500    7.798515E-02  7.798540E-02  1.413462E+01
     3.9000    6.897610E-02  7.112670E-02  1.438370E+01
     3.9500    5.614768E-02  6.415066E-02  1.464202E+01
     4.0000    4.078276E-02  5.707830E-02  1.491205E+01
     4.0500    2.456571E-02  5.014775E-02  1.519603E+01
     4.1000    9.041832E-03  4.350421E-02  1.549860E+01
     4.1500   -4.414558E-03  3.725435E-02  1.582674E+01
     4.2000   -1.463570E-02  3.149680E-02  1.619123E+01
     4.2500   -2.083746E-02  2.674881E-02  1.660104E+01
     4.3000   -2.280861E-02  2.336445E-02  1.706020E+01
     4.3500   -2.075075E-02  2.157340E-02  1.755581E+01
     4.4000   -1.513585E-02  2.130575E-02  1.805947E+01
     4.4500   -7.192947E-03  2.236498E-02  1.852212E+01
     4.5000    1.868463E-03  2.415835E-02  1.892698E+01
     4.5500    1.091654E-02  2.618987E-02  1.927950E+01
     4.6000    1.912050E-02  2.818993E-02  1.959497E+01
     4.6500    2.564230E-02  2.998159E-02  1.987562E+01
     4.7000    3.017662E-02  3.150949E-02  2.012845E+01
     4.7500    3.274649E-02  3.280833E-02  2.035894E+01
     4.8000    3.362900E-02  3.403374E-02  2.057473E+01
     4.8500    3.301173E-02  3.520179E-02  2.077495E+01
     4.9000    3.117669E-02  3.642240E-02  2.096371E+01
     4.9500    2.827760E-02  3.778882E-02  2.114564E+01
     5.0000    2.423709E-02  3.941919E-02  2.132895E+01
     5.0500    1.895074E-02  4.121884E-02  2.151342E+01
     5.1000    1.229144E-02  4.313096E-02  2.170216E+01
     5.1500    4.231427E-03  4.505975E-02  2.189710E+01
     5.2000   -5.165912E-03  4.699301E-02  2.210130E+01
     5.2500   -1.535562E-02  4.869861E-02  2.231194E+01
     5.3000   -2.561081E-02  5.005144E-02  2.252830E+01
     5.3500   -3.502393E-02  5.094201E-02  2.274922E+01
     5.4000   -4.277420E-02  5.136521E-02  2.297520E+01
     5.4500   -4.792146E-02  5.119574E-02  2.320236E+01
     5.5000   -4.996453E-02  5.040969E-02  2.342895E+01
     5.5500   -4.881567E-02  4.901899E-02  2.365305E+01
     5.6000   -4.484675E-02  4.711910E-02  2.387377E+01
     5.6500   -3.872285E-02  4.475264E-02  2.408706E+01
     5.7000   -3.137818E-02  4.203640E-02  2.429003E+01
     5.7500   -2.377495E-02  3.912264E-02  2.447958E+01
     5.8000   -1.673132E-02  3.625351E-02  2.465305E+01
     5.8500   -1.072839E-02  3.357576E-02  2.480751E+01
     5.9000   -5.916653E-03  3.128154E-02  2.494245E+01
     5.9500   -2.126917E-03  2.953626E-02  2.506067E+01
     6.0000    1.072868E-03  2.855374E-02  2.517032E+01
     6.0500    4.145340E-03  2.820770E-02  2.528023E+01
     6.1000    7.448156E-03  2.835780E-02  2.539851E+01
     6.1500    1.115045E-02  2.882365E-02  2.552996E+01
     6.2000    1.519502E-02  2.941899E-02  2.567550E+01
     6.2500    1.933262E-02  2.998959E-02  2.583330E+01
     6.3000    2.320778E-02  3.043163E-02  2.600010E+01
     6.3500    2.646511E-02  3.069548E-02  2.617230E+01
     6.4000    2.884164E-02  3.078151E-02  2.634662E+01
     6.4500    3.021779E-02  3.073140E-02  2.652045E+01
     6.5000    3.072655E-02  3.072781E-02  2.669447E+01
     6.5500    3.036281E-02  3.076936E-02  2.686628E+01
     6.6000    2.921490E-02  3.091246E-02  2.703648E+01
     6.6500    2.733638E-02  3.121656E-02  2.720745E+01
     6.7000    2.467856E-02  3.170447E-02  2.738223E+01
     6.7500    2.110404E-02  3.235750E-02  2.756383E+01
     6.8000    1.644979E-02  3.312039E-02  2.775458E+01
     6.8500    1.062077E-02  3.391339E-02  2.795580E+01
     6.9000    3.683529E-03  3.464687E-02  2.816782E+01
     6.9500   -4.072106E-03  3.523468E-02  2.839016E+01
     7.0000   -1.217408E-02  3.568249E-02  2.862250E+01
     7.0500   -1.990222E-02  3.587560E-02  2.886240E+01
     7.1000   -2.647700E-02  3.575504E-02  2.910816E+01
     7.1500   -3.121157E-02  3.531146E-02  2.935846E+01
     7.2000   -3.362267E-02  3.455676E-02  2.961209E+01
     7.2500   -3.351252E-02  3.352135E-02  2.986808E+01
     7.3000   -3.098959E-02  3.225038E-02  3.012567E+01
     7.3500   -2.642726E-02  3.079916E-02  3.038446E+01
     7.4000   -2.037739E-02  2.922802E-02  3.064446E+01
     7.4500   -1.346595E-02  2.759696E-02  3.090619E+01
     7.5000   -6.348031E-03  2.600222E-02  3.116930E+01
     7.5500    4.865258E-04  2.445283E-02  3.143582E+01
     7.6000    6.629252E-03  2.295998E-02  3.170883E+01
     7.6500    1.172646E-02  2.154282E-02  3.199152E+01
     7.7000    1.547114E-02  2.021264E-02  3.228762E+01
     7.7500    1.758603E-02  1.897975E-02  3.260111E+01
     7.8000    1.783892E-02  1.786198E-02  3.293591E+01
     7.8500    1.609490E-02  1.689269E-02  3.329528E+01
     7.9000    1.239304E-02  1.612482E-02  3.368092E+01
     7.9500    7.020435E-03  1.562670E-02  3.409158E+01
     8.0000    5.633122E-04  1.545514E-02  3.452106E+01
     8.0500   -6.158465E-03  1.564472E-02  3.496211E+01
     8.1000   -1.214409E-02  1.620444E-02  3.540472E+01
     8.1500   -1.637967E-02  1.708851E-02  3.583928E+01
     8.2000   -1.805107E-02  1.820790E-02  3.625966E+01
     8.2500   -1.673154E-02  1.945049E-02  3.666343E+01
     8.3000   -1.250131E-02  2.070030E-02  3.705070E+01
     8.3500   -5.961760E-03  2.185017E-02  3.742276E+01
     8.4000    1.867665E-03  2.280884E-02  3.778109E+01
     8.4500    9.750365E-03  2.350459E-02  3.812687E+01
     8.5000    1.650778E-02  2.389079E-02  3.846194E+01
     8.5500    2.119817E-02  2.394679E-02  3.878608E+01
     8.6000    2.331885E-02  2.366824E-02  3.909787E+01
     8.6500    2.289394E-02  2.307687E-02  3.939590E+01
     8.7000    2.039704E-02  2.222249E-02  3.967806E+01
     8.7500    1.658260E-02  2.118505E-02  3.994163E+01
     8.8000    1.226065E-02  2.007556E-02  4.018373E+01
     8.8500    8.080007E-03  1.903318E-02  4.040227E+01
     8.9000    4.380724E-03  1.821309E-02  4.059780E+01
     8.9500    1.156025E-03  1.775915E-02  4.077556E+01
     9.0000   -1.881983E-03  1.776974E-02  4.094681E+01
     9.0500   -5.108717E-03  1.824914E-02  4.112444E+01
     9.1000   -8.792595E-03  1.911121E-02  4.131878E+01
     9.1500   -1.294274E-02  2.021729E-02  4.153544E+01
     9.2000   -1.722000E-02  2.141148E-02  4.177510E+01
     9.2500   -2.097467E-02  2.254900E-02  4.203561E+01
     9.3000   -2.339715E-02  2.350931E-02  4.231378E+01
     9.3500   -2.374130E-02  2.419956E-02  4.260642E+01
     9.4000   -2.155637E-02  2.455367E-02  4.291078E+01
     9.4500   -1.685817E-02  2.453021E-02  4.322461E+01
     9.5000   -1.019433E-02  2.413459E-02  4.354621E+01
     9.5500   -2.525683E-03  2.336301E-02  4.387398E+01
     9.6000    4.941294E-03  2.221157E-02  4.420664E+01
     9.6500    1.101688E-02  2.071065E-02  4.454319E+01
     9.7000    1.481205E-02  1.890294E-02  4.488271E+01
     9.7500    1.593858E-02  1.684106E-02  4.522424E+01
     9.8000    1.458362E-02  1.458495E-02  4.556658E+01
     9.8500    1.143914E-02  1.219943E-02  4.590800E+01
     9.9000    7.506683E-03  9.751959E-03  4.624542E+01
     9.9500    3.831388E-03  7.311154E-03  4.657229E+01
    10.0000    1.246475E-03  4.963632E-03  4.687005E+01
    10.0500    1.557517E-04  2.789434E-03  4.706802E+01
    10.1000    4.863936E-04  1.138272E-03  4.668238E+01
    10.1500    1.753046E-03  1.765621E-03  4.567252E+01
    10.2000    3.220198E-03  3.279961E-03  4.574428E+01
    10.2500    4.138323E-03  4.650628E-03  4.602689E+01
    10.3000    3.972424E-03  5.772912E-03  4.636500E+01
    10.3500    2.557951E-03  6.623076E-03  4.672736E+01
    10.4000    1.416731E-04  7.198232E-03  4.710421E+01
    10.4500   -2.700602E-03  7.507255E-03  4.749187E+01
    10.5000   -5.241823E-03  7.567739E-03  4.788905E+01
    10.5500   -6.822396E-03  7.404075E-03  4.829566E+01
    10.6000   -7.044670E-03  7.045780E-03  4.871244E+01
    10.6500   -5.886708E-03  6.525958E-03  4.914100E+01
    10.7000   -3.703662E-03  5.879965E-03  4.958409E+01
    10.7500   -1.118632E-03  5.144587E-03  5.004629E+01
    10.8000    1.162865E-03  4.358310E-03  5.053557E+01
    10.8500    2.558977E-03  3.564105E-03  5.106639E+01
    10.9000    2.777376E-03  2.818204E-03  5.166585E+01
    10.9500    1.892971E-03  2.211531E-03  5.237968E+01
    11.0000    3.194825E-04  1.894622E-03  5.323764E+01
    11.0500   -1.330466E-03  1.990937E-03  5.413894E+01
    11.1000   -2.428182E-03  2.431572E-03  5.492506E+01
    11.1500   -2.512960E-03  3.051071E-03  5.558088E+01
    11.2000   -1.438590E-03  3.741577E-03  5.615401E+01
    11.2500    5.774169E-04  4.449767E-03  5.667880E+01
    11.3000    3.011095E-03  5.146673E-03  5.717362E+01
    11.3500    5.178592E-03  5.812378E-03  5.764812E+01
    11.4000    6.429323E-03  6.429776E-03  5.810759E+01
    11.4500    6.330206E-03  6.982267E-03  5.855508E+01
    11.5000    4.788829E-03  7.453234E-03  5.899248E+01
    11.5500    2.081660E-03  7.826392E-03  5.942104E+01
    11.6000   -1.219068E-03  8.086555E-03  5.984159E+01
    11.6500   -4.397430E-03  8.220554E-03  6.025469E+01
    11.7000   -6.780859E-03  8.218174E-03  6.066065E+01
    11.7500   -7.909626E-03  8.072978E-03  6.105955E+01
    11.8000   -7.642813E-03  7.782999E-03  6.145114E+01
    11.8500   -6.174275E-03  7.351249E-03  6.183476E+01
    11.9000   -3.958289E-03  6.786104E-03  6.220908E+01
    11.9500   -1.570011E-03  6.101657E-03  6.257162E+01
    12.0000    4.548078E-04  5.325972E-03  6.291735E+01
    12.0500    1.769355E-03  4.487758E-03  6.323712E+01
    12.1000    2.280532E-03  3.617107E-03  6.351403E+01
    12.1500    2.143180E-03  2.780955E-03  6.371173E+01
    12.2000    1.690770E-03  2.109572E-03  6.376161E+01
    12.2500    1.311826E-03  1.838372E-03  6.362645E+01
    12.3000    1.317002E-03  2.108147E-03  6.350663E+01
    12.3500    1.836998E-03  2.712684E-03  6.357579E+01
    12.4000    2.780912E-03  3.415820E-03  6.378308E+01
    12.4500    3.865742E-03  4.099370E-03  6.406341E+01
    12.5000    4.706381E-03  4.707253E-03  6.438340E+01
    12.5500    4.937904E-03  5.209728E-03  6.472711E+01
    12.6000    4.333103E-03  5.590537E-03  6.508661E+01
    12.6500    2.880485E-03  5.842240E-03  6.545786E+01
    12.7000    8.001454E-04  5.964282E-03  6.583888E+01
    12.7500   -1.506670E-03  5.962005E-03  6.622893E+01
    12.8000   -3.559440E-03  5.845977E-03  6.662808E+01
    12.8500   -4.922581E-03  5.631400E-03  6.703709E+01
    12.9000   -5.317336E-03  5.337512E-03  6.745727E+01
    12.9500   -4.691085E-03  4.986925E-03  6.789042E+01
    13.0000   -3.229411E-03  4.612880E-03  6.833952E+01
    13.0500   -1.288250E-03  4.244652E-03  6.880668E+01
    13.1000    6.846850E-04  3.895914E-03  6.929170E+01
    13.1500    2.253969E-03  3.589873E-03  6.979385E+01
    13.2000    3.108976E-03  3.343246E-03  7.030925E+01
    13.2500    3.129235E-03  3.162296E-03  7.083056E+01
    13.3000    2.397488E-03  3.040755E-03  7.134834E+01
    13.3500    1.160961E-03  2.961570E-03  7.185382E+01
    13.4000   -2.448579E-04  2.902028E-03  7.234111E+01
    13.4500   -1.486866E-03  2.839539E-03  7.280774E+01
    13.5000   -2.314486E-03  2.755698E-03  7.325371E+01
    13.5500   -2.609545E-03  2.638074E-03  7.368023E+01
    13.6000   -2.396235E-03  2.480369E-03  7.408863E+01
    13.6500   -1.813276E-03  2.281786E-03  7.447975E+01
    13.7000   -1.060438E-03  2.046121E-03  7.485340E+01
    13.7500   -3.371874E-04  1.780873E-03  7.520774E+01
    13.8000    2.088080E-04  1.496535E-03  7.553821E+01
    13.8500    5.105422E-04  1.206280E-03  7.583524E+01
    13.9000    5.832262E-04  9.265520E-04  7.607908E+01
    13.9500    5.022735E-04  6.799137E-04  7.622941E+01
    14.0000    3.664159E-04  5.030366E-04  7.621422E+01
    14.0500    2.660406E-04  4.462464E-04  7.603695E+01
    14.1000    2.561031E-04  5.015047E-04  7.593419E+01
    14.1500    3.405532E-04  5.972734E-04  7.600495E+01
    14.2000    4.829356E-04  6.821816E-04  7.618478E+01
    14.2500    6.257189E-04  7.343130E-04  7.641824E+01
    14.3000    7.138068E-04  7.455918E-04  7.667598E+01
    14.3500    7.141319E-04  7.144063E-04  7.694131E+01
    14.4000    6.255944E-04  6.428743E-04  7.720140E+01
    14.4500    4.774545E-04  5.358525E-04  7.744023E+01
    14.5000    3.182245E-04  4.012813E-04  7.762406E+01
    14.5500    1.998222E-04  2.554424E-04  7.764153E+01
    14.6000    1.625360E-04  1.637399E-04  7.709036E+01
    14.6500    2.251908E-04  2.581151E-04  7.645840E+01
    14.7000    3.824602E-04  4.459029E-04  7.642904E+01
    14.7500    6.085653E-04  6.573514E-04  7.658133E+01
    14.8000    8.646337E-04  8.789220E-04  7.678846E+01
    14.8500    1.106395E-03  1.107642E-03  7.701647E+01
    14.9000    1.289720E-03  1.343892E-03  7.725392E+01
    14.9500    1.373261E-03  1.589571E-03  7.749682E+01
    15.0000    1.319104E-03  1.849769E-03  7.774588E+01
    15.0500    1.090210E-03  2.128131E-03  7.800197E+01
    15.1000    6.628474E-04  2.420080E-03  7.826238E+01
    15.1500    3.226803E-05  2.724862E-03  7.852797E+01
    15.2000   -7.802999E-04  3.039824E-03  7.879941E+01
    15.2500   -1.719629E-03  3.360400E-03  7.907702E+01
    15.3000   -2.693269E-03  3.680327E-03  7.936078E+01
    15.3500   -3.576746E-03  3.992042E-03  7.965042E+01
    15.4000   -4.228860E-03  4.287172E-03  7.994549E+01
    15.4500   -4.515732E-03  4.557058E-03  8.024539E+01
    15.5000   -4.339077E-03  4.793270E-03  8.054946E+01
    15.5500   -3.661994E-03  4.988085E-03  8.085700E+01
    15.6000   -2.525115E-03  5.134905E-03  8.116730E+01
    15.6500   -1.047701E-03  5.228605E-03  8.147966E+01
    15.7000    5.882603E-04  5.265799E-03  8.179336E+01
    15.7500    2.168526E-03  5.245024E-03  8.210764E+01
    15.8000    3.485265E-03  5.166841E-03  8.242176E+01
    15.8500    4.375142E-03  5.033846E-03  8.273488E+01
    15.9000    4.747968E-03  4.850608E-03  8.304612E+01
    15.9500    4.599367E-03  4.623533E-03  8.335449E+01
    16.0000    4.006375E-03  4.362319E-03  8.365897E+01
    16.0500    3.102234E-03  4.077564E-03  8.395845E+01
    16.1000    2.042781E-03  3.776068E-03  8.425140E+01
    16.1500    9.805664E-04  3.469031E-03  8.453643E+01
    16.2000    3.404047E-05  3.167895E-03  8.481226E+01
    16.2500   -7.273207E-04  2.883740E-03  8.507797E+01
    16.3000   -1.283410E-03  2.626468E-03  8.533354E+01
    16.3500   -1.651447E-03  2.403802E-03  8.558037E+01
    16.4000   -1.866815E-03  2.220203E-03  8.582182E+01
    16.4500   -1.963592E-03  2.076072E-03  8.606312E+01
    16.5000   -1.960934E-03  1.967733E-03  8.631064E+01
    16.5500   -1.859030E-03  1.888470E-03  8.657060E+01
    16.6000   -1.644955E-03  1.830356E-03  8.684778E+01
    16.6500   -1.305433E-03  1.786153E-03  8.714501E+01
    16.7000   -8.414307E-04  1.750632E-03  8.746321E+01
    16.7500   -2.790443E-04  1.721086E-03  8.780174E+01
    16.8000    3.274471E-04  1.697118E-03  8.815875E+01
    16.8500    9.018880E-04  1.679930E-03  8.853131E+01
    16.9000    1.360392E-03  1.671366E-03  8.891550E+01
    16.9500    1.629364E-03  1.672927E-03  8.930668E+01
    17.0000    1.661371E-03  1.684097E-03  8.969986E+01
    17.0500    1.446942E-03  1.702820E-03  9.009071E+01
    17.1000    1.019632E-03  1.728890E-03  9.047542E+01
    17.1500    4.442610E-04  1.759121E-03  9.085088E+01
    17.2000   -1.943194E-04  1.790106E-03  9.121495E+01
    17.2500   -8.078825E-04  1.818819E-03  9.156645E+01
    17.3000   -1.320400E-03  1.843068E-03  9.190484E+01
    17.3500   -1.678930E-03  1.861728E-03  9.223013E+01
    17.4000   -1.857913E-03  1.874772E-03  9.254277E+01
    17.4500   -1.857026E-03  1.883097E-03  9.284358E+01
    17.5000   -1.694581E-03  1.888186E-03  9.313379E+01
    17.5500   -1.399367E-03  1.891658E-03  9.341507E+01
    17.6000   -1.003791E-03  1.894766E-03  9.368945E+01
    17.6500   -5.401154E-04  1.897947E-03  9.395921E+01
    17.7000   -4.007789E-05  1.900525E-03  9.422669E+01
    17.7500    4.632991E-04  1.900622E-03  9.449402E+01
    17.8000    9.337952E-04  1.895312E-03  9.476295E+01
    17.8500    1.332067E-03  1.880949E-03  9.503471E+01
    17.9000    1.618959E-03  1.853592E-03  9.530996E+01
    17.9500    1.761909E-03  1.809448E-03  9.558884E+01
    18.0000    1.742613E-03  1.745019E-03  9.587110E+01
    18.0500    1.564277E-03  1.657767E-03  9.615602E+01
    18.1000    1.255620E-03  1.547026E-03  9.644243E+01
    18.1500    8.668001E-04  1.412582E-03  9.672872E+01
    18.2000    4.620406E-04  1.255445E-03  9.701248E+01
    18.2500    1.072465E-04  1.077898E-03  9.728971E+01
    18.3000   -1.439386E-04  8.836190E-04  9.755300E+01
    18.3500   -2.620980E-04  6.781627E-04  9.778619E+01
    18.4000   -2.487923E-04  4.710617E-04  9.794580E+01
    18.4500   -1.360954E-04  2.871147E-04  9.788321E+01
    18.5000    2.122077E-05  2.198310E-04  9.729269E+01
    18.5500    1.590396E-04  3.416531E-04  9.690517E+01
    18.6000    2.194955E-04  5.248605E-04  9.695791E+01
    18.6500    1.649178E-04  7.103053E-04  9.715506E+01
    18.7000   -1.331954E-05  8.821925E-04  9.740447E+01
    18.7500   -2.931215E-04  1.033599E-03  9.767691E+01
    18.8000   -6.273673E-04  1.160484E-03  9.796053E+01
    18.8500   -9.552980E-04  1.260413E-03  9.824950E+01
    18.9000   -1.216559E-03  1.332208E-03  9.854042E+01
    18.9500   -1.364354E-03  1.375816E-03  9.883099E+01
    19.0000   -1.374598E-03  1.392244E-03  9.911955E+01
    19.0500   -1.249243E-03  1.383716E-03  9.940469E+01
    19.1000   -1.013278E-03  1.353117E-03  9.968464E+01
    19.1500   -7.070549E-04  1.303986E-03  9.995788E+01
    19.2000   -3.762574E-04  1.240488E-03  1.002228E+02
    19.2500   -6.205257E-05  1.167257E-03  1.004778E+02
    19.3000    2.061289E-04  1.089183E-03  1.007214E+02
    19.3500    4.137686E-04  1.011141E-03  1.009526E+02
    19.4000    5.602003E-04  9.376274E-04  1.011713E+02
    19.4500    6.542749E-04  8.722965E-04  1.013791E+02
    19.5000    7.084752E-04  8.174540E-04  1.015795E+02
    19.5500    7.334068E-04  7.736668E-04  1.017777E+02
    19.6000    7.342435E-04  7.397004E-04  1.019802E+02
    19.6500    7.099407E-04  7.129044E-04  1.021930E+02
    19.7000    6.551301E-04  6.899363E-04  1.024208E+02
    19.7500    5.638196E-04  6.675485E-04  1.026667E+02
    19.8000    4.335618E-04  6.432018E-04  1.029329E+02
    19.8500    2.687235E-04  6.154303E-04  1.032207E+02
    19.9000    8.184055E-05  5.840099E-04  1.035320E+02
    19.9500   -1.073505E-04  5.500237E-04  1.038690E+02