# # tequil.ion_motion                                            FEFF 9.05   
# # POT  SCF  30  5.5000   1, core-hole, AFOLP (folp(0)= 1.150)
# # Abs   Z=30 Rmt= 1.350 Rnm= 1.424 K  shell
# # Pot 1 Z=26 Rmt= 1.298 Rnm= 1.406
# # Pot 2 Z= 8 Rmt= 1.009 Rnm= 1.090
# # Gam_ch=1.897E+00 H-L exch
# # Mu=-1.170E+01 kf=2.156E+00 Vint=-1.888E+01 Rs_int= 1.682
# # PATH  Rmax= 8.500,  Keep_limit= 0.00, Heap_limit 0.00  Pwcrit= 2.50%
#  S02=1.000                                        Global_sig2= 0.00000
#  Energy zero shift, vr, vi   -2.00000E+00   0.00000E+00
#  Curved wave amplitude ratio filter   4.000%
#     file         sig2 tot  cw amp ratio   deg  nlegs   reff  inp sig2
#           1       0.00000    100.00      1.00     2   2.0033
#           2       0.00000     94.93      1.00     2   2.0441
#           3       0.00000     94.20      1.00     2   2.0502
#           4       0.00000     81.24      1.00     2   2.1712
#           5       0.00000     79.04      1.00     2   2.1944
#           6       0.00000     69.39      1.00     2   2.3077
#           7       0.00000     36.79      1.00     2   2.8728
#           8       0.00000     34.96      1.00     2   2.9380
#           9       0.00000     34.14      1.00     2   2.9685
#          10       0.00000     31.50      1.00     2   3.0741
#          11       0.00000     27.80      1.00     2   3.2433
#          12       0.00000     27.46      1.00     2   3.2725
#          13       0.00000     26.01      1.00     2   3.3357
#          14       0.00000     11.68      2.00     3   3.4274
#          15       0.00000     23.83      1.00     2   3.4604
#          16       0.00000      9.77      2.00     3   3.4866
#          17       0.00000     11.69      2.00     3   3.5038
#          18       0.00000     11.76      2.00     3   3.5035
#          19       0.00000     10.46      2.00     3   3.5072
#          20       0.00000     11.09      2.00     3   3.5215
#          21       0.00000     12.59      2.00     3   3.5247
#          22       0.00000     10.13      2.00     3   3.5396
#          23       0.00000     22.09      1.00     2   3.5411
#          24       0.00000      8.24      2.00     3   3.5558
#          25       0.00000     21.78      1.00     2   3.5591
#          26       0.00000     22.21      1.00     2   3.5624
#          27       0.00000     18.38      2.00     3   3.5679
#          28       0.00000     12.21      2.00     3   3.5694
#          29       0.00000     21.47      1.00     2   3.5771
#          30       0.00000     10.72      2.00     3   3.5924
#          31       0.00000      7.00      2.00     3   3.6301
#          32       0.00000     10.18      2.00     3   3.6332
#          33       0.00000     17.63      2.00     3   3.6340
#          34       0.00000      8.03      2.00     3   3.6401
#          35       0.00000      9.50      2.00     3   3.6446
#          36       0.00000      7.35      2.00     3   3.6566
#          37       0.00000     20.76      1.00     2   3.6622
#          38       0.00000     19.98      1.00     2   3.6705
#          39       0.00000      9.92      2.00     3   3.6759
#          40       0.00000     20.45      1.00     2   3.6852
#          41       0.00000     19.59      1.00     2   3.6962
#          42       0.00000      6.59      2.00     3   3.6958
#          43       0.00000      6.39      2.00     3   3.7252
#          44       0.00000     16.99      2.00     3   3.7252
#          45       0.00000     19.80      1.00     2   3.7337
#          46       0.00000      6.17      2.00     3   3.7389
#          47       0.00000      6.08      2.00     3   3.7804
#          48       0.00000     17.70      1.00     2   3.8310
#          49       0.00000     17.54      1.00     2   3.8435
#          50       0.00000     14.83      2.00     3   3.8512
#          51       0.00000     18.19      1.00     2   3.8631
#          52       0.00000     19.91      2.00     3   3.8669
#          53       0.00000     14.99      2.00     3   3.8900
#          54       0.00000      5.05      1.00     4   3.8924
#          55       0.00000      4.65      1.00     4   3.9323
#          56       0.00000     17.15      1.00     2   3.9545
#          57       0.00000     15.89      1.00     2   3.9793
#          58       0.00000      6.30      1.00     4   3.9819
#          59       0.00000      4.57      1.00     4   3.9901
#          60       0.00000      8.55      1.00     4   4.0002
#          61       0.00000     12.31      2.00     3   4.0048
#          62       0.00000      9.63      1.00     4   4.0065
#          63       0.00000     15.62      2.00     3   4.0253
#          64       0.00000      9.01      2.00     3   4.0277
#          65       0.00000      5.91      1.00     4   4.0385
#          66       0.00000     15.15      1.00     2   4.0460
#          67       0.00000      5.25      1.00     4   4.0763
#          68       0.00000      8.65      1.00     4   4.0882
#          69       0.00000      8.51      1.00     4   4.1005
#          70       0.00000      4.93      1.00     4   4.1107
#          71       0.00000      5.21      1.00     4   4.1178
#          73       0.00000     27.27      2.00     3   4.1671
#          74       0.00000     26.51      2.00     4   4.1745
#          75       0.00000     22.40      2.00     3   4.1820
#          76       0.00000      6.52      1.00     4   4.1875
#          77       0.00000      4.80      1.00     4   4.1923
#          78       0.00000      7.93      2.00     3   4.2082
#          79       0.00000      8.18      2.00     3   4.2106
#          80       0.00000      4.27      1.00     4   4.2151
#          81       0.00000      7.68      2.00     3   4.2217
#          82       0.00000     13.33      1.00     2   4.2281
#          83       0.00000     18.19      2.00     4   4.2385
#          84       0.00000      7.57      2.00     3   4.2471
#          85       0.00000      7.20      2.00     3   4.2700
#          86       0.00000      7.94      2.00     3   4.2742
#          87       0.00000     12.77      1.00     2   4.2909
#          88       0.00000      7.64      2.00     3   4.3048
#          89       0.00000     20.42      2.00     3   4.3078
#          90       0.00000     12.51      1.00     2   4.3221
#          91       0.00000      7.26      2.00     3   4.3237
#          93       0.00000      6.29      1.00     4   4.3424
#          94       0.00000     16.60      2.00     4   4.3579
#          95       0.00000      5.95      1.00     4   4.3889
#          96       0.00000      7.47      2.00     3   4.3983
#          97       0.00000     10.05      2.00     3   4.4126
#          98       0.00000      6.30      2.00     3   4.4132
#          99       0.00000     18.55      2.00     3   4.4417
#         100       0.00000     11.34      1.00     2   4.4690
#         101       0.00000      6.33      2.00     3   4.4727
#         102       0.00000      5.87      2.00     3   4.4818
#         103       0.00000      6.34      2.00     3   4.4856
#         104       0.00000     11.07      1.00     2   4.5056
#         105       0.00000      5.87      2.00     3   4.5272
#         106       0.00000     10.90      1.00     2   4.5289
#         107       0.00000      6.43      2.00     3   4.5489
#         108       0.00000      9.94      2.00     3   4.5558
#         109       0.00000      6.32      2.00     3   4.5597
#         110       0.00000     10.64      1.00     2   4.5656
#         111       0.00000     10.57      1.00     2   4.5758
#         112       0.00000      6.03      2.00     3   4.5769
#         113       0.00000     10.47      1.00     2   4.5902
#         114       0.00000      9.82      1.00     4   4.5925
#         115       0.00000      6.25      2.00     3   4.6060
#         116       0.00000      5.14      2.00     3   4.6122
#         117       0.00000      4.57      1.00     4   4.6154
#         120       0.00000      9.99      1.00     2   4.6630
#         121       0.00000     16.50      2.00     3   4.6650
#         122       0.00000      6.94      2.00     3   4.6668
#         123       0.00000     19.02      2.00     3   4.6717
#         124       0.00000     19.99      2.00     3   4.6734
#         125       0.00000      9.82      1.00     2   4.6898
#         126       0.00000      8.13      2.00     3   4.6951
#         127       0.00000      6.37      2.00     3   4.7177
#         128       0.00000      9.65      1.00     2   4.7182
#         129       0.00000     10.79      1.00     2   4.7220
#         131       0.00000     11.81      2.00     3   4.7290
#         132       0.00000     11.67      1.00     4   4.7567
#         133       0.00000      9.40      1.00     2   4.7587
#         134       0.00000      6.69      2.00     3   4.7663
#         135       0.00000     10.82      1.00     4   4.7676
#         137       0.00000      4.26      2.00     3   4.7804
#         138       0.00000      4.11      2.00     3   4.7827
#         139       0.00000      9.22      1.00     2   4.7903
#         140       0.00000     16.21      2.00     3   4.8012
#         141       0.00000      8.77      1.00     4   4.8011
#         142       0.00000      8.20      2.00     3   4.8050
#         143       0.00000     17.69      2.00     2   4.8563
#         144       0.00000     11.84      2.00     3   4.8571
#         145       0.00000      8.82      1.00     2   4.8607
#         146       0.00000      8.70      2.00     3   4.8632
#         147       0.00000      8.78      1.00     2   4.8680
#         148       0.00000     23.42      2.00     3   4.8713
#         149       0.00000     15.71      1.00     4   4.8746
#         151       0.00000      8.31      2.00     3   4.8933
#         152       0.00000      8.34      2.00     3   4.9096
#         153       0.00000      8.77      1.00     4   4.9126
#         155       0.00000     10.79      2.00     3   4.9265
#         156       0.00000      4.12      2.00     3   4.9393
#         157       0.00000      5.43      2.00     3   4.9436
#         158       0.00000      6.01      2.00     3   4.9515
#         159       0.00000     15.60      2.00     3   4.9513
#         160       0.00000      5.36      1.00     4   4.9524
#         161       0.00000      6.91      2.00     3   4.9622
#         163       0.00000      5.52      2.00     4   4.9718
#         165       0.00000      9.31      1.00     2   4.9837
#         166       0.00000     10.78      2.00     3   4.9856
#         167       0.00000      8.12      1.00     2   4.9955
#         168       0.00000     11.69      2.00     3   5.0186
#         169       0.00000     18.16      2.00     3   5.0277
#         170       0.00000      8.57      1.00     4   5.0420
#         172       0.00000     10.51      2.00     3   5.0463
#         173       0.00000      5.66      1.00     4   5.0512
#         174       0.00000     10.87      1.00     4   5.0598
#         178       0.00000      7.30      2.00     3   5.0740
#         180       0.00000      8.73      1.00     2   5.0995
#         181       0.00000      8.69      1.00     2   5.1078
#         183       0.00000      7.89      2.00     3   5.1258
#         184       0.00000      4.94      1.00     4   5.1349
#         187       0.00000      7.41      1.00     2   5.1461
#         189       0.00000      4.81      2.00     3   5.1805
#         190       0.00000      5.73      1.00     4   5.1808
#         191       0.00000      4.99      1.00     4   5.1810
#         193       0.00000     15.94      2.00     3   5.1844
#         194       0.00000      4.34      2.00     3   5.1902
#         195       0.00000      8.26      1.00     2   5.2009
#         197       0.00000      9.32      1.00     4   5.2227
#         198       0.00000      7.03      1.00     2   5.2368
#         199       0.00000      4.93      1.00     4   5.2367
#         202       0.00000      6.52      2.00     3   5.2764
#         204       0.00000      6.64      2.00     3   5.2907
#         206       0.00000      6.40      2.00     3   5.3084
#         207       0.00000      5.11      2.00     3   5.3233
#         209       0.00000      4.85      2.00     3   5.3479
#         210       0.00000      7.61      1.00     2   5.3535
#         211       0.00000      7.10      2.00     3   5.3624
#         212       0.00000      4.91      2.00     3   5.3742
#         214       0.00000      7.41      1.00     2   5.4062
#         215       0.00000      7.38      1.00     2   5.4137
#         216       0.00000      5.56      2.00     3   5.4303
#         217       0.00000     10.50      2.00     3   5.4359
#         218       0.00000      6.26      1.00     2   5.4362
#         220       0.00000      6.20      1.00     2   5.4512
#         221       0.00000      7.18      1.00     2   5.4653
#         223       0.00000      7.74      2.00     3   5.4713
#         224       0.00000      4.63      2.00     3   5.4790
#         227       0.00000      4.59      2.00     3   5.4909
#         228       0.00000      4.07      2.00     3   5.4943
#         229       0.00000      8.33      2.00     3   5.4990
#         230       0.00000      6.46      2.00     3   5.5006
#         233       0.00000      5.02      1.00     4   5.5182
#         234       0.00000      5.49      2.00     3   5.5196
#         236       0.00000      6.18      2.00     3   5.5267
#         238       0.00000      5.77      2.00     3   5.5437
#         239       0.00000      5.21      2.00     3   5.5449
#         240       0.00000      4.83      2.00     4   5.5510
#         242       0.00000      5.11      2.00     3   5.5705
#         243       0.00000      6.76      1.00     2   5.5797
#         246       0.00000      5.74      1.00     2   5.5863
#         248       0.00000      5.70      1.00     2   5.5993
#         249       0.00000      5.01      2.00     3   5.5992
#         250       0.00000      5.70      1.00     2   5.6011
#         251       0.00000      6.68      1.00     2   5.6028
#         252       0.00000      6.68      1.00     2   5.6032
#         254       0.00000      5.67      1.00     2   5.6098
#         255       0.00000      5.65      1.00     2   5.6174
#         256       0.00000      4.40      2.00     3   5.6198
#         258       0.00000      6.94      2.00     3   5.6358
#         259       0.00000      6.54      1.00     2   5.6449
#         261       0.00000      4.57      2.00     3   5.6526
#         262       0.00000      4.94      2.00     3   5.6546
#         264       0.00000      5.21      2.00     3   5.6608
#         265       0.00000      5.48      1.00     2   5.6697
#         267       0.00000      4.42      2.00     3   5.6831
#         268       0.00000      8.66      2.00     3   5.6871
#         271       0.00000      5.93      2.00     3   5.6973
#         272       0.00000      5.80      2.00     3   5.7049
#         274       0.00000      6.31      1.00     2   5.7135
#         276       0.00000      5.35      2.00     3   5.7158
#         278       0.00000      6.28      1.00     2   5.7234
#         279       0.00000      6.28      1.00     2   5.7247
#         281       0.00000      4.58      2.00     4   5.7354
#         283       0.00000      4.44      2.00     3   5.7436
#         286       0.00000      5.74      2.00     3   5.7567
#         287       0.00000      6.26      2.00     3   5.7582
#         288       0.00000      6.16      1.00     2   5.7617
#         289       0.00000      6.16      1.00     2   5.7627
#         290       0.00000      5.20      1.00     2   5.7646
#         292       0.00000      9.92      2.00     3   5.7667
#         298       0.00000      4.24      2.00     4   5.7941
#         299       0.00000      5.20      2.00     3   5.7967
#         301       0.00000      9.74      2.00     3   5.8030
#         302       0.00000      4.12      2.00     3   5.8057
#         303       0.00000      7.92      2.00     3   5.8077
#         304       0.00000      4.55      1.00     4   5.8086
#         305       0.00000      6.26      2.00     3   5.8096
#         306       0.00000      5.07      1.00     2   5.8099
#         307       0.00000      4.17      2.00     3   5.8246
#         309       0.00000      6.09      2.00     3   5.8266
#         312       0.00000      5.64      2.00     3   5.8354
#         313       0.00000      4.76      2.00     3   5.8388
#         315       0.00000      4.46      1.00     4   5.8443
#         318       0.00000      6.46      2.00     3   5.8511
#         319       0.00000      5.41      2.00     3   5.8550
#         328       0.00000      4.22      2.00     4   5.8751
#         329       0.00000      4.89      1.00     2   5.8765
#         331       0.00000      4.87      1.00     2   5.8849
#         332       0.00000      4.87      1.00     2   5.8853
#         339       0.00000      4.06      2.00     3   5.9293
#   258/ 326 paths used
#  -----------------------------------------------------------------------
#       k          chi          mag           phase @#
    -0.7000   -4.881838E-01  4.909032E-01 -1.465489E+00
    -0.6500   -4.675100E-01  4.697158E-01 -1.473845E+00
    -0.6000   -4.592328E-01  4.611014E-01 -1.480739E+00
    -0.5500   -4.586862E-01  4.605152E-01 -1.481643E+00
    -0.5000   -4.625507E-01  4.646289E-01 -1.476180E+00
    -0.4500   -4.686747E-01  4.713103E-01 -1.464993E+00
    -0.4000   -4.753529E-01  4.787674E-01 -1.451294E+00
    -0.3500   -4.824787E-01  4.870466E-01 -1.433732E+00
    -0.3000   -4.887539E-01  4.946195E-01 -1.416638E+00
    -0.2500   -4.939880E-01  5.011984E-01 -1.400968E+00
    -0.2000   -4.981488E-01  5.066445E-01 -1.387409E+00
    -0.1500   -5.015591E-01  5.113052E-01 -1.375235E+00
    -0.1000   -5.039950E-01  5.147575E-01 -1.365949E+00
    -0.0500   -5.054191E-01  5.168285E-01 -1.360285E+00
     0.0000   -5.058872E-01  5.175185E-01 -1.358383E+00
     0.0500   -5.063520E-01  5.182083E-01 -1.356473E+00
     0.1000   -5.077252E-01  5.202762E-01 -1.350700E+00
     0.1500   -5.099411E-01  5.237151E-01 -1.340941E+00
     0.2000   -5.128795E-01  5.285072E-01 -1.327008E+00
     0.2500   -5.163540E-01  5.346160E-01 -1.308669E+00
     0.3000   -5.200984E-01  5.419789E-01 -1.285679E+00
     0.3500   -5.238922E-01  5.507583E-01 -1.257166E+00
     0.4000   -5.275623E-01  5.615926E-01 -1.220887E+00
     0.4500   -5.299248E-01  5.734240E-01 -1.178782E+00
     0.5000   -5.302095E-01  5.860299E-01 -1.130788E+00
     0.5500   -5.276268E-01  5.997024E-01 -1.075472E+00
     0.6000   -5.209442E-01  6.148047E-01 -1.010943E+00
     0.6500   -5.088084E-01  6.299078E-01 -9.403265E-01
     0.7000   -4.900369E-01  6.450868E-01 -8.627671E-01
     0.7500   -4.626632E-01  6.610240E-01 -7.752839E-01
     0.8000   -4.263198E-01  6.760150E-01 -6.823732E-01
     0.8500   -3.797891E-01  6.906989E-01 -5.821990E-01
     0.9000   -3.220545E-01  7.049983E-01 -4.744126E-01
     0.9500   -2.542609E-01  7.175598E-01 -3.622094E-01
     1.0000   -1.745492E-01  7.297269E-01 -2.415398E-01
     1.0500   -8.596182E-02  7.399765E-01 -1.164312E-01
     1.1000    1.048768E-02  7.486640E-01  1.400899E-02
     1.1500    1.132445E-01  7.559427E-01  1.503717E-01
     1.2000    2.174398E-01  7.608389E-01  2.898302E-01
     1.2500    3.230936E-01  7.647097E-01  4.362073E-01
     1.3000    4.231203E-01  7.660264E-01  5.851894E-01
     1.3500    5.162006E-01  7.658304E-01  7.396648E-01
     1.4000    5.968965E-01  7.633871E-01  8.977165E-01
     1.4500    6.620699E-01  7.589049E-01  1.060094E+00
     1.5000    7.083462E-01  7.523452E-01  1.227106E+00
     1.5500    7.321073E-01  7.432300E-01  1.397575E+00
     1.6000    7.319782E-01  7.319812E-01  1.573644E+00
     1.6500    7.058480E-01  7.176564E-01  1.752452E+00
     1.7000    6.542750E-01  7.009627E-01  1.937833E+00
     1.7500    5.786378E-01  6.807922E-01  2.125707E+00
     1.8000    4.816211E-01  6.575584E-01  2.319696E+00
     1.8500    3.690778E-01  6.306562E-01  2.516431E+00
     1.9000    2.452467E-01  6.002694E-01  2.720716E+00
     1.9500    1.195885E-01  5.660298E-01  2.928712E+00
     2.0000    2.158276E-03  5.280660E-01  3.137506E+00
     2.0500   -9.890856E-02  4.867663E-01  3.346213E+00
     2.1000   -1.773007E-01  4.411376E-01  3.555202E+00
     2.1500   -2.277361E-01  3.913640E-01  3.762660E+00
     2.2000   -2.491351E-01  3.400957E-01  3.963644E+00
     2.2500   -2.445404E-01  2.884253E-01  4.153503E+00
     2.3000   -2.187641E-01  2.365741E-01  4.321884E+00
     2.3500   -1.780993E-01  1.849339E-01  4.439674E+00
     2.4000   -1.371292E-01  1.410236E-01  4.476834E+00
     2.4500   -1.049133E-01  1.105489E-01  4.391711E+00
     2.5000   -8.743679E-02  9.957687E-02  4.213434E+00
     2.5500   -8.677260E-02  1.038685E-01  4.130468E+00
     2.6000   -9.491574E-02  1.145257E-01  4.118502E+00
     2.6500   -1.095406E-01  1.275616E-01  4.174374E+00
     2.7000   -1.274122E-01  1.403616E-01  4.279464E+00
     2.7500   -1.430066E-01  1.500031E-01  4.405763E+00
     2.8000   -1.560942E-01  1.582290E-01  4.547935E+00
     2.8500   -1.650100E-01  1.650200E-01  4.701382E+00
     2.9000   -1.684262E-01  1.703400E-01  4.862432E+00
     2.9500   -1.652369E-01  1.739730E-01  5.030638E+00
     3.0000   -1.551419E-01  1.758498E-01  5.202584E+00
     3.0500   -1.388210E-01  1.761640E-01  5.375597E+00
     3.1000   -1.174663E-01  1.751495E-01  5.548083E+00
     3.1500   -9.229839E-02  1.730528E-01  5.720625E+00
     3.2000   -6.488443E-02  1.700029E-01  5.891587E+00
     3.2500   -3.695929E-02  1.662614E-01  6.059016E+00
     3.3000   -9.899095E-03  1.621670E-01  6.222105E+00
     3.3500    1.556087E-02  1.581063E-01  6.381765E+00
     3.4000    3.895909E-02  1.542925E-01  6.538450E+00
     3.4500    6.004505E-02  1.509085E-01  6.692402E+00
     3.5000    7.891038E-02  1.480898E-01  6.845156E+00
     3.5500    9.586455E-02  1.460840E-01  6.998995E+00
     3.6000    1.109456E-01  1.448264E-01  7.155873E+00
     3.6500    1.236543E-01  1.439253E-01  7.316803E+00
     3.7000    1.334338E-01  1.431847E-01  7.482801E+00
     3.7500    1.396715E-01  1.424708E-01  7.655423E+00
     3.8000    1.415864E-01  1.416110E-01  7.835371E+00
     3.8500    1.383208E-01  1.402630E-01  8.020591E+00
     3.9000    1.295710E-01  1.382480E-01  8.210161E+00
     3.9500    1.155528E-01  1.355743E-01  8.404372E+00
     4.0000    9.679633E-02  1.323013E-01  8.604060E+00
     4.0500    7.443129E-02  1.281729E-01  8.805177E+00
     4.1000    5.006898E-02  1.232518E-01  9.006450E+00
     4.1500    2.540899E-02  1.176478E-01  9.207088E+00
     4.2000    2.039559E-03  1.114748E-01  9.406481E+00
     4.2500   -1.844448E-02  1.048873E-01  9.601547E+00
     4.3000   -3.511116E-02  9.809562E-02  9.790826E+00
     4.3500   -4.759565E-02  9.131830E-02  9.973042E+00
     4.4000   -5.602541E-02  8.476039E-02  1.014691E+01
     4.4500   -6.096237E-02  7.867835E-02  1.031122E+01
     4.5000   -6.325082E-02  7.327509E-02  1.046635E+01
     4.5500   -6.376385E-02  6.870767E-02  1.061391E+01
     4.6000   -6.324960E-02  6.510052E-02  1.075654E+01
     4.6500   -6.209265E-02  6.238489E-02  1.089874E+01
     4.7000   -6.036205E-02  6.043685E-02  1.104533E+01
     4.7500   -5.783283E-02  5.906790E-02  1.120043E+01
     4.8000   -5.418626E-02  5.813006E-02  1.136605E+01
     4.8500   -4.887550E-02  5.728788E-02  1.154436E+01
     4.9000   -4.160571E-02  5.633894E-02  1.173554E+01
     4.9500   -3.235631E-02  5.512714E-02  1.193910E+01
     5.0000   -2.153907E-02  5.361473E-02  1.215296E+01
     5.0500   -9.746924E-03  5.162820E-02  1.237644E+01
     5.1000    2.066495E-03  4.913947E-02  1.260844E+01
     5.1500    1.283303E-02  4.616276E-02  1.284808E+01
     5.2000    2.154969E-02  4.284937E-02  1.309334E+01
     5.2500    2.747184E-02  3.914155E-02  1.334437E+01
     5.3000    3.019070E-02  3.512003E-02  1.360094E+01
     5.3500    2.972618E-02  3.087724E-02  1.386326E+01
     5.4000    2.654699E-02  2.654776E-02  1.412955E+01
     5.4500    2.140058E-02  2.217794E-02  1.440271E+01
     5.5000    1.524390E-02  1.786759E-02  1.468595E+01
     5.5500    9.063301E-03  1.371746E-02  1.498620E+01
     5.6000    3.783097E-03  9.830580E-03  1.531294E+01
     5.6500   -3.967877E-05  6.307178E-03  1.571425E+01
     5.7000   -2.103421E-03  3.459310E-03  1.636156E+01
     5.7500   -2.417582E-03  2.567267E-03  1.762192E+01
     5.8000   -1.183286E-03  4.071541E-03  1.855468E+01
     5.8500    1.075808E-03  6.006227E-03  1.902964E+01
     5.9000    3.818890E-03  7.725479E-03  1.936661E+01
     5.9500    6.538379E-03  9.115498E-03  1.964945E+01
     6.0000    8.911713E-03  1.017688E-02  1.991640E+01
     6.0500    1.057266E-02  1.093627E-02  2.016176E+01
     6.1000    1.141739E-02  1.142331E-02  2.038817E+01
     6.1500    1.149770E-02  1.168060E-02  2.059755E+01
     6.2000    1.096305E-02  1.175934E-02  2.079047E+01
     6.2500    1.000917E-02  1.171668E-02  2.096701E+01
     6.3000    8.830064E-03  1.161334E-02  2.112731E+01
     6.3500    7.581256E-03  1.151101E-02  2.127218E+01
     6.4000    6.357808E-03  1.146875E-02  2.140356E+01
     6.4500    5.187219E-03  1.153839E-02  2.152487E+01
     6.5000    3.909348E-03  1.176164E-02  2.165232E+01
     6.5500    2.534108E-03  1.213280E-02  2.178074E+01
     6.6000    1.005441E-03  1.266301E-02  2.191167E+01
     6.6500   -7.724030E-04  1.335540E-02  2.204902E+01
     6.7000   -2.886324E-03  1.420172E-02  2.219581E+01
     6.7500   -5.389403E-03  1.518362E-02  2.235401E+01
     6.8000   -8.274623E-03  1.627439E-02  2.252453E+01
     6.8500   -1.145183E-02  1.744090E-02  2.270746E+01
     6.9000   -1.473410E-02  1.864554E-02  2.290232E+01
     6.9500   -1.783996E-02  1.984793E-02  2.310825E+01
     7.0000   -2.045232E-02  2.102890E-02  2.332723E+01
     7.0500   -2.214130E-02  2.214173E-02  2.355570E+01
     7.1000   -2.253192E-02  2.313912E-02  2.379154E+01
     7.1500   -2.136270E-02  2.398223E-02  2.403370E+01
     7.2000   -1.853577E-02  2.463664E-02  2.428110E+01
     7.2500   -1.415987E-02  2.507389E-02  2.453264E+01
     7.3000   -8.559099E-03  2.527284E-02  2.478724E+01
     7.3500   -2.240909E-03  2.522074E-02  2.504377E+01
     7.4000    4.173586E-03  2.491404E-02  2.530105E+01
     7.4500    1.004519E-02  2.435898E-02  2.555781E+01
     7.5000    1.485967E-02  2.360298E-02  2.581374E+01
     7.5500    1.820163E-02  2.264895E-02  2.606613E+01
     7.6000    1.989546E-02  2.152069E-02  2.631241E+01
     7.6500    2.003079E-02  2.026842E-02  2.655026E+01
     7.7000    1.890343E-02  1.895470E-02  2.677711E+01
     7.7500    1.693251E-02  1.765382E-02  2.699038E+01
     7.8000    1.455592E-02  1.644952E-02  2.718809E+01
     7.8500    1.212934E-02  1.542913E-02  2.736981E+01
     7.9000    9.853381E-03  1.467209E-02  2.753800E+01
     7.9500    7.746394E-03  1.423308E-02  2.769884E+01
     8.0000    5.684275E-03  1.414798E-02  2.786088E+01
     8.0500    3.425444E-03  1.438060E-02  2.803382E+01
     8.1000    7.314998E-04  1.485041E-02  2.822506E+01
     8.1500   -2.519375E-03  1.546900E-02  2.843793E+01
     8.2000   -6.263024E-03  1.614953E-02  2.867259E+01
     8.2500   -1.021901E-02  1.681844E-02  2.892738E+01
     8.3000   -1.391817E-02  1.741979E-02  2.919994E+01
     8.3500   -1.678446E-02  1.791526E-02  2.948793E+01
     8.4000   -1.825370E-02  1.828219E-02  2.978929E+01
     8.4500   -1.790253E-02  1.851120E-02  3.010228E+01
     8.5000   -1.557586E-02  1.862174E-02  3.042518E+01
     8.5500   -1.139582E-02  1.861065E-02  3.075693E+01
     8.6000   -5.801428E-03  1.847968E-02  3.109659E+01
     8.6500    4.964773E-04  1.824749E-02  3.144314E+01
     8.7000    6.645683E-03  1.793521E-02  3.179552E+01
     8.7500    1.180013E-02  1.756421E-02  3.215260E+01
     8.8000    1.526628E-02  1.715419E-02  3.251315E+01
     8.8500    1.661868E-02  1.672148E-02  3.287578E+01
     8.9000    1.576288E-02  1.627800E-02  3.323897E+01
     8.9500    1.293584E-02  1.583073E-02  3.360110E+01
     9.0000    8.649399E-03  1.538866E-02  3.396064E+01
     9.0500    3.574856E-03  1.494641E-02  3.431600E+01
     9.1000   -1.562683E-03  1.449599E-02  3.466553E+01
     9.1500   -6.107535E-03  1.403413E-02  3.500777E+01
     9.2000   -9.572461E-03  1.355836E-02  3.534138E+01
     9.2500   -1.169157E-02  1.306844E-02  3.566515E+01
     9.3000   -1.242568E-02  1.256741E-02  3.597799E+01
     9.3500   -1.192562E-02  1.206226E-02  3.627898E+01
     9.4000   -1.046711E-02  1.156402E-02  3.656739E+01
     9.4500   -8.375350E-03  1.108733E-02  3.684285E+01
     9.5000   -5.957660E-03  1.066043E-02  3.710610E+01
     9.5500   -3.445398E-03  1.029767E-02  3.735795E+01
     9.6000   -9.949388E-04  1.000508E-02  3.759950E+01
     9.6500    1.309426E-03  9.793358E-03  3.783322E+01
     9.7000    3.433291E-03  9.666064E-03  3.806223E+01
     9.7500    5.357733E-03  9.618226E-03  3.828993E+01
     9.8000    7.048003E-03  9.636522E-03  3.851946E+01
     9.8500    8.435017E-03  9.701005E-03  3.875330E+01
     9.9000    9.414981E-03  9.787757E-03  3.899303E+01
     9.9500    9.867080E-03  9.871678E-03  3.923939E+01
    10.0000    9.704359E-03  9.951442E-03  3.949321E+01
    10.0500    8.858147E-03  1.000643E-02  3.975368E+01
    10.1000    7.321049E-03  9.999545E-03  4.001925E+01
    10.1500    5.197710E-03  9.917042E-03  4.028902E+01
    10.2000    2.681773E-03  9.749089E-03  4.056203E+01
    10.2500    3.294159E-05  9.489793E-03  4.083723E+01
    10.3000   -2.461870E-03  9.137108E-03  4.111351E+01
    10.3500   -4.535616E-03  8.692691E-03  4.138963E+01
    10.4000   -5.986581E-03  8.161745E-03  4.166415E+01
    10.4500   -6.712484E-03  7.552894E-03  4.193527E+01
    10.5000   -6.725773E-03  6.878137E-03  4.220063E+01
    10.5500   -6.146661E-03  6.152998E-03  4.245689E+01
    10.6000   -5.175260E-03  5.397046E-03  4.269918E+01
    10.6500   -4.048725E-03  4.635172E-03  4.291999E+01
    10.7000   -2.992596E-03  3.900313E-03  4.310772E+01
    10.7500   -2.176723E-03  3.238524E-03  4.324521E+01
    10.8000   -1.685129E-03  2.715397E-03  4.331281E+01
    10.8500   -1.505925E-03  2.411548E-03  4.330785E+01
    10.9000   -1.542882E-03  2.378496E-03  4.327645E+01
    10.9500   -1.645372E-03  2.579814E-03  4.329068E+01
    11.0000   -1.643066E-03  2.918370E-03  4.338428E+01
    11.0500   -1.400572E-03  3.301282E-03  4.354416E+01
    11.1000   -8.555748E-04  3.670366E-03  4.374703E+01
    11.1500   -1.663502E-05  3.993398E-03  4.397813E+01
    11.2000    1.032724E-03  4.251824E-03  4.422764E+01
    11.2500    2.152995E-03  4.435636E-03  4.448910E+01
    11.3000    3.179845E-03  4.540646E-03  4.475812E+01
    11.3500    3.959816E-03  4.567020E-03  4.503154E+01
    11.4000    4.382159E-03  4.518427E-03  4.530688E+01
    11.4500    4.399632E-03  4.401476E-03  4.558204E+01
    11.5000    4.034046E-03  4.225290E-03  4.585511E+01
    11.5500    3.366197E-03  4.001113E-03  4.612418E+01
    11.6000    2.513653E-03  3.741926E-03  4.638732E+01
    11.6500    1.602683E-03  3.461993E-03  4.664258E+01
    11.7000    7.417058E-04  3.176284E-03  4.688820E+01
    11.7500    2.813269E-06  2.899669E-03  4.712292E+01
    11.8000   -5.846434E-04  2.645737E-03  4.734670E+01
    11.8500   -1.027924E-03  2.425188E-03  4.756159E+01
    11.9000   -1.355283E-03  2.243994E-03  4.777235E+01
    11.9500   -1.596493E-03  2.102025E-03  4.798644E+01
    12.0000   -1.775014E-03  2.000731E-03  4.821509E+01
    12.0500   -1.880968E-03  1.930140E-03  4.846848E+01
    12.1000   -1.866261E-03  1.869134E-03  4.875014E+01
    12.1500   -1.687779E-03  1.810148E-03  4.906449E+01
    12.2000   -1.316090E-03  1.750873E-03  4.941488E+01
    12.2500   -7.553241E-04  1.695539E-03  4.980378E+01
    12.3000   -5.599052E-05  1.655082E-03  5.023165E+01
    12.3500    6.844046E-04  1.645523E-03  5.069444E+01
    12.4000    1.334903E-03  1.683542E-03  5.118106E+01
    12.4500    1.756769E-03  1.779989E-03  5.167458E+01
    12.5000    1.835628E-03  1.935114E-03  5.215833E+01
    12.5500    1.512089E-03  2.138981E-03  5.262194E+01
    12.6000    8.026305E-04  2.375693E-03  5.306244E+01
    12.6500   -1.955177E-04  2.627650E-03  5.348155E+01
    12.7000   -1.318038E-03  2.878044E-03  5.388278E+01
    12.7500   -2.363697E-03  3.111882E-03  5.426973E+01
    12.8000   -3.134751E-03  3.316284E-03  5.464547E+01
    12.8500   -3.478480E-03  3.480551E-03  5.501237E+01
    12.9000   -3.320190E-03  3.596169E-03  5.537219E+01
    12.9500   -2.679793E-03  3.656821E-03  5.572621E+01
    13.0000   -1.668159E-03  3.664866E-03  5.607610E+01
    13.0500   -4.546314E-04  3.621045E-03  5.642278E+01
    13.1000    7.555277E-04  3.515169E-03  5.676529E+01
    13.1500    1.764213E-03  3.348657E-03  5.710355E+01
    13.2000    2.425210E-03  3.124905E-03  5.743711E+01
    13.2500    2.672090E-03  2.849199E-03  5.776502E+01
    13.3000    2.527155E-03  2.528615E-03  5.808548E+01
    13.3500    2.089940E-03  2.171980E-03  5.839519E+01
    13.4000    1.508672E-03  1.790011E-03  5.868774E+01
    13.4500    9.420941E-04  1.396092E-03  5.894956E+01
    13.5000    5.211708E-04  1.009294E-03  5.914765E+01
    13.5500    3.198926E-04  6.669960E-04  5.919006E+01
    13.6000    3.419110E-04  4.725927E-04  5.888143E+01
    13.6500    5.255897E-04  5.615772E-04  5.847941E+01
    13.7000    7.654220E-04  8.083792E-04  5.844693E+01
    13.7500    9.437387E-04  1.072301E-03  5.861417E+01
    13.8000    9.642279E-04  1.306381E-03  5.886002E+01
    13.8500    7.785603E-04  1.492436E-03  5.914145E+01
    13.9000    3.993776E-04  1.620999E-03  5.944132E+01
    13.9500   -1.034728E-04  1.686582E-03  5.975165E+01
    14.0000   -6.263972E-04  1.690790E-03  6.006978E+01
    14.0500   -1.058495E-03  1.635110E-03  6.039437E+01
    14.1000   -1.297029E-03  1.512207E-03  6.072105E+01
    14.1500   -1.294281E-03  1.324166E-03  6.104820E+01
    14.2000   -1.067971E-03  1.074755E-03  6.137348E+01
    14.2500   -6.992460E-04  7.693599E-04  6.169129E+01
    14.3000   -3.134276E-04  4.151946E-04  6.197636E+01
    14.3500   -4.799361E-05  4.813845E-05  6.118346E+01
    14.4000   -1.565359E-05  4.167408E-04  5.972783E+01
    14.4500   -2.718400E-04  8.686847E-04  6.000854E+01
    14.5000   -7.950864E-04  1.334788E-03  6.032835E+01
    14.5500   -1.485778E-03  1.804101E-03  6.065791E+01
    14.6000   -2.184358E-03  2.266242E-03  6.099142E+01
    14.6500   -2.705338E-03  2.711217E-03  6.132693E+01
    14.7000   -2.879494E-03  3.129602E-03  6.166356E+01
    14.7500   -2.594532E-03  3.512765E-03  6.200086E+01
    14.8000   -1.824614E-03  3.853072E-03  6.233854E+01
    14.8500   -6.416425E-04  4.144070E-03  6.267639E+01
    14.9000    7.946597E-04  4.380633E-03  6.301427E+01
    14.9500    2.265951E-03  4.559079E-03  6.335201E+01
    15.0000    3.541705E-03  4.680992E-03  6.368997E+01
    15.0500    4.420231E-03  4.748486E-03  6.402864E+01
    15.1000    4.751935E-03  4.754943E-03  6.436708E+01
    15.1500    4.489009E-03  4.702397E-03  6.470506E+01
    15.2000    3.685988E-03  4.594373E-03  6.504234E+01
    15.2500    2.485673E-03  4.435776E-03  6.537861E+01
    15.3000    1.087768E-03  4.232738E-03  6.571354E+01
    15.3500   -2.921262E-04  3.992434E-03  6.604668E+01
    15.4000   -1.463657E-03  3.722879E-03  6.637750E+01
    15.4500   -2.294019E-03  3.432694E-03  6.670535E+01
    15.5000   -2.725032E-03  3.130865E-03  6.702941E+01
    15.5500   -2.772651E-03  2.826494E-03  6.734874E+01
    15.6000   -2.510955E-03  2.528538E-03  6.766224E+01
    15.6500   -2.046196E-03  2.245537E-03  6.796878E+01
    15.7000   -1.488416E-03  1.985311E-03  6.826741E+01
    15.7500   -9.279674E-04  1.754601E-03  6.855776E+01
    15.8000   -4.221767E-04  1.558614E-03  6.884075E+01
    15.8500    5.914004E-06  1.400521E-03  6.911926E+01
    15.9000    3.584066E-04  1.281036E-03  6.939860E+01
    15.9500    6.475148E-04  1.198395E-03  6.968585E+01
    16.0000    8.804132E-04  1.148564E-03  6.998847E+01
    16.0500    1.048466E-03  1.126385E-03  7.031170E+01
    16.1000    1.127921E-03  1.128404E-03  7.065658E+01
    16.1500    1.087072E-03  1.151262E-03  7.102134E+01
    16.2000    8.995915E-04  1.192151E-03  7.140159E+01
    16.2500    5.595928E-04  1.248198E-03  7.179175E+01
    16.3000    9.243910E-05  1.315884E-03  7.218632E+01
    16.3500   -4.430431E-04  1.390785E-03  7.258084E+01
    16.4000   -9.627012E-04  1.467655E-03  7.297207E+01
    16.4500   -1.374052E-03  1.540755E-03  7.335795E+01
    16.5000   -1.597755E-03  1.604273E-03  7.373725E+01
    16.5500   -1.587559E-03  1.652743E-03  7.410921E+01
    16.6000   -1.342840E-03  1.681409E-03  7.447319E+01
    16.6500   -9.098143E-04  1.686555E-03  7.482844E+01
    16.7000   -3.706567E-04  1.665782E-03  7.517383E+01
    16.7500    1.767219E-04  1.618285E-03  7.550765E+01
    16.8000    6.427213E-04  1.545148E-03  7.582722E+01
    16.8500    9.671867E-04  1.449724E-03  7.612860E+01
    16.9000    1.131666E-03  1.338169E-03  7.640607E+01
    16.9500    1.159375E-03  1.220200E-03  7.665194E+01
    17.0000    1.101658E-03  1.108322E-03  7.685930E+01
    17.0500    1.018418E-03  1.019936E-03  7.702358E+01
    17.1000    9.640176E-04  9.797338E-04  7.714838E+01
    17.1500    9.585464E-04  1.001344E-03  7.726244E+01
    17.2000    9.825667E-04  1.082318E-03  7.740172E+01
    17.2500    9.836716E-04  1.206178E-03  7.758618E+01
    17.3000    8.952214E-04  1.352191E-03  7.781626E+01
    17.3500    6.616395E-04  1.502013E-03  7.808366E+01
    17.4000    2.623259E-04  1.641270E-03  7.837930E+01
    17.4500   -2.737041E-04  1.759049E-03  7.869605E+01
    17.5000   -8.678792E-04  1.847155E-03  7.902893E+01
    17.5500   -1.407998E-03  1.899584E-03  7.937469E+01
    17.6000   -1.776381E-03  1.912240E-03  7.973139E+01
    17.6500   -1.882646E-03  1.882792E-03  8.009816E+01
    17.7000   -1.691666E-03  1.810632E-03  8.047513E+01
    17.7500   -1.238088E-03  1.696893E-03  8.086364E+01
    17.8000   -6.222795E-04  1.544578E-03  8.126675E+01
    17.8500    1.232640E-05  1.358887E-03  8.169048E+01
    17.9000    5.151376E-04  1.148106E-03  8.214670E+01
    17.9500    7.681493E-04  9.260351E-04  8.265963E+01
    18.0000    7.180545E-04  7.182487E-04  8.327546E+01
    18.0500    3.950052E-04  5.721475E-04  8.406097E+01
    18.1000   -9.262027E-05  5.647117E-04  8.498776E+01
    18.1500   -5.894800E-04  7.087182E-04  8.580526E+01
    18.2000   -9.322496E-04  9.332780E-04  8.644075E+01
    18.2500   -9.941526E-04  1.183432E-03  8.696720E+01
    18.3000   -7.207387E-04  1.431840E-03  8.743711E+01
    18.3500   -1.469322E-04  1.663411E-03  8.787615E+01
    18.4000    6.096457E-04  1.868244E-03  8.829700E+01
    18.4500    1.377623E-03  2.039156E-03  8.870635E+01
    18.5000    1.975502E-03  2.170811E-03  8.910795E+01
    18.5500    2.258287E-03  2.259400E-03  8.950400E+01
    18.6000    2.154573E-03  2.302530E-03  8.989583E+01
    18.6500    1.684140E-03  2.299171E-03  9.028420E+01
    18.7000    9.514981E-04  2.249630E-03  9.066948E+01
    18.7500    1.173980E-04  2.155501E-03  9.105170E+01
    18.8000   -6.435937E-04  2.019614E-03  9.143051E+01
    18.8500   -1.187693E-03  1.845956E-03  9.180512E+01
    18.9000   -1.436470E-03  1.639596E-03  9.217393E+01
    18.9500   -1.392256E-03  1.406630E-03  9.253390E+01
    19.0000   -1.131796E-03  1.155027E-03  9.287788E+01
    19.0500   -7.796345E-04  8.941644E-04  9.318868E+01
    19.1000   -4.627340E-04  6.346993E-04  9.343083E+01
    19.1500   -2.787158E-04  4.049816E-04  9.348875E+01
    19.2000   -2.662454E-04  2.944662E-04  9.311836E+01
    19.2500   -3.965208E-04  3.984125E-04  9.277447E+01
    19.3000   -5.858504E-04  5.950205E-04  9.285277E+01
    19.3500   -7.250876E-04  7.976757E-04  9.310690E+01
    19.4000   -7.167391E-04  9.814111E-04  9.342900E+01
    19.4500   -5.083663E-04  1.136405E-03  9.378398E+01
    19.5000   -1.120860E-04  1.257597E-03  9.415853E+01
    19.5500    3.958243E-04  1.342399E-03  9.454709E+01
    19.6000    8.952518E-04  1.390089E-03  9.494753E+01
    19.6500    1.256585E-03  1.401647E-03  9.535960E+01
    19.7000    1.378940E-03  1.379745E-03  9.578441E+01
    19.7500    1.220951E-03  1.328820E-03  9.622428E+01
    19.8000    8.149361E-04  1.255209E-03  9.668278E+01
    19.8500    2.600826E-04  1.167343E-03  9.716469E+01
    19.9000   -3.035713E-04  1.075912E-03  9.767541E+01
    19.9500   -7.329977E-04  9.936506E-04  9.821900E+01