# # tequil.ion_motion                                            FEFF 9.05   
# # POT  SCF  30  5.5000   1, core-hole, AFOLP (folp(0)= 1.150)
# # Abs   Z=30 Rmt= 1.328 Rnm= 1.417 K  shell
# # Pot 1 Z=26 Rmt= 1.301 Rnm= 1.389
# # Pot 2 Z= 8 Rmt= 0.984 Rnm= 1.069
# # Gam_ch=1.897E+00 H-L exch
# # Mu=-1.186E+01 kf=2.224E+00 Vint=-1.973E+01 Rs_int= 1.630
# # PATH  Rmax= 8.500,  Keep_limit= 0.00, Heap_limit 0.00  Pwcrit= 2.50%
#  S02=1.000                                        Global_sig2= 0.00000
#  Energy zero shift, vr, vi   -2.00000E+00   0.00000E+00
#  Curved wave amplitude ratio filter   4.000%
#     file         sig2 tot  cw amp ratio   deg  nlegs   reff  inp sig2
#           1       0.00000    100.00      1.00     2   1.9213
#           2       0.00000     86.31      1.00     2   2.0361
#           3       0.00000     86.11      1.00     2   2.0379
#           4       0.00000     73.06      1.00     2   2.1737
#           5       0.00000     61.36      1.00     2   2.3265
#           6       0.00000     58.57      1.00     2   2.3689
#           7       0.00000     34.30      1.00     2   2.8488
#           8       0.00000     30.70      1.00     2   2.9921
#           9       0.00000     28.70      1.00     2   3.0816
#          10       0.00000     28.18      1.00     2   3.1060
#          11       0.00000     26.17      1.00     2   3.2066
#          12       0.00000     24.79      1.00     2   3.2800
#          13       0.00000     24.52      1.00     2   3.2970
#          14       0.00000     23.56      1.00     2   3.3419
#          15       0.00000     10.68      2.00     3   3.3819
#          16       0.00000     22.83      1.00     2   3.3981
#          17       0.00000     22.20      1.00     2   3.4160
#          18       0.00000     10.68      2.00     3   3.4970
#          19       0.00000     10.06      2.00     3   3.5019
#          20       0.00000     20.28      1.00     2   3.5311
#          21       0.00000     15.18      2.00     3   3.5503
#          22       0.00000     19.87      1.00     2   3.5573
#          23       0.00000      7.46      2.00     3   3.5599
#          24       0.00000      7.26      2.00     3   3.5617
#          25       0.00000     10.40      2.00     3   3.5847
#          26       0.00000      6.90      2.00     3   3.5873
#          27       0.00000      8.59      2.00     3   3.5921
#          28       0.00000     19.22      1.00     2   3.6007
#          29       0.00000      7.72      2.00     3   3.6065
#          30       0.00000     15.30      2.00     3   3.6189
#          31       0.00000      9.98      2.00     3   3.6190
#          32       0.00000      6.33      2.00     3   3.6199
#          33       0.00000      9.28      2.00     3   3.6225
#          34       0.00000      9.18      2.00     3   3.6243
#          35       0.00000      9.19      2.00     3   3.6331
#          36       0.00000     19.31      1.00     2   3.6422
#          37       0.00000     16.61      2.00     3   3.6520
#          38       0.00000      8.31      2.00     3   3.6648
#          39       0.00000     18.73      1.00     2   3.6886
#          40       0.00000      7.97      2.00     3   3.6927
#          41       0.00000      6.71      2.00     3   3.7175
#          42       0.00000      6.88      2.00     3   3.7239
#          43       0.00000      6.13      2.00     3   3.7549
#          44       0.00000     17.81      1.00     2   3.7644
#          45       0.00000     17.61      1.00     2   3.7819
#          46       0.00000      5.78      2.00     3   3.7976
#          47       0.00000     16.56      1.00     2   3.7993
#          48       0.00000     16.34      2.00     3   3.8070
#          49       0.00000     11.15      2.00     3   3.8197
#          50       0.00000      9.74      1.00     4   3.8426
#          51       0.00000     16.83      1.00     2   3.8512
#          52       0.00000      4.42      1.00     4   3.8939
#          53       0.00000     16.32      1.00     2   3.8992
#          54       0.00000      4.25      1.00     4   3.9060
#          55       0.00000      5.66      1.00     4   3.9150
#          56       0.00000     12.91      2.00     3   3.9279
#          58       0.00000     14.32      2.00     3   3.9511
#          60       0.00000      6.79      1.00     4   3.9718
#          61       0.00000     14.47      1.00     2   3.9867
#          62       0.00000      4.79      1.00     4   4.0020
#          63       0.00000     14.19      1.00     2   4.0144
#          64       0.00000      7.98      2.00     3   4.0368
#          65       0.00000      7.20      1.00     4   4.0722
#          66       0.00000      7.16      1.00     4   4.0759
#          67       0.00000     12.56      2.00     3   4.0814
#          68       0.00000     11.41      2.00     3   4.0864
#          69       0.00000      5.95      1.00     4   4.1204
#          71       0.00000      7.14      2.00     3   4.1402
#          72       0.00000     20.17      2.00     3   4.1460
#          73       0.00000      7.09      2.00     3   4.1655
#          75       0.00000      7.73      2.00     3   4.1745
#          76       0.00000      7.47      2.00     3   4.1866
#          77       0.00000      6.98      2.00     3   4.2020
#          78       0.00000     12.39      1.00     2   4.2100
#          79       0.00000     13.13      2.00     4   4.2116
#          80       0.00000     20.80      2.00     3   4.2588
#          81       0.00000      6.39      2.00     3   4.2617
#          82       0.00000      4.46      1.00     4   4.2637
#          83       0.00000     17.29      2.00     3   4.2904
#          84       0.00000     15.21      2.00     4   4.2902
#          85       0.00000      7.64      2.00     3   4.3044
#          86       0.00000     11.59      1.00     2   4.3090
#          87       0.00000      5.96      2.00     3   4.3220
#          89       0.00000     11.33      1.00     2   4.3442
#          90       0.00000      5.15      1.00     4   4.3473
#          92       0.00000     10.74      2.00     4   4.3626
#          93       0.00000     11.15      1.00     2   4.3684
#          94       0.00000      7.64      2.00     3   4.4255
#          95       0.00000     10.55      1.00     2   4.4523
#          96       0.00000     21.52      2.00     3   4.4526
#          97       0.00000     10.50      1.00     2   4.4594
#          98       0.00000      6.55      2.00     3   4.5091
#          99       0.00000     10.02      1.00     2   4.5316
#         100       0.00000     12.66      1.00     4   4.5368
#         101       0.00000      9.97      1.00     2   4.5392
#         102       0.00000      9.90      1.00     2   4.5507
#         103       0.00000      9.80      1.00     2   4.5661
#         104       0.00000     17.46      2.00     3   4.5716
#         105       0.00000      7.42      2.00     3   4.6004
#         106       0.00000      7.37      2.00     3   4.6028
#         107       0.00000      9.48      1.00     2   4.6197
#         108       0.00000     18.07      2.00     3   4.6246
#         109       0.00000      9.42      1.00     2   4.6281
#         110       0.00000      9.29      1.00     2   4.6515
#         113       0.00000      7.87      2.00     3   4.6572
#         114       0.00000     15.79      2.00     3   4.6615
#         115       0.00000     15.48      2.00     3   4.6743
#         116       0.00000      4.59      2.00     3   4.6739
#         117       0.00000      8.02      2.00     3   4.6799
#         118       0.00000      9.11      1.00     2   4.6823
#         119       0.00000      9.53      1.00     4   4.6838
#         120       0.00000      4.78      2.00     3   4.6929
#         121       0.00000     14.96      2.00     3   4.6948
#         122       0.00000      4.26      2.00     3   4.7042
#         123       0.00000      4.24      2.00     3   4.7114
#         124       0.00000     10.14      1.00     4   4.7176
#         125       0.00000      8.90      1.00     2   4.7189
#         126       0.00000      8.14      2.00     3   4.7326
#         127       0.00000      4.45      2.00     3   4.7354
#         129       0.00000      6.01      2.00     3   4.7523
#         130       0.00000      4.01      2.00     3   4.7618
#         131       0.00000      7.70      2.00     3   4.7777
#         132       0.00000      8.50      1.00     4   4.7837
#         133       0.00000      8.20      1.00     4   4.7979
#         135       0.00000      8.37      1.00     2   4.8180
#         136       0.00000      8.13      2.00     3   4.8178
#         137       0.00000      7.85      1.00     4   4.8235
#         138       0.00000      8.34      1.00     2   4.8249
#         139       0.00000     10.75      2.00     3   4.8264
#         140       0.00000      9.38      2.00     3   4.8547
#         141       0.00000      9.20      1.00     2   4.8559
#         142       0.00000      4.95      2.00     3   4.8593
#         143       0.00000      4.88      2.00     3   4.8619
#         146       0.00000      8.09      1.00     2   4.8741
#         147       0.00000      5.75      2.00     3   4.8811
#         148       0.00000      4.74      2.00     4   4.8849
#         149       0.00000      6.80      2.00     3   4.9223
#         150       0.00000      8.04      2.00     3   4.9424
#         152       0.00000     12.38      2.00     3   4.9490
#         154       0.00000      8.85      2.00     3   4.9530
#         157       0.00000      9.10      2.00     3   4.9920
#         159       0.00000      6.38      2.00     3   4.9971
#         163       0.00000      4.96      1.00     4   5.0247
#         165       0.00000      7.37      1.00     2   5.0296
#         167       0.00000     18.08      2.00     3   5.0384
#         169       0.00000      8.70      2.00     3   5.0446
#         170       0.00000      8.28      1.00     2   5.0456
#         171       0.00000     11.29      1.00     4   5.0471
#         172       0.00000      5.78      2.00     3   5.0547
#         173       0.00000      8.17      1.00     2   5.0698
#         175       0.00000      6.33      1.00     4   5.0800
#         177       0.00000      4.09      1.00     4   5.0898
#         179       0.00000      7.81      2.00     3   5.1153
#         180       0.00000      7.96      1.00     2   5.1188
#         181       0.00000      4.34      1.00     4   5.1280
#         182       0.00000      7.89      1.00     2   5.1341
#         184       0.00000      8.22      2.00     3   5.1561
#         186       0.00000      6.71      1.00     2   5.1869
#         188       0.00000      8.51      2.00     3   5.1941
#         189       0.00000      7.50      2.00     3   5.2063
#         191       0.00000      7.48      2.00     3   5.2366
#         192       0.00000      9.21      2.00     3   5.2401
#         193       0.00000      6.77      2.00     3   5.2507
#         194       0.00000      6.47      1.00     2   5.2519
#         195       0.00000      6.44      1.00     2   5.2586
#         196       0.00000     15.59      2.00     3   5.2595
#         197       0.00000      9.49      1.00     4   5.2603
#         198       0.00000      7.07      2.00     3   5.2642
#         201       0.00000      6.35      1.00     2   5.2825
#         202       0.00000      7.28      1.00     2   5.2831
#         207       0.00000      7.13      1.00     2   5.3227
#         208       0.00000      6.18      1.00     2   5.3310
#         210       0.00000      6.15      1.00     2   5.3387
#         212       0.00000      4.90      2.00     3   5.3444
#         213       0.00000      4.31      1.00     4   5.3461
#         214       0.00000     13.75      2.00     3   5.3476
#         217       0.00000      7.92      1.00     4   5.3641
#         218       0.00000      6.93      1.00     2   5.3753
#         220       0.00000      6.12      2.00     3   5.3826
#         221       0.00000      5.59      2.00     3   5.4138
#         222       0.00000      4.33      2.00     3   5.4399
#         224       0.00000      5.16      2.00     3   5.4542
#         227       0.00000      5.48      2.00     3   5.4742
#         228       0.00000      6.55      1.00     2   5.4853
#         229       0.00000      5.64      1.00     2   5.4926
#         230       0.00000      4.82      2.00     3   5.5009
#         231       0.00000      6.47      1.00     2   5.5067
#         232       0.00000      5.87      2.00     3   5.5080
#         234       0.00000      5.54      1.00     2   5.5247
#         237       0.00000      7.20      2.00     3   5.5336
#         238       0.00000      4.98      2.00     3   5.5418
#         239       0.00000      5.47      1.00     2   5.5481
#         241       0.00000      5.06      2.00     3   5.5763
#         244       0.00000      7.06      2.00     3   5.5962
#         245       0.00000      4.40      2.00     3   5.5976
#         247       0.00000      4.04      2.00     3   5.6131
#         249       0.00000      6.09      1.00     2   5.6232
#         252       0.00000      5.44      2.00     3   5.6329
#         253       0.00000      5.76      2.00     3   5.6353
#         254       0.00000      5.21      1.00     2   5.6365
#         256       0.00000      4.63      2.00     3   5.6431
#         260       0.00000      4.81      2.00     3   5.6657
#         262       0.00000      6.57      2.00     3   5.6764
#         263       0.00000      4.25      2.00     3   5.6774
#         268       0.00000      4.95      2.00     4   5.6984
#         269       0.00000      5.11      2.00     3   5.7015
#         272       0.00000      5.84      1.00     2   5.7083
#         273       0.00000      7.61      2.00     3   5.7131
#         276       0.00000      4.03      2.00     4   5.7174
#         277       0.00000      4.22      2.00     3   5.7247
#         280       0.00000      4.83      2.00     3   5.7284
#         282       0.00000      4.93      1.00     2   5.7362
#         283       0.00000      4.01      2.00     3   5.7367
#         288       0.00000      4.97      2.00     3   5.7712
#         290       0.00000      6.11      2.00     3   5.7754
#         295       0.00000      5.56      1.00     2   5.8040
#         299       0.00000      5.51      1.00     2   5.8202
#         303       0.00000      4.68      1.00     2   5.8322
#         304       0.00000      9.26      2.00     3   5.8361
#         305       0.00000      4.67      1.00     2   5.8368
#         306       0.00000      5.43      2.00     3   5.8483
#         307       0.00000      4.64      1.00     2   5.8495
#         311       0.00000      4.31      1.00     4   5.8681
#         314       0.00000      6.49      2.00     3   5.8762
#         315       0.00000      5.36      1.00     2   5.8780
#         316       0.00000      4.48      2.00     5   5.8822
#         317       0.00000      5.34      1.00     2   5.8831
#         321       0.00000      4.36      2.00     3   5.8927
#         323       0.00000      5.31      1.00     2   5.8948
#         324       0.00000      4.51      2.00     3   5.8973
#         325       0.00000      5.29      1.00     2   5.9031
#         326       0.00000      4.49      1.00     2   5.9134
#         329       0.00000      8.75      2.00     3   5.9355
#         330       0.00000      5.74      2.00     3   5.9358
#         335       0.00000      5.18      1.00     2   5.9443
#   235/ 305 paths used
#  -----------------------------------------------------------------------
#       k          chi          mag           phase @#
    -0.7000   -2.699885E-01  2.703754E-01 -1.517292E+00
    -0.6500   -2.859344E-01  2.874263E-01 -1.672729E+00
    -0.6000   -3.119862E-01  3.169018E-01 -1.747159E+00
    -0.5500   -3.424477E-01  3.492709E-01 -1.768784E+00
    -0.5000   -3.721916E-01  3.789864E-01 -1.760442E+00
    -0.4500   -3.999887E-01  4.055678E-01 -1.736856E+00
    -0.4000   -4.239284E-01  4.279335E-01 -1.707718E+00
    -0.3500   -4.454160E-01  4.478604E-01 -1.675322E+00
    -0.3000   -4.628505E-01  4.641163E-01 -1.644669E+00
    -0.2500   -4.766221E-01  4.771398E-01 -1.617384E+00
    -0.2000   -4.871706E-01  4.873060E-01 -1.594370E+00
    -0.1500   -4.954089E-01  4.954135E-01 -1.575102E+00
    -0.1000   -5.011661E-01  5.011909E-01 -1.560850E+00
    -0.0500   -5.045074E-01  5.045944E-01 -1.552230E+00
     0.0000   -5.056021E-01  5.057184E-01 -1.549346E+00
     0.0500   -5.066872E-01  5.068373E-01 -1.546457E+00
     0.1000   -5.098844E-01  5.101627E-01 -1.537761E+00
     0.1500   -5.150177E-01  5.156021E-01 -1.523180E+00
     0.2000   -5.217882E-01  5.230037E-01 -1.502606E+00
     0.2500   -5.297679E-01  5.321606E-01 -1.475933E+00
     0.3000   -5.383966E-01  5.428170E-01 -1.443090E+00
     0.3500   -5.472053E-01  5.549584E-01 -1.403445E+00
     0.4000   -5.559031E-01  5.690917E-01 -1.355089E+00
     0.4500   -5.626374E-01  5.838918E-01 -1.300152E+00
     0.5000   -5.662775E-01  5.989781E-01 -1.238838E+00
     0.5500   -5.658785E-01  6.145780E-01 -1.170023E+00
     0.6000   -5.601120E-01  6.310372E-01 -1.092120E+00
     0.6500   -5.470754E-01  6.467141E-01 -1.008308E+00
     0.7000   -5.256235E-01  6.617093E-01 -9.179237E-01
     0.7500   -4.940915E-01  6.769044E-01 -8.182166E-01
     0.8000   -4.517808E-01  6.902839E-01 -7.135019E-01
     0.8500   -3.977135E-01  7.025575E-01 -6.017596E-01
     0.9000   -3.311869E-01  7.136452E-01 -4.825933E-01
     0.9500   -2.540188E-01  7.220702E-01 -3.594853E-01
     1.0000   -1.647771E-01  7.293959E-01 -2.278760E-01
     1.0500   -6.758095E-02  7.338701E-01 -9.221909E-02
     1.1000    3.576133E-02  7.358756E-01  4.861612E-02
     1.1500    1.427630E-01  7.355443E-01  1.953314E-01
     1.2000    2.471636E-01  7.318504E-01  3.444980E-01
     1.2500    3.486018E-01  7.261476E-01  5.007347E-01
     1.3000    4.387730E-01  7.169820E-01  6.585518E-01
     1.3500    5.163838E-01  7.053638E-01  8.213725E-01
     1.4000    5.761779E-01  6.907768E-01  9.865018E-01
     1.4500    6.160410E-01  6.735616E-01  1.154523E+00
     1.5000    6.343192E-01  6.539046E-01  1.325430E+00
     1.5500    6.300899E-01  6.317897E-01  1.497424E+00
     1.6000    6.046085E-01  6.077567E-01  1.672625E+00
     1.6500    5.596017E-01  5.817014E-01  1.847327E+00
     1.7000    4.979794E-01  5.542695E-01  2.025383E+00
     1.7500    4.241676E-01  5.254311E-01  2.202072E+00
     1.8000    3.416130E-01  4.955674E-01  2.381019E+00
     1.8500    2.560183E-01  4.649616E-01  2.558483E+00
     1.9000    1.699640E-01  4.336839E-01  2.738889E+00
     1.9500    8.901484E-02  4.020950E-01  2.918366E+00
     2.0000    1.753353E-02  3.706648E-01  3.094272E+00
     2.0500   -4.216990E-02  3.397345E-01  3.266040E+00
     2.1000   -8.866358E-02  3.084892E-01  3.433117E+00
     2.1500   -1.211217E-01  2.771902E-01  3.593812E+00
     2.2000   -1.407607E-01  2.475563E-01  3.746397E+00
     2.2500   -1.494978E-01  2.198667E-01  3.889284E+00
     2.3000   -1.492375E-01  1.937941E-01  4.020564E+00
     2.3500   -1.411373E-01  1.684174E-01  4.135238E+00
     2.4000   -1.294289E-01  1.462366E-01  4.228226E+00
     2.4500   -1.170117E-01  1.278547E-01  4.297579E+00
     2.5000   -1.061919E-01  1.137478E-01  4.345850E+00
     2.5500   -9.949093E-02  1.051964E-01  4.381531E+00
     2.6000   -9.536164E-02  9.994715E-02  4.408302E+00
     2.6500   -9.425747E-02  9.785400E-02  4.440428E+00
     2.7000   -9.567038E-02  9.805988E-02  4.491177E+00
     2.7500   -9.810206E-02  9.911735E-02  4.569135E+00
     2.8000   -1.007448E-01  1.008729E-01  4.661981E+00
     2.8500   -1.028358E-01  1.029967E-01  4.768296E+00
     2.9000   -1.036189E-01  1.052136E-01  4.886718E+00
     2.9500   -1.023233E-01  1.072446E-01  5.016505E+00
     3.0000   -9.842565E-02  1.089299E-01  5.155159E+00
     3.0500   -9.168832E-02  1.102173E-01  5.300686E+00
     3.1000   -8.208302E-02  1.110933E-01  5.451800E+00
     3.1500   -6.949579E-02  1.114579E-01  5.609953E+00
     3.2000   -5.428933E-02  1.111978E-01  5.773133E+00
     3.2500   -3.732768E-02  1.103849E-01  5.938225E+00
     3.3000   -1.943017E-02  1.091575E-01  6.104230E+00
     3.3500   -1.042650E-03  1.076206E-01  6.273497E+00
     3.4000    1.714341E-02  1.056982E-01  6.446097E+00
     3.4500    3.421579E-02  1.034284E-01  6.620354E+00
     3.5000    4.951327E-02  1.008621E-01  6.796308E+00
     3.5500    6.254497E-02  9.807662E-02  6.974714E+00
     3.6000    7.279896E-02  9.504053E-02  7.155747E+00
     3.6500    7.979339E-02  9.169580E-02  7.338787E+00
     3.7000    8.329360E-02  8.804959E-02  7.523805E+00
     3.7500    8.321724E-02  8.407713E-02  7.710839E+00
     3.8000    7.965819E-02  7.974011E-02  7.899313E+00
     3.8500    7.303788E-02  7.509211E-02  8.088425E+00
     3.9000    6.396536E-02  7.016507E-02  8.277519E+00
     3.9500    5.319884E-02  6.501143E-02  8.466331E+00
     4.0000    4.159174E-02  5.968141E-02  8.653718E+00
     4.0500    3.010348E-02  5.423297E-02  8.836322E+00
     4.1000    1.958030E-02  4.876454E-02  9.011594E+00
     4.1500    1.067399E-02  4.336682E-02  9.176090E+00
     4.2000    3.819133E-03  3.815505E-02  9.324515E+00
     4.2500   -9.257052E-04  3.339747E-02  9.452499E+00
     4.3000   -3.838239E-03  2.929289E-02  9.556186E+00
     4.3500   -5.387679E-03  2.601787E-02  9.633363E+00
     4.4000   -6.082203E-03  2.373831E-02  9.683886E+00
     4.4500   -6.774257E-03  2.249993E-02  9.730602E+00
     4.5000   -7.962944E-03  2.207538E-02  9.793814E+00
     4.5500   -9.858540E-03  2.212996E-02  9.886493E+00
     4.6000   -1.238613E-02  2.240979E-02  1.001039E+01
     4.6500   -1.517859E-02  2.247289E-02  1.016631E+01
     4.7000   -1.762571E-02  2.210333E-02  1.034779E+01
     4.7500   -1.910966E-02  2.119388E-02  1.054837E+01
     4.8000   -1.926852E-02  1.981153E-02  1.076090E+01
     4.8500   -1.780793E-02  1.780982E-02  1.098099E+01
     4.9000   -1.491476E-02  1.523823E-02  1.120199E+01
     4.9500   -1.114043E-02  1.218891E-02  1.141338E+01
     5.0000   -7.347813E-03  8.847324E-03  1.158634E+01
     5.0500   -4.345480E-03  5.402766E-03  1.163186E+01
     5.1000   -2.857429E-03  2.879588E-03  1.111971E+01
     5.1500   -3.261684E-03  4.289533E-03  1.028868E+01
     5.2000   -5.586318E-03  7.650393E-03  1.024339E+01
     5.2500   -9.242631E-03  1.109841E-02  1.040890E+01
     5.3000   -1.336693E-02  1.428041E-02  1.063596E+01
     5.3500   -1.694045E-02  1.703803E-02  1.088850E+01
     5.4000   -1.901601E-02  1.927065E-02  1.115832E+01
     5.4500   -1.892306E-02  2.089971E-02  1.143400E+01
     5.5000   -1.649583E-02  2.188091E-02  1.171241E+01
     5.5500   -1.207147E-02  2.219818E-02  1.199141E+01
     5.6000   -6.361506E-03  2.188078E-02  1.227138E+01
     5.6500   -3.978076E-04  2.094524E-02  1.254738E+01
     5.7000    4.814045E-03  1.945349E-02  1.281643E+01
     5.7500    8.510225E-03  1.749477E-02  1.307439E+01
     5.8000    1.033675E-02  1.519385E-02  1.331458E+01
     5.8500    1.037518E-02  1.268824E-02  1.352378E+01
     5.9000    9.130218E-03  1.017579E-02  1.367987E+01
     5.9500    7.342723E-03  7.947166E-03  1.374463E+01
     6.0000    5.807838E-03  6.504179E-03  1.367020E+01
     6.0500    5.107435E-03  6.283504E-03  1.351537E+01
     6.1000    5.468008E-03  7.131597E-03  1.344010E+01
     6.1500    6.740533E-03  8.423158E-03  1.349406E+01
     6.2000    8.479401E-03  9.673597E-03  1.363502E+01
     6.2500    1.010726E-02  1.062990E-02  1.382228E+01
     6.3000    1.111050E-02  1.117401E-02  1.403050E+01
     6.3500    1.120467E-02  1.126746E-02  1.424278E+01
     6.4000    1.041933E-02  1.093307E-02  1.444494E+01
     6.4500    9.077016E-03  1.025690E-02  1.462154E+01
     6.5000    7.698717E-03  9.474678E-03  1.475944E+01
     6.5500    6.732733E-03  8.798144E-03  1.483654E+01
     6.6000    6.473729E-03  8.582598E-03  1.485340E+01
     6.6500    6.892666E-03  9.145945E-03  1.485439E+01
     6.7000    7.602489E-03  1.052578E-02  1.490088E+01
     6.7500    7.952865E-03  1.249649E-02  1.501813E+01
     6.8000    7.221459E-03  1.477069E-02  1.519713E+01
     6.8500    4.847860E-03  1.710795E-02  1.542066E+01
     6.9000    6.412221E-04  1.932516E-02  1.567478E+01
     6.9500   -5.102390E-03  2.128351E-02  1.595006E+01
     7.0000   -1.168035E-02  2.291890E-02  1.624273E+01
     7.0500   -1.794180E-02  2.412864E-02  1.654639E+01
     7.1000   -2.267224E-02  2.484444E-02  1.685748E+01
     7.1500   -2.489779E-02  2.503453E-02  1.717419E+01
     7.2000   -2.411371E-02  2.468985E-02  1.749521E+01
     7.2500   -2.042290E-02  2.382286E-02  1.781959E+01
     7.3000   -1.452392E-02  2.246606E-02  1.814659E+01
     7.3500   -7.549992E-03  2.066991E-02  1.847564E+01
     7.4000   -8.011326E-04  1.850026E-02  1.880624E+01
     7.4500    4.560255E-03  1.603532E-02  1.913792E+01
     7.5000    7.757936E-03  1.336576E-02  1.946882E+01
     7.5500    8.578661E-03  1.056537E-02  1.979706E+01
     7.6000    7.378624E-03  7.724963E-03  2.011978E+01
     7.6500    4.939963E-03  4.940097E-03  2.042769E+01
     7.7000    2.235662E-03  2.309422E-03  2.067377E+01
     7.7500    1.583043E-04  4.131556E-04  1.924277E+01
     7.8000   -7.081968E-04  2.307116E-03  1.853756E+01
     7.8500   -2.141624E-04  4.065711E-03  1.879686E+01
     7.9000    1.361220E-03  5.434627E-03  1.910272E+01
     7.9500    3.436224E-03  6.378735E-03  1.941845E+01
     8.0000    5.362181E-03  6.915592E-03  1.973687E+01
     8.0500    6.564202E-03  7.038932E-03  2.005099E+01
     8.1000    6.740275E-03  6.754977E-03  2.035436E+01
     8.1500    5.960069E-03  6.104635E-03  2.063841E+01
     8.2000    4.605857E-03  5.154329E-03  2.088587E+01
     8.2500    3.231457E-03  4.017151E-03  2.105646E+01
     8.3000    2.371218E-03  2.934523E-03  2.105033E+01
     8.3500    2.359452E-03  2.491336E-03  2.074719E+01
     8.4000    3.215745E-03  3.220500E-03  2.047470E+01
     8.4500    4.630289E-03  4.643958E-03  2.049710E+01
     8.5000    6.048250E-03  6.261195E-03  2.068190E+01
     8.5500    6.835342E-03  7.860497E-03  2.093679E+01
     8.6000    6.476918E-03  9.334151E-03  2.122426E+01
     8.6500    4.733630E-03  1.061198E-02  2.152879E+01
     8.7000    1.723848E-03  1.164475E-02  2.184257E+01
     8.7500   -2.097453E-03  1.239928E-02  2.216113E+01
     8.8000   -6.054596E-03  1.285691E-02  2.248148E+01
     8.8500   -9.426630E-03  1.301291E-02  2.280132E+01
     8.9000   -1.163067E-02  1.287603E-02  2.311850E+01
     8.9500   -1.236090E-02  1.246803E-02  2.343076E+01
     9.0000   -1.164894E-02  1.182706E-02  2.373571E+01
     9.0500   -9.820481E-03  1.100047E-02  2.402937E+01
     9.1000   -7.385904E-03  1.004553E-02  2.430672E+01
     9.1500   -4.882990E-03  9.035190E-03  2.456178E+01
     9.2000   -2.725120E-03  8.056405E-03  2.478768E+01
     9.2500   -1.105280E-03  7.208083E-03  2.497879E+01
     9.3000    2.137971E-05  6.589369E-03  2.513599E+01
     9.3500    8.763131E-04  6.270388E-03  2.527295E+01
     9.4000    1.742235E-03  6.255364E-03  2.541499E+01
     9.4500    2.834280E-03  6.474740E-03  2.558583E+01
     9.5000    4.212212E-03  6.836706E-03  2.579654E+01
     9.5500    5.729675E-03  7.235241E-03  2.604668E+01
     9.6000    7.055606E-03  7.578189E-03  2.633000E+01
     9.6500    7.797855E-03  7.813643E-03  2.663996E+01
     9.7000    7.630436E-03  7.912498E-03  2.697135E+01
     9.7500    6.413496E-03  7.863146E-03  2.732050E+01
     9.8000    4.261197E-03  7.667227E-03  2.768505E+01
     9.8500    1.534161E-03  7.336338E-03  2.806366E+01
     9.9000   -1.243473E-03  6.889376E-03  2.845582E+01
     9.9500   -3.518979E-03  6.350225E-03  2.886168E+01
    10.0000   -4.870906E-03  5.757470E-03  2.928280E+01
    10.0500   -5.094327E-03  5.134116E-03  2.972055E+01
    10.1000   -4.251912E-03  4.495779E-03  3.017601E+01
    10.1500   -2.677020E-03  3.867104E-03  3.065132E+01
    10.2000   -8.624472E-04  3.267633E-03  3.114883E+01
    10.2500    6.843444E-04  2.709732E-03  3.167124E+01
    10.3000    1.586682E-03  2.197439E-03  3.222270E+01
    10.3500    1.701613E-03  1.727719E-03  3.281266E+01
    10.4000    1.150085E-03  1.297371E-03  3.346785E+01
    10.4500    2.661346E-04  9.258863E-04  3.426597E+01
    10.5000   -5.187002E-04  7.248777E-04  3.535496E+01
    10.5500   -8.201331E-04  8.890070E-04  3.652453E+01
    10.6000   -4.307101E-04  1.348601E-03  3.737404E+01
    10.6500    6.055064E-04  1.950601E-03  3.801475E+01
    10.7000    1.996404E-03  2.631326E-03  3.856044E+01
    10.7500    3.283307E-03  3.359162E-03  3.905699E+01
    10.8000    3.977014E-03  4.109147E-03  3.952419E+01
    10.8500    3.708540E-03  4.857123E-03  3.997195E+01
    10.9000    2.350045E-03  5.578877E-03  4.040589E+01
    10.9500    6.985709E-05  6.250598E-03  4.082953E+01
    11.0000   -2.704910E-03  6.856426E-03  4.124624E+01
    11.0500   -5.381342E-03  7.380683E-03  4.165773E+01
    11.1000   -7.332824E-03  7.799119E-03  4.206396E+01
    11.1500   -8.084406E-03  8.096296E-03  4.246570E+01
    11.2000   -7.430681E-03  8.260273E-03  4.286352E+01
    11.2500   -5.489941E-03  8.282972E-03  4.325775E+01
    11.3000   -2.673112E-03  8.160393E-03  4.364857E+01
    11.3500    4.232275E-04  7.892694E-03  4.403595E+01
    11.4000    3.169692E-03  7.484131E-03  4.441963E+01
    11.4500    5.060674E-03  6.942894E-03  4.479901E+01
    11.5000    5.832531E-03  6.280872E-03  4.517297E+01
    11.5500    5.512915E-03  5.513431E-03  4.553942E+01
    11.6000    4.390632E-03  4.659358E-03  4.589438E+01
    11.6500    2.917582E-03  3.741498E-03  4.622956E+01
    11.7000    1.572598E-03  2.789855E-03  4.652505E+01
    11.7500    7.262675E-04  1.855962E-03  4.672183E+01
    11.8000    5.439647E-04  1.096525E-03  4.660481E+01
    11.8500    9.520816E-04  1.051008E-03  4.599045E+01
    11.9000    1.673892E-03  1.741722E-03  4.583309E+01
    11.9500    2.321863E-03  2.593372E-03  4.601477E+01
    12.0000    2.517012E-03  3.438456E-03  4.630261E+01
    12.0500    1.999499E-03  4.232292E-03  4.663183E+01
    12.1000    7.138515E-04  4.949562E-03  4.697916E+01
    12.1500   -1.173118E-03  5.576523E-03  4.733584E+01
    12.2000   -3.312776E-03  6.104119E-03  4.769755E+01
    12.2500   -5.262950E-03  6.526805E-03  4.806186E+01
    12.3000   -6.598790E-03  6.842043E-03  4.842723E+01
    12.3500   -7.016245E-03  7.050015E-03  4.879260E+01
    12.4000   -6.401959E-03  7.153365E-03  4.915715E+01
    12.4500   -4.853862E-03  7.156960E-03  4.952017E+01
    12.5000   -2.650648E-03  7.067614E-03  4.988104E+01
    12.5500   -1.815594E-04  6.893800E-03  5.023914E+01
    12.6000    2.143064E-03  6.645339E-03  5.059384E+01
    12.6500    3.977188E-03  6.333068E-03  5.094447E+01
    12.7000    5.100738E-03  5.968499E-03  5.129028E+01
    12.7500    5.446055E-03  5.563473E-03  5.163046E+01
    12.8000    5.087968E-03  5.129807E-03  5.196408E+01
    12.8500    4.205399E-03  4.678954E-03  5.229007E+01
    12.9000    3.028162E-03  4.221685E-03  5.260717E+01
    12.9500    1.783824E-03  3.767803E-03  5.291388E+01
    13.0000    6.562173E-04  3.330770E-03  5.320876E+01
    13.0500   -2.408013E-04  2.919228E-03  5.348966E+01
    13.1000   -8.582429E-04  2.531586E-03  5.375294E+01
    13.1500   -1.203960E-03  2.172823E-03  5.399436E+01
    13.2000   -1.326189E-03  1.847844E-03  5.420756E+01
    13.2500   -1.294859E-03  1.563187E-03  5.438322E+01
    13.3000   -1.186306E-03  1.329724E-03  5.450914E+01
    13.3500   -1.072398E-03  1.165332E-03  5.457580E+01
    13.4000   -1.012710E-03  1.092645E-03  5.459299E+01
    13.4500   -1.047640E-03  1.125421E-03  5.460391E+01
    13.5000   -1.191350E-03  1.254309E-03  5.465969E+01
    13.5500   -1.425459E-03  1.453450E-03  5.478130E+01
    13.6000   -1.696330E-03  1.696532E-03  5.496247E+01
    13.6500   -1.919509E-03  1.963238E-03  5.518933E+01
    13.7000   -1.993686E-03  2.238369E-03  5.544981E+01
    13.7500   -1.823674E-03  2.509767E-03  5.573526E+01
    13.8000   -1.348222E-03  2.766985E-03  5.603973E+01
    13.8500   -5.654008E-04  3.000666E-03  5.635911E+01
    13.9000    4.528201E-04  3.202354E-03  5.669055E+01
    13.9500    1.563593E-03  3.364524E-03  5.703200E+01
    14.0000    2.578738E-03  3.484630E-03  5.738179E+01
    14.0500    3.305774E-03  3.560539E-03  5.773888E+01
    14.1000    3.580831E-03  3.581316E-03  5.810301E+01
    14.1500    3.323473E-03  3.543578E-03  5.847377E+01
    14.2000    2.563814E-03  3.445511E-03  5.885107E+01
    14.2500    1.444794E-03  3.286975E-03  5.923516E+01
    14.3000    1.946235E-04  3.069568E-03  5.962681E+01
    14.3500   -9.256015E-04  2.796703E-03  6.002758E+01
    14.4000   -1.686487E-03  2.473728E-03  6.044043E+01
    14.4500   -1.949962E-03  2.108267E-03  6.087107E+01
    14.5000   -1.707026E-03  1.711258E-03  6.133140E+01
    14.5500   -1.081926E-03  1.300362E-03  6.184911E+01
    14.6000   -3.000242E-04  9.128318E-04  6.249695E+01
    14.6500    3.732001E-04  6.541291E-04  6.343900E+01
    14.7000    7.060154E-04  7.162787E-04  6.457214E+01
    14.7500    5.669482E-04  1.043953E-03  6.539935E+01
    14.8000   -3.492086E-05  1.456849E-03  6.599742E+01
    14.8500   -9.479023E-04  1.881866E-03  6.650133E+01
    14.9000   -1.915485E-03  2.291291E-03  6.696337E+01
    14.9500   -2.644441E-03  2.670557E-03  6.740428E+01
    15.0000   -2.887370E-03  3.013076E-03  6.783412E+01
    15.0500   -2.505667E-03  3.315625E-03  6.825829E+01
    15.1000   -1.509071E-03  3.567840E-03  6.867832E+01
    15.1500   -7.216467E-05  3.765836E-03  6.909587E+01
    15.2000    1.510610E-03  3.907097E-03  6.951202E+01
    15.2500    2.896872E-03  3.990378E-03  6.992747E+01
    15.3000    3.781645E-03  4.015633E-03  7.034278E+01
    15.3500    3.973471E-03  3.983937E-03  7.075834E+01
    15.4000    3.441230E-03  3.897394E-03  7.117451E+01
    15.4500    2.319549E-03  3.759048E-03  7.159163E+01
    15.5000    8.719505E-04  3.572776E-03  7.201009E+01
    15.5500   -5.777821E-04  3.343189E-03  7.243033E+01
    15.6000   -1.727263E-03  3.075526E-03  7.285297E+01
    15.6500   -2.368373E-03  2.775560E-03  7.327890E+01
    15.7000   -2.432519E-03  2.449524E-03  7.370953E+01
    15.7500   -1.997441E-03  2.104069E-03  7.414715E+01
    15.8000   -1.255495E-03  1.746325E-03  7.459595E+01
    15.8500   -4.537051E-04  1.384217E-03  7.506428E+01
    15.9000    1.768790E-04  1.027615E-03  7.557121E+01
    15.9500    4.828139E-04  6.928949E-04  7.616916E+01
    16.0000    4.252961E-04  4.259493E-04  7.702441E+01
    16.0500    8.151354E-05  3.657144E-04  7.831504E+01
    16.1000   -3.883899E-04  5.468249E-04  7.932969E+01
    16.1500   -7.894319E-04  7.952632E-04  7.998944E+01
    16.2000   -9.535018E-04  1.040679E-03  8.052284E+01
    16.2500   -7.894871E-04  1.263965E-03  8.100678E+01
    16.3000   -3.092728E-04  1.457727E-03  8.146762E+01
    16.3500    3.768612E-04  1.618387E-03  8.191643E+01
    16.4000    1.093020E-03  1.744268E-03  8.235864E+01
    16.4500    1.648376E-03  1.834978E-03  8.279731E+01
    16.5000    1.890861E-03  1.891161E-03  8.323439E+01
    16.5500    1.748732E-03  1.914349E-03  8.367123E+01
    16.6000    1.248897E-03  1.906844E-03  8.410888E+01
    16.6500    5.078318E-04  1.871598E-03  8.454822E+01
    16.7000   -3.012860E-04  1.812080E-03  8.499004E+01
    16.7500   -9.952231E-04  1.732129E-03  8.543508E+01
    16.8000   -1.427796E-03  1.635791E-03  8.588401E+01
    16.8500   -1.524717E-03  1.527138E-03  8.633748E+01
    16.9000   -1.297516E-03  1.410083E-03  8.679608E+01
    16.9500   -8.341086E-04  1.288199E-03  8.726030E+01
    17.0000   -2.701045E-04  1.168133E-03  8.773126E+01
    17.0500    2.548746E-04  1.056718E-03  8.820819E+01
    17.1000    6.266399E-04  9.469203E-04  8.868777E+01
    17.1500    7.830946E-04  8.387636E-04  8.916901E+01
    17.2000    7.267648E-04  7.316628E-04  8.965116E+01
    17.2500    5.160011E-04  6.246866E-04  9.013418E+01
    17.3000    2.416938E-04  5.168804E-04  9.061961E+01
    17.3500   -2.614760E-06  4.076251E-04  9.111260E+01
    17.4000   -1.481327E-04  2.971010E-04  9.162816E+01
    17.4500   -1.681239E-04  1.874906E-04  9.221846E+01
    17.5000   -8.105716E-05  9.157909E-05  9.316106E+01
    17.5500    6.002441E-05  9.323454E-05  9.494723E+01
    17.6000    1.875543E-04  1.876682E-04  9.585342E+01
    17.6500    2.421613E-04  2.916120E-04  9.640951E+01
    17.7000    1.910641E-04  3.911051E-04  9.687898E+01
    17.7500    3.698538E-05  4.814241E-04  9.731247E+01
    17.8000   -1.843602E-04  5.592691E-04  9.772530E+01
    17.8500   -4.166086E-04  6.219261E-04  9.812340E+01
    17.9000   -6.005153E-04  6.671987E-04  9.850927E+01
    17.9500   -6.914522E-04  6.934807E-04  9.888366E+01
    18.0000   -6.714647E-04  7.005591E-04  9.924938E+01
    18.0500   -5.492650E-04  6.891837E-04  9.960869E+01
    18.1000   -3.606002E-04  6.580920E-04  9.995106E+01
    18.1500   -1.559565E-04  6.088424E-04  1.002719E+02
    18.2000    1.734353E-05  5.444585E-04  1.005628E+02
    18.2500    1.287452E-04  4.701387E-04  1.008084E+02
    18.3000    1.720126E-04  3.948640E-04  1.009817E+02
    18.3500    1.648781E-04  3.343951E-04  1.010466E+02
    18.4000    1.413944E-04  3.120168E-04  1.010013E+02
    18.4500    1.396972E-04  3.433538E-04  1.009500E+02
    18.5000    1.890651E-04  4.181134E-04  1.010002E+02
    18.5500    3.001323E-04  5.150636E-04  1.011530E+02
    18.6000    4.609789E-04  6.184666E-04  1.013720E+02
    18.6500    6.399792E-04  7.186294E-04  1.016295E+02
    18.7000    7.943349E-04  8.092898E-04  1.019092E+02
    18.7500    8.816860E-04  8.861067E-04  1.022017E+02
    18.8000    8.715020E-04  9.459873E-04  1.025012E+02
    18.8500    7.532035E-04  9.867925E-04  1.028042E+02
    18.9000    5.390275E-04  1.007197E-03  1.031078E+02
    18.9500    2.611430E-04  1.006612E-03  1.034101E+02
    19.0000   -3.516029E-05  9.849204E-04  1.037083E+02
    19.0500   -3.016467E-04  9.422199E-04  1.039984E+02
    19.1000   -5.021302E-04  8.802788E-04  1.042796E+02
    19.1500   -6.147759E-04  8.012155E-04  1.045472E+02
    19.2000   -6.378156E-04  7.081045E-04  1.047940E+02
    19.2500   -5.887488E-04  6.055142E-04  1.050075E+02
    19.3000   -4.993127E-04  5.008606E-04  1.051647E+02
    19.3500   -4.075476E-04  4.076043E-04  1.052267E+02
    19.4000   -3.487919E-04  3.501570E-04  1.051550E+02
    19.4500   -3.475265E-04  3.574121E-04  1.050076E+02
    19.5000   -4.117013E-04  4.311228E-04  1.049421E+02
    19.5500   -5.306162E-04  5.457413E-04  1.050074E+02
    19.6000   -6.767199E-04  6.788873E-04  1.051634E+02
    19.6500   -8.109664E-04  8.177497E-04  1.053722E+02
    19.7000   -8.907183E-04  9.548197E-04  1.056119E+02
    19.7500   -8.787120E-04  1.085025E-03  1.058702E+02
    19.8000   -7.513654E-04  1.204483E-03  1.061405E+02
    19.8500   -5.047539E-04  1.309991E-03  1.064186E+02
    19.9000   -1.569445E-04  1.398833E-03  1.067017E+02
    19.9500    2.539834E-04  1.468720E-03  1.069880E+02