# # tequil.ion_motion                                            FEFF 9.05   
# # POT  SCF  30  5.5000   1, core-hole, AFOLP (folp(0)= 1.150)
# # Abs   Z=30 Rmt= 1.335 Rnm= 1.412 K  shell
# # Pot 1 Z=26 Rmt= 1.291 Rnm= 1.397
# # Pot 2 Z= 8 Rmt= 1.021 Rnm= 1.090
# # Gam_ch=1.897E+00 H-L exch
# # Mu=-1.178E+01 kf=2.173E+00 Vint=-1.897E+01 Rs_int= 1.669
# # PATH  Rmax= 8.500,  Keep_limit= 0.00, Heap_limit 0.00  Pwcrit= 2.50%
#  S02=1.000                                        Global_sig2= 0.00000
#  Energy zero shift, vr, vi   -2.00000E+00   0.00000E+00
#  Curved wave amplitude ratio filter   4.000%
#     file         sig2 tot  cw amp ratio   deg  nlegs   reff  inp sig2
#           1       0.00000    100.00      1.00     2   1.9707
#           2       0.00000     99.01      1.00     2   1.9783
#           3       0.00000     84.43      1.00     2   2.1045
#           4       0.00000     79.70      1.00     2   2.1521
#           5       0.00000     76.16      1.00     2   2.1904
#           6       0.00000     73.62      1.00     2   2.2194
#           7       0.00000     35.44      1.00     2   2.8630
#           8       0.00000     33.30      1.00     2   2.9425
#           9       0.00000     33.04      1.00     2   2.9527
#          10       0.00000     30.54      1.00     2   3.0555
#          11       0.00000     29.10      1.00     2   3.1572
#          12       0.00000     28.03      1.00     2   3.1701
#          13       0.00000     13.97      2.00     3   3.4207
#          14       0.00000     11.62      2.00     3   3.4665
#          15       0.00000      9.76      2.00     3   3.4732
#          16       0.00000     11.89      2.00     3   3.4775
#          17       0.00000     22.23      1.00     2   3.4949
#          18       0.00000     22.01      1.00     2   3.4957
#          19       0.00000      8.68      2.00     3   3.5032
#          20       0.00000      9.06      2.00     3   3.5136
#          21       0.00000     11.78      2.00     3   3.5213
#          22       0.00000      9.60      2.00     3   3.5266
#          23       0.00000     16.58      2.00     3   3.5276
#          24       0.00000     21.39      1.00     2   3.5320
#          25       0.00000     10.08      2.00     3   3.5316
#          26       0.00000      8.55      2.00     3   3.5570
#          27       0.00000      7.91      2.00     3   3.5587
#          28       0.00000     11.09      2.00     3   3.5630
#          29       0.00000     11.19      2.00     3   3.5643
#          30       0.00000     10.24      2.00     3   3.5860
#          31       0.00000     20.29      1.00     2   3.5997
#          32       0.00000      7.10      2.00     3   3.6030
#          33       0.00000     20.61      1.00     2   3.6060
#          34       0.00000     20.12      1.00     2   3.6105
#          35       0.00000      7.34      2.00     3   3.6467
#          36       0.00000      9.33      2.00     3   3.6497
#          37       0.00000      6.93      2.00     3   3.6503
#          38       0.00000     19.97      1.00     2   3.6524
#          39       0.00000      7.01      2.00     3   3.6581
#          40       0.00000      8.31      2.00     3   3.6596
#          41       0.00000     19.75      1.00     2   3.6692
#          42       0.00000     18.67      1.00     2   3.7084
#          43       0.00000     19.20      1.00     2   3.7113
#          44       0.00000      6.16      2.00     3   3.7239
#          45       0.00000     17.83      1.00     2   3.7689
#          46       0.00000     17.50      1.00     2   3.7941
#          47       0.00000     13.68      2.00     3   3.8033
#          48       0.00000     18.61      2.00     3   3.8042
#          49       0.00000     11.39      2.00     3   3.8065
#          50       0.00000     16.73      2.00     3   3.8759
#          51       0.00000      5.12      1.00     4   3.8850
#          52       0.00000     13.49      2.00     3   3.8946
#          53       0.00000     16.99      1.00     2   3.8987
#          54       0.00000     13.68      2.00     3   3.9187
#          55       0.00000     16.61      1.00     2   3.9340
#          56       0.00000      9.95      1.00     4   3.9413
#          58       0.00000      9.75      1.00     4   3.9565
#          59       0.00000      8.02      1.00     4   3.9560
#          60       0.00000     15.47      1.00     2   3.9626
#          61       0.00000      5.55      1.00     4   3.9803
#          62       0.00000     15.98      1.00     2   3.9947
#          63       0.00000      6.57      1.00     4   4.0404
#          64       0.00000      9.69      2.00     3   4.0692
#          65       0.00000      4.93      1.00     4   4.0730
#          66       0.00000     14.52      2.00     3   4.0910
#          67       0.00000     14.06      1.00     2   4.0962
#          68       0.00000     25.73      2.00     3   4.0989
#          69       0.00000      8.86      2.00     3   4.1024
#          70       0.00000      4.84      1.00     4   4.1106
#          71       0.00000      5.20      1.00     4   4.1104
#          73       0.00000     13.76      1.00     2   4.1274
#          74       0.00000     22.47      2.00     4   4.1304
#          75       0.00000     11.47      2.00     3   4.1350
#          76       0.00000      4.21      1.00     4   4.1683
#          77       0.00000     25.71      2.00     3   4.1794
#          79       0.00000     23.87      2.00     4   4.1901
#          80       0.00000      7.02      1.00     4   4.2089
#          81       0.00000      7.42      2.00     3   4.2183
#          82       0.00000     19.85      2.00     3   4.2278
#          83       0.00000      7.81      2.00     3   4.2335
#          84       0.00000      6.25      1.00     4   4.2479
#          85       0.00000     12.35      1.00     2   4.2840
#          86       0.00000     14.91      2.00     4   4.2948
#          87       0.00000      6.24      1.00     4   4.3042
#          88       0.00000      6.66      2.00     3   4.3048
#          89       0.00000      7.43      2.00     3   4.3116
#          90       0.00000      7.82      2.00     3   4.3297
#          91       0.00000     11.96      1.00     2   4.3311
#          92       0.00000     11.85      1.00     2   4.3451
#          93       0.00000      6.06      2.00     3   4.3446
#          94       0.00000      5.96      2.00     3   4.3534
#          95       0.00000      6.16      2.00     3   4.3621
#          96       0.00000      6.15      2.00     3   4.3634
#          97       0.00000      4.06      1.00     4   4.3714
#          98       0.00000      5.69      1.00     4   4.3808
#          99       0.00000      6.88      2.00     3   4.3876
#         100       0.00000      6.25      2.00     3   4.4042
#         101       0.00000      6.12      2.00     3   4.4122
#         102       0.00000     11.29      1.00     2   4.4171
#         103       0.00000     24.59      2.00     3   4.4189
#         104       0.00000     11.14      1.00     2   4.4380
#         105       0.00000      5.31      1.00     4   4.4388
#         106       0.00000     20.40      2.00     3   4.4465
#         107       0.00000      5.91      2.00     3   4.4589
#         108       0.00000      9.24      2.00     3   4.4662
#         109       0.00000      5.56      2.00     3   4.4824
#         110       0.00000      6.88      2.00     3   4.4864
#         111       0.00000      8.56      2.00     3   4.4930
#         112       0.00000     15.22      1.00     4   4.4928
#         113       0.00000      9.10      2.00     3   4.4952
#         114       0.00000      5.45      2.00     3   4.5033
#         115       0.00000     23.40      2.00     3   4.5067
#         116       0.00000     10.58      1.00     2   4.5159
#         117       0.00000      5.39      2.00     3   4.5424
#         119       0.00000     17.36      2.00     3   4.5536
#         120       0.00000      5.19      2.00     3   4.5540
#         121       0.00000     11.64      1.00     4   4.5619
#         122       0.00000     10.25      1.00     2   4.5650
#         123       0.00000     14.47      1.00     4   4.5754
#         124       0.00000     10.14      1.00     2   4.5811
#         125       0.00000      6.92      2.00     3   4.5965
#         127       0.00000      5.47      2.00     3   4.6082
#         129       0.00000      5.26      2.00     3   4.6259
#         130       0.00000      9.77      1.00     2   4.6398
#         131       0.00000      4.52      2.00     3   4.6494
#         132       0.00000      7.38      2.00     3   4.6550
#         133       0.00000      7.66      2.00     3   4.6736
#         134       0.00000      9.43      1.00     4   4.6900
#         135       0.00000      4.15      2.00     3   4.7160
#         136       0.00000      9.24      1.00     2   4.7263
#         137       0.00000      6.56      2.00     3   4.7313
#         138       0.00000      9.19      1.00     2   4.7342
#         140       0.00000      9.05      1.00     2   4.7602
#         141       0.00000     15.46      2.00     3   4.7632
#         143       0.00000     11.86      2.00     3   4.7809
#         144       0.00000      8.87      1.00     2   4.7911
#         145       0.00000      8.87      1.00     2   4.7918
#         146       0.00000      6.74      2.00     3   4.8215
#         147       0.00000      7.80      2.00     3   4.8266
#         148       0.00000      4.02      2.00     3   4.8338
#         150       0.00000      8.57      1.00     2   4.8470
#         151       0.00000      9.60      1.00     2   4.8483
#         152       0.00000      5.72      2.00     3   4.8627
#         153       0.00000      7.43      2.00     3   4.8630
#         155       0.00000      8.06      2.00     3   4.8759
#         156       0.00000      9.43      1.00     2   4.8792
#         157       0.00000      8.30      1.00     4   4.8867
#         159       0.00000      8.24      1.00     2   4.9096
#         160       0.00000     21.52      2.00     3   4.9156
#         161       0.00000     13.76      2.00     3   4.9163
#         162       0.00000     14.22      1.00     4   4.9216
#         163       0.00000      4.72      2.00     4   4.9233
#         164       0.00000      9.60      2.00     3   4.9555
#         165       0.00000     10.61      2.00     3   4.9565
#         167       0.00000      4.75      2.00     3   4.9623
#         168       0.00000      6.96      2.00     3   4.9631
#         170       0.00000      7.92      1.00     2   4.9752
#         171       0.00000      5.68      1.00     4   4.9806
#         172       0.00000      8.89      2.00     3   4.9842
#         173       0.00000      8.86      1.00     2   4.9906
#         174       0.00000      4.37      2.00     3   5.0031
#         175       0.00000      8.93      2.00     3   5.0031
#         178       0.00000     10.19      2.00     3   5.0385
#         179       0.00000      8.58      2.00     3   5.0406
#         180       0.00000      7.25      1.00     4   5.0408
#         181       0.00000      4.67      2.00     4   5.0469
#         182       0.00000      7.00      2.00     3   5.0503
#         183       0.00000      4.08      2.00     4   5.0534
#         186       0.00000      7.48      1.00     2   5.0681
#         188       0.00000     18.65      2.00     3   5.0762
#         190       0.00000     11.84      1.00     4   5.0843
#         191       0.00000      7.37      1.00     2   5.0937
#         192       0.00000      4.80      2.00     3   5.1096
#         193       0.00000     17.74      2.00     3   5.1100
#         194       0.00000     11.56      2.00     3   5.1108
#         195       0.00000     11.06      1.00     4   5.1263
#         197       0.00000      8.36      2.00     3   5.1385
#         199       0.00000      4.99      1.00     4   5.1528
#         203       0.00000      4.34      1.00     4   5.1848
#         205       0.00000      6.95      1.00     2   5.1913
#         206       0.00000      7.07      2.00     3   5.2094
#         208       0.00000      7.85      1.00     2   5.2116
#         209       0.00000      4.81      1.00     4   5.2299
#         212       0.00000      5.87      1.00     4   5.2465
#         213       0.00000      7.68      1.00     2   5.2528
#         215       0.00000      6.68      2.00     3   5.2753
#         216       0.00000      4.93      2.00     3   5.2790
#         217       0.00000      4.10      2.00     3   5.2855
#         219       0.00000      4.00      1.00     4   5.2863
#         221       0.00000      7.48      1.00     2   5.3024
#         222       0.00000      5.57      2.00     3   5.3120
#         224       0.00000      4.74      2.00     4   5.3222
#         226       0.00000      7.37      1.00     2   5.3304
#         227       0.00000     10.06      2.00     3   5.3423
#         230       0.00000      7.14      1.00     2   5.3892
#         231       0.00000      5.35      2.00     3   5.4026
#         232       0.00000      5.56      2.00     3   5.4030
#         233       0.00000      8.13      2.00     3   5.4191
#         234       0.00000      7.01      1.00     2   5.4226
#         235       0.00000      4.78      1.00     4   5.4318
#         237       0.00000      5.98      1.00     2   5.4494
#         240       0.00000      5.73      2.00     3   5.4860
#         241       0.00000      7.54      2.00     3   5.4916
#         242       0.00000      5.69      2.00     3   5.5036
#         243       0.00000      5.31      2.00     3   5.5203
#         245       0.00000      5.05      2.00     3   5.5431
#         248       0.00000      6.05      2.00     3   5.5566
#         249       0.00000      6.54      1.00     2   5.5573
#         250       0.00000      5.53      1.00     2   5.5880
#         251       0.00000      6.43      1.00     2   5.5899
#         252       0.00000      5.81      2.00     3   5.5940
#         256       0.00000      5.51      1.00     2   5.5951
#         257       0.00000      4.29      2.00     3   5.5964
#         258       0.00000      4.06      2.00     3   5.6000
#         259       0.00000      6.38      1.00     2   5.6042
#         260       0.00000      4.29      2.00     3   5.6244
#         262       0.00000      6.20      2.00     3   5.6382
#         263       0.00000      5.00      2.00     3   5.6400
#         265       0.00000      5.13      2.00     3   5.6474
#         268       0.00000      5.75      2.00     3   5.6540
#         270       0.00000      6.48      2.00     3   5.6607
#         273       0.00000      5.27      1.00     2   5.6735
#         274       0.00000      5.25      1.00     2   5.6819
#         276       0.00000      5.23      1.00     2   5.6885
#         277       0.00000      4.39      2.00     4   5.6895
#         280       0.00000      5.18      1.00     2   5.7044
#         281       0.00000      5.18      1.00     2   5.7057
#         285       0.00000      5.13      1.00     2   5.7246
#         286       0.00000      5.53      2.00     3   5.7300
#         287       0.00000      5.98      1.00     2   5.7304
#         288       0.00000      5.94      1.00     2   5.7429
#         289       0.00000      5.72      2.00     3   5.7433
#         290       0.00000      4.35      2.00     3   5.7459
#         291       0.00000      5.93      1.00     2   5.7482
#         292       0.00000      5.05      1.00     2   5.7504
#         293       0.00000      5.88      2.00     3   5.7517
#         294       0.00000      4.09      2.00     3   5.7532
#         296       0.00000      5.90      1.00     2   5.7577
#         300       0.00000      4.51      2.00     3   5.7757
#         302       0.00000      9.16      2.00     3   5.7769
#         303       0.00000     10.09      2.00     3   5.7893
#         305       0.00000      5.81      2.00     3   5.7958
#         307       0.00000      5.72      1.00     2   5.8185
#         308       0.00000      4.32      2.00     4   5.8186
#         309       0.00000      4.88      1.00     4   5.8209
#         311       0.00000      4.02      2.00     3   5.8236
#         312       0.00000      4.17      1.00     4   5.8234
#         313       0.00000      4.84      1.00     2   5.8289
#         314       0.00000      7.50      2.00     3   5.8395
#         315       0.00000      4.72      2.00     3   5.8412
#         316       0.00000      4.88      2.00     3   5.8415
#         322       0.00000      5.53      2.00     3   5.8613
#         325       0.00000      5.37      2.00     3   5.8736
#         327       0.00000      6.09      2.00     3   5.8753
#         329       0.00000      4.69      1.00     2   5.8880
#         330       0.00000      5.52      1.00     2   5.8891
#         333       0.00000      6.30      2.00     3   5.8981
#         336       0.00000      5.47      1.00     2   5.9054
#         337       0.00000      4.18      2.00     3   5.9062
#         338       0.00000      4.64      1.00     2   5.9084
#         339       0.00000      4.24      2.00     3   5.9103
#         341       0.00000      5.44      1.00     2   5.9165
#   262/ 319 paths used
#  -----------------------------------------------------------------------
#       k          chi          mag           phase @#
    -0.7000   -4.142473E-01  4.143873E-01 -1.544802E+00
    -0.6500   -3.987975E-01  3.989819E-01 -1.601200E+00
    -0.6000   -3.973431E-01  3.984175E-01 -1.644253E+00
    -0.5500   -4.044185E-01  4.064371E-01 -1.670503E+00
    -0.5000   -4.160799E-01  4.186190E-01 -1.680992E+00
    -0.4500   -4.300252E-01  4.325908E-01 -1.679761E+00
    -0.4000   -4.439395E-01  4.461975E-01 -1.671441E+00
    -0.3500   -4.580183E-01  4.597309E-01 -1.657138E+00
    -0.3000   -4.704015E-01  4.715803E-01 -1.641517E+00
    -0.2500   -4.808298E-01  4.815726E-01 -1.626342E+00
    -0.2000   -4.892410E-01  4.896726E-01 -1.612784E+00
    -0.1500   -4.962231E-01  4.964461E-01 -1.600765E+00
    -0.1000   -5.012964E-01  5.014046E-01 -1.591578E+00
    -0.0500   -5.043054E-01  5.043632E-01 -1.585929E+00
     0.0000   -5.053021E-01  5.053464E-01 -1.584025E+00
     0.0500   -5.062956E-01  5.063280E-01 -1.582110E+00
     0.1000   -5.092555E-01  5.092632E-01 -1.576303E+00
     0.1500   -5.141162E-01  5.141211E-01 -1.566427E+00
     0.2000   -5.207549E-01  5.208448E-01 -1.552218E+00
     0.2500   -5.289737E-01  5.293446E-01 -1.533359E+00
     0.3000   -5.384806E-01  5.394929E-01 -1.509526E+00
     0.3500   -5.491601E-01  5.514395E-01 -1.479841E+00
     0.4000   -5.612602E-01  5.659366E-01 -1.442153E+00
     0.4500   -5.729980E-01  5.816402E-01 -1.398196E+00
     0.5000   -5.834494E-01  5.982461E-01 -1.347924E+00
     0.5500   -5.920050E-01  6.161307E-01 -1.290029E+00
     0.6000   -5.976805E-01  6.358042E-01 -1.222744E+00
     0.6500   -5.979993E-01  6.554362E-01 -1.149033E+00
     0.7000   -5.916496E-01  6.751655E-01 -1.068134E+00
     0.7500   -5.769368E-01  6.960035E-01 -9.771885E-01
     0.8000   -5.518599E-01  7.156934E-01 -8.805422E-01
     0.8500   -5.150646E-01  7.351156E-01 -7.763193E-01
     0.9000   -4.648784E-01  7.542095E-01 -6.641352E-01
     0.9500   -4.012779E-01  7.711428E-01 -5.472816E-01
     1.0000   -3.223204E-01  7.877896E-01 -4.215171E-01
     1.0500   -2.301215E-01  8.020058E-01 -2.910231E-01
     1.1000   -1.255619E-01  8.142224E-01 -1.548287E-01
     1.1500   -1.013641E-02  8.245890E-01 -1.229299E-02
     1.2000    1.106986E-01  8.316765E-01  1.334991E-01
     1.2500    2.367819E-01  8.372576E-01  2.867187E-01
     1.3000    3.593451E-01  8.391841E-01  4.425085E-01
     1.3500    4.763368E-01  8.387677E-01  6.039532E-01
     1.4000    5.805674E-01  8.350359E-01  7.687821E-01
     1.4500    6.677274E-01  8.282717E-01  9.376494E-01
     1.5000    7.333831E-01  8.184960E-01  1.110707E+00
     1.5500    7.729255E-01  8.052534E-01  1.286481E+00
     1.6000    7.849698E-01  7.892079E-01  1.467115E+00
     1.6500    7.671022E-01  7.694753E-01  1.649353E+00
     1.7000    7.207560E-01  7.470978E-01  1.837134E+00
     1.7500    6.476443E-01  7.210848E-01  2.026043E+00
     1.8000    5.514115E-01  6.921660E-01  2.219866E+00
     1.8500    4.383764E-01  6.599045E-01  2.415032E+00
     1.9000    3.132952E-01  6.247572E-01  2.616299E+00
     1.9500    1.854186E-01  5.864807E-01  2.819919E+00
     2.0000    6.446060E-02  5.453086E-01  3.023106E+00
     2.0500   -4.185622E-02  5.017047E-01  3.225118E+00
     2.1000   -1.285017E-01  4.548579E-01  3.428002E+00
     2.1500   -1.901615E-01  4.048993E-01  3.630488E+00
     2.2000   -2.239837E-01  3.541562E-01  3.826296E+00
     2.2500   -2.320167E-01  3.035533E-01  4.011603E+00
     2.3000   -2.177199E-01  2.529448E-01  4.178316E+00
     2.3500   -1.853570E-01  2.018456E-01  4.305384E+00
     2.4000   -1.481976E-01  1.572319E-01  4.371751E+00
     2.4500   -1.150273E-01  1.232828E-01  4.344355E+00
     2.5000   -9.269129E-02  1.051026E-01  4.221496E+00
     2.5500   -8.540783E-02  1.023357E-01  4.128971E+00
     2.6000   -8.653170E-02  1.078766E-01  4.072457E+00
     2.6500   -9.567756E-02  1.185932E-01  4.080259E+00
     2.7000   -1.109805E-01  1.312201E-01  4.149578E+00
     2.7500   -1.260370E-01  1.410961E-01  4.246161E+00
     2.8000   -1.414513E-01  1.504507E-01  4.364762E+00
     2.8500   -1.554628E-01  1.590210E-01  4.500448E+00
     2.9000   -1.661643E-01  1.665048E-01  4.648424E+00
     2.9500   -1.717664E-01  1.724867E-01  4.803809E+00
     3.0000   -1.715357E-01  1.771350E-01  4.964492E+00
     3.0500   -1.651774E-01  1.806191E-01  5.128898E+00
     3.1000   -1.527979E-01  1.830841E-01  5.295820E+00
     3.1500   -1.348501E-01  1.846030E-01  5.464150E+00
     3.2000   -1.122037E-01  1.854282E-01  5.633286E+00
     3.2500   -8.572179E-02  1.857076E-01  5.803392E+00
     3.3000   -5.638546E-02  1.855131E-01  5.974356E+00
     3.3500   -2.529453E-02  1.850396E-01  6.146058E+00
     3.4000    6.568300E-03  1.844295E-01  6.318807E+00
     3.4500    3.830647E-02  1.836968E-01  6.493258E+00
     3.5000    6.901004E-02  1.828482E-01  6.670191E+00
     3.5500    9.793764E-02  1.820438E-01  6.851236E+00
     3.6000    1.239549E-01  1.811173E-01  7.036952E+00
     3.6500    1.454449E-01  1.796736E-01  7.226476E+00
     3.7000    1.611131E-01  1.775951E-01  7.419748E+00
     3.7500    1.699923E-01  1.748558E-01  7.617575E+00
     3.8000    1.712310E-01  1.713293E-01  7.820114E+00
     3.8500    1.643706E-01  1.668085E-01  8.025159E+00
     3.9000    1.499098E-01  1.612880E-01  8.231847E+00
     3.9500    1.290323E-01  1.549118E-01  8.440378E+00
     4.0000    1.033120E-01  1.478228E-01  8.650933E+00
     4.0500    7.490007E-02  1.399200E-01  8.859908E+00
     4.1000    4.613268E-02  1.313594E-01  9.065932E+00
     4.1500    1.912543E-02  1.223525E-01  9.267820E+00
     4.2000   -4.491763E-03  1.131682E-01  9.464479E+00
     4.2500   -2.346310E-02  1.040485E-01  9.652236E+00
     4.3000   -3.750610E-02  9.531920E-02  9.829191E+00
     4.3500   -4.706149E-02  8.729267E-02  9.994173E+00
     4.4000   -5.303012E-02  8.021491E-02  1.014706E+01
     4.4500   -5.657998E-02  7.441018E-02  1.028868E+01
     4.5000   -5.886727E-02  7.001438E-02  1.042352E+01
     4.5500   -6.069193E-02  6.699332E-02  1.055837E+01
     4.6000   -6.232067E-02  6.513983E-02  1.070030E+01
     4.6500   -6.349575E-02  6.412129E-02  1.085578E+01
     4.7000   -6.349640E-02  6.353154E-02  1.102883E+01
     4.7500   -6.139602E-02  6.298619E-02  1.122076E+01
     4.8000   -5.644232E-02  6.221125E-02  1.142963E+01
     4.8500   -4.811908E-02  6.090706E-02  1.165549E+01
     4.9000   -3.656548E-02  5.891526E-02  1.189681E+01
     4.9500   -2.260766E-02  5.616386E-02  1.215209E+01
     5.0000   -7.776691E-03  5.269970E-02  1.241826E+01
     5.0500    6.296377E-03  4.849762E-02  1.269657E+01
     5.1000    1.783363E-02  4.364756E-02  1.298727E+01
     5.1500    2.539493E-02  3.828335E-02  1.329165E+01
     5.2000    2.816372E-02  3.260166E-02  1.360928E+01
     5.2500    2.626587E-02  2.674083E-02  1.394841E+01
     5.3000    2.057350E-02  2.092754E-02  1.432137E+01
     5.3500    1.259453E-02  1.545543E-02  1.475542E+01
     5.4000    4.166218E-03  1.069590E-02  1.530786E+01
     5.4500   -2.916762E-03  7.644242E-03  1.609945E+01
     5.5000   -7.333147E-03  7.540846E-03  1.704351E+01
     5.5500   -8.455575E-03  9.585946E-03  1.776930E+01
     5.6000   -6.358035E-03  1.204078E-02  1.829326E+01
     5.6500   -1.929244E-03  1.414314E-02  1.871272E+01
     5.7000    3.548975E-03  1.559316E-02  1.907917E+01
     5.7500    8.708206E-03  1.628457E-02  1.941377E+01
     5.8000    1.252497E-02  1.627033E-02  1.972809E+01
     5.8500    1.430900E-02  1.554936E-02  2.001823E+01
     5.9000    1.406570E-02  1.420855E-02  2.027843E+01
     5.9500    1.237271E-02  1.240721E-02  2.049495E+01
     6.0000    1.025637E-02  1.052685E-02  2.064753E+01
     6.0500    8.586616E-03  8.920066E-03  2.069464E+01
     6.1000    8.059838E-03  8.232893E-03  2.062575E+01
     6.1500    8.910747E-03  8.974892E-03  2.053998E+01
     6.2000    1.082364E-02  1.092565E-02  2.055711E+01
     6.2500    1.301996E-02  1.348982E-02  2.068506E+01
     6.3000    1.448155E-02  1.620820E-02  2.088613E+01
     6.3500    1.424696E-02  1.879753E-02  2.113103E+01
     6.4000    1.169913E-02  2.107794E-02  2.140274E+01
     6.4500    6.765497E-03  2.292956E-02  2.169163E+01
     6.5000   -1.592803E-04  2.424345E-02  2.199772E+01
     6.5500   -7.881794E-03  2.500181E-02  2.231187E+01
     6.6000   -1.503656E-02  2.519467E-02  2.263067E+01
     6.6500   -2.036287E-02  2.482794E-02  2.295284E+01
     6.7000   -2.296666E-02  2.392859E-02  2.327744E+01
     6.7500   -2.252238E-02  2.254212E-02  2.360379E+01
     6.8000   -1.933117E-02  2.072962E-02  2.393136E+01
     6.8500   -1.422548E-02  1.856465E-02  2.425973E+01
     6.9000   -8.350867E-03  1.612972E-02  2.458854E+01
     6.9500   -2.885667E-03  1.351276E-02  2.491753E+01
     7.0000    1.202878E-03  1.081776E-02  2.524417E+01
     7.0500    3.409505E-03  8.122924E-03  2.556590E+01
     7.1000    3.738112E-03  5.506140E-03  2.587900E+01
     7.1500    2.618874E-03  3.043137E-03  2.616916E+01
     7.2000    7.438419E-04  8.143952E-04  2.628422E+01
     7.2500   -1.147516E-03  1.223348E-03  2.391589E+01
     7.3000   -2.463865E-03  2.897458E-03  2.411608E+01
     7.3500   -2.887101E-03  4.262575E-03  2.438864E+01
     7.4000   -2.400715E-03  5.312361E-03  2.466383E+01
     7.4500   -1.226029E-03  6.067791E-03  2.492929E+01
     7.5000    3.273665E-04  6.573194E-03  2.518257E+01
     7.5500    1.927470E-03  6.897783E-03  2.541594E+01
     7.6000    3.375327E-03  7.133908E-03  2.562559E+01
     7.6500    4.652348E-03  7.390099E-03  2.581370E+01
     7.7000    5.869665E-03  7.772695E-03  2.598865E+01
     7.7500    7.171253E-03  8.358766E-03  2.616397E+01
     7.8000    8.618631E-03  9.175261E-03  2.635342E+01
     7.8500    1.010240E-02  1.019897E-02  2.656582E+01
     7.9000    1.131701E-02  1.137405E-02  2.680372E+01
     7.9500    1.181400E-02  1.263206E-02  2.706540E+01
     8.0000    1.112310E-02  1.391790E-02  2.734838E+01
     8.0500    8.887139E-03  1.516856E-02  2.764835E+01
     8.1000    5.029501E-03  1.632597E-02  2.796117E+01
     8.1500   -1.643678E-04  1.734754E-02  2.828381E+01
     8.2000   -6.059296E-03  1.820013E-02  2.861374E+01
     8.2500   -1.177782E-02  1.885941E-02  2.894883E+01
     8.3000   -1.638144E-02  1.930927E-02  2.928724E+01
     8.3500   -1.907924E-02  1.954122E-02  2.962725E+01
     8.4000   -1.940828E-02  1.955392E-02  2.996726E+01
     8.4500   -1.733727E-02  1.935297E-02  3.030560E+01
     8.5000   -1.325948E-02  1.895293E-02  3.064109E+01
     8.5500   -7.894654E-03  1.836984E-02  3.097170E+01
     8.6000   -2.128696E-03  1.762848E-02  3.129488E+01
     8.6500    3.201345E-03  1.676431E-02  3.160807E+01
     8.7000    7.480802E-03  1.582284E-02  3.190838E+01
     8.7500    1.041747E-02  1.486091E-02  3.219272E+01
     8.8000    1.204492E-02  1.394710E-02  3.245832E+01
     8.8500    1.263576E-02  1.315946E-02  3.270366E+01
     8.9000    1.255758E-02  1.257783E-02  3.292997E+01
     8.9500    1.211999E-02  1.226877E-02  3.314262E+01
     9.0000    1.146003E-02  1.226517E-02  3.335107E+01
     9.0500    1.051212E-02  1.255813E-02  3.356560E+01
     9.1000    9.049908E-03  1.309589E-02  3.379458E+01
     9.1500    6.796400E-03  1.379793E-02  3.404248E+01
     9.2000    3.571580E-03  1.457545E-02  3.430996E+01
     9.2500   -5.798806E-04  1.534498E-02  3.459532E+01
     9.3000   -5.323864E-03  1.603493E-02  3.489596E+01
     9.3500   -1.006095E-02  1.658747E-02  3.520922E+01
     9.4000   -1.403869E-02  1.695829E-02  3.553276E+01
     9.4500   -1.652438E-02  1.711572E-02  3.586469E+01
     9.5000   -1.700705E-02  1.705486E-02  3.620321E+01
     9.5500   -1.531472E-02  1.676431E-02  3.654723E+01
     9.6000   -1.167602E-02  1.623137E-02  3.689625E+01
     9.6500   -6.716392E-03  1.546424E-02  3.724983E+01
     9.7000   -1.319044E-03  1.447955E-02  3.760789E+01
     9.7500    3.568522E-03  1.330150E-02  3.797072E+01
     9.8000    7.143467E-03  1.196093E-02  3.833916E+01
     9.8500    8.919127E-03  1.049454E-02  3.871487E+01
     9.9000    8.816796E-03  8.944129E-03  3.910097E+01
     9.9500    7.157271E-03  7.356734E-03  3.950330E+01
    10.0000    4.586255E-03  5.805809E-03  3.992999E+01
    10.0500    1.839860E-03  4.340490E-03  4.040298E+01
    10.1000   -4.224028E-04  3.041822E-03  4.098002E+01
    10.1500   -1.715736E-03  2.131173E-03  4.177649E+01
    10.2000   -1.849022E-03  1.982336E-03  4.278033E+01
    10.2500   -9.370487E-04  2.527165E-03  4.360244E+01
    10.3000    6.641832E-04  3.281915E-03  4.418608E+01
    10.3500    2.475034E-03  3.995909E-03  4.465027E+01
    10.4000    4.026603E-03  4.583335E-03  4.505508E+01
    10.4500    4.974708E-03  5.015830E-03  4.542496E+01
    10.5000    5.165469E-03  5.289501E-03  4.577008E+01
    10.5500    4.640799E-03  5.414982E-03  4.609441E+01
    10.6000    3.590237E-03  5.413898E-03  4.639887E+01
    10.6500    2.270223E-03  5.317223E-03  4.668277E+01
    10.7000    9.190765E-04  5.163879E-03  4.694495E+01
    10.7500   -3.058846E-04  4.998354E-03  4.718513E+01
    10.8000   -1.352299E-03  4.866060E-03  4.740550E+01
    10.8500   -2.254941E-03  4.805632E-03  4.761231E+01
    10.9000   -3.087048E-03  4.839754E-03  4.781560E+01
    10.9500   -3.901056E-03  4.969264E-03  4.802665E+01
    11.0000   -4.688735E-03  5.182347E-03  4.825469E+01
    11.0500   -5.353692E-03  5.451858E-03  4.850463E+01
    11.1000   -5.716347E-03  5.735878E-03  4.877723E+01
    11.1500   -5.582609E-03  6.003000E-03  4.907115E+01
    11.2000   -4.806093E-03  6.228968E-03  4.938417E+01
    11.2500   -3.351685E-03  6.397748E-03  4.971408E+01
    11.3000   -1.333003E-03  6.501372E-03  5.005898E+01
    11.3500    9.898584E-04  6.539235E-03  5.041744E+01
    11.4000    3.254193E-03  6.517109E-03  5.078831E+01
    11.4500    5.069768E-03  6.445949E-03  5.117061E+01
    11.5000    6.105648E-03  6.340444E-03  5.156329E+01
    11.5500    6.165883E-03  6.217277E-03  5.196495E+01
    11.6000    5.234403E-03  6.093115E-03  5.237363E+01
    11.6500    3.478107E-03  5.982478E-03  5.278665E+01
    11.7000    1.208549E-03  5.895850E-03  5.320063E+01
    11.7500   -1.186602E-03  5.838483E-03  5.361174E+01
    11.8000   -3.323944E-03  5.810315E-03  5.401611E+01
    11.8500   -4.896494E-03  5.807065E-03  5.441028E+01
    11.9000   -5.721357E-03  5.822188E-03  5.479149E+01
    11.9500   -5.754583E-03  5.849087E-03  5.515788E+01
    12.0000   -5.078921E-03  5.889977E-03  5.550888E+01
    12.0500   -3.848990E-03  5.945422E-03  5.584452E+01
    12.1000   -2.251204E-03  6.008418E-03  5.616462E+01
    12.1500   -4.766225E-04  6.083793E-03  5.647024E+01
    12.2000    1.314725E-03  6.178247E-03  5.676311E+01
    12.2500    3.002469E-03  6.298686E-03  5.704554E+01
    12.3000    4.498097E-03  6.450348E-03  5.732035E+01
    12.3500    5.728331E-03  6.635166E-03  5.759050E+01
    12.4000    6.619353E-03  6.850776E-03  5.785880E+01
    12.4500    7.090164E-03  7.090399E-03  5.812761E+01
    12.5000    7.059214E-03  7.343536E-03  5.839864E+01
    12.5500    6.463106E-03  7.597179E-03  5.867290E+01
    12.6000    5.281409E-03  7.837218E-03  5.895080E+01
    12.6500    3.558964E-03  8.049752E-03  5.923230E+01
    12.7000    1.417294E-03  8.222151E-03  5.951702E+01
    12.7500   -9.503649E-04  8.343838E-03  5.980441E+01
    12.8000   -3.301221E-03  8.406768E-03  6.009381E+01
    12.8500   -5.378264E-03  8.405675E-03  6.038455E+01
    12.9000   -6.951079E-03  8.338099E-03  6.067595E+01
    12.9500   -7.853015E-03  8.204248E-03  6.096739E+01
    13.0000   -8.020227E-03  8.020244E-03  6.125897E+01
    13.0500   -7.471864E-03  7.795881E-03  6.155038E+01
    13.1000   -6.290995E-03  7.516343E-03  6.184012E+01
    13.1500   -4.653270E-03  7.188379E-03  6.212777E+01
    13.2000   -2.773546E-03  6.819472E-03  6.241300E+01
    13.2500   -8.719663E-04  6.417337E-03  6.269555E+01
    13.3000    8.559448E-04  5.989450E-03  6.297525E+01
    13.3500    2.260768E-03  5.542656E-03  6.325199E+01
    13.4000    3.250497E-03  5.082892E-03  6.352570E+01
    13.4500    3.792322E-03  4.615039E-03  6.379630E+01
    13.5000    3.907094E-03  4.142942E-03  6.406360E+01
    13.5500    3.659139E-03  3.669580E-03  6.432719E+01
    13.6000    3.143683E-03  3.197370E-03  6.458616E+01
    13.6500    2.473323E-03  2.728606E-03  6.483866E+01
    13.7000    1.764234E-03  2.266028E-03  6.508108E+01
    13.7500    1.122573E-03  1.813654E-03  6.530603E+01
    13.8000    6.317968E-04  1.378423E-03  6.549731E+01
    13.8500    3.422014E-04  9.748597E-04  6.561478E+01
    13.9000    2.644971E-04  6.427144E-04  6.554931E+01
    13.9500    3.691861E-04  4.985415E-04  6.513958E+01
    14.0000    5.904632E-04  6.341002E-04  6.477580E+01
    14.0500    8.413913E-04  8.949562E-04  6.475038E+01
    14.1000    1.039328E-03  1.173341E-03  6.488526E+01
    14.1500    1.111367E-03  1.434674E-03  6.508729E+01
    14.2000    1.011310E-03  1.665821E-03  6.532105E+01
    14.2500    7.282160E-04  1.860592E-03  6.557130E+01
    14.3000    2.873649E-04  2.016061E-03  6.583042E+01
    14.3500   -2.563847E-04  2.131464E-03  6.609402E+01
    14.4000   -8.309694E-04  2.207779E-03  6.635933E+01
    14.4500   -1.361952E-03  2.247463E-03  6.662446E+01
    14.5000   -1.786109E-03  2.254183E-03  6.688810E+01
    14.5500   -2.060722E-03  2.232471E-03  6.714943E+01
    14.6000   -2.167048E-03  2.187292E-03  6.740808E+01
    14.6500   -2.108269E-03  2.123534E-03  6.766422E+01
    14.7000   -1.903843E-03  2.045467E-03  6.791855E+01
    14.7500   -1.582888E-03  1.956240E-03  6.817234E+01
    14.8000   -1.179037E-03  1.857525E-03  6.842737E+01
    14.8500   -7.280092E-04  1.749397E-03  6.868583E+01
    14.9000   -2.676062E-04  1.630499E-03  6.895017E+01
    14.9500    1.615154E-04  1.498487E-03  6.922303E+01
    15.0000    5.203990E-04  1.351496E-03  6.951030E+01
    15.0500    7.683097E-04  1.186654E-03  6.981928E+01
    15.1000    8.620533E-04  1.001345E-03  7.015207E+01
    15.1500    7.874024E-04  7.978883E-04  7.052353E+01
    15.2000    5.603865E-04  5.841522E-04  7.097206E+01
    15.2500    2.304275E-04  3.854460E-04  7.161585E+01
    15.3000   -1.249073E-04  2.939050E-04  7.269558E+01
    15.3500   -4.139838E-04  4.157386E-04  7.373552E+01
    15.4000   -5.516349E-04  6.418449E-04  7.436403E+01
    15.4500   -4.812649E-04  8.891816E-04  7.482631E+01
    15.5000   -1.923472E-04  1.130444E-03  7.522724E+01
    15.5500    2.723513E-04  1.351601E-03  7.560112E+01
    15.6000    8.231246E-04  1.542421E-03  7.596114E+01
    15.6500    1.342885E-03  1.694553E-03  7.631307E+01
    15.7000    1.715595E-03  1.801197E-03  7.665948E+01
    15.7500    1.856217E-03  1.857185E-03  7.700130E+01
    15.8000    1.733783E-03  1.859159E-03  7.733837E+01
    15.8500    1.380565E-03  1.805798E-03  7.766952E+01
    15.9000    8.839785E-04  1.698049E-03  7.799228E+01
    15.9500    3.627185E-04  1.539473E-03  7.830197E+01
    16.0000   -6.861241E-05  1.337425E-03  7.859114E+01
    16.0500   -3.300452E-04  1.104373E-03  7.884331E+01
    16.1000   -3.943130E-04  8.606483E-04  7.901574E+01
    16.1500   -3.049267E-04  6.532206E-04  7.902549E+01
    16.2000   -1.584453E-04  5.803988E-04  7.881632E+01
    16.2500   -7.393875E-05  7.118099E-04  7.864388E+01
    16.3000   -1.537609E-04  9.705888E-04  7.869891E+01
    16.3500   -4.472933E-04  1.271662E-03  7.889924E+01
    16.4000   -9.291525E-04  1.573559E-03  7.917147E+01
    16.4500   -1.499604E-03  1.854407E-03  7.948171E+01
    16.5000   -2.008516E-03  2.099983E-03  7.981438E+01
    16.5500   -2.296967E-03  2.299976E-03  8.016177E+01
    16.6000   -2.244829E-03  2.446832E-03  8.051980E+01
    16.6500   -1.810153E-03  2.535414E-03  8.088629E+01
    16.7000   -1.047966E-03  2.562924E-03  8.126017E+01
    16.7500   -1.017800E-04  2.528871E-03  8.164115E+01
    16.8000    8.309317E-04  2.435049E-03  8.202964E+01
    16.8500    1.550178E-03  2.285480E-03  8.242682E+01
    16.9000    1.907354E-03  2.086357E-03  8.283495E+01
    16.9500    1.846029E-03  1.846061E-03  8.325809E+01
    17.0000    1.420409E-03  1.578014E-03  8.370295E+01
    17.0500    7.775434E-04  1.297143E-03  8.418022E+01
    17.1000    1.079971E-04  1.014616E-03  8.471636E+01
    17.1500   -3.926322E-04  7.611166E-04  8.536502E+01
    17.2000   -5.859670E-04  5.966916E-04  8.620392E+01
    17.2500   -4.300373E-04  5.979813E-04  8.716202E+01
    17.3000    9.412576E-06  7.467610E-04  8.797720E+01
    17.3500    5.790078E-04  9.541456E-04  8.861667E+01
    17.4000    1.083581E-03  1.164919E-03  8.915949E+01
    17.4500    1.344513E-03  1.354157E-03  8.965481E+01
    17.5000    1.253550E-03  1.509826E-03  9.012661E+01
    17.5500    8.062262E-04  1.625916E-03  9.058736E+01
    17.6000    1.049485E-04  1.700076E-03  9.104442E+01
    17.6500   -6.694025E-04  1.732743E-03  9.150283E+01
    17.7000   -1.309196E-03  1.726782E-03  9.196669E+01
    17.7500   -1.640064E-03  1.687314E-03  9.243977E+01
    17.8000   -1.571650E-03  1.621609E-03  9.292585E+01
    17.8500   -1.124213E-03  1.538938E-03  9.342871E+01
    17.9000   -4.232635E-04  1.450251E-03  9.395161E+01
    17.9500    3.362009E-04  1.367428E-03  9.449619E+01
    18.0000    9.437103E-04  1.300422E-03  9.505982E+01
    18.0500    1.232940E-03  1.253789E-03  9.563595E+01
    18.1000    1.136976E-03  1.233804E-03  9.621740E+01
    18.1500    6.958097E-04  1.238714E-03  9.679291E+01
    18.2000    4.541445E-05  1.261194E-03  9.735336E+01
    18.2500   -6.241177E-04  1.290704E-03  9.789408E+01
    18.3000   -1.125106E-03  1.316142E-03  9.841464E+01
    18.3500   -1.326433E-03  1.327659E-03  9.891720E+01
    18.4000   -1.189270E-03  1.317481E-03  9.940500E+01
    18.4500   -7.741480E-04  1.280096E-03  9.988150E+01
    18.5000   -2.180044E-04  1.212169E-03  1.003501E+02
    18.5500    3.110711E-04  1.112357E-03  1.008144E+02
    18.6000    6.669653E-04  9.811291E-04  1.012784E+02
    18.6500    7.699842E-04  8.206393E-04  1.017486E+02
    18.7000    6.289784E-04  6.348195E-04  1.022375E+02
    18.7500    3.346338E-04  4.304519E-04  1.027820E+02
    18.8000    2.647581E-05  2.261130E-04  1.035552E+02
    18.8500   -1.556557E-04  1.560808E-04  1.053172E+02
    18.9000   -1.200705E-04  3.450025E-04  1.064587E+02
    18.9500    1.439223E-04  5.810786E-04  1.070644E+02
    19.0000    5.613620E-04  8.196023E-04  1.075686E+02
    19.0500    9.912942E-04  1.052154E-03  1.080432E+02
    19.1000    1.262724E-03  1.271190E-03  1.085004E+02
    19.1500    1.243060E-03  1.470924E-03  1.089490E+02
    19.2000    8.783258E-04  1.646586E-03  1.093931E+02
    19.2500    2.160015E-04  1.794344E-03  1.098351E+02
    19.3000   -6.026087E-04  1.911343E-03  1.102765E+02
    19.3500   -1.378965E-03  1.995750E-03  1.107185E+02
    19.4000   -1.912436E-03  2.046783E-03  1.111622E+02
    19.4500   -2.057798E-03  2.064709E-03  1.116084E+02
    19.5000   -1.767988E-03  2.050811E-03  1.120580E+02
    19.5500   -1.109234E-03  2.007320E-03  1.125119E+02
    19.6000   -2.438720E-04  1.937309E-03  1.129711E+02
    19.6500    6.142933E-04  1.844560E-03  1.134369E+02
    19.7000    1.259043E-03  1.733397E-03  1.139103E+02
    19.7500    1.547984E-03  1.608491E-03  1.143930E+02
    19.8000    1.439652E-03  1.474650E-03  1.148864E+02
    19.8500    1.000963E-03  1.336587E-03  1.153925E+02
    19.9000    3.833982E-04  1.198693E-03  1.159134E+02
    19.9500   -2.244307E-04  1.064831E-03  1.164513E+02