# # tequil.ion_motion                                            FEFF 9.05   
# # POT  SCF  30  5.5000   1, core-hole, AFOLP (folp(0)= 1.150)
# # Abs   Z=30 Rmt= 1.344 Rnm= 1.419 K  shell
# # Pot 1 Z=26 Rmt= 1.281 Rnm= 1.390
# # Pot 2 Z= 8 Rmt= 0.999 Rnm= 1.077
# # Gam_ch=1.897E+00 H-L exch
# # Mu=-1.177E+01 kf=2.187E+00 Vint=-1.941E+01 Rs_int= 1.659
# # PATH  Rmax= 8.500,  Keep_limit= 0.00, Heap_limit 0.00  Pwcrit= 2.50%
#  S02=1.000                                        Global_sig2= 0.00000
#  Energy zero shift, vr, vi   -2.00000E+00   0.00000E+00
#  Curved wave amplitude ratio filter   4.000%
#     file         sig2 tot  cw amp ratio   deg  nlegs   reff  inp sig2
#           1       0.00000    100.00      1.00     2   1.9820
#           2       0.00000     95.77      1.00     2   2.0158
#           3       0.00000     89.79      1.00     2   2.0673
#           4       0.00000     86.14      1.00     2   2.1010
#           5       0.00000     69.25      1.00     2   2.2868
#           6       0.00000     67.31      1.00     2   2.3121
#           7       0.00000     38.34      1.00     2   2.8120
#           8       0.00000     34.76      1.00     2   2.9407
#           9       0.00000     33.42      1.00     2   2.9931
#          10       0.00000     31.05      1.00     2   3.0919
#          11       0.00000     25.54      1.00     2   3.3306
#          12       0.00000     26.09      1.00     2   3.3319
#          13       0.00000     25.74      1.00     2   3.3507
#          14       0.00000     25.63      1.00     2   3.3565
#          15       0.00000     11.64      2.00     3   3.3722
#          16       0.00000     10.99      2.00     3   3.3802
#          17       0.00000     11.91      2.00     3   3.4045
#          18       0.00000     22.76      1.00     2   3.4740
#          19       0.00000     22.02      1.00     2   3.5158
#          20       0.00000      9.53      2.00     3   3.5333
#          21       0.00000     21.70      1.00     2   3.5346
#          22       0.00000     11.13      2.00     3   3.5385
#          23       0.00000     11.18      2.00     3   3.5613
#          24       0.00000     10.86      2.00     3   3.5647
#          25       0.00000     21.15      1.00     2   3.5677
#          26       0.00000     21.97      1.00     2   3.5763
#          27       0.00000      8.68      2.00     3   3.5935
#          28       0.00000     10.74      2.00     3   3.5952
#          29       0.00000      9.89      2.00     3   3.5974
#          30       0.00000      7.73      2.00     3   3.6021
#          31       0.00000      7.67      2.00     3   3.6102
#          32       0.00000      8.85      2.00     3   3.6143
#          33       0.00000      8.05      2.00     3   3.6171
#          34       0.00000      8.58      2.00     3   3.6229
#          35       0.00000     20.13      1.00     2   3.6315
#          36       0.00000     16.00      2.00     3   3.6488
#          37       0.00000      9.47      2.00     3   3.6496
#          38       0.00000     10.40      2.00     3   3.6544
#          39       0.00000     16.51      2.00     3   3.6581
#          40       0.00000      6.92      2.00     3   3.6735
#          41       0.00000     14.96      2.00     3   3.6935
#          42       0.00000      8.29      2.00     3   3.6959
#          43       0.00000      6.55      2.00     3   3.6989
#          44       0.00000     19.91      1.00     2   3.7203
#          45       0.00000      8.35      2.00     3   3.7391
#          46       0.00000     19.30      1.00     2   3.7665
#          47       0.00000     17.54      1.00     2   3.8154
#          48       0.00000     18.66      1.00     2   3.8167
#          49       0.00000     15.03      2.00     3   3.8229
#          50       0.00000     18.30      1.00     2   3.8462
#          51       0.00000     18.92      2.00     3   3.8602
#          52       0.00000     16.78      1.00     2   3.8764
#          53       0.00000     17.68      1.00     2   3.8986
#          54       0.00000      6.72      1.00     4   3.9325
#          55       0.00000      6.22      1.00     4   3.9485
#          56       0.00000      4.28      1.00     4   3.9596
#          57       0.00000      9.30      1.00     4   3.9641
#          58       0.00000      4.28      1.00     4   3.9658
#          59       0.00000     13.38      2.00     3   3.9907
#          60       0.00000      8.02      1.00     4   4.0002
#          61       0.00000      8.51      1.00     4   4.0317
#          62       0.00000     25.70      2.00     3   4.0331
#          63       0.00000     13.97      2.00     3   4.0357
#          65       0.00000     13.16      2.00     3   4.0404
#          66       0.00000      8.53      2.00     3   4.0535
#          67       0.00000     14.70      1.00     2   4.0617
#          68       0.00000      4.67      1.00     4   4.0695
#          69       0.00000     19.62      2.00     4   4.0831
#          71       0.00000      4.33      1.00     4   4.0985
#          72       0.00000      7.69      2.00     3   4.1141
#          73       0.00000      7.47      1.00     4   4.1345
#          74       0.00000      8.20      2.00     3   4.1493
#          75       0.00000      4.12      1.00     4   4.1939
#          76       0.00000      6.86      1.00     4   4.2020
#          77       0.00000      4.28      1.00     4   4.2072
#          78       0.00000      8.10      2.00     3   4.2135
#          79       0.00000      4.65      1.00     4   4.2149
#          80       0.00000      4.90      1.00     4   4.2253
#          81       0.00000      7.13      2.00     3   4.2320
#          82       0.00000     21.25      2.00     3   4.2462
#          83       0.00000      6.65      2.00     3   4.2636
#          84       0.00000      4.14      1.00     4   4.2642
#          85       0.00000      6.74      2.00     3   4.2693
#          86       0.00000      6.85      2.00     3   4.2706
#          87       0.00000      7.06      2.00     3   4.2748
#          88       0.00000     12.67      1.00     2   4.2776
#          89       0.00000      6.86      2.00     3   4.2896
#          90       0.00000     15.79      2.00     4   4.2941
#          91       0.00000      8.59      2.00     3   4.2947
#          92       0.00000     12.43      1.00     2   4.3056
#          93       0.00000     12.39      1.00     2   4.3104
#          94       0.00000     12.21      1.00     2   4.3322
#          95       0.00000     19.30      2.00     3   4.3380
#          96       0.00000     13.95      2.00     4   4.3878
#          97       0.00000     24.47      2.00     3   4.3921
#          98       0.00000      7.17      2.00     3   4.4133
#          99       0.00000     11.21      1.00     2   4.4625
#         100       0.00000     14.58      1.00     4   4.4738
#         101       0.00000     11.09      1.00     2   4.4782
#         102       0.00000     11.05      1.00     2   4.4834
#         103       0.00000      7.97      2.00     3   4.4940
#         104       0.00000      6.15      2.00     3   4.4978
#         105       0.00000     10.86      1.00     2   4.5114
#         106       0.00000     10.85      1.00     2   4.5117
#         107       0.00000      5.71      2.00     3   4.5143
#         109       0.00000     10.66      1.00     2   4.5389
#         110       0.00000      4.43      1.00     4   4.5735
#         111       0.00000      5.03      2.00     3   4.5747
#         112       0.00000     19.60      2.00     3   4.5776
#         113       0.00000     10.30      1.00     2   4.5924
#         114       0.00000      5.23      2.00     3   4.6165
#         115       0.00000      5.24      2.00     3   4.6218
#         116       0.00000     20.03      2.00     3   4.6244
#         117       0.00000      4.19      1.00     4   4.6242
#         118       0.00000      9.99      1.00     2   4.6411
#         119       0.00000      5.11      2.00     3   4.6416
#         120       0.00000      8.80      2.00     3   4.6427
#         121       0.00000     15.98      2.00     3   4.6508
#         122       0.00000     14.38      2.00     3   4.6528
#         123       0.00000     10.96      1.00     4   4.6769
#         124       0.00000     14.21      2.00     3   4.6791
#         125       0.00000      8.37      2.00     3   4.6810
#         126       0.00000      7.38      2.00     3   4.6814
#         127       0.00000     10.70      1.00     2   4.7040
#         128       0.00000      9.58      1.00     2   4.7077
#         129       0.00000     11.48      1.00     4   4.7098
#         130       0.00000      6.70      2.00     3   4.7180
#         131       0.00000      8.34      2.00     3   4.7296
#         132       0.00000      9.42      1.00     2   4.7345
#         133       0.00000      4.72      2.00     3   4.7385
#         134       0.00000      4.69      2.00     3   4.7402
#         135       0.00000      9.36      1.00     2   4.7445
#         136       0.00000      9.51      2.00     3   4.7456
#         137       0.00000      6.82      2.00     3   4.7464
#         138       0.00000      9.32      1.00     2   4.7505
#         140       0.00000     13.90      2.00     3   4.7513
#         142       0.00000      6.36      2.00     3   4.7783
#         144       0.00000      8.27      1.00     4   4.7899
#         145       0.00000      9.08      1.00     2   4.7931
#         147       0.00000      9.05      1.00     2   4.7991
#         148       0.00000      5.75      2.00     3   4.7988
#         149       0.00000      7.10      1.00     4   4.8222
#         150       0.00000      8.54      2.00     3   4.8250
#         151       0.00000      4.59      2.00     4   4.8278
#         152       0.00000      7.05      1.00     4   4.8467
#         153       0.00000     10.06      2.00     3   4.8476
#         154       0.00000     10.06      2.00     3   4.8738
#         156       0.00000      7.68      2.00     3   4.8805
#         159       0.00000      8.44      2.00     3   4.9090
#         160       0.00000      6.97      1.00     4   4.9103
#         161       0.00000     10.71      2.00     3   4.9119
#         163       0.00000      4.18      2.00     3   4.9405
#         164       0.00000     10.35      2.00     3   4.9511
#         165       0.00000     11.47      2.00     3   4.9649
#         166       0.00000      9.16      1.00     2   4.9741
#         167       0.00000      5.37      2.00     4   4.9751
#         168       0.00000      4.08      2.00     3   4.9757
#         169       0.00000      9.10      2.00     3   4.9786
#         170       0.00000      4.07      2.00     4   4.9792
#         172       0.00000      4.66      1.00     4   4.9912
#         173       0.00000      7.96      1.00     2   5.0085
#         174       0.00000     19.72      2.00     3   5.0149
#         175       0.00000     12.38      1.00     4   5.0213
#         178       0.00000      7.80      2.00     3   5.0365
#         180       0.00000      7.75      1.00     2   5.0540
#         181       0.00000      8.23      2.00     3   5.0599
#         182       0.00000     19.47      2.00     3   5.0606
#         183       0.00000      5.94      2.00     3   5.0641
#         184       0.00000     12.40      1.00     4   5.0671
#         185       0.00000      8.66      1.00     2   5.0729
#         188       0.00000      4.38      1.00     4   5.1066
#         190       0.00000      7.99      2.00     3   5.1091
#         192       0.00000      8.46      1.00     2   5.1143
#         193       0.00000      4.88      1.00     4   5.1161
#         194       0.00000      5.54      1.00     4   5.1367
#         196       0.00000      7.30      1.00     2   5.1551
#         198       0.00000      4.70      1.00     4   5.1578
#         200       0.00000     17.16      2.00     3   5.1678
#         201       0.00000     10.36      1.00     4   5.1805
#         203       0.00000      8.05      1.00     2   5.2057
#         204       0.00000      7.07      1.00     2   5.2086
#         205       0.00000     10.85      2.00     3   5.2102
#         210       0.00000      8.10      2.00     3   5.2470
#         211       0.00000      5.97      2.00     3   5.2654
#         214       0.00000      5.20      1.00     4   5.3062
#         215       0.00000      9.78      2.00     3   5.3088
#         216       0.00000      7.59      1.00     2   5.3132
#         220       0.00000      4.13      2.00     3   5.3315
#         221       0.00000      5.87      2.00     3   5.3362
#         222       0.00000      7.49      1.00     2   5.3375
#         223       0.00000      4.59      2.00     4   5.3465
#         226       0.00000      6.75      2.00     3   5.3901
#         227       0.00000      6.34      1.00     2   5.3968
#         230       0.00000      7.22      1.00     2   5.4067
#         231       0.00000      4.61      1.00     4   5.4119
#         233       0.00000      7.33      2.00     3   5.4291
#         234       0.00000      6.20      1.00     2   5.4367
#         235       0.00000      6.23      2.00     3   5.4463
#         236       0.00000      7.56      2.00     3   5.4475
#         237       0.00000      6.14      1.00     2   5.4544
#         238       0.00000      6.13      1.00     2   5.4574
#         242       0.00000      5.10      2.00     3   5.4789
#         243       0.00000      6.91      1.00     2   5.4870
#         244       0.00000      6.01      2.00     3   5.4973
#         245       0.00000      6.07      2.00     3   5.5012
#         246       0.00000      5.97      1.00     2   5.5045
#         247       0.00000      6.78      2.00     3   5.5047
#         249       0.00000      4.43      2.00     3   5.5201
#         250       0.00000      7.06      2.00     3   5.5451
#         253       0.00000      5.12      2.00     3   5.5649
#         256       0.00000      6.57      1.00     2   5.5838
#         259       0.00000      5.81      2.00     3   5.6085
#         260       0.00000      6.08      2.00     3   5.6175
#         261       0.00000      4.72      2.00     3   5.6197
#         262       0.00000      5.59      1.00     2   5.6236
#         263       0.00000      5.59      1.00     2   5.6242
#         265       0.00000      5.14      2.00     3   5.6347
#         267       0.00000      4.78      2.00     3   5.6363
#         269       0.00000      5.61      2.00     3   5.6390
#         271       0.00000      6.33      1.00     2   5.6542
#         277       0.00000      5.57      2.00     3   5.6860
#         278       0.00000      6.23      1.00     2   5.6866
#         280       0.00000      4.58      2.00     3   5.7055
#         281       0.00000      6.11      2.00     3   5.7063
#         283       0.00000      5.31      1.00     2   5.7146
#         284       0.00000      5.21      2.00     3   5.7152
#         285       0.00000      5.30      1.00     2   5.7188
#         286       0.00000      4.56      2.00     3   5.7275
#         294       0.00000      4.06      2.00     3   5.7641
#         295       0.00000      5.24      2.00     3   5.7701
#         298       0.00000      6.48      2.00     3   5.7792
#         301       0.00000      4.64      2.00     3   5.7874
#         302       0.00000      4.33      2.00     3   5.7879
#         305       0.00000      4.05      2.00     3   5.8196
#         306       0.00000      4.02      2.00     3   5.8216
#         308       0.00000      4.30      2.00     3   5.8249
#         313       0.00000      5.44      2.00     3   5.8421
#         314       0.00000      4.77      2.00     3   5.8509
#         315       0.00000      4.93      1.00     2   5.8525
#         317       0.00000      5.70      1.00     2   5.8605
#         318       0.00000      5.68      1.00     2   5.8646
#         319       0.00000      5.31      2.00     3   5.8647
#         325       0.00000      5.65      1.00     2   5.8771
#         326       0.00000      5.64      1.00     2   5.8786
#         329       0.00000      5.59      1.00     2   5.8960
#         330       0.00000      5.59      1.00     2   5.8985
#         331       0.00000     10.05      2.00     3   5.9033
#         334       0.00000      5.55      1.00     2   5.9110
#         335       0.00000      5.54      1.00     2   5.9143
#         336       0.00000      5.78      2.00     3   5.9146
#         337       0.00000      8.82      2.00     3   5.9151
#         341       0.00000      4.44      2.00     4   5.9273
#         342       0.00000      4.76      1.00     4   5.9294
#         345       0.00000      9.98      2.00     3   5.9359
#         346       0.00000      5.48      1.00     2   5.9380
#         347       0.00000      4.71      1.00     2   5.9393
#   256/ 318 paths used
#  -----------------------------------------------------------------------
#       k          chi          mag           phase @#
    -0.7000   -4.126426E-01  4.172692E-01 -1.421744E+00
    -0.6500   -4.060060E-01  4.082212E-01 -1.466574E+00
    -0.6000   -4.096280E-01  4.108567E-01 -1.493442E+00
    -0.5500   -4.184083E-01  4.193635E-01 -1.503288E+00
    -0.5000   -4.290032E-01  4.300668E-01 -1.500452E+00
    -0.4500   -4.399110E-01  4.413841E-01 -1.489072E+00
    -0.4000   -4.499441E-01  4.520648E-01 -1.473896E+00
    -0.3500   -4.591676E-01  4.622748E-01 -1.454788E+00
    -0.3000   -4.668982E-01  4.711579E-01 -1.436226E+00
    -0.2500   -4.731420E-01  4.786240E-01 -1.419300E+00
    -0.2000   -4.779990E-01  4.846662E-01 -1.404736E+00
    -0.1500   -4.818403E-01  4.896295E-01 -1.392187E+00
    -0.1000   -4.845503E-01  4.932443E-01 -1.382764E+00
    -0.0500   -4.861320E-01  4.954033E-01 -1.377026E+00
     0.0000   -4.866516E-01  4.961212E-01 -1.375100E+00
     0.0500   -4.871672E-01  4.968382E-01 -1.373168E+00
     0.1000   -4.886905E-01  4.989832E-01 -1.367333E+00
     0.1500   -4.911479E-01  5.025377E-01 -1.357485E+00
     0.2000   -4.944098E-01  5.074669E-01 -1.343459E+00
     0.2500   -4.982818E-01  5.137152E-01 -1.325055E+00
     0.3000   -5.024957E-01  5.212029E-01 -1.302062E+00
     0.3500   -5.068271E-01  5.300374E-01 -1.273767E+00
     0.4000   -5.111487E-01  5.407609E-01 -1.238328E+00
     0.4500   -5.144136E-01  5.525017E-01 -1.197314E+00
     0.5000   -5.159268E-01  5.650697E-01 -1.150657E+00
     0.5500   -5.150490E-01  5.787773E-01 -1.097107E+00
     0.6000   -5.108115E-01  5.940772E-01 -1.034957E+00
     0.6500   -5.017867E-01  6.096496E-01 -9.668026E-01
     0.7000   -4.869203E-01  6.256622E-01 -8.918708E-01
     0.7500   -4.646412E-01  6.430626E-01 -8.074757E-01
     0.8000   -4.337865E-01  6.599521E-01 -7.172305E-01
     0.8500   -3.929101E-01  6.770307E-01 -6.191500E-01
     0.9000   -3.405151E-01  6.942205E-01 -5.126633E-01
     0.9500   -2.770386E-01  7.099242E-01 -4.008888E-01
     1.0000   -2.002082E-01  7.256823E-01 -2.795150E-01
     1.0500   -1.123975E-01  7.395066E-01 -1.525812E-01
     1.1000   -1.429870E-02  7.516241E-01 -1.902489E-02
     1.1500    9.262494E-02  7.619891E-01  1.218581E-01
     1.2000    2.028136E-01  7.691975E-01  2.668240E-01
     1.2500    3.159968E-01  7.745761E-01  4.202196E-01
     1.3000    4.232683E-01  7.761366E-01  5.768101E-01
     1.3500    5.223089E-01  7.748226E-01  7.397473E-01
     1.4000    6.060046E-01  7.697212E-01  9.064242E-01
     1.4500    6.702059E-01  7.609965E-01  1.077328E+00
     1.5000    7.109997E-01  7.486370E-01  1.252358E+00
     1.5500    7.250806E-01  7.323628E-01  1.429658E+00
     1.6000    7.121579E-01  7.127385E-01  1.611162E+00
     1.6500    6.724054E-01  6.893698E-01  1.793103E+00
     1.7000    6.086014E-01  6.631339E-01  1.979176E+00
     1.7500    5.253308E-01  6.337701E-01  2.164458E+00
     1.8000    4.272970E-01  6.019618E-01  2.352321E+00
     1.8500    3.219990E-01  5.679723E-01  2.538822E+00
     1.9000    2.137908E-01  5.322384E-01  2.728239E+00
     1.9500    1.105659E-01  4.952205E-01  2.916429E+00
     2.0000    1.881042E-02  4.576035E-01  3.100475E+00
     2.0500   -5.778545E-02  4.200261E-01  3.279606E+00
     2.1000   -1.172057E-01  3.818246E-01  3.453592E+00
     2.1500   -1.584105E-01  3.435137E-01  3.620881E+00
     2.2000   -1.829295E-01  3.072094E-01  3.779425E+00
     2.2500   -1.934969E-01  2.733456E-01  3.928090E+00
     2.3000   -1.926687E-01  2.415206E-01  4.065117E+00
     2.3500   -1.819797E-01  2.105621E-01  4.185263E+00
     2.4000   -1.669714E-01  1.833901E-01  4.286015E+00
     2.4500   -1.510056E-01  1.605718E-01  4.365467E+00
     2.5000   -1.368993E-01  1.427262E-01  4.425661E+00
     2.5500   -1.289104E-01  1.322857E-01  4.486007E+00
     2.6000   -1.221893E-01  1.240472E-01  4.539098E+00
     2.6500   -1.172721E-01  1.182217E-01  4.585556E+00
     2.7000   -1.147201E-01  1.151007E-01  4.631045E+00
     2.7500   -1.131323E-01  1.131395E-01  4.701117E+00
     2.8000   -1.120649E-01  1.123071E-01  4.778068E+00
     2.8500   -1.112581E-01  1.125055E-01  4.861445E+00
     2.9000   -1.103087E-01  1.135654E-01  4.952451E+00
     2.9500   -1.083047E-01  1.148564E-01  5.051779E+00
     3.0000   -1.050978E-01  1.164994E-01  5.158500E+00
     3.0500   -1.004159E-01  1.185257E-01  5.272479E+00
     3.1000   -9.387009E-02  1.208593E-01  5.393793E+00
     3.1500   -8.505512E-02  1.233349E-01  5.522211E+00
     3.2000   -7.357864E-02  1.257865E-01  5.658369E+00
     3.2500   -5.936358E-02  1.280868E-01  5.801285E+00
     3.3000   -4.262325E-02  1.302085E-01  5.949692E+00
     3.3500   -2.361453E-02  1.323185E-01  6.103757E+00
     3.4000   -2.555331E-03  1.342958E-01  6.264157E+00
     3.4500    1.993272E-02  1.359277E-01  6.430358E+00
     3.5000    4.297808E-02  1.371124E-01  6.602011E+00
     3.5500    6.565238E-02  1.379781E-01  6.779078E+00
     3.6000    8.687026E-02  1.384683E-01  6.961351E+00
     3.6500    1.052004E-01  1.382405E-01  7.148032E+00
     3.7000    1.193909E-01  1.372118E-01  7.338633E+00
     3.7500    1.284816E-01  1.353958E-01  7.533024E+00
     3.8000    1.318042E-01  1.328105E-01  7.730800E+00
     3.8500    1.289360E-01  1.293157E-01  7.930632E+00
     3.9000    1.201271E-01  1.249076E-01  8.131539E+00
     3.9500    1.062641E-01  1.197466E-01  8.333087E+00
     4.0000    8.859334E-02  1.140293E-01  8.534996E+00
     4.0500    6.853163E-02  1.076149E-01  8.734408E+00
     4.1000    4.782366E-02  1.006374E-01  8.929578E+00
     4.1500    2.812829E-02  9.330056E-02  9.118533E+00
     4.2000    1.077290E-02  8.587678E-02  9.299001E+00
     4.2500   -3.352328E-03  7.857046E-02  9.467457E+00
     4.3000   -1.399829E-02  7.169652E-02  9.621284E+00
     4.3500   -2.149518E-02  6.559544E-02  9.758639E+00
     4.4000   -2.661295E-02  6.062279E-02  9.879255E+00
     4.4500   -3.041734E-02  5.698764E-02  9.987811E+00
     4.5000   -3.391113E-02  5.475624E-02  1.009264E+01
     4.5500   -3.781086E-02  5.380272E-02  1.020406E+01
     4.6000   -4.243576E-02  5.389903E-02  1.033123E+01
     4.6500   -4.738421E-02  5.449181E-02  1.047910E+01
     4.7000   -5.186088E-02  5.514769E-02  1.064858E+01
     4.7500   -5.483174E-02  5.551936E-02  1.083803E+01
     4.8000   -5.537734E-02  5.544533E-02  1.104510E+01
     4.8500   -5.262784E-02  5.461047E-02  1.126586E+01
     4.9000   -4.640999E-02  5.292930E-02  1.149714E+01
     4.9500   -3.719691E-02  5.039553E-02  1.173612E+01
     5.0000   -2.605403E-02  4.710693E-02  1.198031E+01
     5.0500   -1.439421E-02  4.308808E-02  1.222576E+01
     5.1000   -3.741005E-03  3.849008E-02  1.246902E+01
     5.1500    4.650246E-03  3.349932E-02  1.270564E+01
     5.2000    1.002834E-02  2.834843E-02  1.292795E+01
     5.2500    1.232828E-02  2.326815E-02  1.312478E+01
     5.3000    1.213731E-02  1.857188E-02  1.327861E+01
     5.3500    1.049247E-02  1.465232E-02  1.336456E+01
     5.4000    8.542800E-03  1.198593E-02  1.335976E+01
     5.4500    7.340860E-03  1.093172E-02  1.330263E+01
     5.5000    7.449054E-03  1.123045E-02  1.329158E+01
     5.5500    8.834026E-03  1.212585E-02  1.338254E+01
     5.6000    1.091493E-02  1.300455E-02  1.356239E+01
     5.6500    1.276139E-02  1.347063E-02  1.381122E+01
     5.7000    1.337725E-02  1.338049E-02  1.411516E+01
     5.7500    1.203936E-02  1.274634E-02  1.447179E+01
     5.8000    8.586138E-03  1.169340E-02  1.488337E+01
     5.8500    3.457375E-03  1.048423E-02  1.537190E+01
     5.9000   -2.351168E-03  9.584513E-03  1.595580E+01
     5.9500   -7.525999E-03  9.577307E-03  1.661198E+01
     6.0000   -1.060465E-02  1.060682E-02  1.725853E+01
     6.0500   -1.074353E-02  1.261620E-02  1.783059E+01
     6.1000   -7.682061E-03  1.519261E-02  1.831943E+01
     6.1500   -1.851462E-03  1.794211E-02  1.874618E+01
     6.2000    5.710439E-03  2.058351E-02  1.913067E+01
     6.2500    1.361602E-02  2.292451E-02  1.948552E+01
     6.3000    2.046435E-02  2.483855E-02  1.981781E+01
     6.3500    2.516338E-02  2.625410E-02  2.013109E+01
     6.4000    2.715087E-02  2.715142E-02  2.042667E+01
     6.4500    2.645866E-02  2.756281E-02  2.070436E+01
     6.5000    2.351663E-02  2.757569E-02  2.096982E+01
     6.5500    1.913611E-02  2.734870E-02  2.121616E+01
     6.6000    1.413292E-02  2.705632E-02  2.144154E+01
     6.6500    9.053379E-03  2.689599E-02  2.164784E+01
     6.7000    4.070694E-03  2.705627E-02  2.184012E+01
     6.7500   -9.824634E-04  2.767099E-02  2.202666E+01
     6.8000   -6.446549E-03  2.878031E-02  2.221706E+01
     6.8500   -1.259301E-02  3.032112E-02  2.241944E+01
     6.9000   -1.939243E-02  3.215054E-02  2.263863E+01
     6.9500   -2.637619E-02  3.408533E-02  2.287601E+01
     7.0000   -3.270153E-02  3.594171E-02  2.313407E+01
     7.0500   -3.708668E-02  3.753140E-02  2.340785E+01
     7.1000   -3.837357E-02  3.870967E-02  2.369382E+01
     7.1500   -3.582055E-02  3.936929E-02  2.398979E+01
     7.2000   -2.933690E-02  3.943803E-02  2.429389E+01
     7.2500   -1.959409E-02  3.887806E-02  2.460453E+01
     7.3000   -7.942808E-03  3.768433E-02  2.492038E+01
     7.3500    3.851535E-03  3.588217E-02  2.524029E+01
     7.4000    1.398997E-02  3.352413E-02  2.556322E+01
     7.4500    2.103848E-02  3.068634E-02  2.588817E+01
     7.5000    2.421224E-02  2.743230E-02  2.621414E+01
     7.5500    2.355189E-02  2.387499E-02  2.653883E+01
     7.6000    1.990168E-02  2.014668E-02  2.685965E+01
     7.6500    1.460759E-02  1.637623E-02  2.717258E+01
     7.7000    9.146334E-03  1.269764E-02  2.747007E+01
     7.7500    4.744536E-03  9.252548E-03  2.773591E+01
     7.8000    2.095458E-03  6.209865E-03  2.793014E+01
     7.8500    1.246757E-03  3.851977E-03  2.794473E+01
     7.9000    1.681122E-03  2.789736E-03  2.762757E+01
     7.9500    2.555307E-03  3.241400E-03  2.736624E+01
     8.0000    3.065322E-03  4.150421E-03  2.744341E+01
     8.0500    2.620384E-03  4.840909E-03  2.770235E+01
     8.1000    1.099526E-03  5.132601E-03  2.805844E+01
     8.1500   -1.088437E-03  5.044208E-03  2.849182E+01
     8.2000   -3.176608E-03  4.707057E-03  2.901511E+01
     8.2500   -4.308667E-03  4.389187E-03  2.965329E+01
     8.3000   -3.841954E-03  4.488992E-03  3.038871E+01
     8.3500   -1.588666E-03  5.288275E-03  3.111080E+01
     8.4000    2.081524E-03  6.699655E-03  3.173185E+01
     8.4500    6.311344E-03  8.459891E-03  3.225801E+01
     8.5000    9.956161E-03  1.031028E-02  3.272387E+01
     8.5500    1.193285E-02  1.210055E-02  3.315340E+01
     8.6000    1.153806E-02  1.372388E-02  3.355889E+01
     8.6500    8.633837E-03  1.508010E-02  3.394793E+01
     8.7000    3.709869E-03  1.609112E-02  3.432487E+01
     8.7500   -2.241143E-03  1.669987E-02  3.469213E+01
     8.8000   -7.988241E-03  1.687034E-02  3.505079E+01
     8.8500   -1.238969E-02  1.658795E-02  3.540092E+01
     8.9000   -1.468830E-02  1.585988E-02  3.574154E+01
     8.9500   -1.469075E-02  1.471551E-02  3.607030E+01
     9.0000   -1.277335E-02  1.320263E-02  3.638402E+01
     9.0500   -9.745991E-03  1.140114E-02  3.667390E+01
     9.1000   -6.606758E-03  9.429476E-03  3.692280E+01
     9.1500   -4.219008E-03  7.469754E-03  3.709891E+01
     9.2000   -3.067879E-03  5.845898E-03  3.714664E+01
     9.2500   -3.141095E-03  5.097026E-03  3.703513E+01
     9.3000   -3.967718E-03  5.596241E-03  3.691104E+01
     9.3500   -4.797496E-03  6.964646E-03  3.693923E+01
     9.4000   -4.861461E-03  8.623120E-03  3.710017E+01
     9.4500   -3.631447E-03  1.023064E-02  3.733624E+01
     9.5000   -9.969870E-04  1.162847E-02  3.761327E+01
     9.5500    2.701734E-03  1.271919E-02  3.791316E+01
     9.6000    6.751452E-03  1.343154E-02  3.822578E+01
     9.6500    1.028250E-02  1.373498E-02  3.854511E+01
     9.7000    1.252991E-02  1.362141E-02  3.886686E+01
     9.7500    1.305797E-02  1.310272E-02  3.918724E+01
     9.8000    1.188205E-02  1.220964E-02  3.950208E+01
     9.8500    9.451863E-03  1.099187E-02  3.980564E+01
     9.9000    6.503635E-03  9.520482E-03  4.008868E+01
     9.9500    3.828612E-03  7.896461E-03  4.033451E+01
    10.0000    2.040553E-03  6.303581E-03  4.051105E+01
    10.0500    1.362519E-03  5.008407E-03  4.056519E+01
    10.1000    1.596035E-03  4.431523E-03  4.047227E+01
    10.1500    2.204231E-03  4.882160E-03  4.037227E+01
    10.2000    2.486272E-03  6.073755E-03  4.041897E+01
    10.2500    1.821369E-03  7.546871E-03  4.059696E+01
    10.3000   -1.079559E-04  9.022685E-03  4.085267E+01
    10.3500   -3.183769E-03  1.035534E-02  4.115322E+01
    10.4000   -6.854700E-03  1.146373E-02  4.148164E+01
    10.4500   -1.027429E-02  1.230182E-02  4.182917E+01
    10.5000   -1.253659E-02  1.284702E-02  4.219122E+01
    10.5500   -1.294020E-02  1.309515E-02  4.256549E+01
    10.6000   -1.120277E-02  1.305790E-02  4.295107E+01
    10.6500   -7.562209E-03  1.276107E-02  4.334801E+01
    10.7000   -2.733695E-03  1.224297E-02  4.375711E+01
    10.7500    2.266229E-03  1.155273E-02  4.417974E+01
    10.8000    6.379003E-03  1.074813E-02  4.461770E+01
    10.8500    8.773613E-03  9.892734E-03  4.507283E+01
    10.9000    9.051224E-03  9.051428E-03  4.554638E+01
    10.9500    7.329511E-03  8.283582E-03  4.603777E+01
    11.0000    4.183286E-03  7.641151E-03  4.654455E+01
    11.0500    4.582954E-04  7.142598E-03  4.705968E+01
    11.1000   -2.929549E-03  6.768030E-03  4.757154E+01
    11.1500   -5.250866E-03  6.476647E-03  4.806930E+01
    11.2000   -6.139728E-03  6.209863E-03  4.854425E+01
    11.2500   -5.651515E-03  5.907947E-03  4.899040E+01
    11.3000   -4.195531E-03  5.523935E-03  4.940291E+01
    11.3500   -2.369962E-03  5.033120E-03  4.977520E+01
    11.4000   -7.545728E-04  4.441752E-03  5.009477E+01
    11.4500    2.732397E-04  3.802671E-03  5.033740E+01
    11.5000    6.433259E-04  3.248666E-03  5.046483E+01
    11.5500    5.893788E-04  3.024154E-03  5.046163E+01
    11.6000    5.425861E-04  3.359913E-03  5.042768E+01
    11.6500    9.596338E-04  4.215447E-03  5.049514E+01
    11.7000    2.142037E-03  5.380717E-03  5.067492E+01
    11.7500    4.105490E-03  6.684197E-03  5.092686E+01
    11.8000    6.541553E-03  8.015175E-03  5.122019E+01
    11.8500    8.884893E-03  9.297144E-03  5.153737E+01
    11.9000    1.046656E-02  1.047204E-02  5.186864E+01
    11.9500    1.070744E-02  1.149384E-02  5.220834E+01
    12.0000    9.298514E-03  1.234281E-02  5.255393E+01
    12.0500    6.275359E-03  1.299860E-02  5.290326E+01
    12.1000    2.055123E-03  1.342155E-02  5.325335E+01
    12.1500   -2.645219E-03  1.360119E-02  5.360281E+01
    12.2000   -6.997114E-03  1.353614E-02  5.395033E+01
    12.2500   -1.026260E-02  1.323417E-02  5.429452E+01
    12.3000   -1.196696E-02  1.271211E-02  5.463378E+01
    12.3500   -1.199487E-02  1.199571E-02  5.496605E+01
    12.4000   -1.058698E-02  1.111955E-02  5.528862E+01
    12.4500   -8.242821E-03  1.012724E-02  5.559779E+01
    12.5000   -5.563384E-03  9.072169E-03  5.588852E+01
    12.5500   -3.082060E-03  8.018782E-03  5.615416E+01
    12.6000   -1.133806E-03  7.044108E-03  5.638701E+01
    12.6500    2.019381E-04  6.236190E-03  5.658106E+01
    12.7000    1.073145E-03  5.681525E-03  5.673869E+01
    12.7500    1.757172E-03  5.433400E-03  5.687799E+01
    12.8000    2.528884E-03  5.476481E-03  5.702866E+01
    12.8500    3.539948E-03  5.728567E-03  5.721480E+01
    12.9000    4.748920E-03  6.082803E-03  5.744447E+01
    12.9500    5.924169E-03  6.446235E-03  5.771424E+01
    13.0000    6.729494E-03  6.764511E-03  5.801767E+01
    13.0500    6.820186E-03  7.002996E-03  5.834846E+01
    13.1000    5.953652E-03  7.123208E-03  5.870065E+01
    13.1500    4.130706E-03  7.117747E-03  5.907112E+01
    13.2000    1.608258E-03  6.990606E-03  5.945812E+01
    13.2500   -1.148143E-03  6.754816E-03  5.986106E+01
    13.3000   -3.577467E-03  6.430639E-03  6.028021E+01
    13.3500   -5.169554E-03  6.043982E-03  6.071643E+01
    13.4000   -5.601882E-03  5.624723E-03  6.117091E+01
    13.4500   -4.826656E-03  5.204568E-03  6.164448E+01
    13.5000   -3.082929E-03  4.813991E-03  6.213682E+01
    13.5500   -8.306520E-04  4.477956E-03  6.264527E+01
    13.6000    1.373651E-03  4.210852E-03  6.316415E+01
    13.6500    3.023300E-03  4.012508E-03  6.368518E+01
    13.7000    3.788203E-03  3.867834E-03  6.419938E+01
    13.7500    3.587114E-03  3.751071E-03  6.469940E+01
    13.8000    2.587596E-03  3.632677E-03  6.518066E+01
    13.8500    1.137553E-03  3.485629E-03  6.564100E+01
    13.9000   -3.480481E-04  3.289391E-03  6.607945E+01
    13.9500   -1.509685E-03  3.031665E-03  6.649470E+01
    14.0000   -2.140806E-03  2.710741E-03  6.688385E+01
    14.0500   -2.225201E-03  2.333433E-03  6.723848E+01
    14.1000   -1.914548E-03  1.914579E-03  6.753856E+01
    14.1500   -1.465950E-03  1.494996E-03  6.774169E+01
    14.2000   -1.138583E-03  1.168094E-03  6.776951E+01
    14.2500   -1.100730E-03  1.103521E-03  6.761539E+01
    14.3000   -1.372666E-03  1.372702E-03  6.753696E+01
    14.3500   -1.822471E-03  1.833734E-03  6.765513E+01
    14.4000   -2.214403E-03  2.357201E-03  6.789410E+01
    14.4500   -2.292737E-03  2.878189E-03  6.819340E+01
    14.5000   -1.873103E-03  3.361263E-03  6.852395E+01
    14.5500   -9.115539E-04  3.783458E-03  6.887171E+01
    14.6000    4.707325E-04  4.128541E-03  6.922931E+01
    14.6500    2.014875E-03  4.385068E-03  6.959245E+01
    14.7000    3.395014E-03  4.545676E-03  6.995838E+01
    14.7500    4.310129E-03  4.606807E-03  7.032499E+01
    14.8000    4.568498E-03  4.568547E-03  7.069047E+01
    14.8500    4.139114E-03  4.434518E-03  7.105290E+01
    14.9000    3.155087E-03  4.211807E-03  7.140992E+01
    14.9500    1.869135E-03  3.910995E-03  7.175835E+01
    15.0000    5.754919E-04  3.546927E-03  7.209366E+01
    15.0500   -4.755206E-04  3.137761E-03  7.240876E+01
    15.1000   -1.141130E-03  2.708200E-03  7.269158E+01
    15.1500   -1.420905E-03  2.295921E-03  7.292395E+01
    15.2000   -1.439917E-03  1.957051E-03  7.308342E+01
    15.2500   -1.391733E-03  1.767122E-03  7.316349E+01
    15.3000   -1.460543E-03  1.787566E-03  7.321292E+01
    15.3500   -1.748381E-03  2.007755E-03  7.331349E+01
    15.4000   -2.231561E-03  2.357548E-03  7.349903E+01
    15.4500   -2.760938E-03  2.768021E-03  7.375587E+01
    15.5000   -3.106561E-03  3.193749E-03  7.406163E+01
    15.5500   -3.033103E-03  3.607661E-03  7.439958E+01
    15.6000   -2.382581E-03  3.993596E-03  7.475897E+01
    15.6500   -1.138288E-03  4.341741E-03  7.513295E+01
    15.7000    5.506493E-04  4.646156E-03  7.551702E+01
    15.7500    2.392920E-03  4.903369E-03  7.590804E+01
    15.8000    4.021300E-03  5.111533E-03  7.630369E+01
    15.8500    5.083316E-03  5.269874E-03  7.670214E+01
    15.9000    5.330938E-03  5.378341E-03  7.710188E+01
    15.9500    4.684374E-03  5.437388E-03  7.750158E+01
    16.0000    3.252230E-03  5.450188E-03  7.790041E+01
    16.0500    1.299084E-03  5.419812E-03  7.829777E+01
    16.1000   -8.079938E-04  5.342686E-03  7.869163E+01
    16.1500   -2.688351E-03  5.220820E-03  7.908074E+01
    16.2000   -4.035378E-03  5.057094E-03  7.946373E+01
    16.2500   -4.677590E-03  4.855532E-03  7.983905E+01
    16.3000   -4.601060E-03  4.621605E-03  8.020494E+01
    16.3500   -3.930717E-03  4.362551E-03  8.055931E+01
    16.4000   -2.879639E-03  4.087717E-03  8.089975E+01
    16.4500   -1.683638E-03  3.808850E-03  8.122354E+01
    16.5000   -5.409688E-04  3.540245E-03  8.152800E+01
    16.5500    4.265073E-04  3.298471E-03  8.181108E+01
    16.6000    1.182400E-03  3.101176E-03  8.207258E+01
    16.6500    1.756677E-03  2.964456E-03  8.231567E+01
    16.7000    2.208461E-03  2.898899E-03  8.254754E+01
    16.7500    2.585509E-03  2.905873E-03  8.277821E+01
    16.8000    2.894843E-03  2.976554E-03  8.301735E+01
    16.8500    3.094022E-03  3.094590E-03  8.327135E+01
    16.9000    3.104977E-03  3.240579E-03  8.354252E+01
    16.9500    2.844535E-03  3.395876E-03  8.383005E+01
    17.0000    2.260931E-03  3.545251E-03  8.413145E+01
    17.0500    1.361810E-03  3.678758E-03  8.444380E+01
    17.1000    2.214001E-04  3.786885E-03  8.476450E+01
    17.1500   -1.023074E-03  3.863483E-03  8.509100E+01
    17.2000   -2.198480E-03  3.905051E-03  8.542099E+01
    17.2500   -3.133263E-03  3.910450E-03  8.575239E+01
    17.3000   -3.695065E-03  3.880645E-03  8.608329E+01
    17.3500   -3.817866E-03  3.818492E-03  8.641190E+01
    17.4000   -3.511671E-03  3.728537E-03  8.673654E+01
    17.4500   -2.853262E-03  3.616819E-03  8.705560E+01
    17.5000   -1.962236E-03  3.490637E-03  8.736762E+01
    17.5500   -9.704853E-04  3.358235E-03  8.767143E+01
    17.6000    5.542259E-06  3.228347E-03  8.796631E+01
    17.6500    8.823679E-04  3.109546E-03  8.825231E+01
    17.7000    1.613420E-03  3.009376E-03  8.853044E+01
    17.7500    2.180845E-03  2.933350E-03  8.880283E+01
    17.8000    2.580573E-03  2.884036E-03  8.907253E+01
    17.8500    2.807780E-03  2.860545E-03  8.934302E+01
    17.9000    2.849008E-03  2.858656E-03  8.961757E+01
    17.9500    2.684160E-03  2.871552E-03  8.989866E+01
    18.0000    2.296830E-03  2.891524E-03  9.018828E+01
    18.0500    1.688307E-03  2.910787E-03  9.048744E+01
    18.1000    8.966188E-04  2.920006E-03  9.079408E+01
    18.1500   -3.172988E-06  2.912361E-03  9.110728E+01
    18.2000   -9.054577E-04  2.882370E-03  9.142573E+01
    18.2500   -1.691765E-03  2.826080E-03  9.174797E+01
    18.3000   -2.255166E-03  2.741128E-03  9.207236E+01
    18.3500   -2.524548E-03  2.626762E-03  9.239710E+01
    18.4000   -2.481505E-03  2.483821E-03  9.272017E+01
    18.4500   -2.164530E-03  2.314714E-03  9.303919E+01
    18.5000   -1.658876E-03  2.123422E-03  9.335115E+01
    18.5500   -1.074722E-03  1.915552E-03  9.365213E+01
    18.6000   -5.197995E-04  1.698494E-03  9.393675E+01
    18.6500   -7.425011E-05  1.481753E-03  9.419765E+01
    18.7000    2.253015E-04  1.277482E-03  9.442507E+01
    18.7500    3.883426E-04  1.100974E-03  9.460826E+01
    18.8000    4.597508E-04  9.698096E-04  9.474168E+01
    18.8500    4.997661E-04  8.987993E-04  9.483739E+01
    18.9000    5.613361E-04  8.903467E-04  9.492994E+01
    18.9500    6.720223E-04  9.298510E-04  9.505551E+01
    19.0000    8.262174E-04  9.939473E-04  9.522913E+01
    19.0500    9.883405E-04  1.060956E-03  9.544645E+01
    19.1000    1.106570E-03  1.115032E-03  9.569530E+01
    19.1500    1.134175E-03  1.146458E-03  9.596509E+01
    19.2000    1.045802E-03  1.149734E-03  9.624704E+01
    19.2500    8.475317E-04  1.122564E-03  9.653372E+01
    19.3000    5.762031E-04  1.065309E-03  9.681789E+01
    19.3500    2.882442E-04  9.808558E-04  9.709110E+01
    19.4000    4.173566E-05  8.749672E-04  9.734165E+01
    19.4500   -1.223442E-04  7.574449E-04  9.755161E+01
    19.5000   -1.934432E-04  6.447322E-04  9.769410E+01
    19.5500   -1.948039E-04  5.635363E-04  9.774234E+01
    19.6000   -1.755487E-04  5.470266E-04  9.771607E+01
    19.6500   -1.937871E-04  6.097219E-04  9.771281E+01
    19.7000   -2.959895E-04  7.322232E-04  9.780551E+01
    19.7500   -4.991662E-04  8.850147E-04  9.798862E+01
    19.8000   -7.816491E-04  1.046349E-03  9.823295E+01
    19.8500   -1.085715E-03  1.202410E-03  9.851596E+01
    19.9000   -1.331703E-03  1.344189E-03  9.882376E+01
    19.9500   -1.439766E-03  1.465560E-03  9.914806E+01