# # tequil.ion_motion                                            FEFF 9.05   
# # POT  SCF  30  5.5000   1, core-hole, AFOLP (folp(0)= 1.150)
# # Abs   Z=30 Rmt= 1.332 Rnm= 1.405 K  shell
# # Pot 1 Z=26 Rmt= 1.281 Rnm= 1.389
# # Pot 2 Z= 8 Rmt= 0.975 Rnm= 1.067
# # Gam_ch=1.897E+00 H-L exch
# # Mu=-1.173E+01 kf=2.202E+00 Vint=-1.972E+01 Rs_int= 1.647
# # PATH  Rmax= 8.500,  Keep_limit= 0.00, Heap_limit 0.00  Pwcrit= 2.50%
#  S02=1.000                                        Global_sig2= 0.00000
#  Energy zero shift, vr, vi   -2.00000E+00   0.00000E+00
#  Curved wave amplitude ratio filter   4.000%
#     file         sig2 tot  cw amp ratio   deg  nlegs   reff  inp sig2
#           1       0.00000    100.00      1.00     2   1.8940
#           2       0.00000     77.30      1.00     2   2.0966
#           3       0.00000     77.09      1.00     2   2.0989
#           4       0.00000     75.37      1.00     2   2.1176
#           5       0.00000     71.32      1.00     2   2.1640
#           6       0.00000     64.48      1.00     2   2.2510
#           7       0.00000     36.14      1.00     2   2.7501
#           8       0.00000     32.91      1.00     2   2.8721
#           9       0.00000     30.52      1.00     2   2.9722
#          10       0.00000     28.15      1.00     2   3.0807
#          11       0.00000     24.79      1.00     2   3.2552
#          12       0.00000     24.65      1.00     2   3.2630
#          13       0.00000      9.56      2.00     3   3.3286
#          14       0.00000     21.57      1.00     2   3.4506
#          15       0.00000      9.00      2.00     3   3.4514
#          16       0.00000      7.92      2.00     3   3.4538
#          17       0.00000      8.76      2.00     3   3.4600
#          18       0.00000     11.11      2.00     3   3.4607
#          19       0.00000     20.25      1.00     2   3.4882
#          20       0.00000     20.18      1.00     2   3.4925
#          21       0.00000      9.74      2.00     3   3.4978
#          22       0.00000      9.24      2.00     3   3.5093
#          23       0.00000      7.54      2.00     3   3.5244
#          24       0.00000     16.82      2.00     3   3.5361
#          25       0.00000      8.06      2.00     3   3.5491
#          26       0.00000      9.05      2.00     3   3.5527
#          27       0.00000      6.66      2.00     3   3.5605
#          28       0.00000      6.56      2.00     3   3.5679
#          29       0.00000      9.73      2.00     3   3.5705
#          30       0.00000      7.53      2.00     3   3.5855
#          31       0.00000      8.49      2.00     3   3.6074
#          32       0.00000      8.90      2.00     3   3.6103
#          33       0.00000     18.35      1.00     2   3.6152
#          34       0.00000      6.71      2.00     3   3.6402
#          35       0.00000     17.98      1.00     2   3.6420
#          36       0.00000     17.87      1.00     2   3.6499
#          37       0.00000      7.70      2.00     3   3.6507
#          38       0.00000     11.82      2.00     3   3.6638
#          39       0.00000     17.55      1.00     2   3.6743
#          40       0.00000      5.64      2.00     3   3.6924
#          41       0.00000     18.03      1.00     2   3.7113
#          42       0.00000     14.62      2.00     3   3.7258
#          43       0.00000      5.01      2.00     3   3.7553
#          44       0.00000     16.30      1.00     2   3.7731
#          45       0.00000     17.23      1.00     2   3.7784
#          46       0.00000     17.18      1.00     2   3.7834
#          47       0.00000     10.23      1.00     4   3.7880
#          48       0.00000     16.07      1.00     2   3.7923
#          49       0.00000      4.55      1.00     4   3.8169
#          50       0.00000      4.70      2.00     3   3.8294
#          51       0.00000     16.50      1.00     2   3.8435
#          52       0.00000     15.67      2.00     3   3.8661
#          53       0.00000     17.50      2.00     3   3.9037
#          54       0.00000      5.64      1.00     4   3.9071
#          55       0.00000     15.74      1.00     2   3.9155
#          56       0.00000     15.29      1.00     2   3.9598
#          57       0.00000     28.34      2.00     3   3.9856
#          58       0.00000     13.95      1.00     2   3.9882
#          59       0.00000     24.74      2.00     4   3.9929
#          61       0.00000      9.15      2.00     3   4.0127
#          62       0.00000      6.86      1.00     4   4.0209
#          63       0.00000     11.38      2.00     3   4.0274
#          64       0.00000      7.55      1.00     4   4.0290
#          65       0.00000     12.24      2.00     3   4.0302
#          66       0.00000      4.83      1.00     4   4.0306
#          68       0.00000     13.01      2.00     3   4.0746
#          69       0.00000      7.40      2.00     3   4.1127
#          70       0.00000     12.70      1.00     2   4.1232
#          72       0.00000      6.04      1.00     4   4.1933
#          73       0.00000      6.01      1.00     4   4.1978
#          74       0.00000     11.94      1.00     2   4.2132
#          75       0.00000      4.71      1.00     4   4.2169
#          77       0.00000      7.16      2.00     3   4.2304
#          78       0.00000     20.54      2.00     3   4.2331
#          79       0.00000      5.56      1.00     4   4.2337
#          80       0.00000      5.74      1.00     4   4.2352
#          81       0.00000     15.70      2.00     4   4.2606
#          82       0.00000      6.56      2.00     3   4.2636
#          84       0.00000     11.44      1.00     2   4.2760
#          85       0.00000      6.26      2.00     3   4.2918
#          86       0.00000     11.29      1.00     2   4.2957
#          87       0.00000      5.99      2.00     3   4.3038
#          88       0.00000      6.16      2.00     3   4.3134
#          89       0.00000      6.14      2.00     3   4.3129
#          90       0.00000     17.64      2.00     3   4.3214
#          91       0.00000      5.14      1.00     4   4.3279
#          92       0.00000      5.76      2.00     3   4.3288
#          93       0.00000      5.76      2.00     3   4.3413
#          94       0.00000      6.70      2.00     3   4.3487
#          95       0.00000     12.31      2.00     4   4.3686
#          96       0.00000      6.00      2.00     3   4.3788
#          97       0.00000     20.15      2.00     3   4.3969
#          98       0.00000      5.95      2.00     3   4.4106
#          99       0.00000     10.02      1.00     2   4.4769
#         100       0.00000     10.02      1.00     2   4.4777
#         101       0.00000      9.95      1.00     2   4.4876
#         102       0.00000     11.49      1.00     4   4.4982
#         103       0.00000      4.21      1.00     4   4.5020
#         104       0.00000      7.60      2.00     3   4.5110
#         106       0.00000      4.84      2.00     3   4.5178
#         107       0.00000      9.63      1.00     2   4.5390
#         108       0.00000      5.58      2.00     3   4.5450
#         109       0.00000      5.57      2.00     3   4.5463
#         110       0.00000      4.55      2.00     3   4.5498
#         111       0.00000      9.53      1.00     2   4.5546
#         112       0.00000      7.94      2.00     3   4.5715
#         113       0.00000     18.54      2.00     3   4.5755
#         114       0.00000      4.15      2.00     3   4.5836
#         115       0.00000      9.32      1.00     2   4.5892
#         116       0.00000      5.07      2.00     3   4.5988
#         117       0.00000      9.22      1.00     2   4.6070
#         118       0.00000      7.00      2.00     3   4.6086
#         119       0.00000      6.64      2.00     3   4.6274
#         120       0.00000      4.74      2.00     3   4.6298
#         121       0.00000      4.37      2.00     3   4.6412
#         122       0.00000      9.01      1.00     2   4.6435
#         123       0.00000      5.36      2.00     3   4.6523
#         124       0.00000      7.64      2.00     3   4.6557
#         125       0.00000      6.93      2.00     3   4.6598
#         126       0.00000     10.65      1.00     4   4.6635
#         127       0.00000     15.03      2.00     3   4.6745
#         128       0.00000     14.16      2.00     3   4.6751
#         129       0.00000     16.30      2.00     3   4.6856
#         130       0.00000      8.76      1.00     2   4.6885
#         132       0.00000      6.09      2.00     3   4.7065
#         133       0.00000      8.65      1.00     2   4.7083
#         134       0.00000      8.57      1.00     2   4.7222
#         135       0.00000      9.18      2.00     3   4.7339
#         136       0.00000      6.70      2.00     3   4.7527
#         137       0.00000      4.15      2.00     3   4.7622
#         140       0.00000      8.93      1.00     4   4.7821
#         141       0.00000      8.25      1.00     2   4.7836
#         142       0.00000      7.91      1.00     4   4.7943
#         143       0.00000      7.19      2.00     3   4.8057
#         144       0.00000      7.26      1.00     4   4.8112
#         145       0.00000      5.19      2.00     3   4.8212
#         146       0.00000      7.96      1.00     2   4.8429
#         147       0.00000      8.87      1.00     2   4.8486
#         148       0.00000     15.48      2.00     3   4.8592
#         150       0.00000     11.37      2.00     3   4.8679
#         152       0.00000     10.28      2.00     3   4.8770
#         153       0.00000      8.70      2.00     3   4.8830
#         156       0.00000      7.61      1.00     2   4.9150
#         157       0.00000      9.67      2.00     3   4.9204
#         158       0.00000      6.68      2.00     3   4.9328
#         159       0.00000      8.59      1.00     4   4.9348
#         161       0.00000      5.04      2.00     3   4.9648
#         163       0.00000      8.14      1.00     2   4.9990
#         164       0.00000      4.63      2.00     3   5.0017
#         168       0.00000      7.04      2.00     3   5.0275
#         169       0.00000      5.52      1.00     4   5.0275
#         170       0.00000      7.08      1.00     2   5.0356
#         171       0.00000     17.73      2.00     3   5.0376
#         172       0.00000     11.15      1.00     4   5.0396
#         175       0.00000      8.39      2.00     3   5.0579
#         176       0.00000      7.87      1.00     2   5.0589
#         177       0.00000      6.97      1.00     2   5.0613
#         178       0.00000      4.75      1.00     4   5.0655
#         179       0.00000     16.66      2.00     3   5.0742
#         180       0.00000     10.20      1.00     4   5.0872
#         181       0.00000      4.39      1.00     4   5.1186
#         183       0.00000      7.57      1.00     2   5.1299
#         185       0.00000      7.67      2.00     3   5.1418
#         189       0.00000      7.36      1.00     2   5.1808
#         191       0.00000      6.33      1.00     2   5.2260
#         193       0.00000      4.95      2.00     3   5.2371
#         194       0.00000      5.19      2.00     3   5.2513
#         195       0.00000      5.71      2.00     3   5.2551
#         196       0.00000     13.83      2.00     3   5.2557
#         199       0.00000      8.02      1.00     4   5.2854
#         200       0.00000      5.60      2.00     3   5.2937
#         201       0.00000      6.00      1.00     2   5.3209
#         202       0.00000      6.78      1.00     2   5.3315
#         205       0.00000      5.73      2.00     3   5.3609
#         206       0.00000      7.49      2.00     3   5.3635
#         207       0.00000      4.41      2.00     3   5.3656
#         209       0.00000      5.61      2.00     3   5.3738
#         210       0.00000      4.73      2.00     3   5.3920
#         211       0.00000      5.74      1.00     2   5.3970
#         212       0.00000      5.72      2.00     3   5.3983
#         214       0.00000      4.80      2.00     3   5.4185
#         216       0.00000      6.43      1.00     2   5.4307
#         218       0.00000      6.28      2.00     3   5.4506
#         221       0.00000      6.33      1.00     2   5.4595
#         223       0.00000      5.47      1.00     2   5.4846
#         224       0.00000      4.09      2.00     3   5.4981
#         225       0.00000      6.17      1.00     2   5.5069
#         226       0.00000      6.17      1.00     2   5.5088
#         227       0.00000      5.31      1.00     2   5.5356
#         228       0.00000      7.17      2.00     3   5.5400
#         230       0.00000      6.04      1.00     2   5.5474
#         231       0.00000      5.49      2.00     3   5.5481
#         232       0.00000      4.37      2.00     3   5.5501
#         234       0.00000      6.00      1.00     2   5.5609
#         236       0.00000      6.69      2.00     3   5.5794
#         237       0.00000      5.92      1.00     2   5.5859
#         238       0.00000      5.41      2.00     3   5.5920
#         239       0.00000      5.11      1.00     2   5.6060
#         241       0.00000      5.11      2.00     3   5.6116
#         242       0.00000      5.07      1.00     2   5.6214
#         244       0.00000      4.40      2.00     3   5.6259
#         245       0.00000      7.00      2.00     3   5.6411
#         249       0.00000      5.90      2.00     3   5.6706
#         251       0.00000      4.43      2.00     3   5.6729
#         252       0.00000      4.87      2.00     3   5.6757
#         253       0.00000      5.92      2.00     3   5.6811
#         254       0.00000      4.88      1.00     2   5.6890
#         255       0.00000      6.82      2.00     3   5.6919
#         257       0.00000      5.60      1.00     2   5.6942
#         260       0.00000      4.56      2.00     3   5.7032
#         262       0.00000      4.51      2.00     4   5.7342
#         265       0.00000      4.13      2.00     4   5.7357
#         266       0.00000      4.11      2.00     4   5.7368
#         267       0.00000      9.45      2.00     2   5.7480
#         269       0.00000      4.27      2.00     3   5.7664
#         270       0.00000      7.28      2.00     3   5.7772
#         273       0.00000      4.80      2.00     3   5.7807
#         275       0.00000      5.34      1.00     2   5.7879
#         276       0.00000      4.62      1.00     2   5.7905
#         284       0.00000      5.25      1.00     2   5.8215
#         286       0.00000      8.60      2.00     3   5.8264
#         287       0.00000      4.84      2.00     3   5.8294
#         288       0.00000      4.51      1.00     2   5.8335
#         292       0.00000     10.11      2.00     3   5.8357
#         293       0.00000      4.91      2.00     3   5.8392
#         295       0.00000      5.10      2.00     3   5.8413
#         300       0.00000      4.94      1.00     4   5.8499
#         302       0.00000      4.45      1.00     2   5.8588
#         309       0.00000      4.96      2.00     5   5.8796
#         310       0.00000      4.40      1.00     2   5.8807
#         313       0.00000      4.21      2.00     5   5.8905
#         314       0.00000      4.74      2.00     3   5.8918
#         315       0.00000      4.36      1.00     2   5.8975
#         317       0.00000      5.04      1.00     2   5.9001
#         318       0.00000      4.35      1.00     2   5.9027
#         319       0.00000      5.03      1.00     2   5.9049
#         320       0.00000      4.34      2.00     3   5.9080
#         322       0.00000      4.44      2.00     3   5.9092
#         324       0.00000      5.00      1.00     2   5.9150
#   239/ 298 paths used
#  -----------------------------------------------------------------------
#       k          chi          mag           phase @#
    -0.7000   -2.173745E-01  2.200109E-01 -1.415832E+00
    -0.6500   -2.348784E-01  2.368148E-01 -1.698767E+00
    -0.6000   -2.667013E-01  2.767259E-01 -1.840785E+00
    -0.5500   -3.058261E-01  3.221355E-01 -1.890366E+00
    -0.5000   -3.454730E-01  3.639942E-01 -1.891173E+00
    -0.4500   -3.837518E-01  4.015085E-01 -1.869308E+00
    -0.4000   -4.175805E-01  4.330584E-01 -1.838960E+00
    -0.3500   -4.488600E-01  4.613439E-01 -1.803961E+00
    -0.3000   -4.748001E-01  4.844313E-01 -1.770534E+00
    -0.2500   -4.957187E-01  5.029624E-01 -1.740718E+00
    -0.2000   -5.120494E-01  5.174630E-01 -1.715572E+00
    -0.1500   -5.249861E-01  5.290227E-01 -1.694410E+00
    -0.1000   -5.341334E-01  5.372603E-01 -1.678738E+00
    -0.0500   -5.394904E-01  5.421166E-01 -1.669266E+00
     0.0000   -5.412538E-01  5.437211E-01 -1.666098E+00
     0.0500   -5.430059E-01  5.453186E-01 -1.662926E+00
     0.1000   -5.481940E-01  5.500688E-01 -1.653382E+00
     0.1500   -5.566098E-01  5.578464E-01 -1.637393E+00
     0.2000   -5.678957E-01  5.684476E-01 -1.614865E+00
     0.2500   -5.815324E-01  5.815971E-01 -1.585720E+00
     0.3000   -5.968283E-01  5.969584E-01 -1.549920E+00
     0.3500   -6.132284E-01  6.144873E-01 -1.506774E+00
     0.4000   -6.304339E-01  6.347504E-01 -1.454109E+00
     0.4500   -6.459286E-01  6.560950E-01 -1.394527E+00
     0.5000   -6.581958E-01  6.780318E-01 -1.328313E+00
     0.5500   -6.659041E-01  7.007232E-01 -1.254229E+00
     0.6000   -6.671757E-01  7.244208E-01 -1.170584E+00
     0.6500   -6.594298E-01  7.472799E-01 -1.081024E+00
     0.7000   -6.410246E-01  7.693516E-01 -9.848716E-01
     0.7500   -6.096925E-01  7.915120E-01 -8.792931E-01
     0.8000   -5.642664E-01  8.114873E-01 -7.689045E-01
     0.8500   -5.033341E-01  8.299043E-01 -6.516468E-01
     0.9000   -4.259374E-01  8.465931E-01 -5.272045E-01
     0.9500   -3.342471E-01  8.600491E-01 -3.991520E-01
     1.0000   -2.266885E-01  8.718111E-01 -2.630431E-01
     1.0500   -1.082428E-01  8.801079E-01 -1.233003E-01
     1.1000    1.872170E-02  8.853514E-01  2.114764E-02
     1.1500    1.510068E-01  8.877152E-01  1.709385E-01
     1.2000    2.811453E-01  8.861825E-01  3.228329E-01
     1.2500    4.083576E-01  8.822911E-01  4.811938E-01
     1.3000    5.229054E-01  8.745116E-01  6.409285E-01
     1.3500    6.230505E-01  8.640730E-01  8.053343E-01
     1.4000    7.024516E-01  8.504043E-01  9.720109E-01
     1.4500    7.583340E-01  8.339417E-01  1.141688E+00
     1.5000    7.882977E-01  8.149020E-01  1.314568E+00
     1.5500    7.904960E-01  7.931344E-01  1.489208E+00
     1.6000    7.656785E-01  7.693077E-01  1.667969E+00
     1.6500    7.146401E-01  7.429103E-01  1.847553E+00
     1.7000    6.400439E-01  7.148030E-01  2.032235E+00
     1.7500    5.461327E-01  6.843556E-01  2.217582E+00
     1.8000    4.366728E-01  6.520692E-01  2.407825E+00
     1.8500    3.187454E-01  6.176879E-01  2.599383E+00
     1.9000    1.961387E-01  5.813876E-01  2.797478E+00
     1.9500    7.746029E-02  5.430109E-01  2.998455E+00
     2.0000   -2.916801E-02  5.027354E-01  3.199644E+00
     2.0500   -1.180035E-01  4.608466E-01  3.400535E+00
     2.1000   -1.857278E-01  4.163750E-01  3.603950E+00
     2.1500   -2.286784E-01  3.692987E-01  3.809346E+00
     2.2000   -2.456306E-01  3.216874E-01  4.010415E+00
     2.2500   -2.395294E-01  2.742082E-01  4.204003E+00
     2.3000   -2.142807E-01  2.262705E-01  4.385392E+00
     2.3500   -1.734755E-01  1.760334E-01  4.541709E+00
     2.4000   -1.294967E-01  1.298190E-01  4.641908E+00
     2.4500   -9.081097E-02  9.116218E-02  4.624582E+00
     2.5000   -6.433541E-02  6.764836E-02  4.398134E+00
     2.5500   -5.824407E-02  6.889226E-02  4.148976E+00
     2.6000   -6.252962E-02  8.066563E-02  4.028578E+00
     2.6500   -7.486546E-02  9.603918E-02  4.035508E+00
     2.7000   -9.242395E-02  1.114039E-01  4.120037E+00
     2.7500   -1.082223E-01  1.223201E-01  4.227542E+00
     2.8000   -1.238483E-01  1.321174E-01  4.356711E+00
     2.8500   -1.376753E-01  1.407849E-01  4.501823E+00
     2.9000   -1.479351E-01  1.481566E-01  4.657702E+00
     2.9500   -1.535943E-01  1.544728E-01  4.819090E+00
     3.0000   -1.536894E-01  1.595853E-01  4.985060E+00
     3.0500   -1.477937E-01  1.635005E-01  5.154305E+00
     3.1000   -1.360367E-01  1.663450E-01  5.325610E+00
     3.1500   -1.186266E-01  1.683085E-01  5.501021E+00
     3.2000   -9.634011E-02  1.693898E-01  5.678202E+00
     3.2500   -7.047364E-02  1.697521E-01  5.855071E+00
     3.3000   -4.220644E-02  1.695845E-01  6.031660E+00
     3.3500   -1.235093E-02  1.691080E-01  6.210084E+00
     3.4000    1.805468E-02  1.682228E-01  6.390718E+00
     3.4500    4.760275E-02  1.668698E-01  6.572472E+00
     3.5000    7.510840E-02  1.651012E-01  6.755472E+00
     3.5500    9.979705E-02  1.632552E-01  6.940881E+00
     3.6000    1.207641E-01  1.612819E-01  7.129399E+00
     3.6500    1.366831E-01  1.587746E-01  7.320148E+00
     3.7000    1.467356E-01  1.556975E-01  7.513040E+00
     3.7500    1.505573E-01  1.521576E-01  7.708820E+00
     3.8000    1.479538E-01  1.481695E-01  7.907940E+00
     3.8500    1.388750E-01  1.435042E-01  8.108671E+00
     3.9000    1.240234E-01  1.381703E-01  8.310455E+00
     3.9500    1.045780E-01  1.323499E-01  8.513703E+00
     4.0000    8.186335E-02  1.262080E-01  8.718984E+00
     4.0500    5.745099E-02  1.194819E-01  8.923172E+00
     4.1000    3.314206E-02  1.122773E-01  9.125134E+00
     4.1500    1.052396E-02  1.047640E-01  9.324154E+00
     4.2000   -9.207472E-03  9.712713E-02  9.519719E+00
     4.2500   -2.501767E-02  8.941974E-02  9.708341E+00
     4.3000   -3.658345E-02  8.184679E-02  9.888159E+00
     4.3500   -4.414302E-02  7.463781E-02  1.005761E+01
     4.4000   -4.837622E-02  6.804373E-02  1.021564E+01
     4.4500   -5.008151E-02  6.220803E-02  1.036056E+01
     4.5000   -5.021688E-02  5.728821E-02  1.049346E+01
     4.5500   -4.961042E-02  5.337734E-02  1.061764E+01
     4.6000   -4.886642E-02  5.052137E-02  1.073891E+01
     4.6500   -4.805771E-02  4.848776E-02  1.086229E+01
     4.7000   -4.704906E-02  4.704924E-02  1.099283E+01
     4.7500   -4.551859E-02  4.595544E-02  1.113357E+01
     4.8000   -4.317295E-02  4.505857E-02  1.128590E+01
     4.8500   -3.962339E-02  4.403916E-02  1.144722E+01
     4.9000   -3.483846E-02  4.277168E-02  1.161447E+01
     4.9500   -2.905986E-02  4.121361E-02  1.178380E+01
     5.0000   -2.274785E-02  3.945892E-02  1.195194E+01
     5.0500   -1.644524E-02  3.753221E-02  1.211282E+01
     5.1000   -1.066112E-02  3.560619E-02  1.226229E+01
     5.1500   -5.687614E-03  3.390575E-02  1.239783E+01
     5.2000   -1.481666E-03  3.272197E-02  1.252107E+01
     5.2500    2.250056E-03  3.221921E-02  1.263626E+01
     5.3000    6.043054E-03  3.251098E-02  1.275334E+01
     5.3500    1.046464E-02  3.356629E-02  1.288342E+01
     5.4000    1.594699E-02  3.526146E-02  1.303566E+01
     5.4500    2.247252E-02  3.731996E-02  1.321257E+01
     5.5000    2.959277E-02  3.948369E-02  1.341367E+01
     5.5500    3.642065E-02  4.152008E-02  1.363633E+01
     5.6000    4.184530E-02  4.329485E-02  1.387767E+01
     5.6500    4.461022E-02  4.461046E-02  1.413388E+01
     5.7000    4.377702E-02  4.535998E-02  1.440213E+01
     5.7500    3.894136E-02  4.548043E-02  1.468005E+01
     5.8000    3.040744E-02  4.496795E-02  1.496537E+01
     5.8500    1.911974E-02  4.380100E-02  1.525624E+01
     5.9000    6.562642E-03  4.201005E-02  1.555110E+01
     5.9500   -5.550991E-03  3.965362E-02  1.584841E+01
     6.0000   -1.555991E-02  3.679501E-02  1.614459E+01
     6.0500   -2.237157E-02  3.353974E-02  1.643816E+01
     6.1000   -2.554692E-02  3.000655E-02  1.672657E+01
     6.1500   -2.535410E-02  2.632694E-02  1.700606E+01
     6.2000   -2.264564E-02  2.264627E-02  1.727136E+01
     6.2500   -1.859379E-02  1.912506E-02  1.751501E+01
     6.3000   -1.436627E-02  1.594238E-02  1.772717E+01
     6.3500   -1.083151E-02  1.329596E-02  1.789744E+01
     6.4000   -8.372371E-03  1.137950E-02  1.802279E+01
     6.4500   -6.855559E-03  1.030395E-02  1.812162E+01
     6.5000   -5.884111E-03  1.006180E-02  1.822493E+01
     6.5500   -4.666939E-03  1.033064E-02  1.838082E+01
     6.6000   -2.626340E-03  1.075889E-02  1.860296E+01
     6.6500    3.957177E-04  1.110766E-02  1.888519E+01
     6.7000    4.065603E-03  1.125613E-02  1.921910E+01
     6.7500    7.622026E-03  1.117962E-02  1.959975E+01
     6.8000    1.009112E-02  1.092993E-02  2.002603E+01
     6.8500    1.059135E-02  1.062379E-02  2.049852E+01
     6.9000    8.637949E-03  1.042835E-02  2.101506E+01
     6.9500    4.353411E-03  1.052506E-02  2.156472E+01
     7.0000   -1.494394E-03  1.096587E-02  2.212785E+01
     7.0500   -7.559981E-03  1.183031E-02  2.268439E+01
     7.1000   -1.231216E-02  1.308429E-02  2.321669E+01
     7.1500   -1.441692E-02  1.459537E-02  2.371848E+01
     7.2000   -1.309807E-02  1.620948E-02  2.419191E+01
     7.2500   -8.375384E-03  1.778276E-02  2.464234E+01
     7.3000   -1.101942E-03  1.919276E-02  2.507530E+01
     7.3500    7.216360E-03  2.034030E-02  2.549542E+01
     7.4000    1.477692E-02  2.114855E-02  2.590635E+01
     7.4500    1.992116E-02  2.156196E-02  2.631090E+01
     7.5000    2.156525E-02  2.156634E-02  2.671360E+01
     7.5500    1.938304E-02  2.114121E-02  2.711425E+01
     7.6000    1.398216E-02  2.027665E-02  2.751344E+01
     7.6500    6.713170E-03  1.898768E-02  2.791297E+01
     7.7000   -7.039580E-04  1.730644E-02  2.831502E+01
     7.7500   -6.624813E-03  1.528140E-02  2.872273E+01
     7.8000   -9.893148E-03  1.297724E-02  2.914126E+01
     7.8500   -1.011230E-02  1.047701E-02  2.958050E+01
     7.9000   -7.706651E-03  7.892463E-03  3.006255E+01
     7.9500   -3.762591E-03  5.408641E-03  3.064658E+01
     8.0000    3.036415E-04  3.483164E-03  3.150321E+01
     8.0500    3.141904E-03  3.261833E-03  3.271471E+01
     8.1000    3.838648E-03  4.782839E-03  3.362590E+01
     8.1500    2.163967E-03  6.742055E-03  3.423077E+01
     8.2000   -1.390966E-03  8.601077E-03  3.471995E+01
     8.2500   -5.779937E-03  1.017899E-02  3.516139E+01
     8.3000   -9.718737E-03  1.138911E-02  3.557987E+01
     8.3500   -1.205970E-02  1.218224E-02  3.598636E+01
     8.4000   -1.211666E-02  1.253262E-02  3.638668E+01
     8.4500   -9.850186E-03  1.243361E-02  3.678467E+01
     8.5000   -5.870948E-03  1.190755E-02  3.718353E+01
     8.5500   -1.236676E-03  1.097926E-02  3.758623E+01
     8.6000    2.848921E-03  9.684074E-03  3.799772E+01
     8.6500    5.377562E-03  8.081346E-03  3.842718E+01
     8.7000    5.821841E-03  6.255705E-03  3.889528E+01
     8.7500    4.273218E-03  4.351140E-03  3.945944E+01
     8.8000    1.401328E-03  2.750100E-03  4.030604E+01
     8.8500   -1.749594E-03  2.590185E-03  4.158231E+01
     8.9000   -4.065900E-03  4.084053E-03  4.250582E+01
     8.9500   -4.683153E-03  6.032834E-03  4.309356E+01
     9.0000   -3.213254E-03  7.967175E-03  4.356716E+01
     9.0500    1.219022E-04  9.738268E-03  4.399482E+01
     9.1000    4.559837E-03  1.126693E-02  4.439896E+01
     9.1500    9.028610E-03  1.249710E-02  4.478965E+01
     9.2000    1.242896E-02  1.339085E-02  4.517176E+01
     9.2500    1.392524E-02  1.392543E-02  4.554792E+01
     9.3000    1.315612E-02  1.409227E-02  4.591964E+01
     9.3500    1.031129E-02  1.389624E-02  4.628781E+01
     9.4000    6.059383E-03  1.335485E-02  4.665295E+01
     9.4500    1.354009E-03  1.249714E-02  4.701533E+01
     9.5000   -2.830118E-03  1.137576E-02  4.737532E+01
     9.5500   -5.736422E-03  1.003466E-02  4.773242E+01
     9.6000   -6.984544E-03  8.515144E-03  4.808574E+01
     9.6500   -6.641762E-03  6.874018E-03  4.843400E+01
     9.7000   -5.154250E-03  5.170612E-03  4.877426E+01
     9.7500   -3.186725E-03  3.465140E-03  4.909829E+01
     9.8000   -1.419703E-03  1.819770E-03  4.937057E+01
     9.8500   -3.641003E-04  3.822087E-04  4.900374E+01
     9.9000   -2.431684E-04  1.190355E-03  4.732962E+01
     9.9500   -9.684110E-04  2.378605E-03  4.754320E+01
    10.0000   -2.212053E-03  3.365888E-03  4.784098E+01
    10.0500   -3.536888E-03  4.129969E-03  4.815214E+01
    10.1000   -4.529335E-03  4.654318E-03  4.846242E+01
    10.1500   -4.926848E-03  4.939163E-03  4.876532E+01
    10.2000   -4.676235E-03  4.997717E-03  4.905532E+01
    10.2500   -3.921779E-03  4.857452E-03  4.932579E+01
    10.3000   -2.931693E-03  4.562637E-03  4.956767E+01
    10.3500   -1.992096E-03  4.178801E-03  4.976857E+01
    10.4000   -1.305714E-03  3.798463E-03  4.991458E+01
    10.4500   -9.283083E-04  3.539825E-03  5.000013E+01
    10.5000   -7.614002E-04  3.515087E-03  5.004714E+01
    10.5500   -6.003879E-04  3.763879E-03  5.010529E+01
    10.6000   -2.189568E-04  4.226177E-03  5.021365E+01
    10.6500    5.404402E-04  4.795072E-03  5.037843E+01
    10.7000    1.701119E-03  5.371753E-03  5.058771E+01
    10.7500    3.133525E-03  5.882136E-03  5.082729E+01
    10.8000    4.589162E-03  6.274793E-03  5.108580E+01
    10.8500    5.775333E-03  6.516460E-03  5.135471E+01
    10.9000    6.445701E-03  6.589141E-03  5.162724E+01
    10.9500    6.476793E-03  6.488872E-03  5.189730E+01
    11.0000    5.909154E-03  6.233966E-03  5.216051E+01
    11.0500    4.914608E-03  5.846378E-03  5.240864E+01
    11.1000    3.762976E-03  5.359894E-03  5.262879E+01
    11.1500    2.733876E-03  4.844771E-03  5.280750E+01
    11.2000    2.015824E-03  4.404543E-03  5.293170E+01
    11.2500    1.644771E-03  4.170014E-03  5.300163E+01
    11.3000    1.492928E-03  4.251700E-03  5.304829E+01
    11.3500    1.312348E-03  4.666110E-03  5.312198E+01
    11.4000    8.204288E-04  5.329982E-03  5.325253E+01
    11.4500   -1.988610E-04  6.127477E-03  5.343953E+01
    11.5000   -1.809525E-03  6.958841E-03  5.367013E+01
    11.5500   -3.880964E-03  7.749974E-03  5.393156E+01
    11.6000   -6.102722E-03  8.447763E-03  5.421435E+01
    11.6500   -8.053942E-03  9.014796E-03  5.451196E+01
    11.7000   -9.308613E-03  9.425940E-03  5.481993E+01
    11.7500   -9.547082E-03  9.666337E-03  5.513511E+01
    11.8000   -8.642450E-03  9.730166E-03  5.545523E+01
    11.8500   -6.697794E-03  9.619703E-03  5.577850E+01
    11.9000   -4.024368E-03  9.344477E-03  5.610343E+01
    11.9500   -1.067669E-03  8.920394E-03  5.642869E+01
    12.0000    1.703681E-03  8.378201E-03  5.675344E+01
    12.0500    3.898985E-03  7.745575E-03  5.707618E+01
    12.1000    5.267867E-03  7.038714E-03  5.739433E+01
    12.1500    5.757796E-03  6.288588E-03  5.770565E+01
    12.2000    5.492995E-03  5.527760E-03  5.800725E+01
    12.2500    4.715412E-03  4.789474E-03  5.829555E+01
    12.3000    3.703180E-03  4.106662E-03  5.856646E+01
    12.3500    2.691942E-03  3.510458E-03  5.881637E+01
    12.4000    1.821563E-03  3.027301E-03  5.904462E+01
    12.4500    1.121247E-03  2.673664E-03  5.925751E+01
    12.5000    5.333571E-04  2.449653E-03  5.947077E+01
    12.5500   -3.585183E-05  2.337278E-03  5.970560E+01
    12.6000   -6.580479E-04  2.308611E-03  5.997931E+01
    12.6500   -1.337811E-03  2.339084E-03  6.029913E+01
    12.7000   -1.996039E-03  2.415880E-03  6.066262E+01
    12.7500   -2.487038E-03  2.537711E-03  6.106088E+01
    12.8000   -2.643302E-03  2.708903E-03  6.148158E+01
    12.8500   -2.333051E-03  2.932271E-03  6.191178E+01
    12.9000   -1.511617E-03  3.204346E-03  6.234059E+01
    12.9500   -2.498902E-04  3.514375E-03  6.276069E+01
    13.0000    1.275160E-03  3.851588E-03  6.316929E+01
    13.0500    2.814425E-03  4.202137E-03  6.356574E+01
    13.1000    4.080422E-03  4.540590E-03  6.394855E+01
    13.1500    4.832941E-03  4.850213E-03  6.431823E+01
    13.2000    4.928094E-03  5.117258E-03  6.467540E+01
    13.2500    4.346212E-03  5.331895E-03  6.502048E+01
    13.3000    3.188095E-03  5.488803E-03  6.535369E+01
    13.3500    1.642962E-03  5.587487E-03  6.567499E+01
    13.4000   -6.068849E-05  5.632299E-03  6.598422E+01
    13.4500   -1.706163E-03  5.632121E-03  6.628122E+01
    13.5000   -3.127416E-03  5.599611E-03  6.656603E+01
    13.5500   -4.226711E-03  5.549903E-03  6.683920E+01
    13.6000   -4.969728E-03  5.498712E-03  6.710201E+01
    13.6500   -5.364178E-03  5.459936E-03  6.735668E+01
    13.7000   -5.432686E-03  5.443164E-03  6.760630E+01
    13.7500   -5.191457E-03  5.451716E-03  6.785448E+01
    13.8000   -4.642918E-03  5.481884E-03  6.810480E+01
    13.8500   -3.784451E-03  5.523643E-03  6.836025E+01
    13.9000   -2.628741E-03  5.562554E-03  6.862282E+01
    13.9500   -1.226452E-03  5.582197E-03  6.889352E+01
    14.0000    3.201548E-04  5.576281E-03  6.917248E+01
    14.0500    1.868088E-03  5.537561E-03  6.945914E+01
    14.1000    3.236359E-03  5.438268E-03  6.975244E+01
    14.1500    4.244193E-03  5.270566E-03  7.005116E+01
    14.2000    4.756293E-03  5.030916E-03  7.035390E+01
    14.2500    4.718443E-03  4.720129E-03  7.065911E+01
    14.3000    4.175018E-03  4.343188E-03  7.096502E+01
    14.3500    3.261856E-03  3.908935E-03  7.126948E+01
    14.4000    2.175249E-03  3.429665E-03  7.156960E+01
    14.4500    1.125121E-03  2.920725E-03  7.186119E+01
    14.5000    2.854247E-04  2.400258E-03  7.213743E+01
    14.5500   -2.442106E-04  1.889465E-03  7.238624E+01
    14.6000   -4.548941E-04  1.414295E-03  7.258409E+01
    14.6500   -4.189110E-04  1.010987E-03  7.268387E+01
    14.7000   -2.580306E-04  7.373741E-04  7.261413E+01
    14.7500   -1.001802E-04  6.555773E-04  7.241004E+01
    14.8000   -3.829261E-05  7.252720E-04  7.230945E+01
    14.8500   -1.040901E-04  8.278339E-04  7.238270E+01
    14.9000   -2.645099E-04  8.895400E-04  7.255855E+01
    14.9500   -4.410301E-04  8.808593E-04  7.278102E+01
    15.0000   -5.425232E-04  7.906058E-04  7.301290E+01
    15.0500   -5.050662E-04  6.198487E-04  7.320905E+01
    15.1000   -3.291162E-04  3.946013E-04  7.324303E+01
    15.1500   -7.710704E-05  2.513205E-04  7.256847E+01
    15.2000    1.386778E-04  4.846611E-04  7.196644E+01
    15.2500    1.908583E-04  8.826714E-04  7.203868E+01
    15.3000   -1.952904E-05  1.327260E-03  7.227135E+01
    15.3500   -5.246955E-04  1.785998E-03  7.255481E+01
    15.4000   -1.269727E-03  2.237227E-03  7.286015E+01
    15.4500   -2.117730E-03  2.662013E-03  7.317652E+01
    15.5000   -2.880343E-03  3.043205E-03  7.349879E+01
    15.5500   -3.365616E-03  3.365636E-03  7.382402E+01
    15.6000   -3.429747E-03  3.616540E-03  7.415023E+01
    15.6500   -3.017640E-03  3.785985E-03  7.447582E+01
    15.7000   -2.180267E-03  3.867260E-03  7.479927E+01
    15.7500   -1.063442E-03  3.857203E-03  7.511890E+01
    15.8000    1.291007E-04  3.756479E-03  7.543260E+01
    15.8500    1.187974E-03  3.569870E-03  7.573747E+01
    15.9000    1.950987E-03  3.306699E-03  7.602930E+01
    15.9500    2.341745E-03  2.981616E-03  7.630156E+01
    16.0000    2.384959E-03  2.618188E-03  7.654373E+01
    16.0500    2.190952E-03  2.250038E-03  7.673934E+01
    16.1000    1.912006E-03  1.922056E-03  7.686671E+01
    16.1500    1.701244E-03  1.704098E-03  7.691114E+01
    16.2000    1.662496E-03  1.666154E-03  7.690274E+01
    16.2500    1.819231E-03  1.821286E-03  7.692151E+01
    16.3000    2.108481E-03  2.111135E-03  7.701917E+01
    16.3500    2.400997E-03  2.461646E-03  7.719146E+01
    16.4000    2.541207E-03  2.818230E-03  7.741612E+01
    16.4500    2.394973E-03  3.146094E-03  7.767457E+01
    16.5000    1.891193E-03  3.423440E-03  7.795455E+01
    16.5500    1.045449E-03  3.636842E-03  7.824824E+01
    16.6000   -4.058411E-05  3.778799E-03  7.855056E+01
    16.6500   -1.203157E-03  3.846449E-03  7.885795E+01
    16.7000   -2.256477E-03  3.840807E-03  7.916778E+01
    16.7500   -3.037138E-03  3.766235E-03  7.947788E+01
    16.8000   -3.440715E-03  3.629988E-03  7.978626E+01
    16.8500   -3.441118E-03  3.441781E-03  8.009099E+01
    16.9000   -3.088779E-03  3.213362E-03  8.038998E+01
    16.9500   -2.489884E-03  2.958063E-03  8.068093E+01
    17.0000   -1.772581E-03  2.690124E-03  8.096202E+01
    17.0500   -1.053921E-03  2.423103E-03  8.123143E+01
    17.1000   -4.232622E-04  2.171840E-03  8.148527E+01
    17.1500    8.043531E-05  1.950379E-03  8.172266E+01
    17.2000    4.627368E-04  1.770086E-03  8.194590E+01
    17.2500    7.569067E-04  1.637396E-03  8.216195E+01
    17.3000    1.000687E-03  1.551995E-03  8.238214E+01
    17.3500    1.214970E-03  1.507059E-03  8.261909E+01
    17.4000    1.391466E-03  1.492147E-03  8.288276E+01
    17.4500    1.493160E-03  1.497246E-03  8.317831E+01
    17.5000    1.467038E-03  1.515778E-03  8.350648E+01
    17.5500    1.264621E-03  1.545662E-03  8.386477E+01
    17.6000    8.634639E-04  1.588697E-03  8.424840E+01
    17.6500    2.826103E-04  1.648889E-03  8.465076E+01
    17.7000   -4.130867E-04  1.730335E-03  8.506406E+01
    17.7500   -1.121426E-03  1.835349E-03  8.548034E+01
    17.8000   -1.722030E-03  1.963417E-03  8.589270E+01
    17.8500   -2.101173E-03  2.111225E-03  8.629618E+01
    17.9000   -2.175836E-03  2.273451E-03  8.668790E+01
    17.9500   -1.911083E-03  2.443850E-03  8.706673E+01
    18.0000   -1.327268E-03  2.617700E-03  8.743285E+01
    18.0500   -4.922625E-04  2.791516E-03  8.778733E+01
    18.1000    4.889411E-04  2.956954E-03  8.813071E+01
    18.1500    1.489602E-03  3.110508E-03  8.846399E+01
    18.2000    2.383955E-03  3.249897E-03  8.878812E+01
    18.2500    3.064895E-03  3.373941E-03  8.910404E+01
    18.3000    3.456147E-03  3.482346E-03  8.941265E+01
    18.3500    3.518009E-03  3.575424E-03  8.971484E+01
    18.4000    3.247410E-03  3.653796E-03  9.001152E+01
    18.4500    2.673996E-03  3.718098E-03  9.030356E+01
    18.5000    1.854117E-03  3.768740E-03  9.059183E+01
    18.5500    8.641122E-04  3.805741E-03  9.087713E+01
    18.6000   -2.065555E-04  3.828674E-03  9.116016E+01
    18.6500   -1.262436E-03  3.836708E-03  9.144148E+01
    18.7000   -2.209874E-03  3.828753E-03  9.172146E+01
    18.7500   -2.965545E-03  3.803676E-03  9.200030E+01
    18.8000   -3.465166E-03  3.760549E-03  9.227799E+01
    18.8500   -3.671115E-03  3.698904E-03  9.255433E+01
    18.9000   -3.577268E-03  3.618962E-03  9.282892E+01
    18.9500   -3.209557E-03  3.521799E-03  9.310125E+01
    19.0000   -2.622596E-03  3.410644E-03  9.337059E+01
    19.0500   -1.890000E-03  3.290770E-03  9.363599E+01
    19.1000   -1.087098E-03  3.163225E-03  9.389696E+01
    19.1500   -2.867086E-04  3.032617E-03  9.415310E+01
    19.2000    4.527115E-04  2.903780E-03  9.440432E+01
    19.2500    1.091440E-03  2.781306E-03  9.465104E+01
    19.3000    1.607748E-03  2.669006E-03  9.489426E+01
    19.3500    1.993072E-03  2.569379E-03  9.513561E+01
    19.4000    2.245292E-03  2.483203E-03  9.537726E+01
    19.4500    2.362824E-03  2.409370E-03  9.562170E+01
    19.5000    2.341788E-03  2.345051E-03  9.587134E+01
    19.5500    2.177384E-03  2.286158E-03  9.612829E+01
    19.6000    1.869005E-03  2.227974E-03  9.639415E+01
    19.6500    1.427186E-03  2.165820E-03  9.666994E+01
    19.7000    8.795976E-04  2.095614E-03  9.695622E+01
    19.7500    2.733695E-04  2.014263E-03  9.725324E+01
    19.8000   -3.280296E-04  1.919886E-03  9.756107E+01
    19.8500   -8.534889E-04  1.811893E-03  9.787985E+01
    19.9000   -1.236889E-03  1.690954E-03  9.820985E+01
    19.9500   -1.430638E-03  1.558900E-03  9.855168E+01