# # tequil.ion_motion                                            FEFF 9.05   
# # POT  SCF  30  5.5000   1, core-hole, AFOLP (folp(0)= 1.150)
# # Abs   Z=30 Rmt= 1.272 Rnm= 1.389 K  shell
# # Pot 1 Z=26 Rmt= 1.277 Rnm= 1.390
# # Pot 2 Z= 8 Rmt= 0.974 Rnm= 1.069
# # Gam_ch=1.897E+00 H-L exch
# # Mu=-1.176E+01 kf=2.201E+00 Vint=-1.961E+01 Rs_int= 1.648
# # PATH  Rmax= 8.500,  Keep_limit= 0.00, Heap_limit 0.00  Pwcrit= 2.50%
#  S02=1.000                                        Global_sig2= 0.00000
#  Energy zero shift, vr, vi   -2.00000E+00   0.00000E+00
#  Curved wave amplitude ratio filter   4.000%
#     file         sig2 tot  cw amp ratio   deg  nlegs   reff  inp sig2
#           1       0.00000    100.00      1.00     2   1.9142
#           2       0.00000     97.24      1.00     2   1.9355
#           3       0.00000     94.36      1.00     2   1.9585
#           4       0.00000     80.72      1.00     2   2.0825
#           5       0.00000     54.54      1.00     2   2.4255
#           6       0.00000     48.00      1.00     2   2.5475
#           7       0.00000     34.37      1.00     2   2.8409
#           8       0.00000     31.37      1.00     2   2.9615
#           9       0.00000     28.52      1.00     2   3.0896
#          10       0.00000     26.67      1.00     2   3.1815
#          11       0.00000     26.54      1.00     2   3.1847
#          12       0.00000     26.06      1.00     2   3.2129
#          13       0.00000     25.32      1.00     2   3.2528
#          14       0.00000     24.44      1.00     2   3.3021
#          15       0.00000     22.94      1.00     2   3.3608
#          16       0.00000     13.16      2.00     3   3.4100
#          17       0.00000      9.41      2.00     3   3.4258
#          18       0.00000     22.35      1.00     2   3.4282
#          19       0.00000     10.02      2.00     3   3.4278
#          20       0.00000     21.63      1.00     2   3.4338
#          21       0.00000      8.99      2.00     3   3.4444
#          22       0.00000      8.09      2.00     3   3.4656
#          23       0.00000      7.65      2.00     3   3.4676
#          24       0.00000      8.22      2.00     3   3.4726
#          25       0.00000     14.26      2.00     3   3.4856
#          26       0.00000     18.29      2.00     3   3.5177
#          27       0.00000     19.53      1.00     2   3.5642
#          28       0.00000     19.50      1.00     2   3.5661
#          29       0.00000      9.88      2.00     3   3.5873
#          30       0.00000     11.00      2.00     3   3.5929
#          31       0.00000     15.78      2.00     3   3.5985
#          32       0.00000      9.77      2.00     3   3.6249
#          33       0.00000     14.14      2.00     3   3.6311
#          34       0.00000     10.59      2.00     3   3.6339
#          35       0.00000      9.80      2.00     3   3.6470
#          36       0.00000      7.10      2.00     3   3.6528
#          37       0.00000     18.20      1.00     2   3.6565
#          38       0.00000      7.46      2.00     3   3.6905
#          39       0.00000     14.63      2.00     3   3.7016
#          40       0.00000     17.47      1.00     2   3.7111
#          41       0.00000     17.96      1.00     2   3.7456
#          42       0.00000      8.00      2.00     3   3.7459
#          43       0.00000     17.80      1.00     2   3.7587
#          44       0.00000      4.86      1.00     4   3.7826
#          45       0.00000      6.97      2.00     3   3.7891
#          46       0.00000      9.93      1.00     4   3.8285
#          48       0.00000      5.64      1.00     4   3.8586
#          49       0.00000     16.61      1.00     2   3.8630
#          50       0.00000      9.38      1.00     4   3.8710
#          51       0.00000      6.39      2.00     4   3.8728
#          52       0.00000     19.48      2.00     3   3.8746
#          53       0.00000      4.91      1.00     4   3.8817
#          54       0.00000      4.23      1.00     4   3.8950
#          55       0.00000     14.84      2.00     3   3.9107
#          56       0.00000      9.01      2.00     3   3.9106
#          57       0.00000      5.33      2.00     3   3.9111
#          58       0.00000      8.82      1.00     4   3.9170
#          59       0.00000     15.86      1.00     2   3.9330
#          60       0.00000     22.68      2.00     3   3.9340
#          61       0.00000     14.72      1.00     2   3.9449
#          62       0.00000     14.65      1.00     2   3.9515
#          63       0.00000     15.52      1.00     2   3.9665
#          64       0.00000      4.15      1.00     4   3.9751
#          65       0.00000      8.65      1.00     4   3.9906
#          66       0.00000      5.19      1.00     4   4.0107
#          67       0.00000     14.62      2.00     4   4.0180
#          68       0.00000      6.36      1.00     4   4.0758
#          70       0.00000      9.26      2.00     3   4.1193
#          71       0.00000      7.41      2.00     3   4.1327
#          72       0.00000      7.11      2.00     3   4.1385
#          73       0.00000      7.31      2.00     3   4.1456
#          74       0.00000     10.98      2.00     3   4.1557
#          75       0.00000      6.43      1.00     4   4.1650
#          76       0.00000      7.53      2.00     3   4.1775
#          77       0.00000      7.11      2.00     3   4.2114
#          78       0.00000      7.75      2.00     3   4.2403
#          79       0.00000     11.94      1.00     2   4.2467
#          80       0.00000      9.12      2.00     3   4.2659
#          82       0.00000      6.42      2.00     3   4.2883
#          83       0.00000     15.86      2.00     3   4.2901
#          84       0.00000      6.31      2.00     3   4.2967
#          85       0.00000     20.02      2.00     3   4.3631
#          86       0.00000     11.00      1.00     2   4.3692
#          87       0.00000      8.10      2.00     3   4.3754
#          89       0.00000      9.34      2.00     4   4.3840
#          90       0.00000     10.80      1.00     2   4.3969
#          91       0.00000     16.47      2.00     3   4.4028
#          92       0.00000      7.45      2.00     3   4.4043
#          93       0.00000     10.73      1.00     2   4.4063
#          94       0.00000      5.64      2.00     3   4.4103
#          95       0.00000     10.60      1.00     2   4.4256
#          96       0.00000     10.50      1.00     2   4.4391
#          97       0.00000     10.84      2.00     4   4.4617
#          98       0.00000     25.90      2.00     3   4.4712
#          99       0.00000     10.23      1.00     2   4.4793
#         100       0.00000     11.20      1.00     4   4.4795
#         101       0.00000     18.19      2.00     3   4.4858
#         102       0.00000      6.05      2.00     3   4.4956
#         103       0.00000     10.09      1.00     2   4.5007
#         104       0.00000     16.99      1.00     4   4.5033
#         105       0.00000      9.90      1.00     2   4.5303
#         106       0.00000      9.82      1.00     2   4.5421
#         107       0.00000      9.77      1.00     2   4.5517
#         109       0.00000     14.62      2.00     3   4.5814
#         111       0.00000     10.06      1.00     4   4.6025
#         112       0.00000     19.08      2.00     3   4.6108
#         114       0.00000     10.21      2.00     3   4.6475
#         115       0.00000     14.04      2.00     3   4.6533
#         116       0.00000      4.40      2.00     3   4.6570
#         117       0.00000      9.04      1.00     2   4.6725
#         118       0.00000     11.83      2.00     3   4.6766
#         119       0.00000      8.35      2.00     3   4.6915
#         120       0.00000     11.10      1.00     4   4.6913
#         122       0.00000      8.78      1.00     2   4.7193
#         123       0.00000      9.45      2.00     3   4.7364
#         124       0.00000      7.46      1.00     4   4.7371
#         125       0.00000      5.76      2.00     3   4.7506
#         126       0.00000      7.02      2.00     3   4.7667
#         127       0.00000      4.64      2.00     4   4.7764
#         128       0.00000      8.46      1.00     2   4.7787
#         131       0.00000      7.19      1.00     4   4.8060
#         132       0.00000      8.29      1.00     2   4.8114
#         133       0.00000      8.63      2.00     3   4.8113
#         134       0.00000      9.22      1.00     2   4.8145
#         135       0.00000      8.25      1.00     2   4.8205
#         136       0.00000      8.21      1.00     2   4.8280
#         138       0.00000      5.70      2.00     3   4.8420
#         139       0.00000      9.04      1.00     2   4.8479
#         141       0.00000     13.08      2.00     3   4.8520
#         142       0.00000      5.42      2.00     3   4.8530
#         144       0.00000      4.03      2.00     3   4.8583
#         146       0.00000      5.55      1.00     4   4.8739
#         149       0.00000      4.30      1.00     4   4.8982
#         150       0.00000      6.59      2.00     3   4.9013
#         151       0.00000      7.80      1.00     2   4.9125
#         152       0.00000      6.40      2.00     3   4.9121
#         154       0.00000      9.94      2.00     3   4.9374
#         155       0.00000      7.91      2.00     3   4.9468
#         156       0.00000      8.52      1.00     2   4.9516
#         158       0.00000     10.39      2.00     3   4.9617
#         159       0.00000      5.53      2.00     3   4.9649
#         161       0.00000      6.82      1.00     4   4.9848
#         163       0.00000      5.19      2.00     3   4.9880
#         164       0.00000      5.02      2.00     4   5.0039
#         165       0.00000      8.49      2.00     3   5.0099
#         166       0.00000      6.34      2.00     3   5.0098
#         167       0.00000      4.39      2.00     3   5.0121
#         168       0.00000      9.48      2.00     3   5.0467
#         169       0.00000      8.94      2.00     3   5.0578
#         170       0.00000      4.74      1.00     4   5.0602
#         172       0.00000      5.02      1.00     4   5.0756
#         174       0.00000      6.84      2.00     3   5.1008
#         175       0.00000      6.94      1.00     2   5.1079
#         176       0.00000     17.63      2.00     3   5.1089
#         177       0.00000     11.24      1.00     4   5.1099
#         178       0.00000      6.78      2.00     3   5.1109
#         179       0.00000      5.57      2.00     4   5.1202
#         181       0.00000      6.34      2.00     3   5.1379
#         182       0.00000      4.49      2.00     4   5.1583
#         185       0.00000      6.63      1.00     2   5.1843
#         187       0.00000      7.28      1.00     2   5.2333
#         189       0.00000      4.62      2.00     3   5.2390
#         191       0.00000      6.41      1.00     2   5.2433
#         192       0.00000      5.62      2.00     3   5.2445
#         194       0.00000      5.94      2.00     3   5.2587
#         195       0.00000      4.03      2.00     3   5.2804
#         196       0.00000      6.22      1.00     2   5.2954
#         198       0.00000     14.56      2.00     3   5.3008
#         200       0.00000      8.65      1.00     4   5.3063
#         201       0.00000      6.17      2.00     3   5.3118
#         202       0.00000      6.98      1.00     2   5.3125
#         204       0.00000     10.03      2.00     3   5.3182
#         205       0.00000      6.95      1.00     2   5.3206
#         207       0.00000      6.08      1.00     2   5.3351
#         208       0.00000      6.88      1.00     2   5.3386
#         213       0.00000      6.75      1.00     2   5.3730
#         215       0.00000      6.70      1.00     2   5.3866
#         217       0.00000      6.14      2.00     3   5.3965
#         219       0.00000      4.86      1.00     4   5.4032
#         220       0.00000      5.84      1.00     2   5.4067
#         221       0.00000      8.02      2.00     3   5.4104
#         222       0.00000     13.16      2.00     3   5.4153
#         223       0.00000      7.58      1.00     4   5.4239
#         224       0.00000      6.80      2.00     3   5.4298
#         225       0.00000      6.86      2.00     3   5.4340
#         227       0.00000      5.68      1.00     2   5.4534
#         228       0.00000      5.32      2.00     3   5.4703
#         230       0.00000      6.60      2.00     3   5.4754
#         231       0.00000      5.49      2.00     3   5.4851
#         232       0.00000      4.82      2.00     3   5.4869
#         233       0.00000      6.45      2.00     3   5.4895
#         234       0.00000      5.54      1.00     2   5.4983
#         237       0.00000      5.42      2.00     3   5.5068
#         240       0.00000      5.46      1.00     2   5.5260
#         241       0.00000      4.53      2.00     3   5.5375
#         242       0.00000      4.68      2.00     3   5.5385
#         243       0.00000      5.12      2.00     3   5.5422
#         244       0.00000      4.82      2.00     3   5.5547
#         245       0.00000      5.36      1.00     2   5.5594
#         248       0.00000      4.32      2.00     3   5.5749
#         253       0.00000      5.22      1.00     2   5.6072
#         255       0.00000      5.96      1.00     2   5.6083
#         260       0.00000      4.63      2.00     3   5.6419
#         263       0.00000      5.77      1.00     2   5.6704
#         264       0.00000      5.74      1.00     2   5.6825
#         266       0.00000      4.99      1.00     2   5.6868
#         267       0.00000      5.29      2.00     3   5.6876
#         275       0.00000      5.67      1.00     2   5.7062
#         276       0.00000      5.61      1.00     2   5.7253
#         277       0.00000      4.04      2.00     3   5.7262
#         279       0.00000      6.28      2.00     3   5.7317
#         280       0.00000      5.59      2.00     3   5.7375
#         282       0.00000      5.17      2.00     3   5.7673
#         283       0.00000      4.03      2.00     3   5.7725
#         286       0.00000      7.77      2.00     3   5.7856
#         287       0.00000      6.08      2.00     3   5.7863
#         288       0.00000      4.02      2.00     3   5.7881
#         291       0.00000      5.77      2.00     3   5.8044
#         297       0.00000      4.08      2.00     3   5.8227
#         298       0.00000      4.09      2.00     3   5.8264
#         303       0.00000      5.89      2.00     3   5.8651
#         305       0.00000      4.51      1.00     2   5.8743
#         306       0.00000      5.19      1.00     2   5.8782
#         307       0.00000      4.47      1.00     2   5.8933
#         313       0.00000      4.54      2.00     3   5.9046
#         316       0.00000      5.11      1.00     2   5.9102
#         319       0.00000      5.35      2.00     3   5.9154
#         325       0.00000      9.85      2.00     3   5.9268
#         326       0.00000      5.81      2.00     3   5.9274
#         327       0.00000      5.06      1.00     2   5.9301
#   230/ 288 paths used
#  -----------------------------------------------------------------------
#       k          chi          mag           phase @#
    -0.7000   -4.830851E-01  5.029381E-01 -1.852706E+00
    -0.6500   -5.053262E-01  5.216041E-01 -1.821280E+00
    -0.6000   -5.270288E-01  5.385657E-01 -1.778153E+00
    -0.5500   -5.467748E-01  5.535589E-01 -1.727516E+00
    -0.5000   -5.624244E-01  5.656083E-01 -1.676951E+00
    -0.4500   -5.744967E-01  5.754156E-01 -1.627317E+00
    -0.4000   -5.829188E-01  5.829608E-01 -1.582804E+00
    -0.3500   -5.892801E-01  5.895622E-01 -1.539864E+00
    -0.3000   -5.931757E-01  5.945383E-01 -1.503081E+00
    -0.2500   -5.953464E-01  5.982458E-01 -1.472303E+00
    -0.2000   -5.963849E-01  6.009566E-01 -1.447370E+00
    -0.1500   -5.969574E-01  6.032018E-01 -1.426782E+00
    -0.1000   -5.971637E-01  6.047952E-01 -1.411768E+00
    -0.0500   -5.971817E-01  6.057095E-01 -1.402796E+00
     0.0000   -5.971703E-01  6.060074E-01 -1.399811E+00
     0.0500   -5.971502E-01  6.063019E-01 -1.396828E+00
     0.1000   -5.970382E-01  6.071651E-01 -1.387900E+00
     0.1500   -5.966818E-01  6.085375E-01 -1.373080E+00
     0.2000   -5.958334E-01  6.103231E-01 -1.352459E+00
     0.2500   -5.941617E-01  6.123943E-01 -1.326168E+00
     0.3000   -5.912676E-01  6.145987E-01 -1.294376E+00
     0.3500   -5.867577E-01  6.169616E-01 -1.256597E+00
     0.4000   -5.801679E-01  6.198667E-01 -1.210964E+00
     0.4500   -5.706778E-01  6.224378E-01 -1.160100E+00
     0.5000   -5.577603E-01  6.244795E-01 -1.104324E+00
     0.5500   -5.408796E-01  6.262449E-01 -1.042539E+00
     0.6000   -5.192267E-01  6.280613E-01 -9.732408E-01
     0.6500   -4.924916E-01  6.288600E-01 -8.997152E-01
     0.7000   -4.603316E-01  6.288409E-01 -8.212997E-01
     0.7500   -4.218001E-01  6.287516E-01 -7.353589E-01
     0.8000   -3.776401E-01  6.272951E-01 -6.460204E-01
     0.8500   -3.274788E-01  6.251336E-01 -5.513693E-01
     0.9000   -2.712617E-01  6.223511E-01 -4.510003E-01
     0.9500   -2.107942E-01  6.180532E-01 -3.480459E-01
     1.0000   -1.447920E-01  6.134517E-01 -2.382767E-01
     1.0500   -7.612782E-02  6.074778E-01 -1.256482E-01
     1.1000   -5.441584E-03  6.005147E-01 -9.061657E-03
     1.1500    6.638471E-02  5.927503E-01  1.122298E-01
     1.2000    1.360751E-01  5.836002E-01  2.353310E-01
     1.2500    2.045795E-01  5.739979E-01  3.644244E-01
     1.3000    2.674292E-01  5.630573E-01  4.949175E-01
     1.3500    3.248396E-01  5.514312E-01  6.299254E-01
     1.4000    3.740510E-01  5.387792E-01  7.673865E-01
     1.4500    4.140556E-01  5.252625E-01  9.080139E-01
     1.5000    4.437031E-01  5.109157E-01  1.052061E+00
     1.5500    4.616370E-01  4.956192E-01  1.198336E+00
     1.6000    4.678005E-01  4.795671E-01  1.348820E+00
     1.6500    4.613804E-01  4.625097E-01  1.500901E+00
     1.7000    4.430144E-01  4.447003E-01  1.657899E+00
     1.7500    4.130477E-01  4.258323E-01  1.816455E+00
     1.8000    3.725106E-01  4.059497E-01  1.979523E+00
     1.8500    3.233006E-01  3.849581E-01  2.144617E+00
     1.9000    2.669101E-01  3.627851E-01  2.314856E+00
     1.9500    2.064103E-01  3.393758E-01  2.487794E+00
     2.0000    1.453137E-01  3.147813E-01  2.661757E+00
     2.0500    8.687703E-02  2.890666E-01  2.836330E+00
     2.1000    3.360710E-02  2.618315E-01  3.012884E+00
     2.1500   -1.131462E-02  2.330629E-01  3.190159E+00
     2.2000   -4.477261E-02  2.035713E-01  3.363341E+00
     2.2500   -6.557413E-02  1.736819E-01  3.528745E+00
     2.3000   -7.315612E-02  1.431474E-01  3.678004E+00
     2.3500   -6.716173E-02  1.113557E-01  3.789009E+00
     2.4000   -5.216312E-02  8.211037E-02  3.829964E+00
     2.4500   -3.225478E-02  5.857272E-02  3.724770E+00
     2.5000   -1.222172E-02  4.744620E-02  3.402121E+00
     2.5500   -2.875749E-04  5.484974E-02  3.146836E+00
     2.6000    5.098134E-03  6.922106E-02  3.067876E+00
     2.6500    2.582183E-03  8.568431E-02  3.111452E+00
     2.7000   -8.387129E-03  1.018202E-01  3.224058E+00
     2.7500   -2.437915E-02  1.129820E-01  3.359082E+00
     2.8000   -4.414958E-02  1.225597E-01  3.510106E+00
     2.8500   -6.622063E-02  1.307379E-01  3.672730E+00
     2.9000   -8.870306E-02  1.374143E-01  3.843291E+00
     2.9500   -1.098355E-01  1.430743E-01  4.016808E+00
     3.0000   -1.280285E-01  1.473832E-01  4.194119E+00
     3.0500   -1.417231E-01  1.502110E-01  4.374611E+00
     3.1000   -1.497771E-01  1.515982E-01  4.557231E+00
     3.1500   -1.518570E-01  1.519127E-01  4.739472E+00
     3.2000   -1.477789E-01  1.511284E-01  4.923319E+00
     3.2500   -1.373233E-01  1.489036E-01  5.109377E+00
     3.3000   -1.211363E-01  1.450974E-01  5.295303E+00
     3.3500   -1.012874E-01  1.405971E-01  5.478794E+00
     3.4000   -7.906634E-02  1.355817E-01  5.660567E+00
     3.4500   -5.565166E-02  1.296587E-01  5.839560E+00
     3.5000   -3.262955E-02  1.229863E-01  6.014659E+00
     3.5500   -1.138257E-02  1.158898E-01  6.184808E+00
     3.6000    7.103510E-03  1.085239E-01  6.348688E+00
     3.6500    2.213749E-02  1.009042E-01  6.504376E+00
     3.7000    3.343615E-02  9.325482E-02  6.649895E+00
     3.7500    4.122762E-02  8.596346E-02  6.783378E+00
     3.8000    4.609594E-02  7.934834E-02  6.903058E+00
     3.8500    4.866541E-02  7.345785E-02  7.007329E+00
     3.9000    4.980824E-02  6.856143E-02  7.096365E+00
     3.9500    5.045727E-02  6.495381E-02  7.172782E+00
     4.0000    5.143617E-02  6.282991E-02  7.242255E+00
     4.0500    5.311298E-02  6.199727E-02  7.312020E+00
     4.1000    5.567613E-02  6.228536E-02  7.389129E+00
     4.1500    5.907769E-02  6.349165E-02  7.478905E+00
     4.2000    6.306437E-02  6.542597E-02  7.584482E+00
     4.2500    6.682524E-02  6.757224E-02  7.705151E+00
     4.3000    6.966127E-02  6.966889E-02  7.839187E+00
     4.3500    7.096434E-02  7.157512E-02  7.984716E+00
     4.4000    7.033553E-02  7.333364E-02  8.140913E+00
     4.4500    6.717846E-02  7.460173E-02  8.303872E+00
     4.5000    6.141879E-02  7.532754E-02  8.471433E+00
     4.5500    5.328986E-02  7.554828E-02  8.641826E+00
     4.6000    4.325724E-02  7.547819E-02  8.814483E+00
     4.6500    3.176420E-02  7.495303E-02  8.987154E+00
     4.7000    1.946666E-02  7.406171E-02  9.158810E+00
     4.7500    6.974281E-03  7.293716E-02  9.329011E+00
     4.8000   -5.322890E-03  7.186936E-02  9.498909E+00
     4.8500   -1.699976E-02  7.073438E-02  9.667486E+00
     4.9000   -2.779568E-02  6.960713E-02  9.835556E+00
     4.9500   -3.754133E-02  6.854126E-02  1.000441E+01
     5.0000   -4.623207E-02  6.767391E-02  1.017686E+01
     5.0500   -5.349852E-02  6.683741E-02  1.035279E+01
     5.1000   -5.905329E-02  6.596906E-02  1.053358E+01
     5.1500   -6.253650E-02  6.498217E-02  1.072035E+01
     5.2000   -6.373053E-02  6.394358E-02  1.091392E+01
     5.2500   -6.214012E-02  6.257880E-02  1.111405E+01
     5.3000   -5.760810E-02  6.079208E-02  1.132065E+01
     5.3500   -5.024567E-02  5.850379E-02  1.153336E+01
     5.4000   -4.059229E-02  5.578065E-02  1.175139E+01
     5.4500   -2.932483E-02  5.247280E-02  1.197336E+01
     5.5000   -1.749161E-02  4.857747E-02  1.219802E+01
     5.5500   -6.273013E-03  4.412463E-02  1.242372E+01
     5.6000    3.162202E-03  3.925516E-02  1.264701E+01
     5.6500    9.977750E-03  3.398187E-02  1.286438E+01
     5.7000    1.370516E-02  2.841965E-02  1.306958E+01
     5.7500    1.436970E-02  2.272856E-02  1.325080E+01
     5.8000    1.248505E-02  1.722500E-02  1.337715E+01
     5.8500    9.026872E-03  1.230332E-02  1.339011E+01
     5.9000    5.145676E-03  8.999915E-03  1.317500E+01
     5.9500    1.982748E-03  8.956517E-03  1.278959E+01
     6.0000    6.272727E-04  1.194358E-02  1.261891E+01
     6.0500    1.550740E-03  1.583430E-02  1.266446E+01
     6.1000    4.744400E-03  1.967063E-02  1.280996E+01
     6.1500    9.741703E-03  2.310125E-02  1.300169E+01
     6.2000    1.571991E-02  2.597017E-02  1.321652E+01
     6.2500    2.168218E-02  2.820342E-02  1.344330E+01
     6.3000    2.666124E-02  2.977377E-02  1.367584E+01
     6.3500    2.990044E-02  3.068735E-02  1.391022E+01
     6.4000    3.097643E-02  3.097708E-02  1.414362E+01
     6.4500    2.984326E-02  3.069826E-02  1.437373E+01
     6.5000    2.683683E-02  3.003400E-02  1.460278E+01
     6.5500    2.241140E-02  2.899216E-02  1.482438E+01
     6.6000    1.722228E-02  2.764902E-02  1.503553E+01
     6.6500    1.191084E-02  2.611333E-02  1.523433E+01
     6.7000    6.980357E-03  2.449660E-02  1.541901E+01
     6.7500    2.737391E-03  2.290828E-02  1.558818E+01
     6.8000   -7.151903E-04  2.145005E-02  1.574131E+01
     6.8500   -3.443491E-03  2.020902E-02  1.587919E+01
     6.9000   -5.623479E-03  1.925029E-02  1.600441E+01
     6.9500   -7.476207E-03  1.861054E-02  1.612136E+01
     7.0000   -9.290062E-03  1.838223E-02  1.623779E+01
     7.0500   -1.118735E-02  1.847889E-02  1.635825E+01
     7.1000   -1.322380E-02  1.883121E-02  1.648648E+01
     7.1500   -1.539946E-02  1.939235E-02  1.662549E+01
     7.2000   -1.763476E-02  2.011428E-02  1.677698E+01
     7.2500   -1.977129E-02  2.094956E-02  1.694178E+01
     7.3000   -2.157609E-02  2.185053E-02  1.712010E+01
     7.3500   -2.275539E-02  2.276782E-02  1.731180E+01
     7.4000   -2.298471E-02  2.364967E-02  1.751646E+01
     7.4500   -2.195912E-02  2.444256E-02  1.773345E+01
     7.5000   -1.950753E-02  2.516982E-02  1.796278E+01
     7.5500   -1.550705E-02  2.574161E-02  1.820304E+01
     7.6000   -1.007373E-02  2.607700E-02  1.845293E+01
     7.6500   -3.596710E-03  2.613392E-02  1.871149E+01
     7.7000    3.308113E-03  2.588044E-02  1.897773E+01
     7.7500    9.876619E-03  2.529687E-02  1.925065E+01
     7.8000    1.532250E-02  2.437714E-02  1.952926E+01
     7.8500    1.898637E-02  2.312951E-02  1.981249E+01
     7.9000    2.047343E-02  2.157654E-02  2.009921E+01
     7.9500    1.974404E-02  1.975435E-02  2.038805E+01
     8.0000    1.716888E-02  1.775220E-02  2.067742E+01
     8.0500    1.334585E-02  1.559861E-02  2.096448E+01
     8.1000    9.051296E-03  1.333781E-02  2.124527E+01
     8.1500    5.079057E-03  1.104734E-02  2.151343E+01
     8.2000    2.040162E-03  8.816871E-03  2.175764E+01
     8.2500    2.339671E-04  6.757142E-03  2.195652E+01
     8.3000   -3.984735E-04  5.024674E-03  2.207054E+01
     8.3500   -2.259590E-04  3.862076E-03  2.204969E+01
     8.4000    2.034289E-04  3.519973E-03  2.193332E+01
     8.4500    3.391419E-04  3.887525E-03  2.190380E+01
     8.5000   -2.022807E-04  4.554303E-03  2.203558E+01
     8.5500   -1.509704E-03  5.224721E-03  2.228428E+01
     8.6000   -3.341757E-03  5.780816E-03  2.260752E+01
     8.6500   -5.196200E-03  6.207601E-03  2.298306E+01
     8.7000   -6.454306E-03  6.540882E-03  2.339906E+01
     8.7500   -6.568198E-03  6.844143E-03  2.384687E+01
     8.8000   -5.236217E-03  7.189027E-03  2.431681E+01
     8.8500   -2.515522E-03  7.633855E-03  2.479694E+01
     8.9000    1.161981E-03  8.205053E-03  2.527484E+01
     8.9500    5.077509E-03  8.890193E-03  2.574063E+01
     9.0000    8.401371E-03  9.651041E-03  2.618899E+01
     9.0500    1.038712E-02  1.042483E-02  2.661846E+01
     9.1000    1.055459E-02  1.114186E-02  2.702966E+01
     9.1500    8.821433E-03  1.174048E-02  2.742420E+01
     9.2000    5.517953E-03  1.216814E-02  2.780367E+01
     9.2500    1.299318E-03  1.238460E-02  2.816923E+01
     9.3000   -3.022481E-03  1.236381E-02  2.852130E+01
     9.3500   -6.680117E-03  1.209529E-02  2.885944E+01
     9.4000   -9.130776E-03  1.158534E-02  2.918210E+01
     9.4500   -1.016670E-02  1.085852E-02  2.948624E+01
     9.5000   -9.947156E-03  9.978001E-03  2.976648E+01
     9.5500   -8.881317E-03  9.011636E-03  3.001540E+01
     9.6000   -7.477229E-03  8.045725E-03  3.022330E+01
     9.6500   -6.206363E-03  7.216132E-03  3.038052E+01
     9.7000   -5.351941E-03  6.682461E-03  3.048714E+01
     9.7500   -4.937828E-03  6.573002E-03  3.056600E+01
     9.8000   -4.744445E-03  6.902050E-03  3.065803E+01
     9.8500   -4.403589E-03  7.555570E-03  3.079372E+01
     9.9000   -3.540488E-03  8.367427E-03  3.097903E+01
     9.9500   -1.917724E-03  9.188778E-03  3.120568E+01
    10.0000    4.839088E-04  9.936553E-03  3.146465E+01
    10.0500    3.415280E-03  1.053413E-02  3.174610E+01
    10.1000    6.387469E-03  1.090620E-02  3.204164E+01
    10.1500    8.838783E-03  1.102123E-02  3.234653E+01
    10.2000    1.027938E-02  1.086400E-02  3.265717E+01
    10.2500    1.043219E-02  1.043356E-02  3.297053E+01
    10.3000    9.315930E-03  9.741963E-03  3.328355E+01
    10.3500    7.244844E-03  8.813267E-03  3.359254E+01
    10.4000    4.744138E-03  7.683215E-03  3.389200E+01
    10.4500    2.404994E-03  6.400412E-03  3.417231E+01
    10.5000    7.209670E-04  5.032208E-03  3.441375E+01
    10.5500   -4.686372E-05  3.687024E-03  3.457023E+01
    10.6000    6.322823E-05  2.596050E-03  3.453316E+01
    10.6500    7.342125E-04  2.258638E-03  3.422643E+01
    10.7000    1.472531E-03  2.897808E-03  3.402448E+01
    10.7500    1.762444E-03  3.974146E-03  3.409804E+01
    10.8000    1.227845E-03  5.103788E-03  3.431456E+01
    10.8500   -2.453452E-04  6.139600E-03  3.459749E+01
    10.9000   -2.461901E-03  7.017177E-03  3.491599E+01
    10.9500   -4.959429E-03  7.704543E-03  3.525684E+01
    11.0000   -7.138120E-03  8.198202E-03  3.561413E+01
    11.0500   -8.411927E-03  8.499338E-03  3.598477E+01
    11.1000   -8.360187E-03  8.605683E-03  3.636775E+01
    11.1500   -6.871700E-03  8.535974E-03  3.676339E+01
    11.2000   -4.178688E-03  8.318681E-03  3.717283E+01
    11.2500   -8.089578E-04  7.991203E-03  3.759771E+01
    11.3000    2.539039E-03  7.598583E-03  3.803981E+01
    11.3500    5.164717E-03  7.191104E-03  3.850034E+01
    11.4000    6.532863E-03  6.819836E-03  3.897878E+01
    11.4500    6.396935E-03  6.529333E-03  3.947163E+01
    11.5000    4.847905E-03  6.348252E-03  3.997174E+01
    11.5500    2.279099E-03  6.281613E-03  4.046941E+01
    11.6000   -7.201525E-04  6.309759E-03  4.095509E+01
    11.6500   -3.511301E-03  6.395511E-03  4.142190E+01
    11.7000   -5.554314E-03  6.495337E-03  4.186649E+01
    11.7500   -6.519174E-03  6.569063E-03  4.228818E+01
    11.8000   -6.336143E-03  6.585624E-03  4.268763E+01
    11.8500   -5.177837E-03  6.525408E-03  4.306578E+01
    11.9000   -3.384785E-03  6.380604E-03  4.342313E+01
    11.9500   -1.360095E-03  6.154690E-03  4.375947E+01
    12.0000    5.353348E-04  5.869133E-03  4.407364E+01
    12.0500    2.068480E-03  5.550637E-03  4.436417E+01
    12.1000    3.148733E-03  5.220978E-03  4.462967E+01
    12.1500    3.811837E-03  4.916262E-03  4.486957E+01
    12.2000    4.172523E-03  4.672895E-03  4.508609E+01
    12.2500    4.359203E-03  4.519710E-03  4.528579E+01
    12.3000    4.456942E-03  4.469077E-03  4.547938E+01
    12.3500    4.476453E-03  4.512022E-03  4.567874E+01
    12.4000    4.356901E-03  4.621318E-03  4.589301E+01
    12.4500    3.998716E-03  4.760495E-03  4.612665E+01
    12.5000    3.313036E-03  4.893051E-03  4.638009E+01
    12.5500    2.269709E-03  4.988225E-03  4.665150E+01
    12.6000    9.270531E-04  5.023329E-03  4.693828E+01
    12.6500   -5.669020E-04  4.983998E-03  4.723788E+01
    12.7000   -2.002479E-03  4.863534E-03  4.754825E+01
    12.7500   -3.157228E-03  4.661951E-03  4.786789E+01
    12.8000   -3.850829E-03  4.384958E-03  4.819596E+01
    12.8500   -3.989784E-03  4.042965E-03  4.853231E+01
    12.9000   -3.589225E-03  3.650146E-03  4.887764E+01
    12.9500   -2.766409E-03  3.223600E-03  4.923378E+01
    13.0000   -1.712246E-03  2.786355E-03  4.960372E+01
    13.0500   -6.367236E-04  2.358789E-03  4.999216E+01
    13.1000    2.789871E-04  1.957401E-03  5.040850E+01
    13.1500    9.081468E-04  1.608074E-03  5.086560E+01
    13.2000    1.200474E-03  1.340111E-03  5.137571E+01
    13.2500    1.176025E-03  1.181644E-03  5.193384E+01
    13.3000    9.023000E-04  1.143972E-03  5.249831E+01
    13.3500    4.644278E-04  1.208711E-03  5.301270E+01
    13.4000   -6.073556E-05  1.342596E-03  5.345233E+01
    13.4500   -6.185101E-04  1.520651E-03  5.382596E+01
    13.5000   -1.175467E-03  1.731783E-03  5.415315E+01
    13.5500   -1.706728E-03  1.973143E-03  5.445218E+01
    13.6000   -2.178974E-03  2.243687E-03  5.473711E+01
    13.6500   -2.538154E-03  2.540162E-03  5.501763E+01
    13.7000   -2.708970E-03  2.855578E-03  5.529970E+01
    13.7500   -2.608633E-03  3.179378E-03  5.558641E+01
    13.8000   -2.171728E-03  3.498450E-03  5.587895E+01
    13.8500   -1.378264E-03  3.798382E-03  5.617734E+01
    13.9000   -2.748599E-04  4.064642E-03  5.648099E+01
    13.9500    1.019734E-03  4.283586E-03  5.678903E+01
    14.0000    2.332656E-03  4.451169E-03  5.710027E+01
    14.0500    3.473671E-03  4.564460E-03  5.741356E+01
    14.1000    4.255032E-03  4.603354E-03  5.772795E+01
    14.1500    4.549573E-03  4.563217E-03  5.804211E+01
    14.2000    4.320620E-03  4.442842E-03  5.835457E+01
    14.2500    3.631598E-03  4.244570E-03  5.866358E+01
    14.3000    2.630557E-03  3.974335E-03  5.896693E+01
    14.3500    1.513605E-03  3.641675E-03  5.926162E+01
    14.4000    4.772165E-04  3.259809E-03  5.954334E+01
    14.4500   -3.274796E-04  2.845951E-03  5.980558E+01
    14.5000   -8.260787E-04  2.422177E-03  6.003829E+01
    14.5500   -1.029994E-03  2.017344E-03  6.022611E+01
    14.6000   -1.021905E-03  1.670087E-03  6.034871E+01
    14.6500   -9.230562E-04  1.428952E-03  6.039255E+01
    14.7000   -8.529220E-04  1.334921E-03  6.038337E+01
    14.7500   -8.934603E-04  1.382932E-03  6.039267E+01
    14.8000   -1.068182E-03  1.517367E-03  6.047123E+01
    14.8500   -1.341246E-03  1.675610E-03  6.061831E+01
    14.9000   -1.635381E-03  1.814532E-03  6.081295E+01
    14.9500   -1.861695E-03  1.910041E-03  6.103558E+01
    15.0000   -1.948770E-03  1.948901E-03  6.127266E+01
    15.0500   -1.865451E-03  1.926101E-03  6.151267E+01
    15.1000   -1.640636E-03  1.851456E-03  6.174292E+01
    15.1500   -1.339303E-03  1.738800E-03  6.195263E+01
    15.2000   -1.039269E-03  1.610089E-03  6.213021E+01
    15.2500   -8.017678E-04  1.495933E-03  6.226620E+01
    15.3000   -6.483544E-04  1.432439E-03  6.236215E+01
    15.3500   -5.523542E-04  1.449217E-03  6.244082E+01
    15.4000   -4.482005E-04  1.552774E-03  6.253904E+01
    15.4500   -2.559876E-04  1.723582E-03  6.268278E+01
    15.5000    8.662085E-05  1.930141E-03  6.287675E+01
    15.5500    5.957049E-04  2.142436E-03  6.311362E+01
    15.6000    1.225542E-03  2.336844E-03  6.338391E+01
    15.6500    1.872264E-03  2.496276E-03  6.367995E+01
    15.7000    2.396918E-03  2.609240E-03  6.399644E+01
    15.7500    2.662045E-03  2.669050E-03  6.433018E+01
    15.8000    2.571474E-03  2.673333E-03  6.467958E+01
    15.8500    2.101695E-03  2.623757E-03  6.504444E+01
    15.9000    1.315223E-03  2.525901E-03  6.542578E+01
    15.9500    3.513854E-04  2.389227E-03  6.582584E+01
    16.0000   -6.063789E-04  2.225758E-03  6.624937E+01
    16.0500   -1.367128E-03  2.051482E-03  6.670283E+01
    16.1000   -1.771570E-03  1.890917E-03  6.718706E+01
    16.1500   -1.745692E-03  1.767325E-03  6.770087E+01
    16.2000   -1.310914E-03  1.699748E-03  6.823425E+01
    16.2500   -5.763741E-04  1.695444E-03  6.876817E+01
    16.3000    2.902611E-04  1.745969E-03  6.928206E+01
    16.3500    1.105001E-03  1.831317E-03  6.976279E+01
    16.4000    1.711059E-03  1.928361E-03  7.020652E+01
    16.4500    2.012179E-03  2.017245E-03  7.061495E+01
    16.5000    1.987668E-03  2.084067E-03  7.099117E+01
    16.5500    1.686535E-03  2.121391E-03  7.133760E+01
    16.6000    1.204163E-03  2.128130E-03  7.165519E+01
    16.6500    6.496082E-04  2.109394E-03  7.194358E+01
    16.7000    1.137306E-04  2.076353E-03  7.220183E+01
    16.7500   -3.525933E-04  2.045639E-03  7.242986E+01
    16.8000   -7.445614E-04  2.037415E-03  7.263074E+01
    16.8500   -1.093270E-03  2.071220E-03  7.281268E+01
    16.9000   -1.443683E-03  2.160166E-03  7.298858E+01
    16.9500   -1.828575E-03  2.306512E-03  7.317200E+01
    17.0000   -2.247758E-03  2.501654E-03  7.337299E+01
    17.0500   -2.657606E-03  2.730618E-03  7.359566E+01
    17.1000   -2.975772E-03  2.975953E-03  7.383844E+01
    17.1500   -3.102301E-03  3.220232E-03  7.409890E+01
    17.2000   -2.945691E-03  3.447839E-03  7.437391E+01
    17.2500   -2.451926E-03  3.645607E-03  7.466055E+01
    17.3000   -1.626291E-03  3.802993E-03  7.495635E+01
    17.3500   -5.414994E-04  3.912061E-03  7.525936E+01
    17.4000    6.706809E-04  3.967405E-03  7.556809E+01
    17.4500    1.842695E-03  3.966020E-03  7.588143E+01
    17.5000    2.803901E-03  3.907160E-03  7.619862E+01
    17.5500    3.414900E-03  3.792152E-03  7.651918E+01
    17.6000    3.595418E-03  3.624188E-03  7.684293E+01
    17.6500    3.339486E-03  3.408087E-03  7.717000E+01
    17.7000    2.714885E-03  3.150052E-03  7.750090E+01
    17.7500    1.847627E-03  2.857428E-03  7.783669E+01
    17.8000    8.955917E-04  2.538510E-03  7.817925E+01
    17.8500    1.756839E-05  2.202442E-03  7.853184E+01
    17.9000   -6.555614E-04  1.859343E-03  7.890014E+01
    17.9500   -1.041833E-03  1.520935E-03  7.929441E+01
    18.0000   -1.119203E-03  1.202626E-03  7.973595E+01
    18.0500   -9.186227E-04  9.295766E-04  8.026428E+01
    18.1000   -5.130205E-04  7.423851E-04  8.091848E+01
    18.1500   -7.371112E-06  6.898716E-04  8.167072E+01
    18.2000    4.882400E-04  7.717681E-04  8.236635E+01
    18.2500    8.785101E-04  9.280457E-04  8.292400E+01
    18.3000    1.097342E-03  1.105771E-03  8.337576E+01
    18.3500    1.114909E-03  1.277901E-03  8.376280E+01
    18.4000    9.371933E-04  1.432368E-03  8.410975E+01
    18.4500    5.993261E-04  1.564256E-03  8.442981E+01
    18.5000    1.550104E-04  1.672356E-03  8.473018E+01
    18.5500   -3.352942E-04  1.757673E-03  8.501494E+01
    18.6000   -8.149685E-04  1.822681E-03  8.528655E+01
    18.6500   -1.238791E-03  1.870882E-03  8.554668E+01
    18.7000   -1.576538E-03  1.906451E-03  8.579666E+01
    18.7500   -1.812673E-03  1.933871E-03  8.603789E+01
    18.8000   -1.943017E-03  1.957524E-03  8.627198E+01
    18.8500   -1.969874E-03  1.981236E-03  8.650094E+01
    18.9000   -1.897304E-03  2.007818E-03  8.672713E+01
    18.9500   -1.728058E-03  2.038692E-03  8.695309E+01
    19.0000   -1.463642E-03  2.074441E-03  8.718138E+01
    19.0500   -1.105745E-03  2.114551E-03  8.741432E+01
    19.1000   -6.591445E-04  2.153970E-03  8.765359E+01
    19.1500   -1.403983E-04  2.188656E-03  8.790040E+01
    19.2000    4.199882E-04  2.214060E-03  8.815544E+01
    19.2500    9.768660E-04  2.225577E-03  8.841900E+01
    19.3000    1.473948E-03  2.218934E-03  8.869110E+01
    19.3500    1.851552E-03  2.190515E-03  8.897164E+01
    19.4000    2.057378E-03  2.137599E-03  8.926056E+01
    19.4500    2.058016E-03  2.058538E-03  8.955791E+01
    19.5000    1.848358E-03  1.952883E-03  8.986405E+01
    19.5500    1.456192E-03  1.821473E-03  9.017979E+01
    19.6000    9.402364E-04  1.666507E-03  9.050673E+01
    19.6500    3.813089E-04  1.491646E-03  9.084769E+01
    19.7000   -1.318979E-04  1.302212E-03  9.120765E+01
    19.7500   -5.195328E-04  1.105650E-03  9.159535E+01
    19.8000   -7.260558E-04  9.126237E-04  9.202613E+01
    19.8500   -7.308515E-04  7.393493E-04  9.252522E+01
    19.9000   -5.514424E-04  6.109717E-04  9.312209E+01
    19.9500   -2.385287E-04  5.582531E-04  9.380630E+01