# # tequil.ion_motion                                            FEFF 9.05   
# # POT  SCF  30  5.5000   1, core-hole, AFOLP (folp(0)= 1.150)
# # Abs   Z=30 Rmt= 1.301 Rnm= 1.398 K  shell
# # Pot 1 Z=26 Rmt= 1.296 Rnm= 1.394
# # Pot 2 Z= 8 Rmt= 0.992 Rnm= 1.098
# # Gam_ch=1.897E+00 H-L exch
# # Mu=-1.157E+01 kf=2.161E+00 Vint=-1.796E+01 Rs_int= 1.678
# # PATH  Rmax= 8.500,  Keep_limit= 0.00, Heap_limit 0.00  Pwcrit= 2.50%
#  S02=1.000                                        Global_sig2= 0.00000
#  Energy zero shift, vr, vi   -2.00000E+00   0.00000E+00
#  Curved wave amplitude ratio filter   4.000%
#     file         sig2 tot  cw amp ratio   deg  nlegs   reff  inp sig2
#           1       0.00000    100.00      1.00     2   1.9378
#           2       0.00000     93.72      1.00     2   1.9858
#           3       0.00000     87.48      1.00     2   2.0381
#           4       0.00000     86.10      1.00     2   2.0504
#           5       0.00000     67.38      1.00     2   2.2488
#           6       0.00000     62.44      1.00     2   2.3141
#           7       0.00000     33.35      1.00     2   2.8592
#           8       0.00000     31.88      1.00     2   2.9156
#           9       0.00000     31.08      1.00     2   2.9478
#          10       0.00000     29.94      1.00     2   2.9956
#          11       0.00000     23.92      1.00     2   3.2936
#          12       0.00000     22.81      1.00     2   3.3543
#          13       0.00000     22.70      1.00     2   3.3665
#          14       0.00000     12.25      2.00     3   3.3919
#          15       0.00000     21.99      1.00     2   3.4109
#          16       0.00000     13.27      2.00     3   3.4615
#          17       0.00000     11.80      2.00     3   3.4638
#          18       0.00000     10.49      2.00     3   3.4665
#          19       0.00000     11.98      2.00     3   3.4713
#          20       0.00000     20.70      1.00     2   3.4737
#          21       0.00000     10.67      2.00     3   3.4754
#          22       0.00000      9.46      2.00     3   3.4861
#          23       0.00000     11.77      2.00     3   3.5119
#          24       0.00000     10.13      2.00     3   3.5150
#          25       0.00000     10.28      2.00     3   3.5154
#          26       0.00000     11.12      2.00     3   3.5297
#          27       0.00000      7.19      2.00     3   3.5489
#          28       0.00000     19.25      1.00     2   3.5643
#          29       0.00000     10.23      2.00     3   3.5647
#          30       0.00000      8.33      2.00     3   3.5738
#          31       0.00000     10.55      2.00     3   3.5842
#          32       0.00000     17.42      2.00     3   3.5929
#          33       0.00000     18.77      1.00     2   3.5969
#          34       0.00000      6.76      2.00     3   3.6187
#          35       0.00000     17.35      2.00     3   3.6277
#          36       0.00000      7.25      2.00     3   3.6275
#          37       0.00000      7.20      2.00     3   3.6399
#          38       0.00000      8.38      2.00     3   3.6448
#          39       0.00000      7.34      2.00     3   3.6925
#          40       0.00000     17.39      1.00     2   3.6951
#          41       0.00000      9.31      2.00     3   3.6997
#          42       0.00000     18.00      1.00     2   3.7018
#          43       0.00000     17.96      1.00     2   3.7054
#          44       0.00000     15.18      2.00     3   3.7066
#          45       0.00000     17.23      1.00     2   3.7075
#          46       0.00000     17.70      1.00     2   3.7272
#          47       0.00000     15.91      1.00     2   3.8132
#          48       0.00000     18.47      2.00     3   3.8454
#          49       0.00000     16.28      1.00     2   3.8544
#          50       0.00000     11.77      1.00     4   3.8756
#          51       0.00000      5.01      1.00     4   3.8890
#          52       0.00000      4.76      1.00     4   3.8922
#          54       0.00000     14.64      1.00     2   3.9254
#          55       0.00000      5.89      1.00     4   3.9274
#          56       0.00000     13.40      2.00     3   3.9319
#          57       0.00000     14.47      1.00     2   3.9412
#          58       0.00000     27.16      2.00     3   3.9440
#          59       0.00000     15.18      1.00     2   3.9627
#          60       0.00000     10.26      1.00     4   3.9716
#          62       0.00000     15.02      1.00     2   3.9790
#          63       0.00000      5.76      1.00     4   3.9798
#          64       0.00000      8.31      1.00     4   3.9854
#          65       0.00000     28.53      2.00     4   3.9881
#          66       0.00000      9.43      2.00     3   3.9903
#          67       0.00000     12.57      2.00     3   3.9947
#          68       0.00000      4.24      1.00     4   4.0023
#          70       0.00000     13.56      1.00     2   4.0317
#          71       0.00000      5.52      1.00     4   4.0352
#          72       0.00000     13.42      2.00     3   4.0404
#          73       0.00000      8.86      2.00     3   4.0734
#          74       0.00000      8.89      1.00     4   4.0762
#          75       0.00000      5.08      1.00     4   4.0823
#          76       0.00000      8.60      1.00     4   4.1007
#          77       0.00000     12.87      1.00     2   4.1043
#          78       0.00000      5.53      1.00     4   4.1151
#          79       0.00000     13.30      2.00     3   4.1320
#          80       0.00000      7.51      2.00     3   4.1358
#          81       0.00000     12.41      1.00     2   4.1561
#          82       0.00000      4.88      1.00     4   4.1620
#          83       0.00000      7.95      2.00     3   4.1936
#          84       0.00000     22.31      2.00     3   4.2080
#          85       0.00000      5.31      1.00     4   4.2264
#          86       0.00000      7.19      2.00     3   4.2272
#          87       0.00000     23.57      2.00     4   4.2346
#          89       0.00000      7.12      2.00     3   4.2641
#          90       0.00000      7.22      2.00     3   4.2711
#          91       0.00000      8.78      2.00     3   4.2722
#          92       0.00000      6.08      1.00     4   4.3013
#          93       0.00000      6.00      2.00     3   4.3113
#          94       0.00000     19.21      2.00     3   4.3127
#          95       0.00000      8.85      2.00     3   4.3455
#          96       0.00000     19.07      2.00     4   4.3522
#          97       0.00000      6.49      2.00     3   4.3678
#          98       0.00000     10.67      1.00     2   4.3763
#         100       0.00000      6.49      2.00     3   4.3810
#         101       0.00000      6.33      2.00     3   4.3928
#         102       0.00000      5.09      2.00     3   4.3987
#         103       0.00000     10.31      1.00     2   4.4274
#         104       0.00000      6.15      2.00     3   4.4283
#         105       0.00000     10.06      2.00     3   4.4299
#         106       0.00000      6.87      2.00     3   4.4654
#         108       0.00000      7.68      2.00     3   4.4699
#         109       0.00000      4.53      2.00     3   4.4766
#         111       0.00000      5.19      1.00     4   4.4976
#         112       0.00000      5.72      2.00     3   4.5024
#         113       0.00000      7.06      2.00     3   4.5054
#         114       0.00000     20.52      2.00     3   4.5112
#         115       0.00000      4.24      2.00     3   4.5249
#         116       0.00000      9.64      1.00     2   4.5297
#         117       0.00000      5.88      2.00     3   4.5481
#         118       0.00000      9.47      1.00     2   4.5571
#         119       0.00000      9.44      1.00     2   4.5620
#         120       0.00000      7.60      2.00     3   4.5665
#         121       0.00000     12.42      1.00     4   4.5950
#         122       0.00000     19.43      2.00     3   4.6085
#         123       0.00000      9.13      1.00     2   4.6118
#         124       0.00000      9.12      1.00     2   4.6146
#         125       0.00000      9.11      1.00     2   4.6154
#         126       0.00000      6.59      2.00     3   4.6199
#         127       0.00000      4.45      1.00     4   4.6282
#         128       0.00000      5.94      2.00     3   4.6313
#         129       0.00000      4.86      2.00     3   4.6319
#         130       0.00000      4.82      2.00     3   4.6441
#         131       0.00000      4.69      2.00     3   4.6691
#         132       0.00000      8.79      1.00     2   4.6720
#         133       0.00000     15.47      2.00     3   4.6809
#         134       0.00000     11.78      1.00     4   4.6873
#         135       0.00000      8.70      1.00     2   4.6881
#         136       0.00000     14.83      2.00     3   4.6952
#         137       0.00000     17.80      2.00     3   4.6972
#         138       0.00000      8.54      1.00     2   4.7159
#         139       0.00000      8.53      1.00     2   4.7188
#         140       0.00000      8.52      1.00     2   4.7204
#         142       0.00000      8.46      1.00     2   4.7305
#         144       0.00000      8.44      1.00     2   4.7342
#         145       0.00000      7.09      2.00     3   4.7550
#         148       0.00000      4.78      2.00     3   4.7717
#         149       0.00000     10.52      1.00     4   4.7791
#         150       0.00000      7.34      2.00     3   4.7944
#         151       0.00000      8.58      1.00     4   4.8046
#         152       0.00000      8.17      2.00     3   4.8056
#         153       0.00000     11.11      2.00     3   4.8092
#         155       0.00000      8.12      1.00     4   4.8285
#         156       0.00000     10.21      2.00     3   4.8294
#         157       0.00000     14.38      2.00     3   4.8302
#         158       0.00000      4.04      2.00     3   4.8317
#         159       0.00000     13.55      2.00     3   4.8450
#         162       0.00000      6.41      2.00     4   4.8856
#         163       0.00000      6.10      2.00     3   4.8990
#         164       0.00000     11.34      2.00     3   4.8991
#         165       0.00000      5.21      2.00     4   4.9014
#         167       0.00000      8.84      2.00     3   4.9180
#         168       0.00000      8.49      1.00     2   4.9333
#         171       0.00000      8.03      1.00     4   4.9445
#         172       0.00000      9.09      2.00     3   4.9495
#         173       0.00000      8.36      1.00     2   4.9602
#         174       0.00000      8.34      1.00     2   4.9645
#         175       0.00000      7.34      1.00     4   4.9711
#         176       0.00000      8.65      2.00     3   4.9747
#         179       0.00000      7.44      2.00     3   4.9830
#         180       0.00000      7.16      1.00     2   4.9998
#         181       0.00000      5.38      1.00     4   5.0038
#         182       0.00000     18.29      2.00     3   5.0050
#         183       0.00000     11.86      1.00     4   5.0102
#         184       0.00000      7.05      1.00     2   5.0254
#         185       0.00000     18.24      2.00     3   5.0320
#         186       0.00000      4.03      2.00     4   5.0337
#         187       0.00000     12.00      1.00     4   5.0387
#         188       0.00000      6.98      1.00     2   5.0402
#         190       0.00000      4.74      1.00     4   5.0469
#         191       0.00000      4.66      2.00     4   5.0518
#         192       0.00000     17.08      2.00     3   5.0545
#         194       0.00000      5.74      1.00     4   5.0677
#         195       0.00000     10.40      2.00     3   5.0690
#         196       0.00000     10.78      1.00     4   5.0687
#         197       0.00000      4.27      2.00     4   5.0726
#         199       0.00000      7.15      2.00     3   5.0860
#         200       0.00000      8.39      2.00     3   5.1003
#         204       0.00000      5.14      1.00     4   5.1736
#         205       0.00000      4.07      1.00     4   5.1786
#         206       0.00000      7.64      2.00     3   5.1842
#         208       0.00000      7.24      1.00     2   5.2216
#         209       0.00000      7.22      1.00     2   5.2281
#         211       0.00000      4.03      1.00     4   5.2405
#         212       0.00000      7.14      1.00     2   5.2475
#         217       0.00000      5.81      2.00     4   5.2921
#         219       0.00000      6.14      2.00     3   5.3173
#         221       0.00000      5.37      2.00     3   5.3202
#         222       0.00000     10.33      2.00     3   5.3289
#         225       0.00000      6.65      2.00     3   5.3522
#         227       0.00000      6.61      1.00     2   5.3902
#         228       0.00000      6.55      1.00     2   5.4081
#         229       0.00000      5.17      1.00     4   5.4102
#         232       0.00000      5.00      2.00     3   5.4241
#         233       0.00000      4.79      2.00     3   5.4354
#         235       0.00000      6.39      1.00     2   5.4550
#         236       0.00000      4.27      2.00     4   5.4595
#         238       0.00000      5.43      1.00     2   5.4659
#         241       0.00000      5.27      2.00     3   5.4986
#         242       0.00000      5.32      1.00     2   5.5019
#         243       0.00000      7.44      2.00     3   5.5036
#         244       0.00000      5.27      1.00     2   5.5186
#         245       0.00000      5.27      1.00     2   5.5197
#         246       0.00000      6.13      1.00     2   5.5350
#         247       0.00000      4.84      2.00     3   5.5378
#         248       0.00000      5.21      1.00     2   5.5406
#         249       0.00000      4.89      2.00     3   5.5520
#         250       0.00000      5.01      2.00     3   5.5663
#         251       0.00000      5.41      2.00     3   5.5670
#         256       0.00000      6.58      2.00     3   5.5820
#         258       0.00000      5.95      1.00     2   5.5892
#         259       0.00000      4.78      2.00     3   5.5926
#         261       0.00000      4.68      2.00     3   5.5964
#         263       0.00000      5.92      1.00     2   5.6008
#         265       0.00000      4.86      2.00     3   5.6064
#         272       0.00000      4.89      1.00     2   5.6535
#         274       0.00000      5.67      2.00     3   5.6609
#         275       0.00000      4.83      1.00     2   5.6730
#         279       0.00000      4.50      2.00     3   5.6798
#         280       0.00000      5.66      1.00     2   5.6861
#         282       0.00000      5.98      2.00     3   5.6998
#         283       0.00000      5.62      1.00     2   5.7024
#         285       0.00000      5.56      1.00     2   5.7212
#         286       0.00000      4.70      1.00     2   5.7212
#         289       0.00000      6.04      2.00     3   5.7239
#         292       0.00000      5.40      2.00     3   5.7291
#         294       0.00000      4.67      1.00     2   5.7347
#         299       0.00000      7.86      2.00     3   5.7649
#         301       0.00000      4.59      1.00     2   5.7666
#         303       0.00000      4.57      1.00     2   5.7726
#         304       0.00000      4.65      2.00     3   5.7781
#         305       0.00000      5.21      2.00     3   5.7793
#         310       0.00000      4.07      2.00     3   5.7922
#         311       0.00000      7.87      2.00     3   5.7925
#         312       0.00000      4.43      2.00     3   5.8113
#         319       0.00000      5.26      1.00     2   5.8309
#         320       0.00000      4.43      1.00     2   5.8315
#         323       0.00000      4.31      2.00     3   5.8496
#         328       0.00000      5.18      1.00     2   5.8624
#         329       0.00000      5.17      1.00     2   5.8638
#         331       0.00000      8.86      2.00     3   5.8664
#         332       0.00000      5.19      2.00     3   5.8710
#         335       0.00000      4.32      2.00     3   5.8794
#         337       0.00000      6.32      2.00     5   5.8818
#         338       0.00000      5.11      1.00     2   5.8865
#         341       0.00000      4.35      2.00     3   5.8906
#         342       0.00000      4.10      2.00     3   5.8930
#         344       0.00000      4.27      1.00     2   5.8997
#         346       0.00000      4.36      1.00     4   5.9018
#         350       0.00000      4.23      1.00     2   5.9158
#   250/ 327 paths used
#  -----------------------------------------------------------------------
#       k          chi          mag           phase @#
    -0.7000   -5.163800E-01  5.172658E-01 -1.629329E+00
    -0.6500   -4.777517E-01  4.783951E-01 -1.622664E+00
    -0.6000   -4.526809E-01  4.534494E-01 -1.629024E+00
    -0.5500   -4.379032E-01  4.390079E-01 -1.641753E+00
    -0.5000   -4.316501E-01  4.331918E-01 -1.655190E+00
    -0.4500   -4.314331E-01  4.333957E-01 -1.665999E+00
    -0.4000   -4.348564E-01  4.371073E-01 -1.672325E+00
    -0.3500   -4.416878E-01  4.440778E-01 -1.674592E+00
    -0.3000   -4.492101E-01  4.515750E-01 -1.673183E+00
    -0.2500   -4.564826E-01  4.587188E-01 -1.669579E+00
    -0.2000   -4.629210E-01  4.649850E-01 -1.665053E+00
    -0.1500   -4.689702E-01  4.708498E-01 -1.660178E+00
    -0.1000   -4.736584E-01  4.753824E-01 -1.655986E+00
    -0.0500   -4.765194E-01  4.781433E-01 -1.653235E+00
     0.0000   -4.774803E-01  4.790698E-01 -1.652279E+00
     0.0500   -4.784445E-01  4.799992E-01 -1.651305E+00
     0.1000   -4.813559E-01  4.828041E-01 -1.648271E+00
     0.1500   -4.862633E-01  4.875284E-01 -1.642850E+00
     0.2000   -4.932228E-01  4.942264E-01 -1.634534E+00
     0.2500   -5.022636E-01  5.029403E-01 -1.622675E+00
     0.3000   -5.133459E-01  5.136742E-01 -1.606554E+00
     0.3500   -5.268285E-01  5.268810E-01 -1.584916E+00
     0.4000   -5.439123E-01  5.439790E-01 -1.555136E+00
     0.4500   -5.622376E-01  5.630159E-01 -1.518206E+00
     0.5000   -5.809018E-01  5.836487E-01 -1.473738E+00
     0.5500   -5.997090E-01  6.065793E-01 -1.420146E+00
     0.6000   -6.180247E-01  6.326638E-01 -1.355257E+00
     0.6500   -6.317207E-01  6.590071E-01 -1.282025E+00
     0.7000   -6.390435E-01  6.857364E-01 -1.199640E+00
     0.7500   -6.380212E-01  7.141362E-01 -1.104894E+00
     0.8000   -6.245682E-01  7.408613E-01 -1.002892E+00
     0.8500   -5.967904E-01  7.668978E-01 -8.917748E-01
     0.9000   -5.520602E-01  7.919251E-01 -7.713610E-01
     0.9500   -4.893700E-01  8.134347E-01 -6.455144E-01
     1.0000   -4.068904E-01  8.333918E-01 -5.100654E-01
     1.0500   -3.068475E-01  8.491696E-01 -3.697154E-01
     1.1000   -1.911450E-01  8.611228E-01 -2.238362E-01
     1.1500   -6.268241E-02  8.693223E-01 -7.216754E-02
     1.2000    7.145320E-02  8.723780E-01  8.199809E-02
     1.2500    2.090333E-01  8.720423E-01  2.420625E-01
     1.3000    3.401100E-01  8.665363E-01  4.033413E-01
     1.3500    4.612764E-01  8.573140E-01  5.681200E-01
     1.4000    5.653979E-01  8.439021E-01  7.341825E-01
     1.4500    6.487458E-01  8.269982E-01  9.018225E-01
     1.5000    7.083675E-01  8.071188E-01  1.070936E+00
     1.5500    7.419317E-01  7.843929E-01  1.240257E+00
     1.6000    7.502774E-01  7.599058E-01  1.411439E+00
     1.6500    7.333134E-01  7.333602E-01  1.582101E+00
     1.7000    6.940076E-01  7.060355E-01  1.755644E+00
     1.7500    6.343566E-01  6.773457E-01  1.928986E+00
     1.8000    5.575999E-01  6.480961E-01  2.105605E+00
     1.8500    4.675092E-01  6.178463E-01  2.283380E+00
     1.9000    3.665626E-01  5.867763E-01  2.466838E+00
     1.9500    2.598594E-01  5.544272E-01  2.653775E+00
     2.0000    1.532499E-01  5.205297E-01  2.842753E+00
     2.0500    5.211058E-02  4.849350E-01  3.033926E+00
     2.1000   -3.954064E-02  4.464381E-01  3.230278E+00
     2.1500   -1.157949E-01  4.046239E-01  3.431829E+00
     2.2000   -1.705417E-01  3.608671E-01  3.633819E+00
     2.2500   -2.014879E-01  3.154595E-01  3.834416E+00
     2.3000   -2.074127E-01  2.675506E-01  4.028669E+00
     2.3500   -1.876650E-01  2.152292E-01  4.200726E+00
     2.4000   -1.530446E-01  1.647409E-01  4.333299E+00
     2.4500   -1.130122E-01  1.194673E-01  4.382159E+00
     2.5000   -7.774737E-02  8.612986E-02  4.267541E+00
     2.5500   -5.865663E-02  7.436751E-02  4.050349E+00
     2.6000   -5.037798E-02  7.891419E-02  3.833997E+00
     2.6500   -5.396748E-02  9.380824E-02  3.754558E+00
     2.7000   -6.818302E-02  1.116879E-01  3.798256E+00
     2.7500   -8.567478E-02  1.259181E-01  3.889902E+00
     2.8000   -1.065447E-01  1.390383E-01  4.014652E+00
     2.8500   -1.284008E-01  1.506336E-01  4.162160E+00
     2.9000   -1.483999E-01  1.603134E-01  4.324438E+00
     2.9500   -1.643337E-01  1.683461E-01  4.493623E+00
     3.0000   -1.742622E-01  1.744214E-01  4.669649E+00
     3.0500   -1.767118E-01  1.784072E-01  4.850360E+00
     3.1000   -1.711846E-01  1.804004E-01  5.033406E+00
     3.1500   -1.582387E-01  1.807911E-01  5.217217E+00
     3.2000   -1.387683E-01  1.797898E-01  5.401461E+00
     3.2500   -1.139563E-01  1.773867E-01  5.585537E+00
     3.3000   -8.552663E-02  1.736368E-01  5.768156E+00
     3.3500   -5.561463E-02  1.691365E-01  5.948137E+00
     3.4000   -2.584867E-02  1.642390E-01  6.125144E+00
     3.4500    2.427309E-03  1.589270E-01  6.298459E+00
     3.5000    2.819883E-02  1.534517E-01  6.467999E+00
     3.5500    5.103632E-02  1.481192E-01  6.634958E+00
     3.6000    7.070774E-02  1.430555E-01  6.800178E+00
     3.6500    8.697380E-02  1.382480E-01  6.963599E+00
     3.7000    9.986328E-02  1.337330E-01  7.126327E+00
     3.7500    1.095886E-01  1.296045E-01  7.290801E+00
     3.8000    1.161139E-01  1.258175E-01  7.458666E+00
     3.8500    1.189834E-01  1.220700E-01  7.628622E+00
     3.9000    1.180721E-01  1.182382E-01  7.800974E+00
     3.9500    1.133542E-01  1.142138E-01  7.976752E+00
     4.0000    1.048908E-01  1.098854E-01  8.156641E+00
     4.0500    9.311389E-02  1.051612E-01  8.337339E+00
     4.1000    7.881811E-02  1.000468E-01  8.517529E+00
     4.1500    6.299157E-02  9.459163E-02  8.696036E+00
     4.2000    4.670101E-02  8.888665E-02  8.871593E+00
     4.2500    3.114884E-02  8.312557E-02  9.040683E+00
     4.3000    1.717889E-02  7.752532E-02  9.201332E+00
     4.3500    5.235366E-03  7.231685E-02  9.352320E+00
     4.4000   -4.661639E-03  6.773583E-02  9.493653E+00
     4.4500   -1.284638E-02  6.404188E-02  9.626742E+00
     4.5000   -1.996035E-02  6.136101E-02  9.756100E+00
     4.5500   -2.666900E-02  5.969706E-02  9.887895E+00
     4.6000   -3.344543E-02  5.896919E-02  1.002784E+01
     4.6500   -4.044113E-02  5.883404E-02  1.018265E+01
     4.7000   -4.729065E-02  5.896235E-02  1.035549E+01
     4.7500   -5.320884E-02  5.904363E-02  1.054726E+01
     4.8000   -5.721050E-02  5.888306E-02  1.075666E+01
     4.8500   -5.817861E-02  5.818321E-02  1.098299E+01
     4.9000   -5.532151E-02  5.681006E-02  1.122500E+01
     4.9500   -4.836136E-02  5.469464E-02  1.148158E+01
     5.0000   -3.773422E-02  5.184194E-02  1.175116E+01
     5.0500   -2.451767E-02  4.828738E-02  1.203381E+01
     5.1000   -1.033382E-02  4.414337E-02  1.233008E+01
     5.1500    2.970265E-03  3.956566E-02  1.264151E+01
     5.2000    1.359149E-02  3.471422E-02  1.296866E+01
     5.2500    2.034040E-02  2.979316E-02  1.331785E+01
     5.3000    2.265935E-02  2.505517E-02  1.369629E+01
     5.3500    2.077898E-02  2.078473E-02  1.411364E+01
     5.4000    1.552642E-02  1.717332E-02  1.457869E+01
     5.4500    8.402602E-03  1.459104E-02  1.509429E+01
     5.5000    9.554735E-04  1.317704E-02  1.563539E+01
     5.5500   -5.481728E-03  1.274763E-02  1.615248E+01
     5.6000   -1.008132E-02  1.280457E-02  1.661442E+01
     5.6500   -1.251699E-02  1.301416E-02  1.700146E+01
     5.7000   -1.311727E-02  1.312525E-02  1.731362E+01
     5.7500   -1.261193E-02  1.310268E-02  1.755331E+01
     5.8000   -1.177629E-02  1.310215E-02  1.773252E+01
     5.8500   -1.130012E-02  1.345459E-02  1.785251E+01
     5.9000   -1.146738E-02  1.452215E-02  1.793932E+01
     5.9500   -1.205987E-02  1.652195E-02  1.803134E+01
     6.0000   -1.221547E-02  1.931243E-02  1.816476E+01
     6.0500   -1.118636E-02  2.275894E-02  1.833573E+01
     6.1000   -8.159735E-03  2.663147E-02  1.853815E+01
     6.1500   -2.617027E-03  3.069398E-02  1.876419E+01
     6.2000    5.437401E-03  3.473705E-02  1.900673E+01
     6.2500    1.540457E-02  3.858164E-02  1.926028E+01
     6.3000    2.616995E-02  4.207964E-02  1.952074E+01
     6.3500    3.631264E-02  4.511465E-02  1.978506E+01
     6.4000    4.439032E-02  4.760316E-02  2.005085E+01
     6.4500    4.922760E-02  4.949584E-02  2.031620E+01
     6.5000    5.005529E-02  5.071742E-02  2.058212E+01
     6.5500    4.681263E-02  5.136415E-02  2.084451E+01
     6.6000    4.001490E-02  5.150892E-02  2.110149E+01
     6.6500    3.055832E-02  5.123587E-02  2.135211E+01
     6.7000    1.951353E-02  5.065195E-02  2.159567E+01
     6.7500    7.907557E-03  4.987867E-02  2.183194E+01
     6.8000   -3.435928E-03  4.904094E-02  2.206127E+01
     6.8500   -1.396412E-02  4.825347E-02  2.228474E+01
     6.9000   -2.336670E-02  4.760626E-02  2.250419E+01
     6.9500   -3.147718E-02  4.715221E-02  2.272208E+01
     7.0000   -3.827135E-02  4.698898E-02  2.294297E+01
     7.0500   -4.341563E-02  4.701224E-02  2.316825E+01
     7.1000   -4.649389E-02  4.711602E-02  2.339926E+01
     7.1500   -4.707196E-02  4.720561E-02  2.363721E+01
     7.2000   -4.477797E-02  4.718240E-02  2.388257E+01
     7.2500   -3.945097E-02  4.695653E-02  2.413516E+01
     7.3000   -3.126754E-02  4.645592E-02  2.439441E+01
     7.3500   -2.080153E-02  4.563170E-02  2.465941E+01
     7.4000   -8.990738E-03  4.446036E-02  2.492912E+01
     7.4500    2.989039E-03  4.294370E-02  2.520240E+01
     7.5000    1.395505E-02  4.115097E-02  2.547872E+01
     7.5500    2.282022E-02  3.908845E-02  2.575615E+01
     7.6000    2.883295E-02  3.679726E-02  2.603312E+01
     7.6500    3.170598E-02  3.435324E-02  2.630839E+01
     7.7000    3.160181E-02  3.184128E-02  2.658082E+01
     7.7500    2.903850E-02  2.935035E-02  2.684944E+01
     7.8000    2.473123E-02  2.696786E-02  2.711368E+01
     7.8500    1.941674E-02  2.477363E-02  2.737363E+01
     7.9000    1.370901E-02  2.283331E-02  2.763034E+01
     7.9500    8.021987E-03  2.119229E-02  2.788612E+01
     8.0000    2.597895E-03  1.987482E-02  2.814325E+01
     8.0500   -2.490753E-03  1.887081E-02  2.840671E+01
     8.1000   -7.193521E-03  1.815211E-02  2.868181E+01
     8.1500   -1.136315E-02  1.768193E-02  2.897228E+01
     8.2000   -1.471602E-02  1.742286E-02  2.928022E+01
     8.2500   -1.685028E-02  1.734441E-02  2.960586E+01
     8.3000   -1.733364E-02  1.742503E-02  2.994759E+01
     8.3500   -1.583572E-02  1.764924E-02  3.030243E+01
     8.4000   -1.226340E-02  1.800182E-02  3.066648E+01
     8.4500   -6.854545E-03  1.846202E-02  3.103554E+01
     8.5000   -2.037646E-04  1.898692E-02  3.140519E+01
     8.5500    6.829379E-03  1.954124E-02  3.177295E+01
     8.6000    1.325585E-02  2.009051E-02  3.213649E+01
     8.6500    1.813829E-02  2.059027E-02  3.249372E+01
     8.7000    2.078180E-02  2.099800E-02  3.284310E+01
     8.7500    2.086717E-02  2.127762E-02  3.318346E+01
     8.8000    1.849832E-02  2.140346E-02  3.351383E+01
     8.8500    1.415424E-02  2.136330E-02  3.383330E+01
     8.9000    8.561524E-03  2.116050E-02  3.414098E+01
     8.9500    2.524387E-03  2.081509E-02  3.443594E+01
     9.0000   -3.246063E-03  2.036435E-02  3.471760E+01
     9.0500   -8.241926E-03  1.986199E-02  3.498542E+01
     9.1000   -1.220710E-02  1.936935E-02  3.523937E+01
     9.1500   -1.511313E-02  1.895045E-02  3.548067E+01
     9.2000   -1.706793E-02  1.866197E-02  3.571200E+01
     9.2500   -1.820479E-02  1.854166E-02  3.593740E+01
     9.3000   -1.858849E-02  1.859893E-02  3.616182E+01
     9.3500   -1.817065E-02  1.881142E-02  3.639007E+01
     9.4000   -1.680879E-02  1.912916E-02  3.662598E+01
     9.4500   -1.434154E-02  1.948417E-02  3.687188E+01
     9.5000   -1.070893E-02  1.982904E-02  3.712860E+01
     9.5500   -5.998506E-03  2.009144E-02  3.739593E+01
     9.6000   -5.272630E-04  2.018735E-02  3.767299E+01
     9.6500    5.147685E-03  2.006613E-02  3.795855E+01
     9.7000    1.032890E-02  1.969178E-02  3.825127E+01
     9.7500    1.431631E-02  1.904329E-02  3.854987E+01
     9.8000    1.656335E-02  1.811419E-02  3.885310E+01
     9.8500    1.680919E-02  1.691158E-02  3.915981E+01
     9.9000    1.514993E-02  1.545477E-02  3.946885E+01
     9.9500    1.202703E-02  1.377365E-02  3.977899E+01
    10.0000    8.161370E-03  1.194605E-02  4.008859E+01
    10.0500    4.314912E-03  1.000447E-02  4.039477E+01
    10.1000    1.170053E-03  7.960017E-03  4.069318E+01
    10.1500   -7.810906E-04  5.867127E-03  4.097423E+01
    10.2000   -1.365859E-03  3.790209E-03  4.120936E+01
    10.2500   -7.474432E-04  1.848406E-03  4.125700E+01
    10.3000    6.395243E-04  9.891105E-04  4.013763E+01
    10.3500    2.214114E-03  2.399450E-03  3.966552E+01
    10.4000    3.400370E-03  3.995050E-03  3.982254E+01
    10.4500    3.765366E-03  5.434143E-03  4.007519E+01
    10.5000    3.110652E-03  6.662383E-03  4.035493E+01
    10.5500    1.498168E-03  7.658683E-03  4.064382E+01
    10.6000   -7.898729E-04  8.416299E-03  4.093469E+01
    10.6500   -3.340362E-03  8.939452E-03  4.122366E+01
    10.7000   -5.719854E-03  9.242228E-03  4.150802E+01
    10.7500   -7.575429E-03  9.347837E-03  4.178553E+01
    10.8000   -8.700913E-03  9.287796E-03  4.205411E+01
    10.8500   -9.055657E-03  9.100819E-03  4.231184E+01
    10.9000   -8.737695E-03  8.831165E-03  4.255712E+01
    10.9500   -7.925586E-03  8.526118E-03  4.278906E+01
    11.0000   -6.824357E-03  8.250080E-03  4.300821E+01
    11.0500   -5.577351E-03  8.049045E-03  4.321676E+01
    11.1000   -4.236033E-03  7.932661E-03  4.341897E+01
    11.1500   -2.798590E-03  7.911133E-03  4.362072E+01
    11.2000   -1.226995E-03  7.975972E-03  4.382785E+01
    11.2500    5.065836E-04  8.103754E-03  4.404485E+01
    11.3000    2.377676E-03  8.262939E-03  4.427418E+01
    11.3500    4.286690E-03  8.420833E-03  4.451639E+01
    11.4000    6.063202E-03  8.548686E-03  4.477074E+01
    11.4500    7.496066E-03  8.624486E-03  4.503580E+01
    11.5000    8.379898E-03  8.633927E-03  4.530992E+01
    11.5500    8.563902E-03  8.570220E-03  4.559149E+01
    11.6000    7.988968E-03  8.433278E-03  4.587914E+01
    11.6500    6.703351E-03  8.228580E-03  4.617178E+01
    11.7000    4.854126E-03  7.965887E-03  4.646863E+01
    11.7500    2.658733E-03  7.657926E-03  4.676932E+01
    11.8000    3.659811E-04  7.319089E-03  4.707387E+01
    11.8500   -1.782615E-03  6.964255E-03  4.738274E+01
    11.9000   -3.582341E-03  6.607787E-03  4.769687E+01
    11.9500   -4.881445E-03  6.262818E-03  4.801765E+01
    12.0000   -5.594736E-03  5.950653E-03  4.834707E+01
    12.0500   -5.683736E-03  5.683908E-03  4.868692E+01
    12.1000   -5.139309E-03  5.458872E-03  4.903855E+01
    12.1500   -4.011865E-03  5.283549E-03  4.940323E+01
    12.2000   -2.404296E-03  5.165179E-03  4.978130E+01
    12.2500   -4.776097E-04  5.109862E-03  5.017188E+01
    12.3000    1.548863E-03  5.121563E-03  5.057271E+01
    12.3500    3.409878E-03  5.200747E-03  5.098053E+01
    12.4000    4.823571E-03  5.343192E-03  5.139160E+01
    12.4500    5.536367E-03  5.539527E-03  5.180250E+01
    12.5000    5.375828E-03  5.775701E-03  5.221057E+01
    12.5500    4.298683E-03  6.034177E-03  5.261418E+01
    12.6000    2.419592E-03  6.295424E-03  5.301258E+01
    12.6500    8.958803E-06  6.539367E-03  5.340571E+01
    12.7000   -2.545040E-03  6.746615E-03  5.379388E+01
    12.7500   -4.805704E-03  6.899425E-03  5.417763E+01
    12.8000   -6.374678E-03  6.982449E-03  5.455755E+01
    12.8500   -6.976616E-03  6.983280E-03  5.493418E+01
    12.9000   -6.520598E-03  6.892848E-03  5.530802E+01
    12.9500   -5.121908E-03  6.705678E-03  5.567946E+01
    13.0000   -3.080699E-03  6.432745E-03  5.604926E+01
    13.0500   -7.952276E-04  6.080848E-03  5.641752E+01
    13.1000    1.310934E-03  5.635071E-03  5.678346E+01
    13.1500    2.873635E-03  5.102933E-03  5.714684E+01
    13.2000    3.678273E-03  4.495106E-03  5.750709E+01
    13.2500    3.699953E-03  3.825067E-03  5.786299E+01
    13.3000    3.095415E-03  3.108728E-03  5.821204E+01
    13.3500    2.149979E-03  2.364182E-03  5.854843E+01
    13.4000    1.194640E-03  1.612206E-03  5.885571E+01
    13.4500    5.160592E-04  8.819805E-04  5.906524E+01
    13.5000    2.835920E-04  3.106967E-04  5.854027E+01
    13.5500    5.122140E-04  6.489582E-04  5.745831E+01
    13.6000    1.069869E-03  1.237661E-03  5.759268E+01
    13.6500    1.725289E-03  1.774986E-03  5.788227E+01
    13.7000    2.221283E-03  2.230408E-03  5.820995E+01
    13.7500    2.351906E-03  2.590580E-03  5.855209E+01
    13.8000    2.021571E-03  2.847429E-03  5.890081E+01
    13.8500    1.270036E-03  2.996613E-03  5.925260E+01
    13.9000    2.573821E-04  3.037161E-03  5.960541E+01
    13.9500   -7.852985E-04  2.971311E-03  5.995773E+01
    14.0000   -1.625252E-03  2.809030E-03  6.030725E+01
    14.0500   -2.098732E-03  2.561369E-03  6.065059E+01
    14.1000   -2.146028E-03  2.230734E-03  6.098460E+01
    14.1500   -1.828860E-03  1.830321E-03  6.130102E+01
    14.2000   -1.308475E-03  1.377787E-03  6.157960E+01
    14.2500   -7.947569E-04  9.029465E-04  6.175561E+01
    14.3000   -4.822723E-04  5.031534E-04  6.155016E+01
    14.3500   -4.919154E-04  5.536085E-04  6.078446E+01
    14.4000   -8.347424E-04  1.002379E-03  6.067434E+01
    14.4500   -1.407840E-03  1.520607E-03  6.087352E+01
    14.5000   -2.022793E-03  2.033432E-03  6.115872E+01
    14.5500   -2.458181E-03  2.516516E-03  6.147679E+01
    14.6000   -2.521144E-03  2.955927E-03  6.181032E+01
    14.6500   -2.101067E-03  3.342044E-03  6.215200E+01
    14.7000   -1.201194E-03  3.668195E-03  6.249824E+01
    14.7500    5.947232E-05  3.930245E-03  6.284699E+01
    14.8000    1.473385E-03  4.126402E-03  6.319697E+01
    14.8500    2.792535E-03  4.257060E-03  6.354733E+01
    14.9000    3.784264E-03  4.324608E-03  6.389740E+01
    14.9500    4.280595E-03  4.333204E-03  6.424666E+01
    15.0000    4.208504E-03  4.288266E-03  6.459582E+01
    15.0500    3.591192E-03  4.194385E-03  6.494560E+01
    15.1000    2.551619E-03  4.058749E-03  6.529360E+01
    15.1500    1.274801E-03  3.889763E-03  6.563954E+01
    15.2000   -3.599224E-05  3.696169E-03  6.598318E+01
    15.2500   -1.198656E-03  3.486668E-03  6.632439E+01
    15.3000   -2.080507E-03  3.269560E-03  6.666317E+01
    15.3500   -2.611019E-03  3.052389E-03  6.699977E+01
    15.4000   -2.779484E-03  2.841638E-03  6.733471E+01
    15.4500   -2.621989E-03  2.642475E-03  6.766884E+01
    15.5000   -2.203928E-03  2.458591E-03  6.800342E+01
    15.5500   -1.603924E-03  2.292161E-03  6.834000E+01
    15.6000   -9.027977E-04  2.143928E-03  6.868039E+01
    15.6500   -1.782429E-04  2.013429E-03  6.902640E+01
    15.7000    4.967390E-04  1.899300E-03  6.937965E+01
    15.7500    1.054881E-03  1.799606E-03  6.974137E+01
    15.8000    1.438023E-03  1.712119E-03  7.011215E+01
    15.8500    1.603875E-03  1.634494E-03  7.049197E+01
    15.9000    1.534909E-03  1.564341E-03  7.088012E+01
    15.9500    1.246138E-03  1.499209E-03  7.127537E+01
    16.0000    7.854837E-04  1.438026E-03  7.167878E+01
    16.0500    2.272347E-04  1.380810E-03  7.209131E+01
    16.1000   -3.255827E-04  1.322338E-03  7.250541E+01
    16.1500   -7.748240E-04  1.259773E-03  7.291908E+01
    16.2000   -1.046446E-03  1.190404E-03  7.333053E+01
    16.2500   -1.107442E-03  1.111876E-03  7.373809E+01
    16.3000   -9.728430E-04  1.022400E-03  7.414005E+01
    16.3500   -7.002604E-04  9.209380E-04  7.453433E+01
    16.4000   -3.731110E-04  8.073505E-04  7.491781E+01
    16.4500   -7.711526E-05  6.825510E-04  7.528500E+01
    16.5000    1.231758E-04  5.488084E-04  7.562459E+01
    16.5500    2.009776E-04  4.106936E-04  7.590958E+01
    16.6000    1.721698E-04  2.789777E-04  7.606333E+01
    16.6500    8.721645E-05  1.883907E-04  7.587955E+01
    16.7000    1.277052E-05  2.116399E-04  7.545860E+01
    16.7500    8.739810E-06  3.234657E-04  7.542525E+01
    16.8000    1.079020E-04  4.578673E-04  7.563612E+01
    16.8500    3.042836E-04  5.921820E-04  7.593787E+01
    16.9000    5.537626E-04  7.181357E-04  7.627881E+01
    16.9500    7.865979E-04  8.313102E-04  7.663955E+01
    17.0000    9.286248E-04  9.295890E-04  7.701457E+01
    17.0500    9.179927E-04  1.011672E-03  7.740276E+01
    17.1000    7.284290E-04  1.074449E-03  7.779484E+01
    17.1500    3.834637E-04  1.117302E-03  7.818949E+01
    17.2000   -5.235198E-05  1.140279E-03  7.858574E+01
    17.2500   -4.903686E-04  1.144057E-03  7.898278E+01
    17.3000   -8.413525E-04  1.129888E-03  7.937980E+01
    17.3500   -1.038516E-03  1.099535E-03  7.977590E+01
    17.4000   -1.053346E-03  1.055205E-03  8.016998E+01
    17.4500   -8.999581E-04  9.994788E-04  8.056066E+01
    17.5000   -6.273607E-04  9.352527E-04  8.094613E+01
    17.5500   -3.028048E-04  8.657039E-04  8.132407E+01
    17.6000    8.058716E-06  7.942810E-04  8.169156E+01
    17.6500    2.578167E-04  7.247264E-04  8.204512E+01
    17.7000    4.258049E-04  6.610994E-04  8.238124E+01
    17.7500    5.165942E-04  6.077176E-04  8.269750E+01
    17.8000    5.500944E-04  5.688451E-04  8.299473E+01
    17.8500    5.477672E-04  5.479673E-04  8.327923E+01
    17.9000    5.206351E-04  5.467940E-04  8.356278E+01
    17.9500    4.639084E-04  5.646501E-04  8.385881E+01
    18.0000    3.610273E-04  6.012214E-04  8.417889E+01
    18.0500    1.898362E-04  6.566010E-04  8.452969E+01
    18.1000   -5.937556E-05  7.217515E-04  8.490536E+01
    18.1500   -3.656519E-04  7.937791E-04  8.530173E+01
    18.2000   -6.770553E-04  8.703224E-04  8.571438E+01
    18.2500   -9.188426E-04  9.493909E-04  8.613943E+01
    18.3000   -1.012571E-03  1.029193E-03  8.657377E+01
    18.3500   -9.010339E-04  1.108009E-03  8.701496E+01
    18.4000   -5.711819E-04  1.184108E-03  8.746123E+01
    18.4500   -6.691048E-05  1.255717E-03  8.791128E+01
    18.5000    5.139971E-04  1.321017E-03  8.836424E+01
    18.5500    1.039893E-03  1.378170E-03  8.881956E+01
    18.6000    1.378038E-03  1.425364E-03  8.927698E+01
    18.6500    1.431432E-03  1.460878E-03  8.973651E+01
    18.7000    1.168950E-03  1.483159E-03  9.019839E+01
    18.7500    6.391795E-04  1.490906E-03  9.066311E+01
    18.8000   -3.746487E-05  1.483173E-03  9.113145E+01
    18.8500   -6.975609E-04  1.459481E-03  9.160451E+01
    18.9000   -1.177379E-03  1.419944E-03  9.208381E+01
    18.9500   -1.357829E-03  1.365428E-03  9.257143E+01
    19.0000   -1.199174E-03  1.298212E-03  9.307012E+01
    19.0500   -7.531100E-04  1.221703E-03  9.358356E+01
    19.1000   -1.490196E-04  1.138968E-03  9.411657E+01
    19.1500    4.373807E-04  1.056491E-03  9.467462E+01
    19.2000    8.350608E-04  9.830436E-04  9.526275E+01
    19.2500    9.274829E-04  9.293820E-04  9.588251E+01
    19.3000    6.880599E-04  9.064403E-04  9.652747E+01
    19.3500    1.903878E-04  9.216953E-04  9.718131E+01
    19.4000   -4.106142E-04  9.757745E-04  9.782371E+01
    19.4500   -9.221347E-04  1.062507E-03  9.844030E+01
    19.5000   -1.169609E-03  1.172211E-03  9.902680E+01
    19.5500   -1.049609E-03  1.295046E-03  9.958599E+01
    19.6000   -5.639465E-04  1.422697E-03  1.001234E+02
    19.6500    1.755501E-04  1.548761E-03  1.006446E+02
    19.7000    9.740094E-04  1.668621E-03  1.011543E+02
    19.7500    1.605541E-03  1.779203E-03  1.016563E+02
    19.8000    1.876266E-03  1.878768E-03  1.021534E+02
    19.8500    1.680781E-03  1.966728E-03  1.026478E+02
    19.9000    1.035900E-03  2.043468E-03  1.031409E+02
    19.9500    8.156405E-05  2.110144E-03  1.036339E+02