# # tequil.ion_motion                                            FEFF 9.05   
# # POT  SCF  30  5.5000   1, core-hole, AFOLP (folp(0)= 1.150)
# # Abs   Z=30 Rmt= 1.323 Rnm= 1.419 K  shell
# # Pot 1 Z=26 Rmt= 1.283 Rnm= 1.390
# # Pot 2 Z= 8 Rmt= 0.957 Rnm= 1.087
# # Gam_ch=1.897E+00 H-L exch
# # Mu=-1.149E+01 kf=2.188E+00 Vint=-1.812E+01 Rs_int= 1.658
# # PATH  Rmax= 8.500,  Keep_limit= 0.00, Heap_limit 0.00  Pwcrit= 2.50%
#  S02=1.000                                        Global_sig2= 0.00000
#  Energy zero shift, vr, vi   -2.00000E+00   0.00000E+00
#  Curved wave amplitude ratio filter   4.000%
#     file         sig2 tot  cw amp ratio   deg  nlegs   reff  inp sig2
#           1       0.00000    100.00      1.00     2   1.9204
#           2       0.00000     89.79      1.00     2   2.0005
#           3       0.00000     80.51      1.00     2   2.0851
#           4       0.00000     68.45      1.00     2   2.2175
#           5       0.00000     63.34      1.00     2   2.2836
#           6       0.00000     58.05      1.00     2   2.3600
#           7       0.00000     29.89      1.00     2   2.9842
#           8       0.00000     29.62      1.00     2   2.9959
#           9       0.00000     29.11      1.00     2   3.0189
#          10       0.00000     28.81      1.00     2   3.0326
#          11       0.00000     25.28      1.00     2   3.2085
#          12       0.00000     22.18      1.00     2   3.3697
#          13       0.00000     22.28      1.00     2   3.3825
#          14       0.00000     22.21      1.00     2   3.3870
#          15       0.00000     21.71      1.00     2   3.3956
#          16       0.00000     21.13      1.00     2   3.4288
#          17       0.00000     20.98      1.00     2   3.4378
#          18       0.00000     20.34      1.00     2   3.4766
#          19       0.00000     19.57      2.00     3   3.4775
#          20       0.00000     10.87      2.00     3   3.5058
#          21       0.00000     10.70      2.00     3   3.5078
#          22       0.00000     10.21      2.00     3   3.5157
#          23       0.00000     10.07      2.00     3   3.5324
#          24       0.00000     10.05      2.00     3   3.5617
#          25       0.00000     18.82      1.00     2   3.5743
#          26       0.00000      8.34      2.00     3   3.5770
#          27       0.00000     11.11      2.00     3   3.5786
#          28       0.00000      9.83      2.00     3   3.5808
#          29       0.00000      9.07      2.00     3   3.5906
#          30       0.00000     19.16      1.00     2   3.5959
#          31       0.00000      9.05      2.00     3   3.6015
#          32       0.00000      8.69      2.00     3   3.6099
#          33       0.00000      8.68      2.00     3   3.6133
#          34       0.00000      8.70      2.00     3   3.6185
#          35       0.00000     18.78      1.00     2   3.6247
#          36       0.00000      7.75      2.00     3   3.6518
#          37       0.00000      7.54      2.00     3   3.6713
#          38       0.00000     15.05      2.00     3   3.6785
#          39       0.00000      8.53      2.00     3   3.6812
#          40       0.00000      6.27      2.00     3   3.6870
#          41       0.00000     17.63      1.00     2   3.7170
#          42       0.00000     13.44      2.00     3   3.7259
#          43       0.00000      5.53      1.00     4   3.7466
#          44       0.00000      7.13      2.00     3   3.7559
#          45       0.00000     16.90      1.00     2   3.7794
#          46       0.00000     15.73      1.00     2   3.8093
#          47       0.00000     14.77      2.00     3   3.8324
#          48       0.00000     11.68      1.00     4   3.8408
#          49       0.00000     16.16      1.00     2   3.8453
#          50       0.00000     14.82      1.00     2   3.8903
#          51       0.00000     11.55      2.00     3   3.9071
#          53       0.00000     15.22      1.00     2   3.9350
#          54       0.00000      4.12      1.00     4   3.9745
#          55       0.00000     13.35      2.00     3   3.9793
#          56       0.00000      9.26      2.00     3   3.9899
#          57       0.00000      9.31      1.00     4   4.0010
#          59       0.00000     13.51      2.00     3   4.0227
#          60       0.00000     13.40      1.00     2   4.0287
#          61       0.00000     18.64      2.00     3   4.0402
#          62       0.00000      5.10      1.00     4   4.0401
#          63       0.00000      4.77      1.00     4   4.0473
#          65       0.00000     21.30      2.00     3   4.0692
#          66       0.00000      4.67      1.00     4   4.0689
#          67       0.00000      8.23      2.00     3   4.0895
#          68       0.00000      8.11      2.00     3   4.1082
#          69       0.00000     19.53      2.00     4   4.1379
#          70       0.00000      7.83      2.00     3   4.1398
#          71       0.00000      8.98      1.00     4   4.1454
#          72       0.00000      7.40      2.00     3   4.1617
#          73       0.00000      7.43      1.00     4   4.1702
#          74       0.00000      4.61      1.00     4   4.1793
#          75       0.00000      4.56      1.00     4   4.1853
#          77       0.00000      5.05      1.00     4   4.2001
#          78       0.00000      6.84      2.00     3   4.2040
#          79       0.00000      4.13      1.00     4   4.2044
#          81       0.00000     17.36      2.00     3   4.2936
#          82       0.00000     11.12      1.00     2   4.2972
#          83       0.00000      7.80      2.00     3   4.3096
#          84       0.00000     17.64      2.00     3   4.3121
#          85       0.00000     10.98      1.00     2   4.3159
#          86       0.00000      6.53      2.00     3   4.3186
#          87       0.00000      8.37      2.00     3   4.3364
#          88       0.00000     10.70      1.00     2   4.3545
#          89       0.00000     15.35      2.00     4   4.3605
#          90       0.00000      5.90      2.00     3   4.3621
#          91       0.00000     15.98      2.00     4   4.3687
#          92       0.00000     10.53      1.00     2   4.3784
#          93       0.00000     10.38      1.00     2   4.3991
#          94       0.00000     20.65      2.00     2   4.4072
#          95       0.00000     10.26      1.00     2   4.4173
#          96       0.00000     19.28      2.00     3   4.4285
#          97       0.00000      5.33      1.00     4   4.4350
#          98       0.00000     16.91      2.00     3   4.4895
#          99       0.00000      9.70      1.00     2   4.5017
#         100       0.00000     19.04      2.00     3   4.5061
#         101       0.00000      6.93      2.00     3   4.5086
#         102       0.00000     18.35      2.00     3   4.5220
#         103       0.00000     11.17      1.00     4   4.5410
#         104       0.00000      5.04      2.00     3   4.5483
#         105       0.00000     14.84      2.00     3   4.5562
#         106       0.00000      4.55      1.00     4   4.5672
#         107       0.00000      9.23      1.00     2   4.5770
#         108       0.00000      4.69      2.00     3   4.5841
#         109       0.00000      4.40      2.00     3   4.5967
#         110       0.00000     11.15      1.00     4   4.6051
#         111       0.00000      4.78      2.00     3   4.6083
#         112       0.00000      8.99      1.00     2   4.6180
#         113       0.00000      5.42      2.00     3   4.6190
#         114       0.00000      4.71      2.00     3   4.6237
#         115       0.00000      9.36      1.00     4   4.6244
#         116       0.00000     10.57      1.00     4   4.6267
#         117       0.00000     14.33      2.00     3   4.6483
#         118       0.00000      8.80      1.00     2   4.6523
#         120       0.00000      6.95      2.00     3   4.6961
#         121       0.00000     15.08      2.00     3   4.6998
#         122       0.00000      8.49      1.00     2   4.7069
#         123       0.00000      7.79      1.00     4   4.7133
#         125       0.00000      4.44      2.00     3   4.7299
#         126       0.00000      8.31      1.00     2   4.7412
#         127       0.00000      7.79      2.00     3   4.7413
#         128       0.00000      8.23      1.00     2   4.7564
#         129       0.00000      5.90      2.00     3   4.7582
#         130       0.00000      6.70      2.00     3   4.7707
#         132       0.00000      6.39      2.00     3   4.7878
#         133       0.00000      5.75      2.00     3   4.7924
#         134       0.00000      7.57      1.00     4   4.7948
#         135       0.00000      8.00      1.00     2   4.8016
#         136       0.00000      7.98      1.00     2   4.8060
#         137       0.00000     11.17      2.00     3   4.8061
#         139       0.00000      8.38      1.00     4   4.8226
#         140       0.00000      5.96      2.00     3   4.8353
#         142       0.00000      7.65      2.00     3   4.8762
#         143       0.00000      4.75      2.00     3   4.8981
#         144       0.00000      4.82      2.00     3   4.9007
#         145       0.00000      8.74      2.00     3   4.9012
#         146       0.00000     11.59      2.00     3   4.9103
#         147       0.00000      7.43      2.00     3   4.9123
#         148       0.00000      8.23      1.00     2   4.9290
#         149       0.00000      7.39      1.00     2   4.9290
#         150       0.00000      5.87      2.00     4   4.9530
#         151       0.00000      6.14      2.00     3   4.9728
#         152       0.00000      7.63      2.00     3   4.9851
#         153       0.00000      5.67      2.00     4   4.9846
#         155       0.00000      5.43      1.00     4   4.9941
#         156       0.00000      7.92      1.00     2   4.9965
#         157       0.00000      7.91      1.00     2   4.9980
#         158       0.00000      7.10      2.00     3   5.0351
#         160       0.00000      8.98      2.00     3   5.0560
#         161       0.00000      7.66      2.00     3   5.0596
#         162       0.00000      5.97      1.00     4   5.0642
#         163       0.00000      7.61      2.00     3   5.0656
#         166       0.00000      6.75      1.00     2   5.0800
#         167       0.00000      4.05      2.00     4   5.0810
#         168       0.00000     16.70      2.00     3   5.0875
#         169       0.00000     10.74      2.00     3   5.0899
#         170       0.00000     10.56      1.00     4   5.0951
#         174       0.00000      8.28      2.00     3   5.1402
#         176       0.00000      6.38      2.00     3   5.1580
#         178       0.00000      7.13      1.00     2   5.1825
#         179       0.00000      5.39      1.00     4   5.1833
#         180       0.00000      4.34      1.00     4   5.1830
#         181       0.00000      7.08      1.00     2   5.1967
#         183       0.00000      6.14      1.00     2   5.2374
#         184       0.00000     14.85      2.00     3   5.2433
#         185       0.00000      9.15      1.00     4   5.2491
#         187       0.00000      6.07      1.00     2   5.2594
#         191       0.00000      6.01      1.00     2   5.2748
#         192       0.00000     14.74      2.00     3   5.2788
#         193       0.00000      9.18      1.00     4   5.2828
#         194       0.00000      5.97      1.00     2   5.2854
#         195       0.00000      8.70      2.00     3   5.2881
#         196       0.00000      6.71      1.00     2   5.2923
#         198       0.00000      6.69      1.00     2   5.2993
#         199       0.00000      5.91      1.00     2   5.3025
#         202       0.00000      4.74      2.00     3   5.3115
#         203       0.00000      7.24      2.00     3   5.3113
#         206       0.00000      7.68      2.00     3   5.3238
#         207       0.00000      7.59      2.00     3   5.3246
#         209       0.00000      5.83      1.00     2   5.3270
#         210       0.00000      6.58      1.00     2   5.3294
#         212       0.00000      6.34      2.00     3   5.3336
#         214       0.00000      6.53      1.00     2   5.3442
#         218       0.00000      4.14      1.00     4   5.3937
#         220       0.00000      5.98      2.00     4   5.3960
#         221       0.00000      6.14      2.00     4   5.3970
#         223       0.00000      6.36      2.00     3   5.4258
#         228       0.00000      5.61      2.00     3   5.4424
#         229       0.00000      4.31      2.00     4   5.4548
#         230       0.00000      5.41      1.00     2   5.4583
#         231       0.00000      5.40      1.00     2   5.4602
#         232       0.00000      6.04      2.00     3   5.4605
#         233       0.00000      6.46      2.00     3   5.4640
#         234       0.00000      5.27      1.00     2   5.5036
#         237       0.00000      5.34      2.00     3   5.5265
#         238       0.00000      4.67      2.00     3   5.5465
#         242       0.00000      4.36      2.00     3   5.5852
#         245       0.00000      5.01      1.00     2   5.5938
#         247       0.00000      7.00      2.00     3   5.6115
#         251       0.00000      4.47      2.00     3   5.6396
#         252       0.00000      4.56      2.00     3   5.6414
#         253       0.00000      4.12      2.00     3   5.6421
#         254       0.00000      5.55      1.00     2   5.6476
#         255       0.00000      4.73      2.00     3   5.6524
#         256       0.00000      4.76      2.00     3   5.6525
#         257       0.00000      4.17      2.00     3   5.6529
#         259       0.00000      5.50      1.00     2   5.6631
#         265       0.00000      5.43      1.00     2   5.6886
#         267       0.00000      5.39      1.00     2   5.7020
#         272       0.00000      4.56      2.00     3   5.7219
#         277       0.00000      4.11      2.00     3   5.7565
#         282       0.00000      4.74      2.00     3   5.7742
#         283       0.00000      5.49      2.00     3   5.7864
#         287       0.00000      4.48      1.00     2   5.7940
#         288       0.00000      5.40      2.00     3   5.8020
#         289       0.00000      5.12      1.00     2   5.8032
#         292       0.00000      4.84      2.00     3   5.8413
#         295       0.00000      4.03      2.00     3   5.8491
#         299       0.00000      4.80      2.00     3   5.8595
#         302       0.00000      4.32      1.00     2   5.8624
#         305       0.00000      7.75      2.00     3   5.8645
#         309       0.00000      4.28      1.00     2   5.8780
#         310       0.00000      4.89      1.00     2   5.8918
#         315       0.00000      4.88      1.00     2   5.8969
#         316       0.00000      4.22      1.00     2   5.9037
#         320       0.00000      4.09      2.00     3   5.9258
#         323       0.00000      4.16      1.00     2   5.9330
#         324       0.00000      8.05      2.00     3   5.9350
#   227/ 295 paths used
#  -----------------------------------------------------------------------
#       k          chi          mag           phase @#
    -0.7000   -4.054170E-01  4.054897E-01 -1.589737E+00
    -0.6500   -3.978474E-01  3.980950E-01 -1.606065E+00
    -0.6000   -3.981278E-01  3.984630E-01 -1.611816E+00
    -0.5500   -4.029251E-01  4.031979E-01 -1.607581E+00
    -0.5000   -4.100302E-01  4.101677E-01 -1.596691E+00
    -0.4500   -4.182150E-01  4.182364E-01 -1.580910E+00
    -0.4000   -4.261495E-01  4.261627E-01 -1.562924E+00
    -0.3500   -4.341728E-01  4.343442E-01 -1.542700E+00
    -0.3000   -4.410612E-01  4.415600E-01 -1.523264E+00
    -0.2500   -4.467222E-01  4.476726E-01 -1.505626E+00
    -0.2000   -4.511824E-01  4.526414E-01 -1.490484E+00
    -0.1500   -4.549775E-01  4.569573E-01 -1.477677E+00
    -0.1000   -4.577416E-01  4.601661E-01 -1.468097E+00
    -0.0500   -4.593647E-01  4.620840E-01 -1.462253E+00
     0.0000   -4.598995E-01  4.627219E-01 -1.460290E+00
     0.0500   -4.604311E-01  4.633590E-01 -1.458318E+00
     0.1000   -4.620062E-01  4.652655E-01 -1.452361E+00
     0.1500   -4.645628E-01  4.684253E-01 -1.442289E+00
     0.2000   -4.679883E-01  4.728066E-01 -1.427910E+00
     0.2500   -4.721076E-01  4.783562E-01 -1.408987E+00
     0.3000   -4.766710E-01  4.849937E-01 -1.385272E+00
     0.3500   -4.816151E-01  4.929325E-01 -1.356099E+00
     0.4000   -4.872515E-01  5.030180E-01 -1.319763E+00
     0.4500   -4.920122E-01  5.139681E-01 -1.277450E+00
     0.5000   -4.951682E-01  5.255558E-01 -1.229078E+00
     0.5500   -4.963413E-01  5.382675E-01 -1.173496E+00
     0.6000   -4.948492E-01  5.527356E-01 -1.109043E+00
     0.6500   -4.885704E-01  5.671323E-01 -1.038168E+00
     0.7000   -4.765835E-01  5.816886E-01 -9.602070E-01
     0.7500   -4.577212E-01  5.975492E-01 -8.725917E-01
     0.8000   -4.302770E-01  6.123870E-01 -7.790767E-01
     0.8500   -3.934121E-01  6.271489E-01 -6.780847E-01
     0.9000   -3.459343E-01  6.418044E-01 -5.692526E-01
     0.9500   -2.879483E-01  6.545283E-01 -4.555235E-01
     1.0000   -2.181732E-01  6.671513E-01 -3.331506E-01
     1.0500   -1.385706E-01  6.776106E-01 -2.059517E-01
     1.1000   -5.018496E-02  6.863275E-01 -7.318633E-02
     1.1500    4.548182E-02  6.934543E-01  6.563445E-02
     1.2000    1.438697E-01  6.977052E-01  2.076941E-01
     1.2500    2.445308E-01  7.006886E-01  3.564893E-01
     1.3000    3.406257E-01  7.005443E-01  5.077704E-01
     1.3500    4.304813E-01  6.984442E-01  6.640905E-01
     1.4000    5.087629E-01  6.936121E-01  8.234539E-01
     1.4500    5.724411E-01  6.863588E-01  9.863652E-01
     1.5000    6.185226E-01  6.767584E-01  1.152910E+00
     1.5500    6.439827E-01  6.644749E-01  1.321801E+00
     1.6000    6.482424E-01  6.501172E-01  1.494833E+00
     1.6500    6.299244E-01  6.329858E-01  1.669188E+00
     1.7000    5.904759E-01  6.139628E-01  1.848289E+00
     1.7500    5.314136E-01  5.922925E-01  2.028171E+00
     1.8000    4.556853E-01  5.686308E-01  2.212006E+00
     1.8500    3.679223E-01  5.426604E-01  2.396558E+00
     1.9000    2.714891E-01  5.147403E-01  2.586021E+00
     1.9500    1.730193E-01  4.848025E-01  2.776660E+00
     2.0000    7.928966E-02  4.531640E-01  2.965718E+00
     2.0500   -4.516494E-03  4.203072E-01  3.152339E+00
     2.1000   -7.460696E-02  3.856468E-01  3.336280E+00
     2.1500   -1.277003E-01  3.496626E-01  3.515451E+00
     2.2000   -1.631264E-01  3.144794E-01  3.686944E+00
     2.2500   -1.825220E-01  2.808519E-01  3.849028E+00
     2.3000   -1.883697E-01  2.488848E-01  4.000081E+00
     2.3500   -1.828779E-01  2.180454E-01  4.136512E+00
     2.4000   -1.716810E-01  1.912907E-01  4.255631E+00
     2.4500   -1.589375E-01  1.693215E-01  4.360354E+00
     2.5000   -1.470593E-01  1.519305E-01  4.458480E+00
     2.5500   -1.367153E-01  1.385673E-01  4.548712E+00
     2.6000   -1.266051E-01  1.269852E-01  4.635002E+00
     2.6500   -1.171282E-01  1.171299E-01  4.717804E+00
     2.7000   -1.086217E-01  1.090195E-01  4.797834E+00
     2.7500   -1.018226E-01  1.034179E-01  4.888266E+00
     2.8000   -9.513098E-02  9.862931E-02  4.979526E+00
     2.8500   -8.849313E-02  9.445471E-02  5.069575E+00
     2.9000   -8.205447E-02  9.092281E-02  5.157732E+00
     2.9500   -7.532005E-02  8.768640E-02  5.249929E+00
     3.0000   -6.869154E-02  8.489326E-02  5.340478E+00
     3.0500   -6.253921E-02  8.283971E-02  5.427619E+00
     3.1000   -5.688636E-02  8.173608E-02  5.513407E+00
     3.1500   -5.107069E-02  8.128661E-02  5.603846E+00
     3.2000   -4.501310E-02  8.174739E-02  5.700059E+00
     3.2500   -3.835692E-02  8.326438E-02  5.804442E+00
     3.3000   -3.041899E-02  8.561569E-02  5.919954E+00
     3.3500   -2.052836E-02  8.835683E-02  6.048708E+00
     3.4000   -8.330046E-03  9.131664E-02  6.191837E+00
     3.4500    6.221818E-03  9.432338E-02  6.349196E+00
     3.5000    2.276345E-02  9.708415E-02  6.519860E+00
     3.5500    4.048127E-02  9.937247E-02  6.702757E+00
     3.6000    5.813028E-02  1.010257E-01  6.896280E+00
     3.6500    7.414127E-02  1.018614E-01  7.098388E+00
     3.7000    8.694318E-02  1.017655E-01  7.307481E+00
     3.7500    9.516008E-02  1.006393E-01  7.522485E+00
     3.8000    9.784618E-02  9.846484E-02  7.741824E+00
     3.8500    9.477010E-02  9.533872E-02  7.963254E+00
     3.9000    8.636056E-02  9.133384E-02  8.185503E+00
     3.9500    7.362602E-02  8.656780E-02  8.407840E+00
     4.0000    5.798827E-02  8.117566E-02  8.629075E+00
     4.0500    4.121111E-02  7.534014E-02  8.846001E+00
     4.1000    2.493304E-02  6.926898E-02  9.056569E+00
     4.1500    1.045757E-02  6.315256E-02  9.258420E+00
     4.2000   -1.352182E-03  5.716279E-02  9.448435E+00
     4.2500   -1.025567E-02  5.165315E-02  9.624655E+00
     4.3000   -1.657898E-02  4.686162E-02  9.786394E+00
     4.3500   -2.096792E-02  4.295479E-02  9.934735E+00
     4.4000   -2.410807E-02  3.999407E-02  1.007177E+01
     4.4500   -2.690593E-02  3.808473E-02  1.020928E+01
     4.5000   -2.978901E-02  3.707360E-02  1.035795E+01
     4.5500   -3.273855E-02  3.671182E-02  1.052602E+01
     4.6000   -3.532330E-02  3.674932E-02  1.071608E+01
     4.6500   -3.683482E-02  3.690833E-02  1.093245E+01
     4.7000   -3.640845E-02  3.699774E-02  1.117429E+01
     4.7500   -3.333079E-02  3.690859E-02  1.143952E+01
     4.8000   -2.732073E-02  3.661043E-02  1.172395E+01
     4.8500   -1.850654E-02  3.608181E-02  1.202781E+01
     4.9000   -7.621511E-03  3.538854E-02  1.234930E+01
     4.9500    4.154681E-03  3.461577E-02  1.268668E+01
     5.0000    1.531094E-02  3.380664E-02  1.303638E+01
     5.0500    2.440865E-02  3.307115E-02  1.339657E+01
     5.1000    3.023450E-02  3.247850E-02  1.376326E+01
     5.1500    3.206385E-02  3.206431E-02  1.413182E+01
     5.2000    2.974541E-02  3.179030E-02  1.449779E+01
     5.2500    2.380373E-02  3.165498E-02  1.485691E+01
     5.3000    1.522483E-02  3.160630E-02  1.520537E+01
     5.3500    5.271987E-03  3.158466E-02  1.554026E+01
     5.4000   -4.801577E-03  3.148906E-02  1.586104E+01
     5.4500   -1.382961E-02  3.134073E-02  1.616497E+01
     5.5000   -2.106956E-02  3.114121E-02  1.645107E+01
     5.5500   -2.620348E-02  3.092283E-02  1.671900E+01
     5.6000   -2.927445E-02  3.072499E-02  1.697026E+01
     5.6500   -3.057424E-02  3.065761E-02  1.720499E+01
     5.7000   -3.048403E-02  3.081695E-02  1.742588E+01
     5.7500   -2.929762E-02  3.128527E-02  1.763714E+01
     5.8000   -2.709278E-02  3.209397E-02  1.784454E+01
     5.8500   -2.379537E-02  3.327056E-02  1.805263E+01
     5.9000   -1.916407E-02  3.477229E-02  1.826584E+01
     5.9500   -1.294532E-02  3.651317E-02  1.848714E+01
     6.0000   -5.002409E-03  3.838086E-02  1.871885E+01
     6.0500    4.452735E-03  4.026266E-02  1.896037E+01
     6.1000    1.486019E-02  4.204049E-02  1.921084E+01
     6.1500    2.532020E-02  4.360910E-02  1.946904E+01
     6.2000    3.470897E-02  4.488205E-02  1.973364E+01
     6.2500    4.186920E-02  4.579435E-02  2.000330E+01
     6.3000    4.582681E-02  4.630341E-02  2.027675E+01
     6.3500    4.598215E-02  4.638869E-02  2.055284E+01
     6.4000    4.223109E-02  4.605067E-02  2.083051E+01
     6.4500    3.498905E-02  4.530901E-02  2.110880E+01
     6.5000    2.508107E-02  4.422556E-02  2.138815E+01
     6.5500    1.366150E-02  4.281584E-02  2.166639E+01
     6.6000    2.003993E-03  4.113315E-02  2.194241E+01
     6.6500   -8.731148E-03  3.924606E-02  2.221550E+01
     6.7000   -1.764948E-02  3.722706E-02  2.248509E+01
     6.7500   -2.420593E-02  3.514838E-02  2.275081E+01
     6.8000   -2.820959E-02  3.307800E-02  2.301251E+01
     6.8500   -2.976397E-02  3.107575E-02  2.327035E+01
     6.9000   -2.917001E-02  2.919008E-02  2.352486E+01
     6.9500   -2.682357E-02  2.745565E-02  2.377694E+01
     7.0000   -2.313157E-02  2.589692E-02  2.402829E+01
     7.0500   -1.845881E-02  2.450655E-02  2.427980E+01
     7.1000   -1.314241E-02  2.327726E-02  2.453279E+01
     7.1500   -7.487788E-03  2.219645E-02  2.478865E+01
     7.2000   -1.789008E-03  2.124749E-02  2.504844E+01
     7.2500    3.655566E-03  2.041398E-02  2.531278E+01
     7.3000    8.544695E-03  1.968307E-02  2.558180E+01
     7.3500    1.259395E-02  1.904758E-02  2.585514E+01
     7.4000    1.556632E-02  1.850669E-02  2.613209E+01
     7.4500    1.730170E-02  1.806563E-02  2.641169E+01
     7.5000    1.772957E-02  1.773031E-02  2.669438E+01
     7.5500    1.685517E-02  1.751538E-02  2.697897E+01
     7.6000    1.476781E-02  1.743845E-02  2.726429E+01
     7.6500    1.160626E-02  1.751475E-02  2.754997E+01
     7.7000    7.536042E-03  1.775634E-02  2.783602E+01
     7.7500    2.743547E-03  1.816992E-02  2.812276E+01
     7.8000   -2.550688E-03  1.875503E-02  2.841076E+01
     7.8500   -8.064638E-03  1.950272E-02  2.870064E+01
     7.9000   -1.342732E-02  2.039493E-02  2.899298E+01
     7.9500   -1.816930E-02  2.140460E-02  2.928814E+01
     8.0000   -2.177472E-02  2.251316E-02  2.958830E+01
     8.0500   -2.364845E-02  2.367497E-02  2.989247E+01
     8.1000   -2.329566E-02  2.483645E-02  3.019922E+01
     8.1500   -2.045383E-02  2.594897E-02  3.050799E+01
     8.2000   -1.517483E-02  2.696301E-02  3.081815E+01
     8.2500   -7.876339E-03  2.783035E-02  3.112899E+01
     8.3000    6.786492E-04  2.850635E-02  3.143974E+01
     8.3500    9.480619E-03  2.895219E-02  3.174954E+01
     8.4000    1.743634E-02  2.913711E-02  3.205746E+01
     8.4500    2.356274E-02  2.904058E-02  3.236242E+01
     8.5000    2.717373E-02  2.865621E-02  3.266366E+01
     8.5500    2.798552E-02  2.799594E-02  3.295944E+01
     8.6000    2.616520E-02  2.708210E-02  3.324768E+01
     8.6500    2.226768E-02  2.595446E-02  3.352625E+01
     8.7000    1.708383E-02  2.467260E-02  3.379268E+01
     8.7500    1.144857E-02  2.331736E-02  3.404429E+01
     8.8000    6.053953E-03  2.199072E-02  3.427862E+01
     8.8500    1.315644E-03  2.081177E-02  3.449426E+01
     8.9000   -2.672833E-03  1.990490E-02  3.469221E+01
     8.9500   -6.088633E-03  1.937763E-02  3.487714E+01
     9.0000   -9.269389E-03  1.930589E-02  3.505833E+01
     9.0500   -1.249912E-02  1.967720E-02  3.524580E+01
     9.1000   -1.585667E-02  2.040766E-02  3.544740E+01
     9.1500   -1.915338E-02  2.138081E-02  3.566779E+01
     9.2000   -2.192286E-02  2.246586E-02  3.590801E+01
     9.2500   -2.352188E-02  2.353920E-02  3.616667E+01
     9.3000   -2.330488E-02  2.449546E-02  3.644138E+01
     9.3500   -2.082411E-02  2.525109E-02  3.672947E+01
     9.4000   -1.599858E-02  2.574409E-02  3.702852E+01
     9.4500   -9.200647E-03  2.593243E-02  3.733642E+01
     9.5000   -1.226240E-03  2.581494E-02  3.765159E+01
     9.5500    6.848509E-03  2.537955E-02  3.797234E+01
     9.6000    1.385680E-02  2.461314E-02  3.829710E+01
     9.6500    1.880116E-02  2.353302E-02  3.862462E+01
     9.7000    2.106752E-02  2.216699E-02  3.895363E+01
     9.7500    2.055000E-02  2.055170E-02  3.928276E+01
     9.8000    1.765636E-02  1.873111E-02  3.961031E+01
     9.8500    1.319381E-02  1.675516E-02  3.993405E+01
     9.9000    8.165868E-03  1.467891E-02  4.025078E+01
     9.9500    3.533684E-03  1.256265E-02  4.055557E+01
    10.0000   -7.930609E-07  1.050601E-02  4.084078E+01
    10.0500   -2.139416E-03  8.578913E-03  4.109275E+01
    10.1000   -2.974261E-03  6.861237E-03  4.128906E+01
    10.1500   -2.928471E-03  5.519089E-03  4.140002E+01
    10.2000   -2.596578E-03  4.774362E-03  4.141573E+01
    10.2500   -2.545983E-03  4.763513E-03  4.140459E+01
    10.3000   -3.140220E-03  5.339242E-03  4.146946E+01
    10.3500   -4.432185E-03  6.206219E-03  4.163612E+01
    10.4000   -6.154306E-03  7.145188E-03  4.187857E+01
    10.4500   -7.804670E-03  8.038714E-03  4.216960E+01
    10.5000   -8.801448E-03  8.829651E-03  4.249145E+01
    10.5500   -8.659862E-03  9.491879E-03  4.283332E+01
    10.6000   -7.141227E-03  1.001548E-02  4.318850E+01
    10.6500   -4.333064E-03  1.039932E-02  4.355252E+01
    10.7000   -6.397792E-04  1.064701E-02  4.392217E+01
    10.7500    3.311225E-03  1.076473E-02  4.429497E+01
    10.8000    6.820138E-03  1.075984E-02  4.466882E+01
    10.8500    9.279897E-03  1.064038E-02  4.504186E+01
    10.9000    1.031176E-02  1.041483E-02  4.541229E+01
    10.9500    9.837502E-03  1.009242E-02  4.577833E+01
    11.0000    8.076691E-03  9.692930E-03  4.613892E+01
    11.0500    5.449015E-03  9.229669E-03  4.649236E+01
    11.1000    2.476569E-03  8.707464E-03  4.683549E+01
    11.1500   -3.397014E-04  8.144809E-03  4.716561E+01
    11.2000   -2.634983E-03  7.564579E-03  4.747968E+01
    11.2500   -4.236549E-03  6.994723E-03  4.777451E+01
    11.3000   -5.159482E-03  6.468201E-03  4.804731E+01
    11.3500   -5.551055E-03  6.021195E-03  4.829690E+01
    11.4000   -5.606883E-03  5.688222E-03  4.852537E+01
    11.4500   -5.488212E-03  5.493720E-03  4.873947E+01
    11.5000   -5.266678E-03  5.442871E-03  4.894982E+01
    11.5500   -4.911935E-03  5.517594E-03  4.916763E+01
    11.6000   -4.322553E-03  5.681295E-03  4.940088E+01
    11.6500   -3.386342E-03  5.889060E-03  4.965285E+01
    11.7000   -2.047135E-03  6.096997E-03  4.992307E+01
    11.7500   -3.537155E-04  6.267584E-03  5.020902E+01
    11.8000    1.526905E-03  6.371538E-03  5.050748E+01
    11.8500    3.337592E-03  6.387850E-03  5.081525E+01
    11.9000    4.792584E-03  6.303141E-03  5.112933E+01
    11.9500    5.653514E-03  6.110915E-03  5.144691E+01
    12.0000    5.805631E-03  5.820188E-03  5.176554E+01
    12.0500    5.275066E-03  5.438460E-03  5.208203E+01
    12.1000    4.217164E-03  4.963929E-03  5.239192E+01
    12.1500    2.901138E-03  4.412526E-03  5.268961E+01
    12.2000    1.624293E-03  3.806977E-03  5.296628E+01
    12.2500    6.318939E-04  3.179887E-03  5.320703E+01
    12.3000    5.389905E-05  2.581337E-03  5.338619E+01
    12.3500   -1.231131E-04  2.094207E-03  5.346590E+01
    12.4000   -4.123742E-05  1.842814E-03  5.342945E+01
    12.4500    8.100382E-05  1.919130E-03  5.336485E+01
    12.5000    2.212426E-05  2.261536E-03  5.339729E+01
    12.5500   -3.699641E-04  2.730541E-03  5.354298E+01
    12.6000   -1.128213E-03  3.224816E-03  5.376449E+01
    12.6500   -2.153642E-03  3.687814E-03  5.403071E+01
    12.7000   -3.242463E-03  4.087960E-03  5.432308E+01
    12.7500   -4.144185E-03  4.407033E-03  5.463075E+01
    12.8000   -4.632770E-03  4.634980E-03  5.494699E+01
    12.8500   -4.569563E-03  4.767631E-03  5.526713E+01
    12.9000   -3.939810E-03  4.805653E-03  5.558756E+01
    12.9500   -2.853039E-03  4.754074E-03  5.590501E+01
    13.0000   -1.501452E-03  4.628750E-03  5.621832E+01
    13.0500   -1.054899E-04  4.445504E-03  5.652494E+01
    13.1000    1.118947E-03  4.211619E-03  5.681758E+01
    13.1500    2.040022E-03  3.949649E-03  5.709143E+01
    13.2000    2.627386E-03  3.688201E-03  5.734155E+01
    13.2500    2.942021E-03  3.461820E-03  5.756436E+01
    13.3000    3.097663E-03  3.308159E-03  5.776081E+01
    13.3500    3.207681E-03  3.260294E-03  5.793957E+01
    13.4000    3.335510E-03  3.335523E-03  5.811665E+01
    13.4500    3.465277E-03  3.528416E-03  5.830893E+01
    13.5000    3.502485E-03  3.814711E-03  5.852687E+01
    13.5500    3.304889E-03  4.161990E-03  5.877279E+01
    13.6000    2.733925E-03  4.538577E-03  5.904379E+01
    13.6500    1.710396E-03  4.917557E-03  5.933502E+01
    13.7000    2.565176E-04  5.277477E-03  5.964164E+01
    13.7500   -1.489641E-03  5.601766E-03  5.995942E+01
    13.8000   -3.293012E-03  5.877959E-03  6.028492E+01
    13.8500   -4.869440E-03  6.097082E-03  6.061531E+01
    13.9000   -5.949720E-03  6.253247E-03  6.094821E+01
    13.9500   -6.342092E-03  6.343425E-03  6.128155E+01
    14.0000   -5.981733E-03  6.373884E-03  6.161366E+01
    14.0500   -4.931828E-03  6.351418E-03  6.194277E+01
    14.1000   -3.358253E-03  6.270452E-03  6.226667E+01
    14.1500   -1.509131E-03  6.139336E-03  6.258349E+01
    14.2000    3.549412E-04  5.969596E-03  6.289135E+01
    14.2500    2.016142E-03  5.775966E-03  6.318842E+01
    14.3000    3.336115E-03  5.576167E-03  6.347321E+01
    14.3500    4.265700E-03  5.390192E-03  6.374492E+01
    14.4000    4.827991E-03  5.238784E-03  6.400400E+01
    14.4500    5.083183E-03  5.140921E-03  6.425263E+01
    14.5000    5.088842E-03  5.110557E-03  6.449487E+01
    14.5500    4.869864E-03  5.153617E-03  6.473603E+01
    14.6000    4.408442E-03  5.266570E-03  6.498156E+01
    14.6500    3.657122E-03  5.437342E-03  6.523574E+01
    14.7000    2.569979E-03  5.648053E-03  6.550105E+01
    14.7500    1.140551E-03  5.878295E-03  6.577818E+01
    14.8000   -5.674413E-04  6.107858E-03  6.606648E+01
    14.8500   -2.408616E-03  6.318510E-03  6.636454E+01
    14.9000   -4.169850E-03  6.494940E-03  6.667057E+01
    14.9500   -5.607749E-03  6.625168E-03  6.698269E+01
    15.0000   -6.509915E-03  6.708355E-03  6.730041E+01
    15.0500   -6.723523E-03  6.744432E-03  6.762300E+01
    15.1000   -6.181122E-03  6.716251E-03  6.794613E+01
    15.1500   -4.964359E-03  6.624923E-03  6.826796E+01
    15.2000   -3.264495E-03  6.474885E-03  6.858661E+01
    15.2500   -1.338446E-03  6.273938E-03  6.890005E+01
    15.3000    5.489056E-04  6.033318E-03  6.920614E+01
    15.3500    2.180022E-03  5.767749E-03  6.950264E+01
    15.4000    3.422629E-03  5.495397E-03  6.978738E+01
    15.4500    4.240781E-03  5.237482E-03  7.005868E+01
    15.5000    4.677928E-03  5.017169E-03  7.031599E+01
    15.5500    4.819331E-03  4.857285E-03  7.056074E+01
    15.6000    4.747295E-03  4.776732E-03  7.079691E+01
    15.6500    4.504497E-03  4.786409E-03  7.103076E+01
    15.7000    4.077753E-03  4.886468E-03  7.126941E+01
    15.7500    3.407717E-03  5.066529E-03  7.151892E+01
    15.8000    2.421460E-03  5.308724E-03  7.178299E+01
    15.8500    1.077154E-03  5.591795E-03  7.206279E+01
    15.9000   -5.942826E-04  5.894472E-03  7.235762E+01
    15.9500   -2.465483E-03  6.197479E-03  7.266577E+01
    16.0000   -4.320484E-03  6.487737E-03  7.298539E+01
    16.0500   -5.886833E-03  6.755465E-03  7.331472E+01
    16.1000   -6.874523E-03  6.982667E-03  7.365120E+01
    16.1500   -7.062519E-03  7.160489E-03  7.399304E+01
    16.2000   -6.351386E-03  7.282251E-03  7.433860E+01
    16.2500   -4.796744E-03  7.343267E-03  7.468640E+01
    16.3000   -2.607652E-03  7.340710E-03  7.503506E+01
    16.3500   -1.089675E-04  7.273555E-03  7.538324E+01
    16.4000    2.323625E-03  7.142578E-03  7.572957E+01
    16.4500    4.339961E-03  6.950422E-03  7.607261E+01
    16.5000    5.684169E-03  6.701727E-03  7.641073E+01
    16.5500    6.239184E-03  6.403339E-03  7.674210E+01
    16.6000    6.036963E-03  6.064602E-03  7.706453E+01
    16.6500    5.233651E-03  5.697769E-03  7.737544E+01
    16.7000    4.058115E-03  5.318487E-03  7.767184E+01
    16.7500    2.748925E-03  4.946277E-03  7.795054E+01
    16.8000    1.497139E-03  4.604701E-03  7.820866E+01
    16.8500    4.097257E-04  4.320492E-03  7.844484E+01
    16.9000   -4.980573E-04  4.120607E-03  7.866098E+01
    16.9500   -1.281546E-03  4.026550E-03  7.886372E+01
    17.0000   -2.024651E-03  4.044215E-03  7.906414E+01
    17.0500   -2.786956E-03  4.163318E-03  7.927323E+01
    17.1000   -3.578699E-03  4.372601E-03  7.949850E+01
    17.1500   -4.336950E-03  4.645492E-03  7.974410E+01
    17.2000   -4.928856E-03  4.953836E-03  8.001015E+01
    17.2500   -5.183143E-03  5.272034E-03  8.029451E+01
    17.3000   -4.938849E-03  5.578685E-03  8.059425E+01
    17.3500   -4.097679E-03  5.856747E-03  8.090650E+01
    17.4000   -2.665020E-03  6.093136E-03  8.122873E+01
    17.4500   -7.674767E-04  6.278198E-03  8.155886E+01
    17.5000    1.359183E-03  6.405243E-03  8.189523E+01
    17.5500    3.410019E-03  6.470159E-03  8.223652E+01
    17.6000    5.069936E-03  6.471093E-03  8.258165E+01
    17.6500    6.077871E-03  6.408189E-03  8.292973E+01
    17.7000    6.280906E-03  6.283337E-03  8.328002E+01
    17.7500    5.665581E-03  6.099950E-03  8.363186E+01
    17.8000    4.359285E-03  5.862736E-03  8.398463E+01
    17.8500    2.601849E-03  5.577476E-03  8.433768E+01
    17.9000    6.945160E-04  5.250808E-03  8.469034E+01
    17.9500   -1.061501E-03  4.890020E-03  8.504182E+01
    18.0000   -2.425906E-03  4.504092E-03  8.539178E+01
    18.0500   -3.256504E-03  4.102100E-03  8.574014E+01
    18.1000   -3.512776E-03  3.688675E-03  8.608373E+01
    18.1500   -3.270840E-03  3.271979E-03  8.642019E+01
    18.2000   -2.684841E-03  2.860507E-03  8.674608E+01
    18.2500   -1.942286E-03  2.463413E-03  8.705630E+01
    18.3000   -1.217141E-03  2.091216E-03  8.734338E+01
    18.3500   -6.320576E-04  1.757035E-03  8.759662E+01
    18.4000   -2.380182E-04  1.478259E-03  8.780288E+01
    18.4500   -1.481087E-05  1.277097E-03  8.795300E+01
    18.5000    1.096859E-04  1.174949E-03  8.805808E+01
    18.5500    2.280559E-04  1.177291E-03  8.815954E+01
    18.6000    4.190610E-04  1.264305E-03  8.830244E+01
    18.6500    7.200220E-04  1.403429E-03  8.850332E+01
    18.7000    1.113104E-03  1.566286E-03  8.875504E+01
    18.7500    1.528721E-03  1.733760E-03  8.904413E+01
    18.8000    1.864587E-03  1.893982E-03  8.935898E+01
    18.8500    2.014810E-03  2.039508E-03  8.969117E+01
    18.9000    1.900893E-03  2.165403E-03  9.003484E+01
    18.9500    1.496154E-03  2.268149E-03  9.038585E+01
    19.0000    8.386090E-04  2.346717E-03  9.074075E+01
    19.0500    2.354226E-05  2.402183E-03  9.109639E+01
    19.1000   -8.236050E-04  2.428751E-03  9.145215E+01
    19.1500   -1.562970E-03  2.425061E-03  9.180657E+01
    19.2000   -2.075799E-03  2.390272E-03  9.215823E+01
    19.2500   -2.290155E-03  2.324170E-03  9.250569E+01
    19.3000   -2.195089E-03  2.227302E-03  9.284727E+01
    19.3500   -1.840034E-03  2.101143E-03  9.318083E+01
    19.4000   -1.319934E-03  1.948318E-03  9.350346E+01
    19.4500   -7.502158E-04  1.772950E-03  9.381087E+01
    19.5000   -2.381892E-04  1.581235E-03  9.409657E+01
    19.5500    1.418201E-04  1.382507E-03  9.435054E+01
    19.6000    3.634380E-04  1.191160E-03  9.455784E+01
    19.6500    4.498473E-04  1.029511E-03  9.469999E+01
    19.7000    4.621161E-04  9.288797E-04  9.476849E+01
    19.7500    4.777779E-04  9.191954E-04  9.479437E+01
    19.8000    5.656549E-04  1.005325E-03  9.484538E+01
    19.8500    7.637684E-04  1.162373E-03  9.496471E+01
    19.9000    1.066232E-03  1.358043E-03  9.515068E+01
    19.9500    1.422551E-03  1.567447E-03  9.538521E+01