# # tequil.ion_motion                                            FEFF 9.05   
# # POT  SCF  30  5.5000   1, core-hole, AFOLP (folp(0)= 1.150)
# # Abs   Z=30 Rmt= 1.326 Rnm= 1.412 K  shell
# # Pot 1 Z=26 Rmt= 1.329 Rnm= 1.408
# # Pot 2 Z= 8 Rmt= 0.995 Rnm= 1.080
# # Gam_ch=1.897E+00 H-L exch
# # Mu=-1.184E+01 kf=2.186E+00 Vint=-1.915E+01 Rs_int= 1.659
# # PATH  Rmax= 8.500,  Keep_limit= 0.00, Heap_limit 0.00  Pwcrit= 2.50%
#  S02=1.000                                        Global_sig2= 0.00000
#  Energy zero shift, vr, vi   -2.00000E+00   0.00000E+00
#  Curved wave amplitude ratio filter   4.000%
#     file         sig2 tot  cw amp ratio   deg  nlegs   reff  inp sig2
#           1       0.00000    100.00      1.00     2   1.9641
#           2       0.00000     97.07      1.00     2   1.9869
#           3       0.00000     90.66      1.00     2   2.0403
#           4       0.00000     79.76      1.00     2   2.1439
#           5       0.00000     66.03      1.00     2   2.3058
#           6       0.00000     64.01      1.00     2   2.3335
#           7       0.00000     37.38      1.00     2   2.7954
#           8       0.00000     36.20      1.00     2   2.8354
#           9       0.00000     30.92      1.00     2   3.0387
#          10       0.00000     30.54      1.00     2   3.0548
#          11       0.00000     27.92      1.00     2   3.1753
#          12       0.00000     25.89      1.00     2   3.2788
#          13       0.00000     11.47      2.00     3   3.3918
#          14       0.00000     23.50      1.00     2   3.3952
#          15       0.00000     10.57      2.00     3   3.4226
#          16       0.00000      9.42      2.00     3   3.4416
#          17       0.00000      9.86      2.00     3   3.4549
#          18       0.00000      9.17      2.00     3   3.4655
#          19       0.00000     22.14      1.00     2   3.4697
#          20       0.00000     19.38      2.00     3   3.4894
#          21       0.00000     21.37      1.00     2   3.5141
#          22       0.00000     12.19      2.00     3   3.5194
#          23       0.00000     11.81      2.00     3   3.5243
#          24       0.00000      7.96      2.00     3   3.5519
#          25       0.00000     21.36      1.00     2   3.5538
#          26       0.00000     10.65      2.00     3   3.5538
#          27       0.00000     10.82      2.00     3   3.5742
#          28       0.00000     17.85      2.00     3   3.5772
#          29       0.00000     20.31      1.00     2   3.5793
#          30       0.00000      8.44      2.00     3   3.5937
#          31       0.00000      9.43      2.00     3   3.6149
#          32       0.00000     20.31      1.00     2   3.6282
#          33       0.00000     19.29      1.00     2   3.6463
#          34       0.00000      8.33      2.00     3   3.6633
#          35       0.00000      6.41      2.00     3   3.6661
#          36       0.00000      7.90      2.00     3   3.6689
#          37       0.00000     19.72      1.00     2   3.6720
#          38       0.00000     19.69      1.00     2   3.6745
#          39       0.00000      6.29      2.00     3   3.6758
#          40       0.00000      8.36      2.00     3   3.6755
#          41       0.00000     18.50      1.00     2   3.7013
#          42       0.00000      8.65      2.00     3   3.7022
#          43       0.00000     18.10      1.00     2   3.7301
#          44       0.00000      7.66      2.00     3   3.7367
#          45       0.00000      8.45      2.00     3   3.7672
#          46       0.00000     17.21      1.00     2   3.7975
#          47       0.00000      5.58      1.00     4   3.8034
#          48       0.00000     15.12      2.00     3   3.8184
#          49       0.00000     15.97      2.00     3   3.8297
#          50       0.00000      4.87      1.00     4   3.8755
#          51       0.00000     14.79      2.00     3   3.8865
#          52       0.00000     17.00      1.00     2   3.8992
#          53       0.00000     15.93      1.00     2   3.9030
#          54       0.00000     14.79      2.00     3   3.9166
#          55       0.00000      9.95      1.00     4   3.9281
#          56       0.00000     16.59      1.00     2   3.9373
#          57       0.00000      6.45      1.00     4   3.9482
#          59       0.00000      9.36      1.00     4   3.9738
#          60       0.00000     14.98      1.00     2   3.9890
#          61       0.00000      5.13      1.00     4   4.0000
#          62       0.00000      5.69      1.00     4   4.0313
#          63       0.00000      8.86      2.00     3   4.0489
#          64       0.00000     15.45      1.00     2   4.0501
#          65       0.00000      8.13      1.00     4   4.0805
#          66       0.00000      4.02      1.00     4   4.0830
#          67       0.00000      5.52      1.00     4   4.0985
#          68       0.00000     12.63      2.00     3   4.1045
#          69       0.00000     22.98      2.00     3   4.1370
#          71       0.00000      7.66      2.00     3   4.1709
#          72       0.00000      7.70      2.00     3   4.1727
#          73       0.00000      4.25      1.00     4   4.1751
#          74       0.00000     18.81      2.00     4   4.1842
#          75       0.00000     12.99      1.00     2   4.1922
#          76       0.00000      7.41      2.00     3   4.1962
#          77       0.00000      7.72      2.00     3   4.2138
#          78       0.00000     22.73      2.00     3   4.2466
#          79       0.00000     11.39      2.00     3   4.2476
#          80       0.00000     12.43      1.00     2   4.2568
#          81       0.00000      8.97      2.00     3   4.2583
#          82       0.00000     19.97      2.00     4   4.2699
#          83       0.00000     20.76      2.00     3   4.2813
#          84       0.00000      6.27      1.00     4   4.2879
#          85       0.00000      7.03      2.00     3   4.3073
#          86       0.00000      4.52      1.00     4   4.3098
#          87       0.00000      7.43      2.00     3   4.3140
#          88       0.00000     17.12      2.00     4   4.3204
#          89       0.00000      6.53      2.00     3   4.3318
#          90       0.00000     11.79      1.00     2   4.3356
#          91       0.00000      6.58      2.00     3   4.3530
#          92       0.00000      6.82      2.00     3   4.3560
#          93       0.00000      5.85      2.00     3   4.3819
#          94       0.00000      9.15      2.00     3   4.3834
#          95       0.00000     11.34      1.00     2   4.3938
#          97       0.00000      5.51      2.00     3   4.4062
#          98       0.00000      6.21      2.00     3   4.4117
#         100       0.00000      6.97      2.00     3   4.4361
#         101       0.00000     11.01      1.00     2   4.4381
#         102       0.00000     20.53      2.00     3   4.4449
#         103       0.00000      4.81      1.00     4   4.4450
#         104       0.00000     24.29      2.00     3   4.4583
#         105       0.00000     10.82      1.00     2   4.4654
#         106       0.00000      7.18      2.00     3   4.4746
#         107       0.00000      5.67      2.00     3   4.5077
#         108       0.00000      9.57      2.00     3   4.5221
#         109       0.00000     15.01      1.00     4   4.5228
#         110       0.00000      5.04      2.00     3   4.5351
#         111       0.00000      4.93      2.00     3   4.5402
#         112       0.00000      5.15      2.00     3   4.5409
#         113       0.00000     11.67      1.00     4   4.5542
#         114       0.00000     17.79      2.00     3   4.5613
#         115       0.00000     10.08      1.00     2   4.5737
#         116       0.00000      9.94      1.00     2   4.5954
#         117       0.00000      9.94      1.00     2   4.5965
#         118       0.00000      4.29      1.00     4   4.6117
#         119       0.00000      9.78      1.00     2   4.6215
#         120       0.00000      4.83      2.00     3   4.6320
#         121       0.00000     14.06      2.00     3   4.6384
#         122       0.00000      4.77      2.00     3   4.6386
#         123       0.00000      7.35      2.00     3   4.6612
#         124       0.00000      4.03      1.00     4   4.6670
#         125       0.00000      9.41      1.00     2   4.6820
#         126       0.00000      6.17      2.00     3   4.6817
#         127       0.00000      9.75      1.00     4   4.6845
#         129       0.00000     16.70      2.00     3   4.7264
#         130       0.00000      9.13      1.00     2   4.7296
#         131       0.00000     14.68      2.00     3   4.7365
#         133       0.00000      9.05      1.00     2   4.7439
#         134       0.00000      8.64      2.00     3   4.7509
#         135       0.00000      5.67      2.00     3   4.7636
#         136       0.00000     13.01      2.00     3   4.7648
#         137       0.00000     10.07      1.00     2   4.7687
#         138       0.00000      4.40      2.00     3   4.7780
#         141       0.00000      8.75      1.00     2   4.7971
#         142       0.00000      6.99      1.00     4   4.8115
#         143       0.00000      9.15      1.00     4   4.8314
#         144       0.00000      8.51      1.00     2   4.8424
#         145       0.00000      8.49      1.00     2   4.8474
#         147       0.00000      8.39      2.00     3   4.8646
#         149       0.00000      7.69      1.00     4   4.8766
#         150       0.00000      4.39      2.00     3   4.8838
#         151       0.00000      6.18      2.00     3   4.8943
#         152       0.00000      7.56      2.00     3   4.8958
#         153       0.00000      7.76      2.00     3   4.9183
#         155       0.00000      6.48      1.00     4   4.9341
#         156       0.00000      8.59      2.00     3   4.9365
#         157       0.00000      8.29      2.00     3   4.9555
#         159       0.00000      7.91      1.00     2   4.9633
#         160       0.00000      4.84      2.00     3   4.9632
#         161       0.00000     20.61      2.00     3   4.9672
#         162       0.00000     13.55      1.00     4   4.9710
#         163       0.00000     12.51      2.00     3   4.9772
#         164       0.00000      4.64      2.00     4   4.9794
#         165       0.00000      8.93      1.00     2   4.9835
#         167       0.00000      8.84      2.00     3   4.9885
#         169       0.00000      4.96      2.00     4   5.0028
#         170       0.00000      7.68      1.00     2   5.0112
#         171       0.00000      7.64      2.00     3   5.0202
#         173       0.00000      8.71      1.00     2   5.0272
#         175       0.00000      8.11      2.00     3   5.0568
#         177       0.00000      7.42      1.00     2   5.0680
#         178       0.00000      7.39      1.00     2   5.0742
#         179       0.00000     18.34      2.00     3   5.0794
#         180       0.00000     11.52      1.00     4   5.0845
#         181       0.00000     17.32      2.00     3   5.0866
#         182       0.00000      4.07      1.00     4   5.1043
#         183       0.00000      7.90      2.00     3   5.1050
#         184       0.00000     10.51      1.00     4   5.1052
#         185       0.00000      6.37      1.00     4   5.1121
#         186       0.00000     11.88      2.00     3   5.1149
#         187       0.00000     12.47      2.00     3   5.1182
#         188       0.00000      4.58      2.00     4   5.1262
#         189       0.00000      6.84      2.00     3   5.1488
#         192       0.00000      8.08      1.00     2   5.1658
#         193       0.00000      7.93      1.00     2   5.2010
#         194       0.00000      5.81      1.00     4   5.2026
#         195       0.00000      7.91      1.00     2   5.2040
#         196       0.00000      6.53      1.00     4   5.2252
#         200       0.00000      6.63      1.00     2   5.2596
#         203       0.00000      8.67      2.00     3   5.2927
#         205       0.00000      9.35      2.00     3   5.3107
#         208       0.00000      6.53      2.00     3   5.3153
#         210       0.00000      8.48      2.00     3   5.3217
#         213       0.00000      6.37      2.00     3   5.3598
#         215       0.00000      5.82      2.00     3   5.3795
#         216       0.00000      7.12      1.00     2   5.4006
#         217       0.00000      6.10      1.00     2   5.4043
#         219       0.00000      6.31      2.00     3   5.4078
#         220       0.00000      7.09      1.00     2   5.4101
#         221       0.00000      6.06      1.00     2   5.4151
#         224       0.00000      6.05      1.00     2   5.4171
#         225       0.00000      4.43      1.00     4   5.4175
#         227       0.00000      5.69      2.00     3   5.4649
#         229       0.00000      5.86      2.00     3   5.4701
#         230       0.00000      6.83      1.00     2   5.4805
#         231       0.00000      4.77      2.00     3   5.4821
#         232       0.00000      5.59      2.00     3   5.4828
#         234       0.00000      8.27      2.00     3   5.4890
#         235       0.00000      4.37      2.00     3   5.4958
#         238       0.00000      4.17      2.00     4   5.5088
#         240       0.00000      7.14      2.00     3   5.5187
#         241       0.00000      5.56      2.00     3   5.5284
#         242       0.00000      6.64      1.00     2   5.5351
#         245       0.00000      4.20      2.00     3   5.5507
#         246       0.00000      5.42      2.00     3   5.5512
#         248       0.00000      5.99      2.00     3   5.5710
#         253       0.00000      4.30      2.00     4   5.5911
#         254       0.00000      4.64      2.00     3   5.5915
#         256       0.00000      6.43      1.00     2   5.5982
#         257       0.00000      5.60      2.00     3   5.6047
#         259       0.00000      6.82      2.00     3   5.6091
#         260       0.00000      5.42      1.00     2   5.6141
#         262       0.00000      6.07      2.00     3   5.6461
#         264       0.00000      6.26      1.00     2   5.6481
#         266       0.00000      5.65      2.00     3   5.6668
#         267       0.00000      5.11      2.00     3   5.6677
#         268       0.00000      5.25      1.00     2   5.6730
#         269       0.00000      5.55      2.00     3   5.6738
#         270       0.00000      4.53      2.00     3   5.6785
#         271       0.00000     10.42      2.00     2   5.6855
#         273       0.00000      5.14      2.00     3   5.6897
#         275       0.00000      5.15      1.00     2   5.7057
#         276       0.00000      5.14      1.00     2   5.7107
#         278       0.00000      6.05      1.00     2   5.7153
#         279       0.00000      4.89      2.00     3   5.7341
#         284       0.00000      4.87      2.00     3   5.7456
#         285       0.00000      5.96      1.00     2   5.7466
#         286       0.00000      5.93      1.00     2   5.7541
#         287       0.00000      5.35      2.00     3   5.7548
#         288       0.00000      5.56      2.00     3   5.7547
#         289       0.00000      4.01      2.00     3   5.7552
#         290       0.00000      4.12      2.00     3   5.7568
#         292       0.00000      4.52      2.00     3   5.7720
#         294       0.00000     10.58      2.00     3   5.7792
#         297       0.00000      8.93      2.00     3   5.7847
#         298       0.00000      4.93      1.00     2   5.7861
#         299       0.00000      5.83      1.00     2   5.7902
#         302       0.00000      8.90      2.00     3   5.7960
#         304       0.00000      5.17      1.00     4   5.8043
#         314       0.00000      4.05      1.00     4   5.8454
#         316       0.00000      4.24      1.00     4   5.8542
#         320       0.00000      5.59      1.00     2   5.8735
#         324       0.00000      5.56      1.00     2   5.8846
#         326       0.00000      6.08      2.00     3   5.8898
#         328       0.00000      5.32      2.00     3   5.9079
#         330       0.00000      4.59      1.00     2   5.9170
#   245/ 304 paths used
#  -----------------------------------------------------------------------
#       k          chi          mag           phase @#
    -0.7000   -3.722894E-01  3.737309E-01 -1.482938E+00
    -0.6500   -3.669677E-01  3.669703E-01 -1.567081E+00
    -0.6000   -3.748402E-01  3.753405E-01 -1.622431E+00
    -0.5500   -3.900068E-01  3.912328E-01 -1.649981E+00
    -0.5000   -4.077307E-01  4.092171E-01 -1.656057E+00
    -0.4500   -4.260829E-01  4.273678E-01 -1.648358E+00
    -0.4000   -4.429311E-01  4.438018E-01 -1.633450E+00
    -0.3500   -4.590404E-01  4.594521E-01 -1.613136E+00
    -0.3000   -4.725733E-01  4.726832E-01 -1.592364E+00
    -0.2500   -4.835584E-01  4.835595E-01 -1.572967E+00
    -0.2000   -4.921576E-01  4.922110E-01 -1.556079E+00
    -0.1500   -4.991355E-01  4.993496E-01 -1.541509E+00
    -0.1000   -5.041188E-01  5.045276E-01 -1.530536E+00
    -0.0500   -5.070386E-01  5.075982E-01 -1.523836E+00
     0.0000   -5.079999E-01  5.086156E-01 -1.521585E+00
     0.0500   -5.089550E-01  5.096299E-01 -1.519325E+00
     0.1000   -5.117830E-01  5.126540E-01 -1.512493E+00
     0.1500   -5.163686E-01  5.176309E-01 -1.500946E+00
     0.2000   -5.225101E-01  5.244630E-01 -1.484472E+00
     0.2500   -5.299067E-01  5.330104E-01 -1.462829E+00
     0.3000   -5.381482E-01  5.430902E-01 -1.435787E+00
     0.3500   -5.469721E-01  5.548060E-01 -1.402550E+00
     0.4000   -5.564025E-01  5.688751E-01 -1.361007E+00
     0.4500   -5.645974E-01  5.838767E-01 -1.313104E+00
     0.5000   -5.705521E-01  5.994739E-01 -1.258904E+00
     0.5500   -5.734946E-01  6.160098E-01 -1.197096E+00
     0.6000   -5.722325E-01  6.339490E-01 -1.125882E+00
     0.6500   -5.646328E-01  6.514860E-01 -1.048517E+00
     0.7000   -5.494964E-01  6.687754E-01 -9.642923E-01
     0.7500   -5.251286E-01  6.868302E-01 -8.703714E-01
     0.8000   -4.902471E-01  7.034278E-01 -7.711217E-01
     0.8500   -4.436139E-01  7.193690E-01 -6.645067E-01
     0.9000   -3.840306E-01  7.345713E-01 -5.501270E-01
     0.9500   -3.126007E-01  7.474126E-01 -4.315110E-01
     1.0000   -2.275091E-01  7.595349E-01 -3.042078E-01
     1.0500   -1.320860E-01  7.690813E-01 -1.726009E-01
     1.1000   -2.765334E-02  7.764376E-01 -3.562319E-02
     1.1500    8.379221E-02  7.817305E-01  1.073944E-01
     1.2000    1.963492E-01  7.838651E-01  2.531848E-01
     1.2500    3.097691E-01  7.842004E-01  4.060817E-01
     1.3000    4.156528E-01  7.812141E-01  5.610316E-01
     1.3500    5.123892E-01  7.759162E-01  7.213070E-01
     1.4000    5.938940E-01  7.676995E-01  8.845062E-01
     1.4500    6.569804E-01  7.568281E-01  1.051303E+00
     1.5000    6.985946E-01  7.433954E-01  1.221854E+00
     1.5500    7.160008E-01  7.272449E-01  1.394721E+00
     1.6000    7.088312E-01  7.088318E-01  1.572123E+00
     1.6500    6.766536E-01  6.877702E-01  1.750835E+00
     1.7000    6.210373E-01  6.645599E-01  1.934715E+00
     1.7500    5.450816E-01  6.389235E-01  2.119647E+00
     1.8000    4.518620E-01  6.111273E-01  2.309427E+00
     1.8500    3.474464E-01  5.811554E-01  2.500771E+00
     1.9000    2.353849E-01  5.489217E-01  2.698414E+00
     1.9500    1.236454E-01  5.145752E-01  2.898932E+00
     2.0000    1.988436E-02  4.784295E-01  3.100019E+00
     2.0500   -7.013156E-02  4.407430E-01  3.301393E+00
     2.1000   -1.420739E-01  4.003798E-01  3.504344E+00
     2.1500   -1.918846E-01  3.574863E-01  3.708186E+00
     2.2000   -2.182718E-01  3.142115E-01  3.909547E+00
     2.2500   -2.227730E-01  2.710107E-01  4.106521E+00
     2.3000   -2.077025E-01  2.271937E-01  4.295144E+00
     2.3500   -1.756998E-01  1.813009E-01  4.463174E+00
     2.4000   -1.377068E-01  1.386768E-01  4.594041E+00
     2.4500   -1.010795E-01  1.012597E-01  4.652722E+00
     2.5000   -7.220610E-02  7.290400E-02  4.573910E+00
     2.5500   -5.838437E-02  6.192545E-02  4.372576E+00
     2.6000   -5.376871E-02  6.315635E-02  4.160163E+00
     2.6500   -5.757814E-02  7.251435E-02  4.058993E+00
     2.7000   -6.815533E-02  8.491929E-02  4.073216E+00
     2.7500   -8.016224E-02  9.498731E-02  4.146152E+00
     2.8000   -9.373117E-02  1.045132E-01  4.254156E+00
     2.8500   -1.072134E-01  1.131811E-01  4.386207E+00
     2.9000   -1.187775E-01  1.206870E-01  4.534267E+00
     2.9500   -1.267368E-01  1.267685E-01  4.690008E+00
     3.0000   -1.303189E-01  1.316032E-01  4.852209E+00
     3.0500   -1.289537E-01  1.352756E-01  5.019315E+00
     3.1000   -1.224580E-01  1.378661E-01  5.189688E+00
     3.1500   -1.111227E-01  1.393890E-01  5.360521E+00
     3.2000   -9.552152E-02  1.400617E-01  5.532697E+00
     3.2500   -7.629041E-02  1.399221E-01  5.706516E+00
     3.3000   -5.444307E-02  1.389984E-01  5.880727E+00
     3.3500   -3.123374E-02  1.376995E-01  6.054368E+00
     3.4000   -7.451813E-03  1.362053E-01  6.228448E+00
     3.4500    1.612485E-02  1.343951E-01  6.403456E+00
     3.5000    3.866570E-02  1.322911E-01  6.579793E+00
     3.5500    5.947247E-02  1.300726E-01  6.758058E+00
     3.6000    7.785512E-02  1.277248E-01  6.938683E+00
     3.6500    9.294955E-02  1.249949E-01  7.121664E+00
     3.7000    1.040579E-01  1.218308E-01  7.307038E+00
     3.7500    1.107418E-01  1.182680E-01  7.495309E+00
     3.8000    1.127044E-01  1.143022E-01  7.686581E+00
     3.8500    1.097264E-01  1.097617E-01  7.879357E+00
     3.9000    1.021379E-01  1.046314E-01  8.072736E+00
     3.9500    9.072005E-02  9.902673E-02  8.266493E+00
     4.0000    7.649655E-02  9.310823E-02  8.460588E+00
     4.0500    6.061139E-02  8.677398E-02  8.651482E+00
     4.1000    4.443174E-02  8.013517E-02  8.837064E+00
     4.1500    2.922543E-02  7.336850E-02  9.015074E+00
     4.2000    1.595050E-02  6.669411E-02  9.183278E+00
     4.2500    5.286111E-03  6.034530E-02  9.337068E+00
     4.3000   -2.679217E-03  5.460134E-02  9.473866E+00
     4.3500   -8.315692E-03  4.973314E-02  9.592773E+00
     4.4000   -1.229524E-02  4.596302E-02  9.695579E+00
     4.4500   -1.549973E-02  4.343774E-02  9.789646E+00
     4.5000   -1.874327E-02  4.209603E-02  9.886232E+00
     4.5500   -2.255915E-02  4.169565E-02  9.996455E+00
     4.6000   -2.707086E-02  4.191681E-02  1.012688E+01
     4.6500   -3.200700E-02  4.233936E-02  1.028190E+01
     4.7000   -3.666004E-02  4.260778E-02  1.046085E+01
     4.7500   -4.010798E-02  4.246143E-02  1.066107E+01
     4.8000   -4.151891E-02  4.180416E-02  1.087869E+01
     4.8500   -4.015382E-02  4.042713E-02  1.111192E+01
     4.9000   -3.578983E-02  3.828589E-02  1.135866E+01
     4.9500   -2.876858E-02  3.539653E-02  1.161751E+01
     5.0000   -2.003584E-02  3.186740E-02  1.188646E+01
     5.0500   -1.077357E-02  2.771411E-02  1.216711E+01
     5.1000   -2.400916E-03  2.306120E-02  1.246207E+01
     5.1500    3.800712E-03  1.806100E-02  1.277839E+01
     5.2000    6.904527E-03  1.289490E-02  1.313141E+01
     5.2500    6.663192E-03  7.805363E-03  1.358936E+01
     5.3000    3.453415E-03  3.722130E-03  1.451947E+01
     5.3500   -1.764745E-03  4.703258E-03  1.609259E+01
     5.4000   -7.683972E-03  8.769601E-03  1.677589E+01
     5.4500   -1.283395E-02  1.288154E-02  1.719277E+01
     5.5000   -1.598302E-02  1.655120E-02  1.754154E+01
     5.5500   -1.635771E-02  1.962303E-02  1.786397E+01
     5.6000   -1.377098E-02  2.205932E-02  1.817536E+01
     5.6500   -8.643565E-03  2.379896E-02  1.847787E+01
     5.7000   -1.883142E-03  2.483120E-02  1.877365E+01
     5.7500    5.345946E-03  2.517677E-02  1.906352E+01
     5.8000    1.191824E-02  2.492434E-02  1.934813E+01
     5.8500    1.688668E-02  2.411039E-02  1.962550E+01
     5.9000    1.973763E-02  2.282380E-02  1.989427E+01
     5.9500    2.042191E-02  2.117601E-02  2.015268E+01
     6.0000    1.932806E-02  1.933230E-02  2.039941E+01
     6.0500    1.700049E-02  1.738001E-02  2.062972E+01
     6.1000    1.410152E-02  1.544626E-02  2.084072E+01
     6.1500    1.118727E-02  1.365514E-02  2.103101E+01
     6.2000    8.586696E-03  1.210363E-02  2.120246E+01
     6.2500    6.376065E-03  1.083869E-02  2.136223E+01
     6.3000    4.439274E-03  9.838775E-03  2.152304E+01
     6.3500    2.586193E-03  9.016350E-03  2.170023E+01
     6.4000    6.851571E-04  8.247891E-03  2.190798E+01
     6.4500   -1.236620E-03  7.417235E-03  2.215865E+01
     6.5000   -2.874145E-03  6.460082E-03  2.245222E+01
     6.5500   -3.926193E-03  5.344134E-03  2.281633E+01
     6.6000   -4.041247E-03  4.173260E-03  2.330975E+01
     6.6500   -2.965722E-03  3.337915E-03  2.403869E+01
     6.7000   -6.834396E-04  3.584999E-03  2.494093E+01
     6.7500    2.522506E-03  5.027219E-03  2.565838E+01
     6.8000    6.091133E-03  7.079686E-03  2.616873E+01
     6.8500    9.287796E-03  9.362488E-03  2.657714E+01
     6.9000    1.136596E-02  1.168176E-02  2.693659E+01
     6.9500    1.174346E-02  1.391197E-02  2.726940E+01
     7.0000    1.003514E-02  1.594102E-02  2.759340E+01
     7.0500    6.385439E-03  1.772809E-02  2.790586E+01
     7.1000    1.309693E-03  1.922648E-02  2.820616E+01
     7.1500   -4.466163E-03  2.040332E-02  2.849501E+01
     7.2000   -1.014767E-02  2.125102E-02  2.877216E+01
     7.2500   -1.504889E-02  2.178976E-02  2.903671E+01
     7.3000   -1.872596E-02  2.206939E-02  2.928749E+01
     7.3500   -2.103211E-02  2.216945E-02  2.952343E+01
     7.4000   -2.208271E-02  2.219573E-02  2.974417E+01
     7.4500   -2.214624E-02  2.227057E-02  2.995085E+01
     7.5000   -2.149659E-02  2.253219E-02  3.014949E+01
     7.5500   -2.026698E-02  2.307140E-02  3.034333E+01
     7.6000   -1.841594E-02  2.393397E-02  3.053795E+01
     7.6500   -1.571048E-02  2.511137E-02  3.073998E+01
     7.7000   -1.182195E-02  2.653783E-02  3.095422E+01
     7.7500   -6.486995E-03  2.810784E-02  3.118304E+01
     7.8000    3.212221E-04  2.969739E-02  3.142674E+01
     7.8500    8.269352E-03  3.118155E-02  3.168434E+01
     7.9000    1.663397E-02  3.244622E-02  3.195421E+01
     7.9500    2.438620E-02  3.339464E-02  3.223460E+01
     8.0000    3.039564E-02  3.396613E-02  3.252409E+01
     8.0500    3.363267E-02  3.410075E-02  3.282084E+01
     8.1000    3.343985E-02  3.375489E-02  3.312345E+01
     8.1500    2.971991E-02  3.291310E-02  3.343086E+01
     8.2000    2.298911E-02  3.158000E-02  3.374217E+01
     8.2500    1.430065E-02  2.977889E-02  3.405660E+01
     8.3000    5.042031E-03  2.755003E-02  3.437347E+01
     8.3500   -3.347563E-03  2.494841E-02  3.469210E+01
     8.4000   -9.672720E-03  2.204120E-02  3.501183E+01
     8.4500   -1.321921E-02  1.890492E-02  3.533186E+01
     8.5000   -1.386336E-02  1.561954E-02  3.564955E+01
     8.5500   -1.209525E-02  1.226490E-02  3.596180E+01
     8.6000   -8.848224E-03  8.929310E-03  3.626318E+01
     8.6500   -5.237101E-03  5.703956E-03  3.653572E+01
     8.7000   -2.292196E-03  2.707145E-03  3.668932E+01
     8.7500   -7.253113E-04  9.107692E-04  3.547879E+01
     8.8000   -7.922288E-04  2.918719E-03  3.483240E+01
     8.8500   -2.279702E-03  5.026947E-03  3.502820E+01
     8.9000   -4.611392E-03  6.780883E-03  3.530536E+01
     8.9500   -7.036672E-03  8.132101E-03  3.560326E+01
     9.0000   -8.867982E-03  9.083265E-03  3.591016E+01
     9.0500   -9.599726E-03  9.638784E-03  3.621837E+01
     9.1000   -9.057920E-03  9.808156E-03  3.652198E+01
     9.1500   -7.429440E-03  9.625683E-03  3.681739E+01
     9.2000   -5.154515E-03  9.140509E-03  3.709999E+01
     9.2500   -2.774769E-03  8.418020E-03  3.736321E+01
     9.3000   -7.662771E-04  7.543526E-03  3.759736E+01
     9.3500    5.933234E-04  6.629650E-03  3.778873E+01
     9.4000    1.287298E-03  5.825987E-03  3.792191E+01
     9.4500    1.537776E-03  5.314398E-03  3.799267E+01
     9.5000    1.721383E-03  5.254429E-03  3.803288E+01
     9.5500    2.208565E-03  5.655469E-03  3.810031E+01
     9.6000    3.232979E-03  6.379204E-03  3.823058E+01
     9.6500    4.812795E-03  7.256461E-03  3.842426E+01
     9.7000    6.716613E-03  8.154403E-03  3.866698E+01
     9.7500    8.515203E-03  8.985752E-03  3.894486E+01
     9.8000    9.695235E-03  9.697565E-03  3.924799E+01
     9.8500    9.802581E-03  1.026092E-02  3.956993E+01
     9.9000    8.575080E-03  1.066432E-02  3.990656E+01
     9.9500    6.028288E-03  1.090950E-02  4.025526E+01
    10.0000    2.472652E-03  1.102129E-02  4.061443E+01
    10.0500   -1.558528E-03  1.101359E-02  4.098269E+01
    10.1000   -5.398357E-03  1.089762E-02  4.135897E+01
    10.1500   -8.393579E-03  1.070125E-02  4.174236E+01
    10.2000   -1.004761E-02  1.045393E-02  4.213178E+01
    10.2500   -1.011785E-02  1.018422E-02  4.252573E+01
    10.3000   -8.651890E-03  9.917329E-03  4.292220E+01
    10.3500   -5.958487E-03  9.673105E-03  4.331866E+01
    10.4000   -2.525985E-03  9.464769E-03  4.371214E+01
    10.4500    1.087507E-03  9.298862E-03  4.409952E+01
    10.5000    4.363414E-03  9.176426E-03  4.447783E+01
    10.5500    6.906410E-03  9.095139E-03  4.484461E+01
    10.6000    8.487372E-03  9.051775E-03  4.519810E+01
    10.6500    9.043161E-03  9.044281E-03  4.553735E+01
    10.7000    8.642535E-03  9.072941E-03  4.586235E+01
    10.7500    7.434992E-03  9.140375E-03  4.617388E+01
    10.8000    5.600905E-03  9.250436E-03  4.647353E+01
    10.8500    3.317194E-03  9.406373E-03  4.676348E+01
    10.9000    7.448327E-04  9.608801E-03  4.704630E+01
    10.9500   -1.964298E-03  9.854095E-03  4.732457E+01
    11.0000   -4.666177E-03  1.014781E-02  4.760168E+01
    11.0500   -7.189239E-03  1.048229E-02  4.787966E+01
    11.1000   -9.308561E-03  1.082680E-02  4.815871E+01
    11.1500   -1.080104E-02  1.116232E-02  4.843957E+01
    11.2000   -1.146491E-02  1.146933E-02  4.872245E+01
    11.2500   -1.116137E-02  1.172936E-02  4.900716E+01
    11.3000   -9.852899E-03  1.192635E-02  4.929325E+01
    11.3500   -7.626114E-03  1.204763E-02  4.958006E+01
    11.4000   -4.690836E-03  1.208457E-02  4.986684E+01
    11.4500   -1.353628E-03  1.203289E-02  5.015275E+01
    11.5000    2.029066E-03  1.189278E-02  5.043693E+01
    11.5500    5.107481E-03  1.166870E-02  5.071853E+01
    11.6000    7.591852E-03  1.136895E-02  5.099669E+01
    11.6500    9.290885E-03  1.100504E-02  5.127063E+01
    11.7000    1.012828E-02  1.059088E-02  5.153963E+01
    11.7500    1.013623E-02  1.014180E-02  5.180312E+01
    11.8000    9.430697E-03  9.673361E-03  5.206074E+01
    11.8500    8.177047E-03  9.200161E-03  5.231237E+01
    11.9000    6.555729E-03  8.734657E-03  5.255819E+01
    11.9500    4.735777E-03  8.286140E-03  5.279871E+01
    12.0000    2.859005E-03  7.876213E-03  5.303560E+01
    12.0500    1.025318E-03  7.509313E-03  5.327011E+01
    12.1000   -6.781347E-04  7.162507E-03  5.350190E+01
    12.1500   -2.178146E-03  6.831880E-03  5.373156E+01
    12.2000   -3.416257E-03  6.512513E-03  5.395928E+01
    12.2500   -4.349943E-03  6.200099E-03  5.418470E+01
    12.3000   -4.957768E-03  5.892485E-03  5.440689E+01
    12.3500   -5.245286E-03  5.590953E-03  5.462439E+01
    12.4000   -5.247390E-03  5.301067E-03  5.483544E+01
    12.4500   -5.023725E-03  5.032925E-03  5.503834E+01
    12.5000   -4.646297E-03  4.800554E-03  5.523206E+01
    12.5500   -4.181672E-03  4.620126E-03  5.541706E+01
    12.6000   -3.672922E-03  4.506813E-03  5.559599E+01
    12.6500   -3.127579E-03  4.470749E-03  5.577388E+01
    12.7000   -2.516772E-03  4.513522E-03  5.595717E+01
    12.7500   -1.787608E-03  4.626980E-03  5.615200E+01
    12.8000   -8.865865E-04  4.794953E-03  5.636270E+01
    12.8500    2.121712E-04  4.996794E-03  5.659114E+01
    12.9000    1.482540E-03  5.210947E-03  5.683716E+01
    12.9500    2.834342E-03  5.417488E-03  5.709925E+01
    13.0000    4.126951E-03  5.607699E-03  5.737573E+01
    13.0500    5.185593E-03  5.773035E-03  5.766442E+01
    13.1000    5.818841E-03  5.891307E-03  5.796246E+01
    13.1500    5.889702E-03  5.955022E-03  5.826771E+01
    13.2000    5.343503E-03  5.959577E-03  5.857817E+01
    13.2500    4.228088E-03  5.903075E-03  5.889184E+01
    13.3000    2.690328E-03  5.786171E-03  5.920667E+01
    13.3500    9.484421E-04  5.611993E-03  5.952044E+01
    13.4000   -7.536360E-04  5.386180E-03  5.983064E+01
    13.4500   -2.198327E-03  5.117096E-03  6.013432E+01
    13.5000   -3.239235E-03  4.816285E-03  6.042792E+01
    13.5500   -3.826720E-03  4.499226E-03  6.070725E+01
    13.6000   -4.007352E-03  4.186339E-03  6.096758E+01
    13.6500   -3.897661E-03  3.903910E-03  6.120447E+01
    13.7000   -3.639916E-03  3.683822E-03  6.141560E+01
    13.7500   -3.352930E-03  3.560073E-03  6.160386E+01
    13.8000   -3.092506E-03  3.560530E-03  6.177958E+01
    13.8500   -2.833588E-03  3.696737E-03  6.195846E+01
    13.9000   -2.480021E-03  3.959463E-03  6.215499E+01
    13.9500   -1.899874E-03  4.323902E-03  6.237694E+01
    14.0000   -9.770084E-04  4.760282E-03  6.262514E+01
    14.0500    3.378225E-04  5.242928E-03  6.289633E+01
    14.1000    1.994338E-03  5.745673E-03  6.318633E+01
    14.1500    3.825851E-03  6.246329E-03  6.349107E+01
    14.2000    5.567672E-03  6.725862E-03  6.380703E+01
    14.2500    6.905764E-03  7.167871E-03  6.413139E+01
    14.3000    7.544944E-03  7.558207E-03  6.446190E+01
    14.3500    7.280173E-03  7.884756E-03  6.479680E+01
    14.4000    6.052741E-03  8.137379E-03  6.513468E+01
    14.4500    3.976309E-03  8.307937E-03  6.547437E+01
    14.5000    1.324868E-03  8.390380E-03  6.581488E+01
    14.5500   -1.515887E-03  8.380849E-03  6.615532E+01
    14.6000   -4.123156E-03  8.277782E-03  6.649485E+01
    14.6500   -6.120435E-03  8.082006E-03  6.683260E+01
    14.7000   -7.250353E-03  7.796790E-03  6.716763E+01
    14.7500   -7.420236E-03  7.427897E-03  6.749882E+01
    14.8000   -6.710554E-03  6.983608E-03  6.782480E+01
    14.8500   -5.345563E-03  6.474777E-03  6.814378E+01
    14.9000   -3.634593E-03  5.914949E-03  6.845332E+01
    14.9500   -1.899212E-03  5.320640E-03  6.875004E+01
    15.0000   -4.003988E-04  4.712858E-03  6.902998E+01
    15.0500    7.048153E-04  4.113198E-03  6.928724E+01
    15.1000    1.368831E-03  3.549178E-03  6.951098E+01
    15.1500    1.665178E-03  3.060967E-03  6.969024E+01
    15.2000    1.744401E-03  2.697279E-03  6.981832E+01
    15.2500    1.779551E-03  2.503715E-03  6.990562E+01
    15.3000    1.910673E-03  2.495703E-03  6.998699E+01
    15.3500    2.203048E-03  2.640722E-03  7.010183E+01
    15.4000    2.629650E-03  2.877402E-03  7.026782E+01
    15.4500    3.081469E-03  3.146771E-03  7.048176E+01
    15.5000    3.401826E-03  3.405633E-03  7.073312E+01
    15.5500    3.434599E-03  3.625772E-03  7.101201E+01
    15.6000    3.072872E-03  3.789797E-03  7.131107E+01
    15.6500    2.294773E-03  3.887785E-03  7.162526E+01
    15.7000    1.176923E-03  3.915122E-03  7.195130E+01
    15.7500   -1.180105E-04  3.871175E-03  7.228712E+01
    15.8000   -1.376391E-03  3.758442E-03  7.263157E+01
    15.8500   -2.382256E-03  3.581957E-03  7.298422E+01
    15.9000   -2.967189E-03  3.348848E-03  7.334535E+01
    15.9500   -3.048962E-03  3.067991E-03  7.371599E+01
    16.0000   -2.648255E-03  2.748863E-03  7.409881E+01
    16.0500   -1.881148E-03  2.402408E-03  7.449871E+01
    16.1000   -9.384130E-04  2.044146E-03  7.492127E+01
    16.1500   -3.468377E-05  1.690302E-03  7.537770E+01
    16.2000    6.392032E-04  1.361663E-03  7.588687E+01
    16.2500    9.583810E-04  1.087396E-03  7.647694E+01
    16.3000    8.893557E-04  9.076237E-04  7.716999E+01
    16.3500    4.931681E-04  8.570267E-04  7.792667E+01
    16.4000   -9.369853E-05  9.236844E-04  7.864143E+01
    16.4500   -6.954019E-04  1.053360E-03  7.926087E+01
    16.5000   -1.140724E-03  1.197142E-03  7.980238E+01
    16.5500   -1.304325E-03  1.327079E-03  8.029606E+01
    16.6000   -1.135677E-03  1.429875E-03  8.076364E+01
    16.6500   -6.693077E-04  1.500700E-03  8.121912E+01
    16.7000   -1.461206E-05  1.540056E-03  8.167192E+01
    16.7500    6.717175E-04  1.552372E-03  8.212890E+01
    16.8000    1.223666E-03  1.545316E-03  8.259525E+01
    16.8500    1.505166E-03  1.529256E-03  8.307447E+01
    16.9000    1.441593E-03  1.516386E-03  8.356759E+01
    16.9500    1.036542E-03  1.519075E-03  8.407203E+01
    17.0000    3.703692E-04  1.546964E-03  8.458124E+01
    17.0500   -4.178558E-04  1.605181E-03  8.508635E+01
    17.1000   -1.161410E-03  1.694288E-03  8.557827E+01
    17.1500   -1.702880E-03  1.808263E-03  8.605071E+01
    17.2000   -1.926594E-03  1.937750E-03  8.650116E+01
    17.2500   -1.781514E-03  2.072321E-03  8.692997E+01
    17.3000   -1.289463E-03  2.202026E-03  8.733900E+01
    17.3500   -5.376850E-04  2.318215E-03  8.773052E+01
    17.4000    3.417478E-04  2.413859E-03  8.810665E+01
    17.4500    1.200433E-03  2.483647E-03  8.846905E+01
    17.5000    1.903393E-03  2.523973E-03  8.881892E+01
    17.5500    2.353639E-03  2.532906E-03  8.915690E+01
    17.6000    2.506730E-03  2.510149E-03  8.948319E+01
    17.6500    2.373112E-03  2.457006E-03  8.979746E+01
    17.7000    2.008934E-03  2.376360E-03  9.009891E+01
    17.7500    1.498550E-03  2.272660E-03  9.038619E+01
    17.8000    9.334701E-04  2.151930E-03  9.065750E+01
    17.8500    3.928733E-04  2.021747E-03  9.091062E+01
    17.9000   -7.010031E-05  1.891160E-03  9.114326E+01
    17.9500   -4.338622E-04  1.770364E-03  9.135378E+01
    18.0000   -7.055315E-04  1.671132E-03  9.154204E+01
    18.0500   -9.132837E-04  1.604658E-03  9.171165E+01
    18.1000   -1.089563E-03  1.573524E-03  9.187105E+01
    18.1500   -1.258892E-03  1.577905E-03  9.202987E+01
    18.2000   -1.430416E-03  1.612667E-03  9.219697E+01
    18.2500   -1.594983E-03  1.669044E-03  9.237797E+01
    18.3000   -1.727940E-03  1.737010E-03  9.257475E+01
    18.3500   -1.796355E-03  1.807172E-03  9.278645E+01
    18.4000   -1.768418E-03  1.871752E-03  9.301082E+01
    18.4500   -1.622438E-03  1.924875E-03  9.324517E+01
    18.5000   -1.353261E-03  1.962470E-03  9.348688E+01
    18.5500   -9.747245E-04  1.982036E-03  9.373365E+01
    18.6000   -5.179147E-04  1.982378E-03  9.398345E+01
    18.6500   -2.592110E-05  1.963354E-03  9.423458E+01
    18.7000    4.534784E-04  1.925649E-03  9.448551E+01
    18.7500    8.755341E-04  1.870591E-03  9.473486E+01
    18.8000    1.205115E-03  1.799991E-03  9.498133E+01
    18.8500    1.421098E-03  1.716024E-03  9.522355E+01
    18.9000    1.518070E-03  1.621154E-03  9.546004E+01
    18.9500    1.505405E-03  1.518113E-03  9.568910E+01
    19.0000    1.404994E-03  1.410697E-03  9.590852E+01
    19.0500    1.246373E-03  1.303573E-03  9.611591E+01
    19.1000    1.057076E-03  1.198321E-03  9.630900E+01
    19.1500    8.640464E-04  1.099055E-03  9.648478E+01
    19.2000    6.880454E-04  1.010634E-03  9.664051E+01
    19.2500    5.409530E-04  9.385388E-04  9.677508E+01
    19.3000    4.245046E-04  8.881940E-04  9.689106E+01
    19.3500    3.307546E-04  8.635657E-04  9.699632E+01
    19.4000    2.444014E-04  8.654871E-04  9.710309E+01
    19.4500    1.467952E-04  8.908519E-04  9.722384E+01
    19.5000    2.103985E-05  9.333894E-04  9.736683E+01
    19.5500   -1.428064E-04  9.853854E-04  9.753481E+01
    19.6000   -3.436782E-04  1.039199E-03  9.772643E+01
    19.6500   -5.677992E-04  1.088079E-03  9.793837E+01
    19.7000   -7.901174E-04  1.126444E-03  9.816677E+01
    19.7500   -9.789422E-04  1.149898E-03  9.840789E+01
    19.8000   -1.102963E-03  1.155199E-03  9.865830E+01
    19.8500   -1.139044E-03  1.140217E-03  9.891480E+01
    19.9000   -1.078755E-03  1.103939E-03  9.917418E+01
    19.9500   -9.317262E-04  1.046495E-03  9.943289E+01