# # tequil.ion_motion                                            FEFF 9.05   
# # POT  SCF  30  5.5000   1, core-hole, AFOLP (folp(0)= 1.150)
# # Abs   Z=30 Rmt= 1.290 Rnm= 1.410 K  shell
# # Pot 1 Z=26 Rmt= 1.288 Rnm= 1.394
# # Pot 2 Z= 8 Rmt= 0.957 Rnm= 1.082
# # Gam_ch=1.897E+00 H-L exch
# # Mu=-1.151E+01 kf=2.180E+00 Vint=-1.844E+01 Rs_int= 1.664
# # PATH  Rmax= 8.500,  Keep_limit= 0.00, Heap_limit 0.00  Pwcrit= 2.50%
#  S02=1.000                                        Global_sig2= 0.00000
#  Energy zero shift, vr, vi   -2.00000E+00   0.00000E+00
#  Curved wave amplitude ratio filter   4.000%
#     file         sig2 tot  cw amp ratio   deg  nlegs   reff  inp sig2
#           1       0.00000    100.00      1.00     2   1.9126
#           2       0.00000     92.41      1.00     2   1.9713
#           3       0.00000     89.65      1.00     2   1.9943
#           4       0.00000     62.87      1.00     2   2.2838
#           5       0.00000     59.54      1.00     2   2.3316
#           6       0.00000     44.21      1.00     2   2.6092
#           7       0.00000     30.39      1.00     2   2.9779
#           8       0.00000     30.17      1.00     2   2.9875
#           9       0.00000     29.43      1.00     2   3.0202
#          10       0.00000     27.09      1.00     2   3.1310
#          11       0.00000     26.73      1.00     2   3.1495
#          12       0.00000     25.40      1.00     2   3.2187
#          13       0.00000     23.96      1.00     2   3.2993
#          14       0.00000     45.41      2.00     2   3.3379
#          15       0.00000     14.77      2.00     3   3.4128
#          16       0.00000     21.28      1.00     2   3.4170
#          17       0.00000     21.11      1.00     2   3.4269
#          18       0.00000     17.44      2.00     3   3.4774
#          19       0.00000     10.43      2.00     3   3.5084
#          20       0.00000     19.63      1.00     2   3.5180
#          21       0.00000     10.08      2.00     3   3.5477
#          22       0.00000     19.16      1.00     2   3.5487
#          23       0.00000     10.07      2.00     3   3.5486
#          24       0.00000      9.32      2.00     3   3.5614
#          25       0.00000     19.84      1.00     2   3.5649
#          26       0.00000      9.99      2.00     3   3.5657
#          27       0.00000      9.46      2.00     3   3.5679
#          28       0.00000     15.14      2.00     3   3.5724
#          29       0.00000      9.08      2.00     3   3.5785
#          30       0.00000     10.95      2.00     3   3.5965
#          31       0.00000      7.39      2.00     3   3.5977
#          32       0.00000     16.18      2.00     3   3.6016
#          33       0.00000      9.99      2.00     3   3.6028
#          34       0.00000      9.24      2.00     3   3.6054
#          35       0.00000      7.69      2.00     3   3.6356
#          36       0.00000     18.20      1.00     2   3.6899
#          37       0.00000      9.03      2.00     3   3.7236
#          38       0.00000      7.47      2.00     3   3.7458
#          39       0.00000      7.33      2.00     3   3.7482
#          40       0.00000      5.42      1.00     4   3.8054
#          41       0.00000     13.86      2.00     3   3.8204
#          42       0.00000     11.30      1.00     4   3.8251
#          43       0.00000      6.14      1.00     4   3.8381
#          44       0.00000     16.37      1.00     2   3.8461
#          45       0.00000     16.34      1.00     2   3.8490
#          47       0.00000      4.49      1.00     4   3.9040
#          48       0.00000      4.64      2.00     4   3.9069
#          49       0.00000     15.70      1.00     2   3.9085
#          50       0.00000      5.74      2.00     3   3.9249
#          51       0.00000      4.57      1.00     4   3.9261
#          52       0.00000     12.46      2.00     3   3.9388
#          53       0.00000      9.58      1.00     4   3.9425
#          54       0.00000     15.22      1.00     2   3.9560
#          56       0.00000      8.99      1.00     4   3.9887
#          57       0.00000      8.87      2.00     3   3.9898
#          58       0.00000     13.73      1.00     2   3.9934
#          59       0.00000     13.52      1.00     2   4.0145
#          60       0.00000      8.90      2.00     3   4.0361
#          61       0.00000     13.29      1.00     2   4.0388
#          62       0.00000      4.86      1.00     4   4.0388
#          63       0.00000      8.67      2.00     3   4.0399
#          64       0.00000     12.33      2.00     3   4.0552
#          65       0.00000      4.31      1.00     4   4.0760
#          66       0.00000      4.48      1.00     4   4.0769
#          67       0.00000     17.39      2.00     3   4.0832
#          68       0.00000      7.43      2.00     3   4.1114
#          69       0.00000     10.90      2.00     3   4.1454
#          70       0.00000      4.29      1.00     4   4.1876
#          71       0.00000      4.60      1.00     4   4.1906
#          72       0.00000     12.84      2.00     4   4.1964
#          73       0.00000     10.46      2.00     3   4.2209
#          74       0.00000     16.98      2.00     3   4.2442
#          75       0.00000      6.82      2.00     3   4.2523
#          76       0.00000      6.65      2.00     3   4.2585
#          77       0.00000      4.41      1.00     4   4.2613
#          78       0.00000     13.28      2.00     4   4.3259
#          79       0.00000      9.74      2.00     3   4.3438
#          80       0.00000     10.63      1.00     2   4.3628
#          81       0.00000     10.58      1.00     2   4.3699
#          83       0.00000     10.42      1.00     2   4.3925
#          84       0.00000     10.32      1.00     2   4.4058
#          85       0.00000     10.14      1.00     2   4.4336
#          86       0.00000     23.34      2.00     3   4.4494
#          87       0.00000     10.01      1.00     2   4.4525
#          88       0.00000      9.99      1.00     2   4.4555
#          89       0.00000      9.97      1.00     2   4.4580
#          90       0.00000      7.47      2.00     3   4.4578
#          91       0.00000      9.94      1.00     2   4.4638
#          93       0.00000      9.73      1.00     2   4.4948
#          94       0.00000     13.76      2.00     3   4.5011
#          95       0.00000     14.82      1.00     4   4.5063
#          96       0.00000      6.89      2.00     3   4.5096
#          97       0.00000     20.20      2.00     3   4.5129
#          98       0.00000     15.39      2.00     3   4.5204
#          99       0.00000     19.81      2.00     3   4.5418
#         100       0.00000      4.36      1.00     4   4.5676
#         101       0.00000     10.51      2.00     4   4.5805
#         102       0.00000     12.10      1.00     4   4.5922
#         103       0.00000     13.53      2.00     3   4.6188
#         104       0.00000     11.83      1.00     4   4.6198
#         105       0.00000      8.93      1.00     2   4.6273
#         106       0.00000     13.06      2.00     3   4.6320
#         107       0.00000      8.74      1.00     2   4.6620
#         109       0.00000      8.14      1.00     4   4.6710
#         110       0.00000      4.65      2.00     3   4.6824
#         112       0.00000      8.45      1.00     2   4.7141
#         113       0.00000      4.45      2.00     3   4.7182
#         114       0.00000      8.40      1.00     2   4.7235
#         115       0.00000      4.28      2.00     3   4.7455
#         116       0.00000     13.47      2.00     3   4.7647
#         117       0.00000      8.18      1.00     2   4.7658
#         118       0.00000      7.54      2.00     3   4.7844
#         119       0.00000      6.70      2.00     3   4.7853
#         120       0.00000      6.86      1.00     4   4.7851
#         121       0.00000      7.95      2.00     3   4.7986
#         122       0.00000      8.00      1.00     2   4.8013
#         123       0.00000      6.52      1.00     4   4.8060
#         124       0.00000      7.92      2.00     3   4.8074
#         125       0.00000      5.65      2.00     3   4.8137
#         126       0.00000      7.78      1.00     2   4.8452
#         127       0.00000     12.78      2.00     3   4.8563
#         128       0.00000      7.13      2.00     3   4.8611
#         129       0.00000      7.51      2.00     3   4.8630
#         131       0.00000      7.63      1.00     2   4.8784
#         132       0.00000      5.05      2.00     3   4.8907
#         133       0.00000      5.54      2.00     4   4.8905
#         134       0.00000      6.03      2.00     3   4.8908
#         135       0.00000      5.43      2.00     3   4.8988
#         138       0.00000      7.17      1.00     4   4.9021
#         140       0.00000      6.60      2.00     3   4.9054
#         141       0.00000     11.48      2.00     3   4.9173
#         142       0.00000      4.46      2.00     3   4.9381
#         143       0.00000      8.28      1.00     2   4.9451
#         144       0.00000      8.25      1.00     2   4.9513
#         145       0.00000      4.66      2.00     4   4.9587
#         148       0.00000      4.39      2.00     3   4.9819
#         149       0.00000      6.76      1.00     4   4.9891
#         150       0.00000      4.43      2.00     3   5.0128
#         151       0.00000      4.14      2.00     4   5.0146
#         153       0.00000      5.92      2.00     3   5.0263
#         154       0.00000     11.74      2.00     3   5.0350
#         156       0.00000     10.44      2.00     3   5.0481
#         157       0.00000      6.22      2.00     3   5.0509
#         158       0.00000      7.77      1.00     2   5.0569
#         159       0.00000      4.51      2.00     4   5.0616
#         161       0.00000      5.87      1.00     4   5.0688
#         164       0.00000      5.84      1.00     4   5.1186
#         165       0.00000      6.15      2.00     3   5.1232
#         166       0.00000      7.43      1.00     2   5.1364
#         168       0.00000      5.12      1.00     4   5.1510
#         169       0.00000      6.68      2.00     3   5.1588
#         170       0.00000      8.34      2.00     3   5.1646
#         173       0.00000      6.32      1.00     2   5.1905
#         175       0.00000     15.39      2.00     3   5.1955
#         176       0.00000      6.29      1.00     2   5.1965
#         177       0.00000      5.49      2.00     3   5.1969
#         178       0.00000      8.98      2.00     3   5.2005
#         179       0.00000      9.52      1.00     4   5.2005
#         180       0.00000     12.00      2.00     3   5.2021
#         181       0.00000      6.24      1.00     2   5.2110
#         183       0.00000     15.10      2.00     3   5.2145
#         184       0.00000      9.27      1.00     4   5.2181
#         185       0.00000      6.16      1.00     2   5.2343
#         186       0.00000      7.03      1.00     2   5.2359
#         187       0.00000      7.01      1.00     2   5.2419
#         188       0.00000      7.11      2.00     4   5.2502
#         189       0.00000      6.17      1.00     4   5.2677
#         191       0.00000      6.00      1.00     2   5.2791
#         192       0.00000     14.39      2.00     3   5.2833
#         194       0.00000      8.77      1.00     4   5.2876
#         198       0.00000      6.76      1.00     2   5.3065
#         199       0.00000      5.90      1.00     2   5.3081
#         200       0.00000      6.74      1.00     2   5.3119
#         201       0.00000      4.65      2.00     3   5.3132
#         202       0.00000      7.35      2.00     3   5.3155
#         203       0.00000      8.92      2.00     3   5.3172
#         205       0.00000      7.35      2.00     3   5.3342
#         208       0.00000      5.72      1.00     2   5.3592
#         210       0.00000      6.93      2.00     3   5.3613
#         211       0.00000      5.59      2.00     3   5.3637
#         214       0.00000      5.20      2.00     4   5.3981
#         215       0.00000      4.07      1.00     4   5.3985
#         217       0.00000      5.24      2.00     4   5.4114
#         218       0.00000      6.37      1.00     2   5.4167
#         219       0.00000      6.73      2.00     3   5.4286
#         222       0.00000      6.29      2.00     3   5.4349
#         226       0.00000      5.11      2.00     3   5.4706
#         229       0.00000      4.92      2.00     3   5.4818
#         230       0.00000      5.33      1.00     2   5.4824
#         231       0.00000      5.31      1.00     2   5.4910
#         232       0.00000      5.28      1.00     2   5.4993
#         233       0.00000      6.91      2.00     3   5.5214
#         234       0.00000      6.46      2.00     3   5.5336
#         236       0.00000      4.55      2.00     3   5.5487
#         238       0.00000      5.12      1.00     2   5.5541
#         240       0.00000      4.12      2.00     3   5.5669
#         241       0.00000      5.59      2.00     3   5.5726
#         242       0.00000      5.86      1.00     2   5.5748
#         244       0.00000      4.99      1.00     2   5.6024
#         247       0.00000      4.16      2.00     3   5.6421
#         248       0.00000      4.70      2.00     3   5.6536
#         253       0.00000      5.53      1.00     2   5.6826
#         254       0.00000      5.53      1.00     2   5.6851
#         255       0.00000      6.62      2.00     3   5.6855
#         256       0.00000      5.10      2.00     3   5.7007
#         257       0.00000      4.02      2.00     3   5.7013
#         265       0.00000      4.82      2.00     3   5.7466
#         266       0.00000      4.99      2.00     3   5.7505
#         267       0.00000      7.75      2.00     3   5.7593
#         269       0.00000      5.25      1.00     2   5.7841
#         276       0.00000      4.01      2.00     3   5.8062
#         280       0.00000      5.39      2.00     3   5.8152
#         282       0.00000      4.34      2.00     3   5.8401
#         289       0.00000      4.22      1.00     2   5.9046
#         291       0.00000      4.18      1.00     2   5.9226
#         292       0.00000      4.87      1.00     2   5.9298
#         293       0.00000      4.68      2.00     3   5.9437
#         297       0.00000      4.83      1.00     2   5.9489
#         298       0.00000      4.80      1.00     2   5.9579
#         299       0.00000      4.80      1.00     2   5.9599
#   220/ 275 paths used
#  -----------------------------------------------------------------------
#       k          chi          mag           phase @#
    -0.7000   -5.412777E-01  5.439936E-01 -1.670763E+00
    -0.6500   -5.259203E-01  5.266026E-01 -1.621707E+00
    -0.6000   -5.146656E-01  5.146800E-01 -1.578268E+00
    -0.5500   -5.062811E-01  5.065780E-01 -1.536557E+00
    -0.5000   -5.000162E-01  5.012966E-01 -1.499307E+00
    -0.4500   -4.951882E-01  4.979872E-01 -1.464721E+00
    -0.4000   -4.912795E-01  4.958734E-01 -1.434572E+00
    -0.3500   -4.883191E-01  4.951049E-01 -1.405043E+00
    -0.3000   -4.857709E-01  4.947572E-01 -1.379913E+00
    -0.2500   -4.835902E-01  4.946526E-01 -1.358911E+00
    -0.2000   -4.817703E-01  4.946760E-01 -1.341871E+00
    -0.1500   -4.805043E-01  4.950709E-01 -1.327614E+00
    -0.1000   -4.796233E-01  4.954773E-01 -1.317145E+00
    -0.0500   -4.790810E-01  4.957330E-01 -1.310872E+00
     0.0000   -4.788979E-01  4.958201E-01 -1.308782E+00
     0.0500   -4.787135E-01  4.959081E-01 -1.306693E+00
     0.1000   -4.781529E-01  4.961774E-01 -1.300430E+00
     0.1500   -4.771924E-01  4.966429E-01 -1.290003E+00
     0.2000   -4.757891E-01  4.973261E-01 -1.275426E+00
     0.2500   -4.738766E-01  4.982512E-01 -1.256712E+00
     0.3000   -4.713592E-01  4.994396E-01 -1.233873E+00
     0.3500   -4.682075E-01  5.011235E-01 -1.206334E+00
     0.4000   -4.644794E-01  5.039745E-01 -1.172267E+00
     0.4500   -4.595202E-01  5.072408E-01 -1.133550E+00
     0.5000   -4.529932E-01  5.108785E-01 -1.090146E+00
     0.5500   -4.446876E-01  5.153626E-01 -1.040908E+00
     0.6000   -4.341454E-01  5.212917E-01 -9.841942E-01
     0.6500   -4.203117E-01  5.274272E-01 -9.221618E-01
     0.7000   -4.025552E-01  5.340241E-01 -8.538483E-01
     0.7500   -3.797833E-01  5.420368E-01 -7.763216E-01
     0.8000   -3.512114E-01  5.496993E-01 -6.930877E-01
     0.8500   -3.159921E-01  5.577425E-01 -6.023198E-01
     0.9000   -2.730718E-01  5.661196E-01 -5.033435E-01
     0.9500   -2.226234E-01  5.733085E-01 -3.988006E-01
     1.0000   -1.630866E-01  5.807199E-01 -2.846642E-01
     1.0500   -9.612065E-02  5.865085E-01 -1.646288E-01
     1.1000   -2.234437E-02  5.908638E-01 -3.782546E-02
     1.1500    5.710797E-02  5.937219E-01  9.633533E-02
     1.2000    1.381744E-01  5.938686E-01  2.348204E-01
     1.2500    2.204744E-01  5.923845E-01  3.813580E-01
     1.3000    2.976697E-01  5.876733E-01  5.311467E-01
     1.3500    3.680464E-01  5.804948E-01  6.867430E-01
     1.4000    4.267595E-01  5.702177E-01  8.456692E-01
     1.4500    4.711765E-01  5.570583E-01  1.008119E+00
     1.5000    4.990182E-01  5.411126E-01  1.173752E+00
     1.5500    5.085906E-01  5.223601E-01  1.340680E+00
     1.6000    5.003968E-01  5.013146E-01  1.510274E+00
     1.6500    4.752100E-01  4.780066E-01  1.679021E+00
     1.7000    4.355854E-01  4.531116E-01  1.849836E+00
     1.7500    3.848341E-01  4.268481E-01  2.018204E+00
     1.8000    3.263066E-01  3.997510E-01  2.186660E+00
     1.8500    2.644346E-01  3.723356E-01  2.351803E+00
     1.9000    2.016374E-01  3.448136E-01  2.516993E+00
     1.9500    1.418259E-01  3.177584E-01  2.678930E+00
     2.0000    8.781265E-02  2.917575E-01  2.835874E+00
     2.0500    4.081135E-02  2.671344E-01  2.988217E+00
     2.1000    1.197958E-03  2.431681E-01  3.136666E+00
     2.1500   -3.041995E-02  2.199437E-01  3.280345E+00
     2.2000   -5.452134E-02  1.985161E-01  3.419812E+00
     2.2500   -7.196967E-02  1.786447E-01  3.556237E+00
     2.3000   -8.292383E-02  1.594987E-01  3.688330E+00
     2.3500   -8.661689E-02  1.399193E-01  3.809123E+00
     2.4000   -8.531899E-02  1.214055E-01  3.920863E+00
     2.4500   -7.986919E-02  1.039498E-01  4.017842E+00
     2.5000   -7.142213E-02  8.794601E-02  4.089358E+00
     2.5500   -6.266134E-02  7.667868E-02  4.098118E+00
     2.6000   -5.560912E-02  6.936871E-02  4.071636E+00
     2.6500   -5.176817E-02  6.634232E-02  4.036768E+00
     2.7000   -5.157496E-02  6.671844E-02  4.025187E+00
     2.7500   -5.420459E-02  6.851555E-02  4.054244E+00
     2.8000   -5.885786E-02  7.141687E-02  4.110284E+00
     2.8500   -6.493730E-02  7.483869E-02  4.192143E+00
     2.9000   -7.157361E-02  7.824631E-02  4.296412E+00
     2.9500   -7.780930E-02  8.146176E-02  4.411804E+00
     3.0000   -8.312237E-02  8.437456E-02  4.539891E+00
     3.0500   -8.673694E-02  8.678321E-02  4.679732E+00
     3.1000   -8.796792E-02  8.856866E-02  4.828926E+00
     3.1500   -8.646306E-02  8.970571E-02  4.982083E+00
     3.2000   -8.214594E-02  9.032693E-02  5.141276E+00
     3.2500   -7.482376E-02  9.030963E-02  5.306717E+00
     3.3000   -6.470936E-02  8.954350E-02  5.475545E+00
     3.3500   -5.262160E-02  8.823012E-02  5.644160E+00
     3.4000   -3.915105E-02  8.651046E-02  5.813553E+00
     3.4500   -2.480673E-02  8.427566E-02  5.984408E+00
     3.5000   -1.032423E-02  8.154632E-02  6.156239E+00
     3.5500    3.410663E-03  7.836252E-02  6.326723E+00
     3.6000    1.569913E-02  7.486058E-02  6.494465E+00
     3.6500    2.621823E-02  7.110373E-02  6.660830E+00
     3.7000    3.464383E-02  6.713356E-02  6.825411E+00
     3.7500    4.077035E-02  6.305655E-02  6.986262E+00
     3.8000    4.464706E-02  5.902143E-02  7.141061E+00
     3.8500    4.649327E-02  5.498161E-02  7.290901E+00
     3.9000    4.655023E-02  5.095870E-02  7.434965E+00
     3.9500    4.514966E-02  4.702623E-02  7.570528E+00
     4.0000    4.279246E-02  4.334639E-02  7.693941E+00
     4.0500    3.987790E-02  3.992199E-02  7.806982E+00
     4.1000    3.677182E-02  3.682613E-02  7.908295E+00
     4.1500    3.387342E-02  3.421486E-02  7.995374E+00
     4.2000    3.161935E-02  3.234916E-02  8.066799E+00
     4.2500    2.990041E-02  3.109801E-02  8.132406E+00
     4.3000    2.865961E-02  3.045034E-02  8.198637E+00
     4.3500    2.778250E-02  3.039851E-02  8.271883E+00
     4.4000    2.718565E-02  3.105398E-02  8.358449E+00
     4.4500    2.614331E-02  3.193158E-02  8.465584E+00
     4.5000    2.423458E-02  3.277212E-02  8.592469E+00
     4.5500    2.125016E-02  3.341750E-02  8.735605E+00
     4.6000    1.719127E-02  3.393699E-02  8.893582E+00
     4.6500    1.206104E-02  3.397603E-02  9.061878E+00
     4.7000    6.266607E-03  3.346299E-02  9.236396E+00
     4.7500    3.784559E-04  3.239638E-02  9.413096E+00
     4.8000   -5.069220E-03  3.096859E-02  9.589207E+00
     4.8500   -9.496108E-03  2.901788E-02  9.758170E+00
     4.9000   -1.249576E-02  2.664571E-02  9.912890E+00
     4.9500   -1.395267E-02  2.403574E-02  1.004412E+01
     5.0000   -1.420857E-02  2.156684E-02  1.014402E+01
     5.0500   -1.359874E-02  1.943297E-02  1.019986E+01
     5.1000   -1.275322E-02  1.803490E-02  1.021022E+01
     5.1500   -1.232103E-02  1.771111E-02  1.019413E+01
     5.2000   -1.292290E-02  1.860338E-02  1.019272E+01
     5.2500   -1.470991E-02  2.039390E-02  1.023044E+01
     5.3000   -1.763770E-02  2.270806E-02  1.031421E+01
     5.3500   -2.136407E-02  2.519630E-02  1.043680E+01
     5.4000   -2.537052E-02  2.760490E-02  1.059046E+01
     5.4500   -2.894963E-02  2.975930E-02  1.076177E+01
     5.5000   -3.152491E-02  3.156746E-02  1.094365E+01
     5.5500   -3.269214E-02  3.299374E-02  1.113089E+01
     5.6000   -3.224981E-02  3.403462E-02  1.132086E+01
     5.6500   -3.028968E-02  3.476957E-02  1.150882E+01
     5.7000   -2.704687E-02  3.529057E-02  1.169314E+01
     5.7500   -2.280703E-02  3.570485E-02  1.187348E+01
     5.8000   -1.782082E-02  3.613581E-02  1.205065E+01
     5.8500   -1.223377E-02  3.667912E-02  1.222632E+01
     5.9000   -6.062388E-03  3.739023E-02  1.240351E+01
     5.9500    7.330797E-04  3.827611E-02  1.258552E+01
     6.0000    8.179000E-03  3.937942E-02  1.277559E+01
     6.0500    1.613817E-02  4.055723E-02  1.297561E+01
     6.1000    2.422176E-02  4.168257E-02  1.318645E+01
     6.1500    3.179404E-02  4.263235E-02  1.340806E+01
     6.2000    3.804542E-02  4.329186E-02  1.363974E+01
     6.2500    4.213698E-02  4.356538E-02  1.388039E+01
     6.3000    4.338112E-02  4.338265E-02  1.412877E+01
     6.3500    4.141171E-02  4.270193E-02  1.438361E+01
     6.4000    3.629784E-02  4.151062E-02  1.464372E+01
     6.4500    2.856830E-02  3.982405E-02  1.490795E+01
     6.5000    1.919067E-02  3.774787E-02  1.517465E+01
     6.5500    9.267537E-03  3.527166E-02  1.544209E+01
     6.6000   -3.780991E-05  3.245620E-02  1.570913E+01
     6.6500   -7.743065E-03  2.939237E-02  1.597455E+01
     6.7000   -1.321533E-02  2.617828E-02  1.623714E+01
     6.7500   -1.623983E-02  2.291363E-02  1.649568E+01
     6.8000   -1.699453E-02  1.969414E-02  1.674899E+01
     6.8500   -1.594688E-02  1.660586E-02  1.699610E+01
     6.9000   -1.370749E-02  1.371973E-02  1.723651E+01
     6.9500   -1.088271E-02  1.108657E-02  1.747083E+01
     7.0000   -7.993801E-03  8.735123E-03  1.769372E+01
     7.0500   -5.361933E-03  6.647552E-03  1.791117E+01
     7.1000   -3.140654E-03  4.795888E-03  1.813555E+01
     7.1500   -1.381376E-03  3.138712E-03  1.839384E+01
     7.2000   -9.449791E-05  1.653534E-03  1.879238E+01
     7.2500    6.956105E-04  7.277289E-04  2.012215E+01
     7.3000    9.296547E-04  1.680798E-03  2.140506E+01
     7.3500    5.318590E-04  3.098400E-03  2.181864E+01
     7.4000   -5.427579E-04  4.568053E-03  2.211025E+01
     7.4500   -2.254137E-03  6.029416E-03  2.237431E+01
     7.5000   -4.505683E-03  7.470111E-03  2.263861E+01
     7.5500   -6.980161E-03  8.837091E-03  2.290175E+01
     7.6000   -9.275517E-03  1.006902E-02  2.316229E+01
     7.6500   -1.101020E-02  1.112171E-02  2.342022E+01
     7.7000   -1.188557E-02  1.196113E-02  2.367440E+01
     7.7500   -1.175714E-02  1.256760E-02  2.392304E+01
     7.8000   -1.066529E-02  1.293945E-02  2.416387E+01
     7.8500   -8.814625E-03  1.309576E-02  2.439436E+01
     7.9000   -6.507575E-03  1.307802E-02  2.461192E+01
     7.9500   -4.053409E-03  1.294958E-02  2.481438E+01
     8.0000   -1.669315E-03  1.283934E-02  2.500236E+01
     8.0500    5.621311E-04  1.281748E-02  2.517661E+01
     8.1000    2.679269E-03  1.293809E-02  2.534133E+01
     8.1500    4.808789E-03  1.324748E-02  2.550422E+01
     8.2000    7.076806E-03  1.374506E-02  2.567359E+01
     8.2500    9.517505E-03  1.438298E-02  2.585585E+01
     8.3000    1.201071E-02  1.507957E-02  2.605421E+01
     8.3500    1.427417E-02  1.573789E-02  2.626883E+01
     8.4000    1.591899E-02  1.626169E-02  2.649788E+01
     8.4500    1.655573E-02  1.656582E-02  2.673844E+01
     8.5000    1.593990E-02  1.660592E-02  2.698771E+01
     8.5500    1.402332E-02  1.632844E-02  2.724136E+01
     8.6000    1.103583E-02  1.569572E-02  2.749457E+01
     8.6500    7.466908E-03  1.470964E-02  2.774191E+01
     8.7000    3.941859E-03  1.340215E-02  2.797580E+01
     8.7500    1.061862E-03  1.184433E-02  2.818456E+01
     8.8000   -7.616656E-04  1.016634E-02  2.834932E+01
     8.8500   -1.429198E-03  8.598650E-03  2.844132E+01
     8.9000   -1.192636E-03  7.525652E-03  2.843348E+01
     8.9500   -5.953938E-04  7.409677E-03  2.835477E+01
     9.0000   -3.449361E-04  8.409633E-03  2.831536E+01
     9.0500   -1.076924E-03  1.019194E-02  2.838020E+01
     9.1000   -3.159951E-03  1.233578E-02  2.853338E+01
     9.1500   -6.587621E-03  1.455227E-02  2.874411E+01
     9.2000   -1.093326E-02  1.665694E-02  2.899034E+01
     9.2500   -1.543124E-02  1.852641E-02  2.925872E+01
     9.3000   -1.915425E-02  2.007463E-02  2.954115E+01
     9.3500   -2.124052E-02  2.124223E-02  2.983246E+01
     9.4000   -2.111084E-02  2.199177E-02  3.012913E+01
     9.4500   -1.861701E-02  2.230572E-02  3.042847E+01
     9.5000   -1.408020E-02  2.219617E-02  3.072876E+01
     9.5500   -8.210257E-03  2.168271E-02  3.102758E+01
     9.6000   -1.946327E-03  2.079299E-02  3.132218E+01
     9.6500    3.773160E-03  1.957916E-02  3.160985E+01
     9.7000    8.222095E-03  1.810962E-02  3.188720E+01
     9.7500    1.103060E-02  1.646935E-02  3.214982E+01
     9.8000    1.222723E-02  1.476100E-02  3.239208E+01
     9.8500    1.217401E-02  1.310639E-02  3.260725E+01
     9.9000    1.141870E-02  1.164545E-02  3.278906E+01
     9.9500    1.051071E-02  1.052430E-02  3.293589E+01
    10.0000    9.863788E-03  9.888950E-03  3.305807E+01
    10.0500    9.588253E-03  9.767372E-03  3.317853E+01
    10.1000    9.494994E-03  1.005305E-02  3.332148E+01
    10.1500    9.221735E-03  1.059200E-02  3.350103E+01
    10.2000    8.347716E-03  1.122206E-02  3.371868E+01
    10.2500    6.554495E-03  1.181312E-02  3.396934E+01
    10.3000    3.756172E-03  1.227586E-02  3.424655E+01
    10.3500    1.599536E-04  1.255633E-02  3.454478E+01
    10.4000   -3.760727E-03  1.262825E-02  3.485991E+01
    10.4500   -7.372528E-03  1.248648E-02  3.518912E+01
    10.5000   -1.003728E-02  1.214201E-02  3.553066E+01
    10.5500   -1.127198E-02  1.161817E-02  3.588359E+01
    10.6000   -1.086970E-02  1.094754E-02  3.624764E+01
    10.6500   -8.949654E-03  1.016920E-02  3.662309E+01
    10.7000   -5.925359E-03  9.326247E-03  3.701066E+01
    10.7500   -2.402602E-03  8.463379E-03  3.741127E+01
    10.8000    9.628621E-04  7.624259E-03  3.782574E+01
    10.8500    3.609055E-03  6.848509E-03  3.825416E+01
    10.9000    5.176652E-03  6.168060E-03  3.869505E+01
    10.9500    5.559065E-03  5.603112E-03  3.914444E+01
    11.0000    4.888872E-03  5.160499E-03  3.959580E+01
    11.0500    3.461221E-03  4.831129E-03  4.004202E+01
    11.1000    1.645138E-03  4.595927E-03  4.047463E+01
    11.1500   -2.030028E-04  4.432121E-03  4.088652E+01
    11.2000   -1.810748E-03  4.317903E-03  4.127344E+01
    11.2500   -3.020324E-03  4.237422E-03  4.163415E+01
    11.3000   -3.781166E-03  4.182226E-03  4.196998E+01
    11.3500   -4.116017E-03  4.149546E-03  4.228429E+01
    11.4000   -4.078803E-03  4.138757E-03  4.258192E+01
    11.4500   -3.721842E-03  4.147528E-03  4.286854E+01
    11.5000   -3.083325E-03  4.169016E-03  4.314985E+01
    11.5500   -2.196058E-03  4.190960E-03  4.343076E+01
    11.6000   -1.109207E-03  4.196667E-03  4.371481E+01
    11.6500    9.067171E-05  4.167207E-03  4.400406E+01
    11.7000    1.272669E-03  4.083906E-03  4.429921E+01
    11.7500    2.276191E-03  3.930522E-03  4.459993E+01
    11.8000    2.945858E-03  3.694826E-03  4.490509E+01
    11.8500    3.176351E-03  3.369598E-03  4.521278E+01
    11.9000    2.951542E-03  2.953169E-03  4.551990E+01
    11.9500    2.362405E-03  2.449727E-03  4.582090E+01
    12.0000    1.596635E-03  1.872114E-03  4.610247E+01
    12.0500    8.903773E-04  1.240418E-03  4.632325E+01
    12.1000    4.639862E-04  6.164251E-04  4.627173E+01
    12.1500    4.627451E-04  5.002824E-04  4.516325E+01
    12.2000    9.050742E-04  1.123320E-03  4.491918E+01
    12.2500    1.668756E-03  1.842574E-03  4.511524E+01
    12.3000    2.518001E-03  2.548265E-03  4.539882E+01
    12.3500    3.165455E-03  3.206056E-03  4.571241E+01
    12.4000    3.352278E-03  3.792201E-03  4.603955E+01
    12.4500    2.923328E-03  4.287601E-03  4.637366E+01
    12.5000    1.875231E-03  4.677136E-03  4.671135E+01
    12.5500    3.627371E-04  4.949850E-03  4.705054E+01
    12.6000   -1.339103E-03  5.099246E-03  4.738961E+01
    12.6500   -2.906336E-03  5.123510E-03  4.772706E+01
    12.7000   -4.050505E-03  5.025651E-03  4.806120E+01
    12.7500   -4.591707E-03  4.813550E-03  4.838991E+01
    12.8000   -4.499476E-03  4.500022E-03  4.871026E+01
    12.8500   -3.890464E-03  4.103011E-03  4.901797E+01
    12.9000   -2.984876E-03  3.646223E-03  4.930648E+01
    12.9500   -2.035907E-03  3.160704E-03  4.956560E+01
    13.0000   -1.252942E-03  2.691862E-03  4.978133E+01
    13.0500   -7.446712E-04  2.296937E-03  4.993531E+01
    13.1000   -5.014391E-04  2.043232E-03  5.001754E+01
    13.1500   -4.038403E-04  1.993025E-03  5.006144E+01
    13.2000   -2.748182E-04  2.143990E-03  5.013695E+01
    13.2500    5.039432E-05  2.427766E-03  5.028624E+01
    13.3000    6.589927E-04  2.766357E-03  5.050601E+01
    13.3500    1.521200E-03  3.103919E-03  5.077768E+01
    13.4000    2.489649E-03  3.406357E-03  5.108510E+01
    13.4500    3.338142E-03  3.654137E-03  5.141735E+01
    13.5000    3.827969E-03  3.837070E-03  5.176739E+01
    13.5500    3.781299E-03  3.951244E-03  5.213063E+01
    13.6000    3.138918E-03  3.997151E-03  5.250391E+01
    13.6500    1.984407E-03  3.978387E-03  5.288487E+01
    13.7000    5.271620E-04  3.900635E-03  5.327151E+01
    13.7500   -9.507678E-04  3.770795E-03  5.366197E+01
    13.8000   -2.168135E-03  3.596255E-03  5.405419E+01
    13.8500   -2.916427E-03  3.384322E-03  5.444578E+01
    13.9000   -3.109300E-03  3.141897E-03  5.483370E+01
    13.9500   -2.795715E-03  2.875480E-03  5.521396E+01
    14.0000   -2.137826E-03  2.594811E-03  5.558044E+01
    14.0500   -1.349492E-03  2.310405E-03  5.592491E+01
    14.1000   -6.213858E-04  2.028823E-03  5.623739E+01
    14.1500   -8.120021E-05  1.768667E-03  5.650274E+01
    14.2000    2.420743E-04  1.560172E-03  5.670446E+01
    14.2500    4.138237E-04  1.446246E-03  5.683886E+01
    14.3000    5.579331E-04  1.466812E-03  5.693887E+01
    14.3500    8.021240E-04  1.628271E-03  5.706377E+01
    14.4000    1.222974E-03  1.899139E-03  5.724833E+01
    14.4500    1.808888E-03  2.237106E-03  5.749041E+01
    14.5000    2.453358E-03  2.607044E-03  5.777439E+01
    14.5500    2.981118E-03  2.982793E-03  5.808595E+01
    14.6000    3.199358E-03  3.344340E-03  5.841499E+01
    14.6500    2.958281E-03  3.675571E-03  5.875484E+01
    14.7000    2.202276E-03  3.963119E-03  5.910106E+01
    14.7500    9.958393E-04  4.195938E-03  5.945064E+01
    14.8000   -4.840368E-04  4.365243E-03  5.980137E+01
    14.8500   -1.987226E-03  4.464612E-03  6.015155E+01
    14.9000   -3.250428E-03  4.490145E-03  6.049970E+01
    14.9500   -4.060702E-03  4.440622E-03  6.084439E+01
    15.0000   -4.310056E-03  4.322517E-03  6.118511E+01
    15.0500   -4.004440E-03  4.142990E-03  6.152040E+01
    15.1000   -3.252022E-03  3.899769E-03  6.184571E+01
    15.1500   -2.249494E-03  3.603722E-03  6.215773E+01
    15.2000   -1.212757E-03  3.269406E-03  6.245183E+01
    15.2500   -3.208132E-04  2.915663E-03  6.272160E+01
    15.3000    3.241861E-04  2.566600E-03  6.295850E+01
    15.3500    7.107932E-04  2.252602E-03  6.315288E+01
    15.4000    9.045006E-04  2.009495E-03  6.329875E+01
    15.4500    1.013100E-03  1.871113E-03  6.340400E+01
    15.5000    1.143581E-03  1.852638E-03  6.349712E+01
    15.5500    1.364481E-03  1.937916E-03  6.361300E+01
    15.6000    1.684736E-03  2.088541E-03  6.377033E+01
    15.6500    2.054063E-03  2.264047E-03  6.396856E+01
    15.7000    2.382769E-03  2.433291E-03  6.419852E+01
    15.7500    2.573008E-03  2.575915E-03  6.445016E+01
    15.8000    2.550543E-03  2.680357E-03  6.471515E+01
    15.8500    2.286901E-03  2.741765E-03  6.498695E+01
    15.9000    1.805703E-03  2.760535E-03  6.526044E+01
    15.9500    1.172648E-03  2.741319E-03  6.553142E+01
    16.0000    4.746736E-04  2.693942E-03  6.579632E+01
    16.0500   -2.079955E-04  2.631294E-03  6.605258E+01
    16.1000   -8.202182E-04  2.562842E-03  6.629922E+01
    16.1500   -1.335448E-03  2.501711E-03  6.653655E+01
    16.2000   -1.753265E-03  2.459495E-03  6.676701E+01
    16.2500   -2.084833E-03  2.444132E-03  6.699514E+01
    16.3000   -2.335442E-03  2.458289E-03  6.722677E+01
    16.3500   -2.491694E-03  2.499048E-03  6.746751E+01
    16.4000   -2.518995E-03  2.559082E-03  6.772147E+01
    16.4500   -2.370991E-03  2.628718E-03  6.799076E+01
    16.5000   -2.008022E-03  2.698009E-03  6.827561E+01
    16.5500   -1.418077E-03  2.758219E-03  6.857505E+01
    16.6000   -6.324590E-04  2.802632E-03  6.888741E+01
    16.6500    2.701921E-04  2.826825E-03  6.921077E+01
    16.7000    1.174166E-03  2.828598E-03  6.954310E+01
    16.7500    1.949196E-03  2.807731E-03  6.988238E+01
    16.8000    2.479061E-03  2.765642E-03  7.022657E+01
    16.8500    2.687999E-03  2.705036E-03  7.057354E+01
    16.9000    2.557176E-03  2.629577E-03  7.092104E+01
    16.9500    2.126548E-03  2.543625E-03  7.126662E+01
    17.0000    1.479420E-03  2.451098E-03  7.160865E+01
    17.0500    7.207212E-04  2.354788E-03  7.194557E+01
    17.1000   -3.511771E-05  2.262045E-03  7.227216E+01
    17.1500   -7.041265E-04  2.179585E-03  7.258559E+01
    17.2000   -1.241440E-03  2.115109E-03  7.288390E+01
    17.2500   -1.640107E-03  2.077093E-03  7.316682E+01
    17.3000   -1.917458E-03  2.073953E-03  7.343646E+01
    17.3500   -2.094776E-03  2.112557E-03  7.369759E+01
    17.4000   -2.178224E-03  2.196527E-03  7.395662E+01
    17.4500   -2.148413E-03  2.325152E-03  7.421984E+01
    17.5000   -1.963026E-03  2.493449E-03  7.449185E+01
    17.5500   -1.572276E-03  2.693204E-03  7.477483E+01
    17.6000   -9.424186E-04  2.914306E-03  7.506893E+01
    17.6500   -7.936576E-05  3.145879E-03  7.537299E+01
    17.7000    9.561270E-04  3.377065E-03  7.568527E+01
    17.7500    2.048044E-03  3.597511E-03  7.600387E+01
    17.8000    3.041473E-03  3.797715E-03  7.632697E+01
    17.8500    3.772606E-03  3.969276E-03  7.665291E+01
    17.9000    4.104876E-03  4.105132E-03  7.698020E+01
    17.9500    3.961516E-03  4.199764E-03  7.730747E+01
    18.0000    3.345773E-03  4.250861E-03  7.763375E+01
    18.0500    2.338824E-03  4.259180E-03  7.795850E+01
    18.1000    1.085530E-03  4.221126E-03  7.827973E+01
    18.1500   -2.326181E-04  4.138304E-03  7.859606E+01
    18.2000   -1.437157E-03  4.014452E-03  7.890594E+01
    18.2500   -2.387534E-03  3.855495E-03  7.920761E+01
    18.3000   -3.004555E-03  3.669563E-03  7.949909E+01
    18.3500   -3.277212E-03  3.466947E-03  7.977825E+01
    18.4000   -3.252454E-03  3.259910E-03  8.004296E+01
    18.4500   -3.012202E-03  3.062228E-03  8.029162E+01
    18.5000   -2.645142E-03  2.888206E-03  8.052381E+01
    18.5500   -2.221746E-03  2.750947E-03  8.074129E+01
    18.6000   -1.779382E-03  2.659924E-03  8.094860E+01
    18.6500   -1.320877E-03  2.618561E-03  8.115269E+01
    18.7000   -8.255903E-04  2.623097E-03  8.136123E+01
    18.7500   -2.683248E-04  2.663587E-03  8.158050E+01
    18.8000    3.607326E-04  2.726551E-03  8.181410E+01
    18.8500    1.041808E-03  2.797882E-03  8.206296E+01
    18.9000    1.721730E-03  2.864954E-03  8.232611E+01
    18.9500    2.321762E-03  2.917679E-03  8.260166E+01
    19.0000    2.755370E-03  2.949474E-03  8.288739E+01
    19.0500    2.949802E-03  2.957305E-03  8.318096E+01
    19.1000    2.861451E-03  2.937526E-03  8.348029E+01
    19.1500    2.491405E-03  2.889990E-03  8.378364E+01
    19.2000    1.885375E-03  2.816139E-03  8.408948E+01
    19.2500    1.124892E-03  2.718684E-03  8.439642E+01
    19.3000    3.109438E-04  2.601301E-03  8.470318E+01
    19.3500   -4.554720E-04  2.468335E-03  8.500859E+01
    19.4000   -1.090994E-03  2.324525E-03  8.531155E+01
    19.4500   -1.541808E-03  2.174741E-03  8.561103E+01
    19.5000   -1.787831E-03  2.023746E-03  8.590613E+01
    19.5500   -1.839426E-03  1.875966E-03  8.619610E+01
    19.6000   -1.728778E-03  1.735289E-03  8.648045E+01
    19.6500   -1.499046E-03  1.604891E-03  8.675901E+01
    19.7000   -1.194393E-03  1.487107E-03  8.703200E+01
    19.7500   -8.530520E-04  1.383358E-03  8.730011E+01
    19.8000   -5.042304E-04  1.294171E-03  8.756438E+01
    19.8500   -1.683444E-04  1.219288E-03  8.782608E+01
    19.9000    1.407935E-04  1.157883E-03  8.808649E+01
    19.9500    4.133792E-04  1.108832E-03  8.834663E+01