# # tequil.ion_motion                                            FEFF 9.05   
# # POT  SCF  30  5.5000   1, core-hole, AFOLP (folp(0)= 1.150)
# # Abs   Z=30 Rmt= 1.281 Rnm= 1.410 K  shell
# # Pot 1 Z=26 Rmt= 1.308 Rnm= 1.411
# # Pot 2 Z= 8 Rmt= 0.980 Rnm= 1.075
# # Gam_ch=1.897E+00 H-L exch
# # Mu=-1.173E+01 kf=2.176E+00 Vint=-1.919E+01 Rs_int= 1.667
# # PATH  Rmax= 8.500,  Keep_limit= 0.00, Heap_limit 0.00  Pwcrit= 2.50%
#  S02=1.000                                        Global_sig2= 0.00000
#  Energy zero shift, vr, vi   -2.00000E+00   0.00000E+00
#  Curved wave amplitude ratio filter   4.000%
#     file         sig2 tot  cw amp ratio   deg  nlegs   reff  inp sig2
#           1       0.00000    100.00      1.00     2   1.8818
#           2       0.00000     91.86      1.00     2   1.9452
#           3       0.00000     79.19      1.00     2   2.0610
#           4       0.00000     57.59      1.00     2   2.3312
#           5       0.00000     56.59      1.00     2   2.3469
#           6       0.00000     49.27      1.00     2   2.4748
#           7       0.00000     29.86      1.00     2   2.9438
#           8       0.00000     26.85      1.00     2   3.0832
#           9       0.00000     26.23      1.00     2   3.1149
#          10       0.00000     25.45      1.00     2   3.1554
#          11       0.00000     24.16      1.00     2   3.2262
#          12       0.00000     23.87      1.00     2   3.2432
#          13       0.00000     23.62      1.00     2   3.2576
#          14       0.00000     21.73      1.00     2   3.3602
#          15       0.00000     20.87      1.00     2   3.4096
#          16       0.00000      8.50      2.00     3   3.4750
#          17       0.00000     19.70      1.00     2   3.4822
#          18       0.00000     15.80      2.00     3   3.4967
#          19       0.00000     19.44      1.00     2   3.4988
#          20       0.00000      8.58      2.00     3   3.5109
#          21       0.00000     18.87      1.00     2   3.5366
#          22       0.00000      6.98      2.00     3   3.5475
#          23       0.00000     15.44      2.00     3   3.5561
#          24       0.00000     18.27      1.00     2   3.5784
#          25       0.00000     18.87      1.00     2   3.5795
#          26       0.00000      8.82      2.00     3   3.5793
#          27       0.00000      9.56      2.00     3   3.5841
#          28       0.00000     14.59      2.00     3   3.5990
#          29       0.00000      6.59      2.00     3   3.6133
#          30       0.00000      7.12      2.00     3   3.6315
#          31       0.00000      8.65      2.00     3   3.6316
#          32       0.00000      8.90      2.00     3   3.6347
#          33       0.00000      7.41      2.00     3   3.6359
#          34       0.00000      7.06      2.00     3   3.6673
#          35       0.00000     17.77      1.00     2   3.6685
#          36       0.00000      7.53      2.00     3   3.6929
#          37       0.00000      7.54      2.00     3   3.7062
#          38       0.00000      6.92      2.00     3   3.7151
#          39       0.00000     17.55      2.00     3   3.7321
#          40       0.00000     10.78      1.00     4   3.7636
#          41       0.00000     15.67      1.00     2   3.7803
#          42       0.00000     16.34      1.00     2   3.7958
#          44       0.00000      4.83      1.00     4   3.8379
#          45       0.00000     15.59      1.00     2   3.8680
#          46       0.00000      4.44      1.00     4   3.8689
#          47       0.00000      5.42      2.00     3   3.8729
#          48       0.00000      7.48      1.00     4   3.8846
#          49       0.00000     13.12      2.00     3   3.8859
#          50       0.00000      9.03      1.00     4   3.8905
#          51       0.00000     14.43      1.00     2   3.8926
#          52       0.00000      5.70      2.00     3   3.8942
#          53       0.00000      5.32      2.00     3   3.9071
#          54       0.00000      5.29      2.00     3   3.9110
#          55       0.00000     14.93      1.00     2   3.9360
#          56       0.00000      4.07      1.00     4   3.9405
#          57       0.00000     13.91      1.00     2   3.9435
#          58       0.00000     14.77      1.00     2   3.9530
#          59       0.00000      8.54      2.00     3   3.9855
#          60       0.00000     11.75      2.00     3   4.0703
#          61       0.00000      8.15      2.00     3   4.0775
#          62       0.00000      4.24      1.00     4   4.0780
#          64       0.00000     13.13      2.00     3   4.1026
#          65       0.00000      4.48      1.00     4   4.1033
#          66       0.00000      7.31      2.00     3   4.1073
#          67       0.00000      6.67      1.00     4   4.1220
#          68       0.00000      7.56      2.00     3   4.1272
#          69       0.00000      7.88      2.00     3   4.1439
#          70       0.00000      7.40      2.00     3   4.1461
#          72       0.00000      6.49      2.00     3   4.1728
#          73       0.00000     10.39      2.00     3   4.1742
#          74       0.00000     20.08      2.00     3   4.1837
#          75       0.00000      6.78      2.00     3   4.1942
#          76       0.00000     15.33      2.00     4   4.2286
#          77       0.00000      5.42      1.00     4   4.2522
#          79       0.00000     16.44      2.00     3   4.3333
#          80       0.00000      6.78      2.00     3   4.3352
#          81       0.00000     10.49      1.00     2   4.3505
#          82       0.00000     15.86      2.00     3   4.3535
#          83       0.00000     10.26      1.00     2   4.3844
#          84       0.00000     10.26      1.00     2   4.3850
#          85       0.00000      6.94      2.00     3   4.3850
#          86       0.00000     11.51      2.00     4   4.3922
#          87       0.00000     10.13      1.00     2   4.4033
#          89       0.00000     10.04      1.00     2   4.4166
#          90       0.00000     10.89      2.00     4   4.4200
#          91       0.00000      6.68      2.00     3   4.4307
#          92       0.00000      9.82      1.00     2   4.4511
#          93       0.00000      9.76      1.00     2   4.4609
#          94       0.00000     21.02      2.00     3   4.4746
#          95       0.00000      4.86      2.00     3   4.4917
#          96       0.00000     17.67      2.00     3   4.4944
#          97       0.00000     17.52      2.00     3   4.4961
#          98       0.00000     20.48      2.00     3   4.5189
#          99       0.00000      9.23      1.00     2   4.5463
#         100       0.00000     12.82      1.00     4   4.5459
#         101       0.00000      9.21      1.00     2   4.5497
#         102       0.00000      9.17      1.00     2   4.5553
#         103       0.00000      9.10      1.00     2   4.5688
#         104       0.00000     12.43      1.00     4   4.5867
#         105       0.00000      9.98      1.00     4   4.6045
#         106       0.00000      9.81      1.00     4   4.6072
#         107       0.00000      8.79      1.00     2   4.6226
#         108       0.00000     16.76      2.00     3   4.6392
#         109       0.00000      4.16      2.00     3   4.6475
#         110       0.00000      8.60      1.00     2   4.6555
#         113       0.00000      4.01      2.00     3   4.6949
#         114       0.00000     12.98      2.00     3   4.6997
#         115       0.00000      9.46      2.00     3   4.7059
#         116       0.00000     11.98      2.00     3   4.7236
#         117       0.00000      9.46      1.00     4   4.7321
#         118       0.00000      6.31      2.00     3   4.7461
#         120       0.00000      6.11      2.00     3   4.8079
#         121       0.00000      7.64      2.00     3   4.8116
#         122       0.00000     11.14      2.00     3   4.8250
#         123       0.00000      5.83      2.00     3   4.8249
#         124       0.00000      5.12      2.00     3   4.8253
#         125       0.00000      7.73      1.00     2   4.8259
#         126       0.00000      7.72      1.00     2   4.8285
#         127       0.00000      6.61      1.00     4   4.8496
#         130       0.00000      6.43      2.00     3   4.8810
#         131       0.00000      8.03      2.00     3   4.8852
#         132       0.00000      4.69      2.00     4   4.8890
#         133       0.00000      5.90      1.00     4   4.8920
#         134       0.00000      5.98      2.00     3   4.9149
#         136       0.00000      8.25      1.00     2   4.9335
#         137       0.00000      7.23      1.00     2   4.9351
#         139       0.00000      4.09      1.00     4   4.9510
#         141       0.00000      5.48      2.00     3   4.9638
#         142       0.00000      7.03      1.00     2   4.9808
#         143       0.00000      5.13      2.00     3   4.9885
#         144       0.00000      5.51      1.00     4   4.9944
#         146       0.00000      7.94      1.00     2   5.0032
#         147       0.00000      6.88      1.00     2   5.0173
#         148       0.00000      5.45      2.00     3   5.0181
#         150       0.00000      7.74      1.00     2   5.0489
#         151       0.00000      7.24      2.00     3   5.0797
#         152       0.00000      6.55      2.00     3   5.0837
#         153       0.00000      6.59      1.00     2   5.0903
#         154       0.00000      7.33      2.00     3   5.0930
#         155       0.00000      8.69      2.00     3   5.1213
#         156       0.00000      6.19      2.00     3   5.1296
#         158       0.00000      7.36      1.00     2   5.1431
#         161       0.00000      8.27      2.00     3   5.1734
#         162       0.00000      7.20      1.00     2   5.1833
#         163       0.00000      6.24      1.00     2   5.1830
#         164       0.00000     15.31      2.00     3   5.1850
#         165       0.00000      9.46      1.00     4   5.1870
#         167       0.00000      6.12      2.00     3   5.2186
#         169       0.00000      6.98      1.00     2   5.2393
#         170       0.00000      4.09      1.00     4   5.2393
#         171       0.00000      6.94      1.00     2   5.2513
#         173       0.00000      6.04      2.00     3   5.2598
#         174       0.00000      7.68      2.00     3   5.2847
#         175       0.00000      6.06      2.00     3   5.2863
#         176       0.00000      6.44      2.00     3   5.2951
#         177       0.00000      5.84      1.00     2   5.2966
#         179       0.00000      5.81      1.00     2   5.3043
#         180       0.00000      5.57      2.00     3   5.3141
#         181       0.00000      6.78      2.00     3   5.3289
#         183       0.00000      6.64      1.00     2   5.3343
#         184       0.00000      6.92      2.00     3   5.3370
#         185       0.00000      5.70      1.00     2   5.3389
#         186       0.00000      7.52      2.00     3   5.3388
#         187       0.00000      6.58      1.00     2   5.3507
#         188       0.00000     13.03      2.00     3   5.3515
#         189       0.00000      5.53      2.00     3   5.3608
#         190       0.00000      5.72      2.00     3   5.3625
#         191       0.00000      6.82      2.00     3   5.3630
#         192       0.00000      7.66      1.00     4   5.3640
#         193       0.00000      5.69      2.00     3   5.3647
#         195       0.00000      5.54      1.00     2   5.3877
#         196       0.00000     12.84      2.00     3   5.3933
#         197       0.00000      7.55      1.00     4   5.3988
#         200       0.00000      5.43      1.00     2   5.4205
#         202       0.00000      4.05      2.00     4   5.4275
#         206       0.00000      5.34      1.00     2   5.4500
#         207       0.00000      5.32      1.00     2   5.4595
#         209       0.00000      5.31      1.00     2   5.4616
#         210       0.00000      6.13      2.00     3   5.4663
#         212       0.00000      6.70      2.00     3   5.4913
#         213       0.00000      5.45      2.00     3   5.4914
#         215       0.00000      4.43      2.00     3   5.5038
#         217       0.00000      6.00      2.00     3   5.5107
#         218       0.00000      4.50      2.00     3   5.5127
#         219       0.00000      4.44      2.00     3   5.5230
#         220       0.00000      5.09      1.00     2   5.5359
#         225       0.00000      4.52      2.00     3   5.5819
#         232       0.00000      4.82      1.00     2   5.6343
#         234       0.00000      5.66      1.00     2   5.6396
#         236       0.00000      6.25      2.00     3   5.6459
#         238       0.00000      4.64      2.00     4   5.6633
#         239       0.00000      5.59      1.00     2   5.6647
#         241       0.00000      5.35      2.00     3   5.6780
#         246       0.00000      4.96      2.00     3   5.7004
#         251       0.00000      5.44      1.00     2   5.7169
#         254       0.00000      4.60      2.00     3   5.7246
#         256       0.00000     10.03      2.00     3   5.7383
#         258       0.00000      6.33      2.00     3   5.7452
#         262       0.00000      5.33      1.00     2   5.7573
#         265       0.00000      5.05      1.00     4   5.7597
#         266       0.00000      4.43      2.00     3   5.7622
#         268       0.00000      4.22      2.00     3   5.7676
#         271       0.00000      4.38      1.00     2   5.8086
#         272       0.00000      4.36      1.00     2   5.8195
#         276       0.00000      4.45      2.00     3   5.8377
#         277       0.00000      5.11      1.00     2   5.8392
#         279       0.00000      5.66      2.00     3   5.8434
#         280       0.00000      4.30      2.00     5   5.8476
#         282       0.00000      5.71      2.00     3   5.8669
#         288       0.00000      4.18      1.00     2   5.8979
#         291       0.00000      4.95      1.00     2   5.9060
#         301       0.00000      4.08      1.00     2   5.9412
#         304       0.00000      4.81      1.00     2   5.9607
#         305       0.00000      4.80      1.00     2   5.9642
#   214/ 279 paths used
#  -----------------------------------------------------------------------
#       k          chi          mag           phase @#
    -0.7000   -3.983443E-01  4.058994E-01 -1.377554E+00
    -0.6500   -3.776251E-01  3.822496E-01 -1.415089E+00
    -0.6000   -3.700835E-01  3.728860E-01 -1.448117E+00
    -0.5500   -3.701372E-01  3.720205E-01 -1.470132E+00
    -0.5000   -3.746583E-01  3.761821E-01 -1.480759E+00
    -0.4500   -3.813929E-01  3.829057E-01 -1.481875E+00
    -0.4000   -3.887695E-01  3.904986E-01 -1.476656E+00
    -0.3500   -3.961466E-01  3.983438E-01 -1.465716E+00
    -0.3000   -4.027929E-01  4.055962E-01 -1.453157E+00
    -0.2500   -4.084306E-01  4.119198E-01 -1.440546E+00
    -0.2000   -4.129714E-01  4.171570E-01 -1.429018E+00
    -0.1500   -4.166362E-01  4.214994E-01 -1.418742E+00
    -0.1000   -4.192633E-01  4.246848E-01 -1.410839E+00
    -0.0500   -4.208144E-01  4.265976E-01 -1.405949E+00
     0.0000   -4.213268E-01  4.272352E-01 -1.404296E+00
     0.0500   -4.218368E-01  4.278726E-01 -1.402630E+00
     0.1000   -4.233515E-01  4.297840E-01 -1.397566E+00
     0.1500   -4.258213E-01  4.329639E-01 -1.388904E+00
     0.2000   -4.291513E-01  4.373950E-01 -1.376338E+00
     0.2500   -4.331855E-01  4.430397E-01 -1.359491E+00
     0.3000   -4.376900E-01  4.498292E-01 -1.337951E+00
     0.3500   -4.424619E-01  4.578417E-01 -1.310867E+00
     0.4000   -4.473867E-01  4.675043E-01 -1.276367E+00
     0.4500   -4.514047E-01  4.780060E-01 -1.235611E+00
     0.5000   -4.537800E-01  4.891037E-01 -1.188415E+00
     0.5500   -4.538533E-01  5.009835E-01 -1.133558E+00
     0.6000   -4.506626E-01  5.139150E-01 -1.069417E+00
     0.6500   -4.426821E-01  5.266100E-01 -9.984380E-01
     0.7000   -4.289016E-01  5.390976E-01 -9.199839E-01
     0.7500   -4.079739E-01  5.520406E-01 -8.316274E-01
     0.8000   -3.788774E-01  5.637295E-01 -7.370288E-01
     0.8500   -3.406732E-01  5.746958E-01 -6.345171E-01
     0.9000   -2.925006E-01  5.848058E-01 -5.237917E-01
     0.9500   -2.351780E-01  5.927304E-01 -4.079959E-01
     1.0000   -1.676003E-01  5.997437E-01 -2.832246E-01
     1.0500   -9.242173E-02  6.043033E-01 -1.535419E-01
     1.1000   -1.097894E-02  6.067082E-01 -1.809690E-02
     1.1500    7.484141E-02  6.070585E-01  1.235998E-01
     1.2000    1.602787E-01  6.044728E-01  2.683642E-01
     1.2500    2.447754E-01  6.001092E-01  4.201363E-01
     1.3000    3.218703E-01  5.927851E-01  5.739814E-01
     1.3500    3.902999E-01  5.834155E-01  7.328509E-01
     1.4000    4.457423E-01  5.716276E-01  8.943102E-01
     1.4500    4.862655E-01  5.577703E-01  1.058870E+00
     1.5000    5.102749E-01  5.420738E-01  1.226575E+00
     1.5500    5.165888E-01  5.245866E-01  1.395955E+00
     1.6000    5.058004E-01  5.058012E-01  1.569085E+00
     1.6500    4.784776E-01  4.856593E-01  1.742983E+00
     1.7000    4.363971E-01  4.646784E-01  1.921480E+00
     1.7500    3.820140E-01  4.427799E-01  2.100884E+00
     1.8000    3.174424E-01  4.201464E-01  2.285096E+00
     1.8500    2.464865E-01  3.968893E-01  2.471516E+00
     1.9000    1.710551E-01  3.728249E-01  2.664939E+00
     1.9500    9.570889E-02  3.480525E-01  2.863020E+00
     2.0000    2.483795E-02  3.227345E-01  3.064556E+00
     2.0500   -3.811525E-02  2.969103E-01  3.270321E+00
     2.1000   -9.007639E-02  2.694206E-01  3.482491E+00
     2.1500   -1.276002E-01  2.401182E-01  3.701852E+00
     2.2000   -1.490121E-01  2.105576E-01  3.927833E+00
     2.2500   -1.541866E-01  1.808973E-01  4.162043E+00
     2.3000   -1.435550E-01  1.505183E-01  4.407025E+00
     2.3500   -1.175591E-01  1.176890E-01  4.665402E+00
     2.4000   -8.331951E-02  8.559386E-02  4.943430E+00
     2.4500   -4.694478E-02  5.509782E-02  5.263342E+00
     2.5000   -1.472228E-02  2.766511E-02  5.722035E+00
     2.5500    5.229206E-03  8.853722E-03  6.915015E+00
     2.6000    1.465619E-02  2.019043E-02  8.612439E+00
     2.6500    1.350860E-02  3.727497E-02  9.053932E+00
     2.7000    3.755216E-03  5.161766E-02  9.351963E+00
     2.7500   -1.018012E-02  6.294095E-02  9.587232E+00
     2.8000   -2.753435E-02  7.230567E-02  9.815444E+00
     2.8500   -4.611163E-02  7.977542E-02  1.004108E+01
     2.9000   -6.357585E-02  8.540221E-02  1.026446E+01
     2.9500   -7.841008E-02  8.981990E-02  1.048604E+01
     3.0000   -8.879335E-02  9.262276E-02  1.070702E+01
     3.0500   -9.353739E-02  9.375856E-02  1.092687E+01
     3.1000   -9.233380E-02  9.337544E-02  1.114508E+01
     3.1500   -8.566991E-02  9.178100E-02  1.136255E+01
     3.2000   -7.428825E-02  8.905220E-02  1.157967E+01
     3.2500   -5.941266E-02  8.520948E-02  1.179481E+01
     3.3000   -4.271287E-02  8.037336E-02  1.200608E+01
     3.3500   -2.588388E-02  7.484074E-02  1.221322E+01
     3.4000   -1.030519E-02  6.885754E-02  1.241615E+01
     3.4500    2.913096E-03  6.256588E-02  1.261295E+01
     3.5000    1.314924E-02  5.616723E-02  1.280267E+01
     3.5500    2.010990E-02  4.978526E-02  1.298218E+01
     3.6000    2.396624E-02  4.360127E-02  1.314834E+01
     3.6500    2.538851E-02  3.782024E-02  1.330232E+01
     3.7000    2.502486E-02  3.252152E-02  1.344441E+01
     3.7500    2.341279E-02  2.771180E-02  1.357269E+01
     3.8000    2.103507E-02  2.339277E-02  1.368434E+01
     3.8500    1.829587E-02  1.949000E-02  1.378530E+01
     3.9000    1.530075E-02  1.584089E-02  1.387528E+01
     3.9500    1.204117E-02  1.228553E-02  1.393739E+01
     4.0000    8.622277E-03  8.839112E-03  1.391521E+01
     4.0500    5.252156E-03  5.852125E-03  1.368039E+01
     4.1000    2.233792E-03  5.017516E-03  1.302777E+01
     4.1500    9.127778E-05  7.778760E-03  1.257811E+01
     4.2000   -4.346331E-04  1.230074E-02  1.253103E+01
     4.2500    1.026412E-03  1.734622E-02  1.262558E+01
     4.3000    4.758878E-03  2.259190E-02  1.277861E+01
     4.3500    1.079351E-02  2.785422E-02  1.296429E+01
     4.4000    1.886678E-02  3.299018E-02  1.317518E+01
     4.4500    2.783209E-02  3.777522E-02  1.339467E+01
     4.5000    3.656459E-02  4.207207E-02  1.361974E+01
     4.5500    4.388685E-02  4.576928E-02  1.384937E+01
     4.6000    4.873108E-02  4.879458E-02  1.408615E+01
     4.6500    5.015457E-02  5.102370E-02  1.432200E+01
     4.7000    4.791101E-02  5.243133E-02  1.455545E+01
     4.7500    4.227826E-02  5.303723E-02  1.478541E+01
     4.8000    3.389780E-02  5.293307E-02  1.501296E+01
     4.8500    2.382108E-02  5.213355E-02  1.523343E+01
     4.9000    1.318632E-02  5.075448E-02  1.544514E+01
     4.9500    3.005374E-03  4.894993E-02  1.564653E+01
     5.0000   -6.108106E-03  4.694832E-02  1.583844E+01
     5.0500   -1.366447E-02  4.489596E-02  1.601723E+01
     5.1000   -1.966508E-02  4.298650E-02  1.618311E+01
     5.1500   -2.438408E-02  4.139055E-02  1.633794E+01
     5.2000   -2.829610E-02  4.026685E-02  1.648717E+01
     5.2500   -3.164835E-02  3.960891E-02  1.663363E+01
     5.3000   -3.463218E-02  3.937877E-02  1.678270E+01
     5.3500   -3.720862E-02  3.946684E-02  1.693884E+01
     5.4000   -3.913191E-02  3.972742E-02  1.710540E+01
     5.4500   -4.000314E-02  4.000330E-02  1.728161E+01
     5.5000   -3.945398E-02  4.016262E-02  1.746689E+01
     5.5500   -3.722673E-02  4.010390E-02  1.765986E+01
     5.6000   -3.326801E-02  3.975494E-02  1.785809E+01
     5.6500   -2.779188E-02  3.911453E-02  1.805931E+01
     5.7000   -2.118173E-02  3.819729E-02  1.826175E+01
     5.7500   -1.393281E-02  3.704255E-02  1.846394E+01
     5.8000   -6.648260E-03  3.576086E-02  1.866256E+01
     5.8500    3.077478E-04  3.439937E-02  1.885850E+01
     5.9000    6.650245E-03  3.301757E-02  1.905236E+01
     5.9500    1.220602E-02  3.166242E-02  1.924531E+01
     6.0000    1.686912E-02  3.050691E-02  1.943547E+01
     6.0500    2.068685E-02  2.944332E-02  1.962860E+01
     6.1000    2.356236E-02  2.840428E-02  1.982783E+01
     6.1500    2.531937E-02  2.731991E-02  2.003529E+01
     6.2000    2.574491E-02  2.611237E-02  2.025239E+01
     6.2500    2.466504E-02  2.470884E-02  2.047990E+01
     6.3000    2.203740E-02  2.305160E-02  2.071809E+01
     6.3500    1.802896E-02  2.110455E-02  2.096701E+01
     6.4000    1.304867E-02  1.885626E-02  2.122688E+01
     6.4500    7.716969E-03  1.632032E-02  2.149863E+01
     6.5000    2.891951E-03  1.362484E-02  2.177727E+01
     6.5500   -8.164868E-04  1.070827E-02  2.206747E+01
     6.6000   -2.883802E-03  7.618681E-03  2.237934E+01
     6.6500   -3.066315E-03  4.456478E-03  2.274996E+01
     6.7000   -1.496510E-03  1.497413E-03  2.352721E+01
     6.7500    1.340486E-03  2.252522E-03  2.577014E+01
     6.8000    4.713788E-03  5.105197E-03  2.630941E+01
     6.8500    7.809830E-03  7.818763E-03  2.665573E+01
     6.9000    9.909656E-03  1.024981E-02  2.696188E+01
     6.9500    1.053557E-02  1.233840E-02  2.725093E+01
     7.0000    9.470109E-03  1.408664E-02  2.753706E+01
     7.0500    6.868590E-03  1.547027E-02  2.781429E+01
     7.1000    3.179655E-03  1.648628E-02  2.808025E+01
     7.1500   -1.033215E-03  1.716560E-02  2.833456E+01
     7.2000   -5.225590E-03  1.756253E-02  2.857645E+01
     7.2500   -8.988510E-03  1.775192E-02  2.880527E+01
     7.3000   -1.210611E-02  1.782347E-02  2.902104E+01
     7.3500   -1.454470E-02  1.787222E-02  2.922502E+01
     7.4000   -1.638527E-02  1.798508E-02  2.942015E+01
     7.4500   -1.772801E-02  1.822554E-02  2.961094E+01
     7.5000   -1.864348E-02  1.865894E-02  2.980442E+01
     7.5500   -1.901778E-02  1.926055E-02  3.000407E+01
     7.6000   -1.863680E-02  1.997236E-02  3.021290E+01
     7.6500   -1.724874E-02  2.072800E-02  3.043296E+01
     7.7000   -1.464340E-02  2.145228E-02  3.066461E+01
     7.7500   -1.075393E-02  2.207320E-02  3.090705E+01
     7.8000   -5.728765E-03  2.253025E-02  3.115883E+01
     7.8500    5.188294E-05  2.277896E-02  3.141820E+01
     7.9000    6.023243E-03  2.279291E-02  3.168336E+01
     7.9500    1.153583E-02  2.256387E-02  3.195257E+01
     8.0000    1.601844E-02  2.214179E-02  3.222471E+01
     8.0500    1.900538E-02  2.152671E-02  3.249787E+01
     8.1000    2.024763E-02  2.073105E-02  3.277035E+01
     8.1500    1.977049E-02  1.979957E-02  3.304093E+01
     8.2000    1.781839E-02  1.878402E-02  3.330876E+01
     8.2500    1.477221E-02  1.773887E-02  3.357345E+01
     8.3000    1.105017E-02  1.671658E-02  3.383533E+01
     8.3500    7.023698E-03  1.576249E-02  3.409568E+01
     8.4000    2.971893E-03  1.491010E-02  3.435685E+01
     8.4500   -9.166161E-04  1.417790E-02  3.462222E+01
     8.5000   -4.506467E-03  1.358460E-02  3.489566E+01
     8.5500   -7.656352E-03  1.311482E-02  3.518091E+01
     8.6000   -1.016904E-02  1.274224E-02  3.548158E+01
     8.6500   -1.178602E-02  1.244946E-02  3.580038E+01
     8.7000   -1.222352E-02  1.222420E-02  3.613882E+01
     8.7500   -1.125145E-02  1.206268E-02  3.649715E+01
     8.8000   -8.791098E-03  1.196967E-02  3.687426E+01
     8.8500   -4.998753E-03  1.195531E-02  3.726774E+01
     8.9000   -3.022068E-04  1.202970E-02  3.767399E+01
     8.9500    4.631436E-03  1.219683E-02  3.808861E+01
     9.0000    9.002895E-03  1.246165E-02  3.850645E+01
     9.0500    1.203979E-02  1.279983E-02  3.892357E+01
     9.1000    1.314280E-02  1.317259E-02  3.933717E+01
     9.1500    1.204203E-02  1.354264E-02  3.974513E+01
     9.2000    8.876376E-03  1.386982E-02  4.014624E+01
     9.2500    4.180679E-03  1.411524E-02  4.054001E+01
     9.3000   -1.218998E-03  1.424465E-02  4.092639E+01
     9.3500   -6.378387E-03  1.423078E-02  4.130547E+01
     9.4000   -1.043446E-02  1.405484E-02  4.167737E+01
     9.4500   -1.278235E-02  1.370723E-02  4.204205E+01
     9.5000   -1.320183E-02  1.320277E-02  4.239959E+01
     9.5500   -1.183811E-02  1.254705E-02  4.274927E+01
     9.6000   -9.146401E-03  1.174472E-02  4.308960E+01
     9.6500   -5.780884E-03  1.082105E-02  4.341871E+01
     9.7000   -2.413239E-03  9.809679E-03  4.373374E+01
     9.7500    4.221816E-04  8.752700E-03  4.403055E+01
     9.8000    2.430374E-03  7.701411E-03  4.430336E+01
     9.8500    3.582836E-03  6.717443E-03  4.454487E+01
     9.9000    4.069770E-03  5.872756E-03  4.474793E+01
     9.9500    4.198072E-03  5.243218E-03  4.491070E+01
    10.0000    4.279742E-03  4.893749E-03  4.504677E+01
    10.0500    4.499699E-03  4.827514E-03  4.518245E+01
    10.1000    4.875769E-03  4.984390E-03  4.534394E+01
    10.1500    5.275290E-03  5.275441E-03  4.554555E+01
    10.2000    5.460531E-03  5.613707E-03  4.578724E+01
    10.2500    5.180637E-03  5.933713E-03  4.606240E+01
    10.3000    4.268103E-03  6.193025E-03  4.636353E+01
    10.3500    2.709185E-03  6.367441E-03  4.668440E+01
    10.4000    6.667946E-04  6.445881E-03  4.702026E+01
    10.4500   -1.550523E-03  6.426448E-03  4.736757E+01
    10.5000   -3.563499E-03  6.313556E-03  4.772362E+01
    10.5500   -5.018199E-03  6.115785E-03  4.808623E+01
    10.6000   -5.675031E-03  5.844232E-03  4.845347E+01
    10.6500   -5.465578E-03  5.511217E-03  4.882347E+01
    10.7000   -4.502491E-03  5.129314E-03  4.919424E+01
    10.7500   -3.041843E-03  4.710688E-03  4.956350E+01
    10.8000   -1.410949E-03  4.266773E-03  4.992846E+01
    10.8500    7.629078E-05  3.808321E-03  5.028552E+01
    10.9000    1.192366E-03  3.345865E-03  5.062986E+01
    10.9500    1.838391E-03  2.890668E-03  5.095475E+01
    11.0000    2.052602E-03  2.459392E-03  5.125288E+01
    11.0500    1.960630E-03  2.068245E-03  5.151227E+01
    11.1000    1.725310E-03  1.738219E-03  5.171433E+01
    11.1500    1.502898E-03  1.502990E-03  5.184735E+01
    11.2000    1.389646E-03  1.395243E-03  5.192588E+01
    11.2500    1.401441E-03  1.420755E-03  5.200136E+01
    11.3000    1.482345E-03  1.545399E-03  5.212292E+01
    11.3500    1.535909E-03  1.718809E-03  5.230180E+01
    11.4000    1.466478E-03  1.899455E-03  5.252501E+01
    11.4500    1.215702E-03  2.060052E-03  5.277585E+01
    11.5000    7.823878E-04  2.184521E-03  5.304079E+01
    11.5500    2.204273E-04  2.264977E-03  5.330960E+01
    11.6000   -3.825811E-04  2.300247E-03  5.357417E+01
    11.6500   -9.369407E-04  2.295493E-03  5.382752E+01
    11.7000   -1.380607E-03  2.262392E-03  5.406344E+01
    11.7500   -1.696313E-03  2.219219E-03  5.427715E+01
    11.8000   -1.910296E-03  2.189793E-03  5.446709E+01
    11.8500   -2.073688E-03  2.199766E-03  5.463767E+01
    11.9000   -2.233964E-03  2.269662E-03  5.480028E+01
    11.9500   -2.407409E-03  2.407483E-03  5.497002E+01
    12.0000   -2.569386E-03  2.612252E-03  5.515928E+01
    12.0500   -2.646792E-03  2.869468E-03  5.537442E+01
    12.1000   -2.530455E-03  3.148814E-03  5.561531E+01
    12.1500   -2.128649E-03  3.427027E-03  5.587848E+01
    12.2000   -1.396964E-03  3.683321E-03  5.615966E+01
    12.2500   -3.649797E-04  3.900305E-03  5.645495E+01
    12.3000    8.569080E-04  4.064221E-03  5.676110E+01
    12.3500    2.094298E-03  4.164977E-03  5.707554E+01
    12.4000    3.145756E-03  4.196088E-03  5.739626E+01
    12.4500    3.830163E-03  4.154585E-03  5.772166E+01
    12.5000    4.031247E-03  4.040865E-03  5.805045E+01
    12.5500    3.726680E-03  3.858468E-03  5.838158E+01
    12.6000    2.993518E-03  3.613776E-03  5.871408E+01
    12.6500    1.988542E-03  3.315634E-03  5.904708E+01
    12.7000    9.092513E-04  2.974897E-03  5.937965E+01
    12.7500   -5.341604E-05  2.603916E-03  5.971078E+01
    12.8000   -7.576132E-04  2.215984E-03  6.003918E+01
    12.8500   -1.137245E-03  1.824765E-03  6.036312E+01
    12.9000   -1.206742E-03  1.443721E-03  6.067995E+01
    12.9500   -1.044537E-03  1.085589E-03  6.098517E+01
    13.0000   -7.638545E-04  7.638810E-04  6.126938E+01
    13.0500   -4.730085E-04  4.882769E-04  6.151179E+01
    13.1000   -2.449187E-04  2.649785E-04  6.165266E+01
    13.1500   -1.104324E-04  1.116107E-04  6.140649E+01
    13.2000   -5.773994E-05  9.259169E-05  6.036360E+01
    13.2500   -4.891487E-05  1.403319E-04  6.004630E+01
    13.3000   -4.320701E-05  1.683089E-04  5.994988E+01
    13.3500   -1.811563E-05  1.940133E-04  5.978377E+01
    13.4000    1.936084E-05  2.584457E-04  5.961528E+01
    13.4500    3.504343E-05  3.787942E-04  5.959761E+01
    13.5000   -1.777563E-05  5.433378E-04  5.972298E+01
    13.5500   -1.769882E-04  7.355052E-04  5.993328E+01
    13.6000   -4.516456E-04  9.406441E-04  6.019108E+01
    13.6500   -8.108572E-04  1.145681E-03  6.047657E+01
    13.7000   -1.186205E-03  1.338726E-03  6.077906E+01
    13.7500   -1.487693E-03  1.509106E-03  6.109240E+01
    13.8000   -1.628641E-03  1.647576E-03  6.141281E+01
    13.8500   -1.551820E-03  1.746578E-03  6.173780E+01
    13.9000   -1.248505E-03  1.800470E-03  6.206561E+01
    13.9500   -7.642016E-04  1.805693E-03  6.239486E+01
    14.0000   -1.886672E-04  1.764097E-03  6.272470E+01
    14.0500    3.691485E-04  1.678545E-03  6.305359E+01
    14.1000    8.046285E-04  1.546008E-03  6.337924E+01
    14.1500    1.045600E-03  1.370712E-03  6.369951E+01
    14.2000    1.070839E-03  1.158672E-03  6.401078E+01
    14.2500    9.132685E-04  9.175778E-04  6.430570E+01
    14.3000    6.483575E-04  6.570517E-04  6.456551E+01
    14.3500    3.716464E-04  3.914088E-04  6.472178E+01
    14.4000    1.723162E-04  1.727005E-04  6.433593E+01
    14.4500    1.104904E-04  2.553808E-04  6.327928E+01
    14.5000    2.043638E-04  4.944459E-04  6.325795E+01
    14.5500    4.298953E-04  7.336243E-04  6.345795E+01
    14.6000    7.318376E-04  9.531987E-04  6.370721E+01
    14.6500    1.041586E-03  1.147337E-03  6.396993E+01
    14.7000    1.295724E-03  1.314393E-03  6.423391E+01
    14.7500    1.449633E-03  1.455652E-03  6.449362E+01
    14.8000    1.482826E-03  1.574928E-03  6.474633E+01
    14.8500    1.395851E-03  1.678077E-03  6.499107E+01
    14.9000    1.201578E-03  1.772181E-03  6.522838E+01
    14.9500    9.154131E-04  1.864382E-03  6.546021E+01
    15.0000    5.480292E-04  1.958705E-03  6.568987E+01
    15.0500    1.100179E-04  2.057428E-03  6.591995E+01
    15.1000   -3.880722E-04  2.164952E-03  6.615367E+01
    15.1500   -9.313690E-04  2.278340E-03  6.639458E+01
    15.2000   -1.487542E-03  2.391146E-03  6.664487E+01
    15.2500   -2.002597E-03  2.494581E-03  6.690539E+01
    15.3000   -2.405777E-03  2.578832E-03  6.717581E+01
    15.3500   -2.623768E-03  2.634234E-03  6.745507E+01
    15.4000   -2.600696E-03  2.652188E-03  6.774162E+01
    15.4500   -2.317650E-03  2.625822E-03  6.803359E+01
    15.5000   -1.804789E-03  2.550441E-03  6.832889E+01
    15.5500   -1.140801E-03  2.423832E-03  6.862500E+01
    15.6000   -4.381714E-04  2.246480E-03  6.891873E+01
    15.6500    1.827225E-04  2.021781E-03  6.920554E+01
    15.7000    6.238400E-04  1.756427E-03  6.947814E+01
    15.7500    8.352429E-04  1.461402E-03  6.972341E+01
    15.8000    8.284545E-04  1.154910E-03  6.991500E+01
    15.8500    6.728405E-04  8.713527E-04  6.999730E+01
    15.9000    4.754164E-04  6.835374E-04  6.988419E+01
    15.9500    3.495243E-04  6.936563E-04  6.964313E+01
    16.0000    3.768836E-04  8.886489E-04  6.955302E+01
    16.0500    5.898817E-04  1.167699E-03  6.964461E+01
    16.1000    9.747517E-04  1.463545E-03  6.984390E+01
    16.1500    1.449297E-03  1.742440E-03  7.009731E+01
    16.2000    1.893945E-03  1.986438E-03  7.037947E+01
    16.2500    2.184555E-03  2.184627E-03  7.067771E+01
    16.3000    2.226769E-03  2.330251E-03  7.098497E+01
    16.3500    1.982004E-03  2.419719E-03  7.129678E+01
    16.4000    1.477700E-03  2.452243E-03  7.160989E+01
    16.4500    7.991321E-04  2.429678E-03  7.192149E+01
    16.5000    6.558808E-05  2.356434E-03  7.222879E+01
    16.5500   -6.017049E-04  2.239425E-03  7.252866E+01
    16.6000   -1.110263E-03  2.088046E-03  7.281727E+01
    16.6500   -1.416701E-03  1.914223E-03  7.308984E+01
    16.7000   -1.531260E-03  1.732492E-03  7.334066E+01
    16.7500   -1.506052E-03  1.559922E-03  7.356386E+01
    16.8000   -1.411636E-03  1.415237E-03  7.375607E+01
    16.8500   -1.310053E-03  1.315858E-03  7.392139E+01
    16.9000   -1.233278E-03  1.272203E-03  7.407543E+01
    16.9500   -1.174034E-03  1.282295E-03  7.424129E+01
    17.0000   -1.092926E-03  1.333964E-03  7.443802E+01
    17.0500   -9.359624E-04  1.411156E-03  7.467306E+01
    17.1000   -6.547659E-04  1.494256E-03  7.494464E+01
    17.1500   -2.355459E-04  1.571405E-03  7.524776E+01
    17.2000    2.909001E-04  1.635450E-03  7.557705E+01
    17.2500    8.504759E-04  1.683202E-03  7.592792E+01
    17.3000    1.341379E-03  1.714503E-03  7.629669E+01
    17.3500    1.659647E-03  1.731346E-03  7.668022E+01
    17.4000    1.727171E-03  1.737029E-03  7.707560E+01
    17.4500    1.513872E-03  1.735346E-03  7.747978E+01
    17.5000    1.047494E-03  1.729838E-03  7.788937E+01
    17.5500    4.082237E-04  1.723168E-03  7.830064E+01
    17.6000   -2.901728E-04  1.716763E-03  7.870965E+01
    17.6500   -9.270715E-04  1.710781E-03  7.911251E+01
    17.7000   -1.401905E-03  1.704435E-03  7.950562E+01
    17.7500   -1.653900E-03  1.696567E-03  7.988587E+01
    17.8000   -1.669818E-03  1.686348E-03  8.025075E+01
    17.8500   -1.478740E-03  1.673919E-03  8.059834E+01
    17.9000   -1.136910E-03  1.660858E-03  8.092745E+01
    17.9500   -7.083766E-04  1.650336E-03  8.123777E+01
    18.0000   -2.500917E-04  1.648832E-03  8.152914E+01
    18.0500    2.019379E-04  1.664939E-03  8.180300E+01
    18.1000    6.386793E-04  1.698806E-03  8.206684E+01
    18.1500    1.053875E-03  1.752915E-03  8.232643E+01
    18.2000    1.437826E-03  1.826742E-03  8.258750E+01
    18.2500    1.767185E-03  1.916655E-03  8.285466E+01
    18.3000    2.001705E-03  2.016551E-03  8.313079E+01
    18.3500    2.090165E-03  2.118886E-03  8.341704E+01
    18.4000    1.984261E-03  2.215686E-03  8.371333E+01
    18.4500    1.656177E-03  2.299352E-03  8.401880E+01
    18.5000    1.113824E-03  2.363215E-03  8.433222E+01
    18.5500    4.080685E-04  2.401875E-03  8.465228E+01
    18.6000   -3.715195E-04  2.411403E-03  8.497769E+01
    18.6500   -1.112336E-03  2.389434E-03  8.530723E+01
    18.7000   -1.702188E-03  2.335187E-03  8.563976E+01
    18.7500   -2.054268E-03  2.249415E-03  8.597418E+01
    18.8000   -2.126715E-03  2.134316E-03  8.630938E+01
    18.8500   -1.931244E-03  1.993383E-03  8.664414E+01
    18.9000   -1.528456E-03  1.831236E-03  8.697708E+01
    18.9500   -1.011271E-03  1.653411E-03  8.730648E+01
    19.0000   -4.810747E-04  1.467430E-03  8.763058E+01
    19.0500   -2.234010E-05  1.282012E-03  8.794717E+01
    19.1000    3.108177E-04  1.100868E-03  8.825083E+01
    19.1500    5.037740E-04  9.313129E-04  8.853614E+01
    19.2000    5.772116E-04  7.807218E-04  8.879667E+01
    19.2500    5.731654E-04  6.561563E-04  8.902698E+01
    19.3000    5.368673E-04  5.632998E-04  8.922783E+01
    19.3500    5.005412E-04  5.042940E-04  8.941332E+01
    19.4000    4.742532E-04  4.756014E-04  8.961070E+01
    19.4500    4.462771E-04  4.688127E-04  8.984671E+01
    19.5000    3.921032E-04  4.746863E-04  9.013417E+01
    19.5500    2.883036E-04  4.866524E-04  9.047213E+01
    19.6000    1.259160E-04  5.015749E-04  9.085243E+01
    19.6500   -8.168711E-05  5.186822E-04  9.126434E+01
    19.7000   -2.994616E-04  5.380131E-04  9.169648E+01
    19.7500   -4.798771E-04  5.591138E-04  9.213810E+01
    19.8000   -5.775986E-04  5.803203E-04  9.258010E+01
    19.8500   -5.646555E-04  5.986894E-04  9.301579E+01
    19.9000   -4.408036E-04  6.103972E-04  9.344086E+01
    19.9500   -2.352989E-04  6.113278E-04  9.385268E+01