# # tequil.ion_motion                                            FEFF 9.05   
# # POT  SCF  30  5.5000   1, core-hole, AFOLP (folp(0)= 1.150)
# # Abs   Z=30 Rmt= 1.300 Rnm= 1.409 K  shell
# # Pot 1 Z=26 Rmt= 1.310 Rnm= 1.407
# # Pot 2 Z= 8 Rmt= 0.986 Rnm= 1.073
# # Gam_ch=1.897E+00 H-L exch
# # Mu=-1.173E+01 kf=2.193E+00 Vint=-1.915E+01 Rs_int= 1.653
# # PATH  Rmax= 8.500,  Keep_limit= 0.00, Heap_limit 0.00  Pwcrit= 2.50%
#  S02=1.000                                        Global_sig2= 0.00000
#  Energy zero shift, vr, vi   -2.00000E+00   0.00000E+00
#  Curved wave amplitude ratio filter   4.000%
#     file         sig2 tot  cw amp ratio   deg  nlegs   reff  inp sig2
#           1       0.00000    100.00      1.00     2   1.9170
#           2       0.00000     96.08      1.00     2   1.9473
#           3       0.00000     81.87      1.00     2   2.0728
#           4       0.00000     71.61      1.00     2   2.1834
#           5       0.00000     55.58      1.00     2   2.4074
#           6       0.00000     55.27      1.00     2   2.4127
#           7       0.00000     31.84      1.00     2   2.9027
#           8       0.00000     30.16      1.00     2   2.9730
#           9       0.00000     29.17      1.00     2   3.0170
#          10       0.00000     28.87      1.00     2   3.0305
#          11       0.00000     25.83      1.00     2   3.1805
#          12       0.00000     24.66      1.00     2   3.2441
#          13       0.00000     23.91      1.00     2   3.2870
#          14       0.00000     24.08      1.00     2   3.2952
#          15       0.00000     21.89      1.00     2   3.4123
#          16       0.00000     21.40      1.00     2   3.4407
#          17       0.00000     21.06      1.00     2   3.4609
#          18       0.00000      9.31      2.00     3   3.4695
#          19       0.00000      8.13      2.00     3   3.4853
#          20       0.00000     10.00      2.00     3   3.4906
#          21       0.00000      9.01      2.00     3   3.4956
#          22       0.00000      8.98      2.00     3   3.5053
#          23       0.00000      9.77      2.00     3   3.5321
#          24       0.00000     14.89      2.00     3   3.5343
#          25       0.00000      9.63      2.00     3   3.5416
#          26       0.00000     19.66      1.00     2   3.5482
#          27       0.00000     19.62      1.00     2   3.5511
#          28       0.00000     16.00      2.00     3   3.5720
#          29       0.00000     15.40      2.00     3   3.5979
#          30       0.00000     19.10      1.00     2   3.6112
#          31       0.00000      6.97      2.00     3   3.6348
#          32       0.00000      8.69      2.00     3   3.6426
#          33       0.00000      8.76      2.00     3   3.6421
#          34       0.00000      9.91      2.00     3   3.6435
#          35       0.00000      8.36      2.00     3   3.6475
#          36       0.00000      6.82      2.00     3   3.6763
#          37       0.00000      7.19      2.00     3   3.6812
#          38       0.00000      6.72      2.00     3   3.6811
#          39       0.00000      8.64      2.00     3   3.6845
#          40       0.00000     18.01      1.00     2   3.6990
#          41       0.00000     17.95      1.00     2   3.7040
#          42       0.00000     10.82      2.00     3   3.7085
#          43       0.00000      6.58      2.00     3   3.7218
#          44       0.00000      6.42      2.00     3   3.7305
#          45       0.00000     17.20      1.00     2   3.7686
#          46       0.00000     16.78      2.00     3   3.7718
#          47       0.00000     10.52      1.00     4   3.8341
#          49       0.00000     14.86      2.00     3   3.8783
#          50       0.00000      4.60      1.00     4   3.8880
#          51       0.00000      9.68      1.00     4   3.8946
#          52       0.00000      4.37      1.00     4   3.8998
#          53       0.00000     13.21      2.00     3   3.9086
#          54       0.00000      4.22      1.00     4   3.9089
#          55       0.00000      6.87      1.00     4   3.9324
#          56       0.00000     15.22      1.00     2   3.9581
#          57       0.00000     15.20      1.00     2   3.9603
#          58       0.00000      9.61      2.00     3   3.9709
#          59       0.00000     14.20      1.00     2   3.9857
#          60       0.00000      4.76      2.00     4   3.9898
#          61       0.00000      4.71      1.00     4   4.0081
#          62       0.00000      4.96      1.00     4   4.0363
#          63       0.00000      7.70      2.00     3   4.0441
#          64       0.00000      4.38      1.00     4   4.0472
#          65       0.00000      5.28      1.00     4   4.0525
#          66       0.00000     21.55      2.00     3   4.0631
#          67       0.00000     13.10      1.00     2   4.0998
#          68       0.00000      7.86      2.00     3   4.1079
#          69       0.00000      4.92      1.00     4   4.1182
#          70       0.00000     12.66      2.00     3   4.1220
#          71       0.00000     16.16      2.00     4   4.1307
#          72       0.00000      6.97      1.00     4   4.1456
#          73       0.00000     11.37      2.00     3   4.1528
#          74       0.00000      7.27      2.00     3   4.1559
#          75       0.00000      7.36      2.00     3   4.1603
#          76       0.00000      7.53      2.00     3   4.1779
#          77       0.00000     12.23      1.00     2   4.2002
#          78       0.00000      6.91      2.00     3   4.2332
#          79       0.00000     11.76      1.00     2   4.2576
#          80       0.00000     18.55      2.00     3   4.2718
#          81       0.00000      4.79      1.00     4   4.2838
#          82       0.00000     13.98      2.00     4   4.3297
#          83       0.00000     11.17      1.00     2   4.3333
#          84       0.00000      5.82      2.00     3   4.3342
#          86       0.00000     11.00      1.00     2   4.3566
#          87       0.00000      5.31      1.00     4   4.3668
#          88       0.00000     14.52      2.00     3   4.3856
#          89       0.00000     10.78      1.00     2   4.3876
#          90       0.00000     10.70      1.00     2   4.3977
#          91       0.00000     10.67      1.00     2   4.4023
#          92       0.00000     10.49      1.00     2   4.4280
#          93       0.00000     10.40      1.00     2   4.4421
#          94       0.00000     21.39      2.00     3   4.4416
#          95       0.00000      7.09      2.00     3   4.4588
#          96       0.00000     10.25      1.00     2   4.4644
#          97       0.00000     21.03      2.00     3   4.4714
#          98       0.00000      9.41      2.00     4   4.4802
#          99       0.00000     10.13      1.00     2   4.4812
#         100       0.00000     12.64      1.00     4   4.5266
#         101       0.00000     16.61      2.00     3   4.5333
#         102       0.00000      7.05      2.00     3   4.5367
#         103       0.00000      9.66      1.00     2   4.5553
#         104       0.00000     12.46      1.00     4   4.5551
#         105       0.00000     15.43      2.00     3   4.6012
#         106       0.00000      9.26      1.00     2   4.6217
#         107       0.00000     12.31      2.00     3   4.6246
#         108       0.00000      7.46      2.00     3   4.6330
#         109       0.00000      9.18      1.00     2   4.6348
#         110       0.00000      6.43      2.00     3   4.6474
#         111       0.00000      4.78      2.00     3   4.6487
#         112       0.00000      6.86      2.00     3   4.6627
#         113       0.00000      8.97      1.00     4   4.6643
#         114       0.00000      4.67      2.00     3   4.6678
#         115       0.00000      7.94      2.00     3   4.6713
#         116       0.00000      4.64      2.00     3   4.6829
#         117       0.00000     14.49      2.00     3   4.6903
#         118       0.00000     11.09      2.00     3   4.6948
#         119       0.00000      8.74      1.00     2   4.7127
#         120       0.00000      7.87      2.00     3   4.7258
#         121       0.00000      8.56      2.00     3   4.7346
#         122       0.00000      8.17      1.00     4   4.7380
#         123       0.00000      7.35      2.00     3   4.7448
#         124       0.00000     15.05      2.00     3   4.7479
#         125       0.00000      4.40      2.00     3   4.7610
#         126       0.00000     11.98      2.00     3   4.7914
#         127       0.00000      4.05      2.00     3   4.7949
#         128       0.00000      8.22      1.00     2   4.8118
#         129       0.00000      5.37      2.00     3   4.8120
#         130       0.00000      6.68      2.00     3   4.8136
#         132       0.00000      5.84      1.00     4   4.8212
#         133       0.00000      5.65      2.00     3   4.8234
#         135       0.00000      7.56      1.00     4   4.8254
#         136       0.00000      8.14      1.00     2   4.8265
#         137       0.00000      4.13      2.00     3   4.8439
#         139       0.00000      4.21      2.00     4   4.8500
#         140       0.00000      8.01      1.00     2   4.8534
#         141       0.00000      8.10      1.00     4   4.8610
#         143       0.00000      7.30      2.00     3   4.8873
#         144       0.00000      5.02      2.00     3   4.8869
#         145       0.00000      5.04      1.00     4   4.9084
#         146       0.00000      6.00      2.00     3   4.9205
#         147       0.00000      8.58      1.00     2   4.9245
#         152       0.00000      5.92      1.00     4   4.9611
#         153       0.00000      8.33      2.00     3   4.9616
#         155       0.00000      7.10      2.00     3   4.9806
#         158       0.00000      8.17      1.00     2   5.0120
#         159       0.00000      7.26      1.00     2   5.0133
#         161       0.00000      4.63      2.00     4   5.0458
#         163       0.00000      7.94      1.00     2   5.0649
#         166       0.00000      6.40      2.00     3   5.0943
#         168       0.00000      6.92      1.00     2   5.0951
#         169       0.00000     17.29      2.00     3   5.0997
#         171       0.00000     10.90      1.00     4   5.1044
#         172       0.00000      7.54      2.00     3   5.1051
#         173       0.00000      6.51      2.00     3   5.1276
#         174       0.00000      7.66      1.00     2   5.1309
#         175       0.00000      6.11      2.00     3   5.1360
#         176       0.00000      6.70      1.00     2   5.1488
#         177       0.00000      7.88      2.00     3   5.1530
#         178       0.00000      8.32      2.00     3   5.1535
#         179       0.00000      9.13      2.00     3   5.1758
#         180       0.00000      7.40      1.00     2   5.1925
#         181       0.00000      6.99      2.00     3   5.2069
#         184       0.00000      5.20      2.00     4   5.2425
#         185       0.00000      6.90      2.00     3   5.2608
#         186       0.00000      7.14      1.00     2   5.2614
#         188       0.00000      6.56      2.00     3   5.2659
#         189       0.00000      6.25      1.00     2   5.2697
#         190       0.00000     14.96      2.00     3   5.2734
#         191       0.00000      9.05      1.00     4   5.2772
#         192       0.00000      4.37      1.00     4   5.2866
#         194       0.00000      6.14      1.00     2   5.2996
#         195       0.00000     14.58      2.00     3   5.3041
#         196       0.00000      8.76      1.00     4   5.3087
#         197       0.00000      6.09      1.00     2   5.3118
#         198       0.00000      6.94      1.00     2   5.3123
#         199       0.00000     10.80      2.00     3   5.3286
#         200       0.00000      5.84      2.00     3   5.3416
#         201       0.00000      5.97      1.00     2   5.3467
#         205       0.00000      4.88      2.00     3   5.3741
#         206       0.00000      7.07      2.00     3   5.3739
#         208       0.00000      5.22      2.00     3   5.3867
#         210       0.00000      5.18      1.00     4   5.3959
#         211       0.00000      6.45      2.00     3   5.3993
#         213       0.00000      7.20      2.00     3   5.4148
#         215       0.00000      6.50      1.00     2   5.4379
#         216       0.00000      6.49      1.00     2   5.4389
#         217       0.00000      5.64      1.00     2   5.4478
#         218       0.00000      5.84      2.00     3   5.4488
#         219       0.00000      5.61      1.00     2   5.4560
#         220       0.00000      5.61      1.00     2   5.4566
#         222       0.00000      4.33      2.00     4   5.4681
#         225       0.00000      5.56      1.00     2   5.4723
#         226       0.00000      4.56      2.00     4   5.4851
#         229       0.00000      4.34      2.00     3   5.4972
#         230       0.00000      5.78      2.00     3   5.5075
#         233       0.00000      4.41      2.00     3   5.5372
#         234       0.00000      4.01      2.00     3   5.5402
#         235       0.00000      4.68      2.00     3   5.5493
#         236       0.00000      6.24      2.00     3   5.5515
#         237       0.00000     12.24      2.00     2   5.5528
#         239       0.00000      5.19      2.00     3   5.5838
#         241       0.00000      5.21      1.00     2   5.5884
#         242       0.00000      5.20      1.00     2   5.5909
#         244       0.00000      5.17      2.00     3   5.5983
#         249       0.00000      5.17      2.00     3   5.6494
#         254       0.00000      5.72      1.00     2   5.6828
#         255       0.00000      5.84      2.00     3   5.6871
#         256       0.00000      4.41      2.00     3   5.6946
#         257       0.00000      4.01      2.00     3   5.6972
#         263       0.00000      5.07      2.00     3   5.7127
#         266       0.00000      4.87      2.00     3   5.7214
#         267       0.00000      4.55      2.00     3   5.7273
#         269       0.00000      4.68      2.00     3   5.7470
#         278       0.00000      4.05      2.00     3   5.7882
#         282       0.00000      4.39      2.00     3   5.8020
#         284       0.00000      5.38      1.00     2   5.8053
#         285       0.00000      5.59      2.00     3   5.8142
#         287       0.00000      4.16      2.00     3   5.8187
#         290       0.00000      5.02      2.00     3   5.8267
#         305       0.00000      4.42      1.00     2   5.8914
#         306       0.00000      5.13      1.00     2   5.8994
#         309       0.00000      5.84      2.00     3   5.9176
#         311       0.00000      4.33      1.00     2   5.9297
#   223/ 275 paths used
#  -----------------------------------------------------------------------
#       k          chi          mag           phase @#
    -0.7000   -4.071319E-01  4.167983E-01 -1.355009E+00
    -0.6500   -3.889584E-01  3.958607E-01 -1.383783E+00
    -0.6000   -3.822420E-01  3.874243E-01 -1.407051E+00
    -0.5500   -3.819010E-01  3.862301E-01 -1.420934E+00
    -0.5000   -3.853158E-01  3.894063E-01 -1.425725E+00
    -0.4500   -3.905511E-01  3.948527E-01 -1.423053E+00
    -0.4000   -3.963598E-01  4.011668E-01 -1.415835E+00
    -0.3500   -4.021434E-01  4.078029E-01 -1.404002E+00
    -0.3000   -4.073797E-01  4.140272E-01 -1.391358E+00
    -0.2500   -4.118299E-01  4.195149E-01 -1.379093E+00
    -0.2000   -4.154157E-01  4.240992E-01 -1.368088E+00
    -0.1500   -4.183245E-01  4.279422E-01 -1.358386E+00
    -0.1000   -4.204161E-01  4.307824E-01 -1.350973E+00
    -0.0500   -4.216518E-01  4.324947E-01 -1.346403E+00
     0.0000   -4.220601E-01  4.330666E-01 -1.344860E+00
     0.0500   -4.224665E-01  4.336389E-01 -1.343307E+00
     0.1000   -4.236739E-01  4.353584E-01 -1.338590E+00
     0.1500   -4.256432E-01  4.382300E-01 -1.330544E+00
     0.2000   -4.282987E-01  4.422548E-01 -1.318908E+00
     0.2500   -4.315147E-01  4.474204E-01 -1.303355E+00
     0.3000   -4.350998E-01  4.536920E-01 -1.283523E+00
     0.3500   -4.388974E-01  4.611874E-01 -1.258623E+00
     0.4000   -4.428467E-01  4.703916E-01 -1.226884E+00
     0.4500   -4.460249E-01  4.805611E-01 -1.189368E+00
     0.5000   -4.477979E-01  4.915113E-01 -1.145856E+00
     0.5500   -4.476108E-01  5.034978E-01 -1.095162E+00
     0.6000   -4.446312E-01  5.168892E-01 -1.035674E+00
     0.6500   -4.374100E-01  5.304322E-01 -9.695467E-01
     0.7000   -4.249393E-01  5.441999E-01 -8.960276E-01
     0.7500   -4.057882E-01  5.589227E-01 -8.125142E-01
     0.8000   -3.788746E-01  5.728734E-01 -7.226284E-01
     0.8500   -3.431147E-01  5.866464E-01 -6.247257E-01
     0.9000   -2.973517E-01  6.001300E-01 -5.183861E-01
     0.9500   -2.419350E-01  6.118535E-01 -4.065177E-01
     1.0000   -1.753526E-01  6.231656E-01 -2.852425E-01
     1.0500   -9.975523E-02  6.323213E-01 -1.584222E-01
     1.1000   -1.610715E-02  6.395520E-01 -2.518771E-02
     1.1500    7.401066E-02  6.448619E-01  1.150233E-01
     1.2000    1.658048E-01  6.471029E-01  2.591162E-01
     1.2500    2.587143E-01  6.474837E-01  4.110464E-01
     1.3000    3.455174E-01  6.444022E-01  5.659084E-01
     1.3500    4.243526E-01  6.387473E-01  7.266255E-01
     1.4000    4.897167E-01  6.298462E-01  8.907092E-01
     1.4500    5.386127E-01  6.179211E-01  1.058565E+00
     1.5000    5.683829E-01  6.030505E-01  1.230072E+00
     1.5500    5.769342E-01  5.851081E-01  1.403448E+00
     1.6000    5.645683E-01  5.645949E-01  1.580494E+00
     1.6500    5.319295E-01  5.413424E-01  1.757551E+00
     1.7000    4.816130E-01  5.160291E-01  1.938081E+00
     1.7500    4.174919E-01  4.886492E-01  2.117237E+00
     1.8000    3.433440E-01  4.596458E-01  2.298092E+00
     1.8500    2.649941E-01  4.294926E-01  2.476676E+00
     1.9000    1.857359E-01  3.983552E-01  2.656538E+00
     1.9500    1.112408E-01  3.669013E-01  2.833554E+00
     2.0000    4.579177E-02  3.359433E-01  3.004859E+00
     2.0500   -8.604144E-03  3.061113E-01  3.169704E+00
     2.1000   -5.124965E-02  2.766676E-01  3.327908E+00
     2.1500   -8.181453E-02  2.480814E-01  3.477673E+00
     2.2000   -1.020715E-01  2.224140E-01  3.618378E+00
     2.2500   -1.144731E-01  1.998553E-01  3.751486E+00
     2.3000   -1.207656E-01  1.799582E-01  3.877251E+00
     2.3500   -1.215956E-01  1.616984E-01  3.992669E+00
     2.4000   -1.198942E-01  1.457536E-01  4.107528E+00
     2.4500   -1.162655E-01  1.315726E-01  4.225217E+00
     2.5000   -1.106650E-01  1.184274E-01  4.348317E+00
     2.5500   -1.029188E-01  1.063595E-01  4.457339E+00
     2.6000   -9.331033E-02  9.453177E-02  4.551461E+00
     2.6500   -8.333834E-02  8.367294E-02  4.622929E+00
     2.7000   -7.443273E-02  7.450876E-02  4.667210E+00
     2.7500   -6.838063E-02  6.838112E-02  4.716200E+00
     2.8000   -6.379456E-02  6.384708E-02  4.752954E+00
     2.8500   -6.082261E-02  6.095785E-02  4.779014E+00
     2.9000   -5.954581E-02  5.978912E-02  4.802637E+00
     2.9500   -5.961958E-02  6.006378E-02  4.834081E+00
     3.0000   -6.080313E-02  6.167645E-02  4.880871E+00
     3.0500   -6.254704E-02  6.432892E-02  4.948306E+00
     3.1000   -6.407407E-02  6.762976E-02  5.038098E+00
     3.1500   -6.448800E-02  7.100641E-02  5.144223E+00
     3.2000   -6.325118E-02  7.446266E-02  5.268272E+00
     3.2500   -5.941959E-02  7.765891E-02  5.411934E+00
     3.3000   -5.236521E-02  8.008948E-02  5.570545E+00
     3.3500   -4.254263E-02  8.183962E-02  5.736534E+00
     3.4000   -3.036544E-02  8.302872E-02  5.908777E+00
     3.4500   -1.629672E-02  8.343816E-02  6.086607E+00
     3.5000   -1.237124E-03  8.307136E-02  6.268292E+00
     3.5500    1.372110E-02  8.194208E-02  6.451427E+00
     3.6000    2.755144E-02  8.011343E-02  6.634258E+00
     3.6500    3.950542E-02  7.770706E-02  6.816498E+00
     3.7000    4.900566E-02  7.484194E-02  6.997088E+00
     3.7500    5.578923E-02  7.168193E-02  7.175121E+00
     3.8000    5.987641E-02  6.840123E-02  7.349387E+00
     3.8500    6.148454E-02  6.508446E-02  7.519829E+00
     3.9000    6.097377E-02  6.183186E-02  7.687188E+00
     3.9500    5.871682E-02  5.871691E-02  7.852271E+00
     4.0000    5.507228E-02  5.580211E-02  8.015892E+00
     4.0500    5.027877E-02  5.310333E-02  8.181604E+00
     4.1000    4.442483E-02  5.056613E-02  8.351962E+00
     4.1500    3.757563E-02  4.810178E-02  8.528242E+00
     4.2000    2.990442E-02  4.561622E-02  8.709847E+00
     4.2500    2.149514E-02  4.300356E-02  8.901357E+00
     4.3000    1.266488E-02  4.016094E-02  9.103949E+00
     4.3500    3.966509E-03  3.702508E-02  9.317442E+00
     4.4000   -3.820515E-03  3.359212E-02  9.538757E+00
     4.4500   -1.017614E-02  2.979783E-02  9.773297E+00
     4.5000   -1.446471E-02  2.566254E-02  1.002358E+01
     4.5500   -1.621612E-02  2.124685E-02  1.029307E+01
     4.6000   -1.523104E-02  1.663350E-02  1.058199E+01
     4.6500   -1.194027E-02  1.196854E-02  1.092683E+01
     4.7000   -6.928952E-03  7.585791E-03  1.141478E+01
     4.7500   -1.056683E-03  4.651045E-03  1.233718E+01
     4.8000    4.640134E-03  5.674324E-03  1.352385E+01
     4.8500    9.208920E-03  9.213127E-03  1.416739E+01
     4.9000    1.187512E-02  1.307347E-02  1.456867E+01
     4.9500    1.217898E-02  1.669822E-02  1.489058E+01
     5.0000    9.946365E-03  1.989991E-02  1.518457E+01
     5.0500    5.591323E-03  2.260175E-02  1.545798E+01
     5.1000   -2.295467E-04  2.473831E-02  1.571724E+01
     5.1500   -6.676774E-03  2.628564E-02  1.596479E+01
     5.2000   -1.303918E-02  2.729869E-02  1.620594E+01
     5.2500   -1.845902E-02  2.777274E-02  1.643498E+01
     5.3000   -2.247047E-02  2.777127E-02  1.665063E+01
     5.3500   -2.492455E-02  2.739237E-02  1.685103E+01
     5.4000   -2.601092E-02  2.678634E-02  1.703756E+01
     5.4500   -2.602536E-02  2.609634E-02  1.720499E+01
     5.5000   -2.543681E-02  2.550755E-02  1.735325E+01
     5.5500   -2.467118E-02  2.520694E-02  1.748530E+01
     5.6000   -2.397431E-02  2.535114E-02  1.760985E+01
     5.6500   -2.337982E-02  2.602697E-02  1.773369E+01
     5.7000   -2.265892E-02  2.722408E-02  1.786629E+01
     5.7500   -2.138264E-02  2.884417E-02  1.801453E+01
     5.8000   -1.904478E-02  3.077017E-02  1.818217E+01
     5.8500   -1.519318E-02  3.281895E-02  1.836825E+01
     5.9000   -9.579255E-03  3.482390E-02  1.857089E+01
     5.9500   -2.270181E-03  3.663942E-02  1.878756E+01
     6.0000    6.367776E-03  3.822173E-02  1.901694E+01
     6.0500    1.556477E-02  3.942714E-02  1.925538E+01
     6.1000    2.434439E-02  4.017209E-02  1.950058E+01
     6.1500    3.167967E-02  4.040604E-02  1.975069E+01
     6.2000    3.667575E-02  4.010116E-02  2.000403E+01
     6.2500    3.874155E-02  3.925155E-02  2.025898E+01
     6.3000    3.770663E-02  3.787224E-02  2.051390E+01
     6.3500    3.385697E-02  3.599839E-02  2.076701E+01
     6.4000    2.788077E-02  3.368451E-02  2.101615E+01
     6.4500    2.073510E-02  3.100424E-02  2.125858E+01
     6.5000    1.353601E-02  2.816226E-02  2.148976E+01
     6.5500    7.123653E-03  2.518414E-02  2.170437E+01
     6.6000    2.122630E-03  2.219188E-02  2.189535E+01
     6.6500   -1.206848E-03  1.937448E-02  2.205348E+01
     6.7000   -3.006073E-03  1.696927E-02  2.216924E+01
     6.7500   -3.745797E-03  1.524798E-02  2.223935E+01
     6.8000   -4.084753E-03  1.443936E-02  2.227795E+01
     6.8500   -4.693009E-03  1.459194E-02  2.231858E+01
     6.9000   -6.081420E-03  1.551648E-02  2.239388E+01
     6.9500   -8.475810E-03  1.689980E-02  2.251652E+01
     7.0000   -1.184361E-02  1.853019E-02  2.268454E+01
     7.0500   -1.571639E-02  2.013558E-02  2.288666E+01
     7.1000   -1.941257E-02  2.154972E-02  2.311282E+01
     7.1500   -2.220869E-02  2.268839E-02  2.335594E+01
     7.2000   -2.347824E-02  2.350646E-02  2.361094E+01
     7.2500   -2.282776E-02  2.398737E-02  2.387415E+01
     7.3000   -2.017678E-02  2.413636E-02  2.414288E+01
     7.3500   -1.576718E-02  2.397556E-02  2.441507E+01
     7.4000   -1.010460E-02  2.354033E-02  2.468908E+01
     7.4500   -3.850627E-03  2.287598E-02  2.496361E+01
     7.5000    2.310021E-03  2.207129E-02  2.523760E+01
     7.5500    7.789377E-03  2.115228E-02  2.550987E+01
     7.6000    1.215296E-02  2.015941E-02  2.577980E+01
     7.6500    1.517053E-02  1.914909E-02  2.604720E+01
     7.7000    1.680065E-02  1.817333E-02  2.631238E+01
     7.7500    1.713698E-02  1.727675E-02  2.657625E+01
     7.8000    1.633972E-02  1.649391E-02  2.684038E+01
     7.8500    1.457581E-02  1.584761E-02  2.710690E+01
     7.9000    1.198562E-02  1.534874E-02  2.737825E+01
     7.9500    8.683671E-03  1.499765E-02  2.765683E+01
     8.0000    4.799346E-03  1.480641E-02  2.794423E+01
     8.0500    4.762780E-04  1.474728E-02  2.824203E+01
     8.1000   -4.037724E-03  1.479432E-02  2.855076E+01
     8.1500   -8.376288E-03  1.493327E-02  2.886982E+01
     8.2000   -1.208592E-02  1.515056E-02  2.919784E+01
     8.2500   -1.468667E-02  1.543277E-02  2.953291E+01
     8.3000   -1.575936E-02  1.576543E-02  2.987288E+01
     8.3500   -1.503827E-02  1.613221E-02  3.021551E+01
     8.4000   -1.248497E-02  1.651456E-02  3.055875E+01
     8.4500   -8.322379E-03  1.689217E-02  3.090076E+01
     8.5000   -3.012032E-03  1.725211E-02  3.124044E+01
     8.5500    2.807437E-03  1.756815E-02  3.157642E+01
     8.6000    8.410212E-03  1.781721E-02  3.190752E+01
     8.6500    1.311418E-02  1.798585E-02  3.223299E+01
     8.7000    1.638717E-02  1.806569E-02  3.255224E+01
     8.7500    1.792017E-02  1.805423E-02  3.286478E+01
     8.8000    1.765367E-02  1.795519E-02  3.317024E+01
     8.8500    1.575590E-02  1.777837E-02  3.346836E+01
     8.9000    1.256343E-02  1.753896E-02  3.375901E+01
     8.9500    8.502310E-03  1.725630E-02  3.404232E+01
     9.0000    4.000693E-03  1.695869E-02  3.431937E+01
     9.0500   -5.505319E-04  1.666682E-02  3.459056E+01
     9.1000   -4.829363E-03  1.639590E-02  3.485650E+01
     9.1500   -8.600810E-03  1.616083E-02  3.511872E+01
     9.2000   -1.169252E-02  1.596964E-02  3.537902E+01
     9.2500   -1.396850E-02  1.582243E-02  3.563937E+01
     9.3000   -1.530956E-02  1.571147E-02  3.590164E+01
     9.3500   -1.561057E-02  1.562254E-02  3.616747E+01
     9.4000   -1.479754E-02  1.553718E-02  3.643811E+01
     9.4500   -1.285916E-02  1.543518E-02  3.671441E+01
     9.5000   -9.885188E-03  1.530897E-02  3.699716E+01
     9.5500   -6.073501E-03  1.514014E-02  3.728634E+01
     9.6000   -1.748439E-03  1.490587E-02  3.758154E+01
     9.6500    2.661941E-03  1.459726E-02  3.788250E+01
     9.7000    6.684071E-03  1.421036E-02  3.818882E+01
     9.7500    9.869795E-03  1.374600E-02  3.850005E+01
     9.8000    1.187014E-02  1.320937E-02  3.881571E+01
     9.8500    1.249524E-02  1.260935E-02  3.913527E+01
     9.9000    1.174642E-02  1.195768E-02  3.945816E+01
     9.9500    9.812945E-03  1.126809E-02  3.978375E+01
    10.0000    7.041466E-03  1.056918E-02  4.011157E+01
    10.0500    3.841009E-03  9.871919E-03  4.044107E+01
    10.1000    6.368165E-04  9.177120E-03  4.077126E+01
    10.1500   -2.187862E-03  8.497960E-03  4.110109E+01
    10.2000   -4.356381E-03  7.846193E-03  4.142933E+01
    10.2500   -5.726419E-03  7.231778E-03  4.175452E+01
    10.3000   -6.289071E-03  6.662716E-03  4.207501E+01
    10.3500   -6.143517E-03  6.145067E-03  4.238904E+01
    10.4000   -5.456482E-03  5.683110E-03  4.269486E+01
    10.4500   -4.417915E-03  5.279573E-03  4.299090E+01
    10.5000   -3.203352E-03  4.935793E-03  4.327602E+01
    10.5500   -1.949960E-03  4.651740E-03  4.354974E+01
    10.6000   -7.484894E-04  4.425842E-03  4.381236E+01
    10.6500    3.512211E-04  4.254731E-03  4.406494E+01
    10.7000    1.326709E-03  4.133080E-03  4.430908E+01
    10.7500    2.167847E-03  4.053771E-03  4.454654E+01
    10.8000    2.865703E-03  4.008511E-03  4.477878E+01
    10.8500    3.408105E-03  3.988830E-03  4.500672E+01
    10.9000    3.781627E-03  3.987283E-03  4.523052E+01
    10.9500    3.977268E-03  3.998590E-03  4.544978E+01
    11.0000    4.001848E-03  4.026999E-03  4.566492E+01
    11.0500    3.865896E-03  4.075390E-03  4.587512E+01
    11.1000    3.583312E-03  4.142441E-03  4.607869E+01
    11.1500    3.176631E-03  4.236536E-03  4.627610E+01
    11.2000    2.660413E-03  4.367487E-03  4.646891E+01
    11.2500    2.034531E-03  4.544514E-03  4.665971E+01
    11.3000    1.283409E-03  4.774101E-03  4.685171E+01
    11.3500    3.827765E-04  5.058379E-03  4.704815E+01
    11.4000   -6.870518E-04  5.394497E-03  4.725160E+01
    11.4500   -1.924736E-03  5.775052E-03  4.746367E+01
    11.5000   -3.293186E-03  6.189243E-03  4.768495E+01
    11.5500   -4.711461E-03  6.624272E-03  4.791515E+01
    11.6000   -6.056733E-03  7.066658E-03  4.815348E+01
    11.6500   -7.177254E-03  7.503300E-03  4.839881E+01
    11.7000   -7.914332E-03  7.922261E-03  4.864994E+01
    11.7500   -8.128911E-03  8.313304E-03  4.890570E+01
    11.8000   -7.727119E-03  8.668238E-03  4.916499E+01
    11.8500   -6.679316E-03  8.981081E-03  4.942688E+01
    11.9000   -5.028822E-03  9.248085E-03  4.969056E+01
    11.9500   -2.888921E-03  9.467619E-03  4.995540E+01
    12.0000   -4.248151E-04  9.653544E-03  5.022146E+01
    12.0500    2.172329E-03  9.813333E-03  5.048870E+01
    12.1000    4.681884E-03  9.932650E-03  5.075632E+01
    12.1500    6.890877E-03  1.001442E-02  5.102434E+01
    12.2000    8.612642E-03  1.006171E-02  5.129293E+01
    12.2500    9.701595E-03  1.007730E-02  5.156236E+01
    12.3000    1.006325E-02  1.006331E-02  5.183302E+01
    12.3500    9.660352E-03  1.002099E-02  5.210537E+01
    12.4000    8.515956E-03  9.950614E-03  5.237994E+01
    12.4500    6.713992E-03  9.851504E-03  5.265724E+01
    12.5000    4.396743E-03  9.722245E-03  5.293781E+01
    12.5500    1.758070E-03  9.560978E-03  5.322214E+01
    12.6000   -9.690466E-04  9.365773E-03  5.351073E+01
    12.6500   -3.531506E-03  9.135032E-03  5.380401E+01
    12.7000   -5.681126E-03  8.867877E-03  5.410241E+01
    12.7500   -7.203487E-03  8.564493E-03  5.440637E+01
    12.8000   -7.946648E-03  8.226399E-03  5.471633E+01
    12.8500   -7.844780E-03  7.856637E-03  5.503282E+01
    12.9000   -6.931787E-03  7.459878E-03  5.535640E+01
    12.9500   -5.341220E-03  7.042446E-03  5.568776E+01
    13.0000   -3.294887E-03  6.620099E-03  5.602771E+01
    13.0500   -1.059264E-03  6.203304E-03  5.637707E+01
    13.1000    1.082671E-03  5.789811E-03  5.673677E+01
    13.1500    2.859634E-03  5.391125E-03  5.710778E+01
    13.2000    4.059782E-03  5.019452E-03  5.749079E+01
    13.2500    4.559696E-03  4.686955E-03  5.788590E+01
    13.3000    4.339100E-03  4.404619E-03  5.829216E+01
    13.3500    3.479209E-03  4.180746E-03  5.870720E+01
    13.4000    2.145599E-03  4.019359E-03  5.912715E+01
    13.4500    5.591659E-04  3.919091E-03  5.954709E+01
    13.5000   -1.039387E-03  3.873153E-03  5.996195E+01
    13.5500   -2.425382E-03  3.870567E-03  6.036747E+01
    13.6000   -3.420621E-03  3.898173E-03  6.076087E+01
    13.6500   -3.914217E-03  3.942664E-03  6.114086E+01
    13.7000   -3.871595E-03  3.992053E-03  6.150734E+01
    13.7500   -3.331643E-03  4.036456E-03  6.186096E+01
    13.8000   -2.393859E-03  4.068298E-03  6.220275E+01
    13.8500   -1.198670E-03  4.082188E-03  6.253383E+01
    13.9000    9.535514E-05  4.074629E-03  6.285526E+01
    13.9500    1.333775E-03  4.043690E-03  6.316799E+01
    14.0000    2.391285E-03  3.995253E-03  6.347352E+01
    14.0500    3.179238E-03  3.934149E-03  6.377279E+01
    14.1000    3.632669E-03  3.850105E-03  6.406497E+01
    14.1500    3.739142E-03  3.744280E-03  6.435026E+01
    14.2000    3.526390E-03  3.618457E-03  6.462871E+01
    14.2500    3.053669E-03  3.474979E-03  6.490019E+01
    14.3000    2.400144E-03  3.316702E-03  6.516436E+01
    14.3500    1.652164E-03  3.146961E-03  6.542073E+01
    14.4000    8.913062E-04  2.969532E-03  6.566860E+01
    14.4500    1.847772E-04  2.788590E-03  6.590714E+01
    14.5000   -4.206739E-04  2.608645E-03  6.613541E+01
    14.5500   -9.008556E-04  2.434447E-03  6.635250E+01
    14.6000   -1.252433E-03  2.270832E-03  6.655764E+01
    14.6500   -1.488240E-03  2.122489E-03  6.675049E+01
    14.7000   -1.630860E-03  1.993631E-03  6.693143E+01
    14.7500   -1.705854E-03  1.887567E-03  6.710185E+01
    14.8000   -1.735940E-03  1.806266E-03  6.726428E+01
    14.8500   -1.737002E-03  1.750023E-03  6.742218E+01
    14.9000   -1.716345E-03  1.717409E-03  6.757945E+01
    14.9500   -1.673074E-03  1.705562E-03  6.773973E+01
    15.0000   -1.602573E-03  1.712903E-03  6.790512E+01
    15.0500   -1.495427E-03  1.736721E-03  6.807768E+01
    15.1000   -1.334648E-03  1.768333E-03  6.825977E+01
    15.1500   -1.111880E-03  1.804107E-03  6.845100E+01
    15.2000   -8.246919E-04  1.841462E-03  6.865068E+01
    15.2500   -4.773196E-04  1.878700E-03  6.885815E+01
    15.3000   -8.062269E-05  1.914739E-03  6.907292E+01
    15.3500    3.483254E-04  1.948827E-03  6.929474E+01
    15.4000    7.867593E-04  1.980309E-03  6.952360E+01
    15.4500    1.206882E-03  2.008452E-03  6.975967E+01
    15.5000    1.576954E-03  2.032376E-03  7.000320E+01
    15.5500    1.863221E-03  2.051052E-03  7.025453E+01
    15.6000    2.032976E-03  2.063376E-03  7.051397E+01
    15.6500    2.058757E-03  2.068276E-03  7.078182E+01
    15.7000    1.923231E-03  2.064855E-03  7.105836E+01
    15.7500    1.623946E-03  2.052517E-03  7.134387E+01
    15.8000    1.176843E-03  2.031091E-03  7.163862E+01
    15.8500    6.174748E-04  2.000924E-03  7.194292E+01
    15.9000   -8.380890E-07  1.962938E-03  7.225706E+01
    15.9500   -6.121288E-04  1.918656E-03  7.258135E+01
    16.0000   -1.146919E-03  1.870711E-03  7.291660E+01
    16.0500   -1.539966E-03  1.822251E-03  7.326336E+01
    16.1000   -1.737246E-03  1.775276E-03  7.362007E+01
    16.1500   -1.711330E-03  1.733041E-03  7.398588E+01
    16.2000   -1.463932E-03  1.698600E-03  7.435933E+01
    16.2500   -1.026599E-03  1.674438E-03  7.473824E+01
    16.3000   -4.566780E-04  1.662111E-03  7.511989E+01
    16.3500    1.708250E-04  1.662016E-03  7.550119E+01
    16.4000    7.740889E-04  1.673343E-03  7.587915E+01
    16.4500    1.276173E-03  1.694239E-03  7.625120E+01
    16.5000    1.615594E-03  1.722129E-03  7.661544E+01
    16.5500    1.754095E-03  1.754098E-03  7.697066E+01
    16.6000    1.680539E-03  1.787240E-03  7.731631E+01
    16.6500    1.410562E-03  1.818931E-03  7.765233E+01
    16.7000    9.824338E-04  1.846993E-03  7.797896E+01
    16.7500    4.501624E-04  1.869777E-03  7.829667E+01
    16.8000   -1.247726E-04  1.886178E-03  7.860602E+01
    16.8500   -6.815940E-04  1.895590E-03  7.890762E+01
    16.9000   -1.167091E-03  1.897837E-03  7.920215E+01
    16.9500   -1.540383E-03  1.893067E-03  7.949030E+01
    17.0000   -1.776653E-03  1.882927E-03  7.977303E+01
    17.0500   -1.866453E-03  1.869709E-03  8.005159E+01
    17.1000   -1.807989E-03  1.850985E-03  8.032657E+01
    17.1500   -1.613228E-03  1.826829E-03  8.059903E+01
    17.2000   -1.303245E-03  1.797034E-03  8.087006E+01
    17.2500   -9.065139E-04  1.761091E-03  8.114070E+01
    17.3000   -4.573688E-04  1.718209E-03  8.141197E+01
    17.3500    5.688324E-06  1.667390E-03  8.168482E+01
    17.4000    4.422468E-04  1.607511E-03  8.196012E+01
    17.4500    8.130994E-04  1.537446E-03  8.223867E+01
    17.5000    1.084206E-03  1.456185E-03  8.252127E+01
    17.5500    1.231128E-03  1.362951E-03  8.280877E+01
    17.6000    1.243188E-03  1.257315E-03  8.310216E+01
    17.6500    1.126396E-03  1.139296E-03  8.340283E+01
    17.7000    9.042006E-04  1.009458E-03  8.371293E+01
    17.7500    6.153916E-04  8.690415E-04  8.403616E+01
    17.8000    3.090249E-04  7.201655E-04  8.437950E+01
    17.8500    3.689150E-05  5.663610E-04  8.475782E+01
    17.9000   -1.552937E-04  4.142547E-04  8.520726E+01
    17.9500   -2.363372E-04  2.801854E-04  8.582677E+01
    18.0000   -1.965322E-04  2.135990E-04  8.679626E+01
    18.0500   -4.811242E-05  2.716841E-04  8.778657E+01
    18.1000    1.764689E-04  3.961488E-04  8.842628E+01
    18.1500    4.262942E-04  5.336902E-04  8.888984E+01
    18.2000    6.446754E-04  6.659473E-04  8.928196E+01
    18.2500    7.807052E-04  7.850444E-04  8.964058E+01
    18.3000    7.997666E-04  8.863129E-04  8.998099E+01
    18.3500    6.906724E-04  9.665269E-04  9.031015E+01
    18.4000    4.678171E-04  1.023420E-03  9.063144E+01
    18.4500    1.678317E-04  1.055552E-03  9.094651E+01
    18.5000   -1.585085E-04  1.062274E-03  9.125596E+01
    18.5500   -4.572737E-04  1.043731E-03  9.155969E+01
    18.6000   -6.827511E-04  1.000859E-03  9.185691E+01
    18.6500   -8.066141E-04  9.353858E-04  9.214605E+01
    18.7000   -8.228644E-04  8.498412E-04  9.242435E+01
    18.7500   -7.475633E-04  7.476009E-04  9.268702E+01
    18.8000   -6.136356E-04  6.330640E-04  9.292537E+01
    18.8500   -4.621981E-04  5.122036E-04  9.312254E+01
    18.9000   -3.326385E-04  3.942469E-04  9.324358E+01
    18.9500   -2.538656E-04  2.965032E-04  9.321991E+01
    19.0000   -2.385845E-04  2.512729E-04  9.299613E+01
    19.0500   -2.824762E-04  2.832902E-04  9.275281E+01
    19.1000   -3.674352E-04  3.675241E-04  9.269898E+01
    19.1500   -4.661594E-04  4.691074E-04  9.278915E+01
    19.2000   -5.498023E-04  5.710564E-04  9.295067E+01
    19.2500   -5.944323E-04  6.663129E-04  9.314576E+01
    19.3000   -5.852638E-04  7.521109E-04  9.335605E+01
    19.3500   -5.179004E-04  8.279608E-04  9.357199E+01
    19.4000   -3.967728E-04  8.948703E-04  9.378841E+01
    19.4500   -2.317567E-04  9.549067E-04  9.400263E+01
    19.5000   -3.439075E-05  1.010799E-03  9.421375E+01
    19.5500    1.849311E-04  1.065483E-03  9.442223E+01
    19.6000    4.179035E-04  1.121590E-03  9.462959E+01
    19.6500    6.572583E-04  1.180966E-03  9.483800E+01
    19.7000    8.943591E-04  1.244310E-03  9.504980E+01
    19.7500    1.116622E-03  1.311044E-03  9.526701E+01
    19.8000    1.306078E-03  1.379403E-03  9.549106E+01
    19.8500    1.440054E-03  1.446708E-03  9.572263E+01
    19.9000    1.494283E-03  1.509727E-03  9.596173E+01
    19.9500    1.447928E-03  1.565028E-03  9.620787E+01