# # tequil.ion_motion                                            FEFF 9.05   
# # POT  SCF  30  5.5000   1, core-hole, AFOLP (folp(0)= 1.150)
# # Abs   Z=30 Rmt= 1.285 Rnm= 1.404 K  shell
# # Pot 1 Z=26 Rmt= 1.288 Rnm= 1.395
# # Pot 2 Z= 8 Rmt= 0.966 Rnm= 1.073
# # Gam_ch=1.897E+00 H-L exch
# # Mu=-1.173E+01 kf=2.207E+00 Vint=-1.911E+01 Rs_int= 1.643
# # PATH  Rmax= 8.500,  Keep_limit= 0.00, Heap_limit 0.00  Pwcrit= 2.50%
#  S02=1.000                                        Global_sig2= 0.00000
#  Energy zero shift, vr, vi   -2.00000E+00   0.00000E+00
#  Curved wave amplitude ratio filter   4.000%
#     file         sig2 tot  cw amp ratio   deg  nlegs   reff  inp sig2
#           1       0.00000    100.00      1.00     2   1.8399
#           2       0.00000     77.56      1.00     2   2.0315
#           3       0.00000     73.23      1.00     2   2.0774
#           4       0.00000     66.95      1.00     2   2.1509
#           5       0.00000     50.80      1.00     2   2.3924
#           6       0.00000     43.55      1.00     2   2.5373
#           7       0.00000     26.70      1.00     2   3.0070
#           8       0.00000     26.59      1.00     2   3.0124
#           9       0.00000     26.10      1.00     2   3.0374
#          10       0.00000     25.76      1.00     2   3.0553
#          11       0.00000     24.71      1.00     2   3.1111
#          12       0.00000     22.76      1.00     2   3.2240
#          13       0.00000     22.54      1.00     2   3.2376
#          14       0.00000     21.29      1.00     2   3.3155
#          15       0.00000     21.09      1.00     2   3.3276
#          16       0.00000     20.87      1.00     2   3.3399
#          17       0.00000     10.19      2.00     3   3.3839
#          18       0.00000     19.68      1.00     2   3.4126
#          19       0.00000     19.25      1.00     2   3.4400
#          20       0.00000     16.02      2.00     3   3.5013
#          21       0.00000      9.79      2.00     3   3.5011
#          22       0.00000     11.14      2.00     3   3.5033
#          23       0.00000     18.34      1.00     2   3.5280
#          24       0.00000      8.18      2.00     3   3.5338
#          25       0.00000     17.71      1.00     2   3.5457
#          26       0.00000      8.72      2.00     3   3.5458
#          27       0.00000      7.12      2.00     3   3.5494
#          28       0.00000      8.03      2.00     3   3.5532
#          29       0.00000     17.95      1.00     2   3.5594
#          30       0.00000      8.41      2.00     3   3.5694
#          31       0.00000      8.48      2.00     3   3.5743
#          32       0.00000     10.75      2.00     3   3.5942
#          33       0.00000     12.02      2.00     3   3.6181
#          34       0.00000     17.07      1.00     2   3.6320
#          35       0.00000      7.03      2.00     3   3.6616
#          36       0.00000      7.81      2.00     3   3.6780
#          37       0.00000     11.84      1.00     4   3.6798
#          38       0.00000      5.61      2.00     3   3.7076
#          39       0.00000      6.44      2.00     3   3.7117
#          40       0.00000     13.41      2.00     3   3.7494
#          41       0.00000      4.56      1.00     4   3.7787
#          42       0.00000      5.14      2.00     3   3.8222
#          43       0.00000     12.40      2.00     3   3.8551
#          44       0.00000      4.82      2.00     4   3.8714
#          45       0.00000     13.70      1.00     2   3.8882
#          47       0.00000     13.23      1.00     2   3.9356
#          48       0.00000      4.47      1.00     4   3.9514
#          49       0.00000      4.70      1.00     4   3.9707
#          50       0.00000     13.56      1.00     2   3.9760
#          51       0.00000      4.38      1.00     4   3.9952
#          53       0.00000     13.22      1.00     2   4.0148
#          54       0.00000      7.87      2.00     3   4.0177
#          55       0.00000      7.80      2.00     3   4.0183
#          56       0.00000     12.41      1.00     2   4.0254
#          57       0.00000      8.21      2.00     3   4.0302
#          58       0.00000      7.50      2.00     3   4.0420
#          59       0.00000      6.97      1.00     4   4.0629
#          60       0.00000      6.87      2.00     3   4.0730
#          61       0.00000     12.72      1.00     2   4.0745
#          63       0.00000      4.12      1.00     4   4.0791
#          64       0.00000     16.08      2.00     3   4.0814
#          67       0.00000      7.49      2.00     3   4.1119
#          68       0.00000      6.33      2.00     3   4.1287
#          69       0.00000     17.06      2.00     3   4.1487
#          70       0.00000      6.20      1.00     4   4.1547
#          71       0.00000     12.10      2.00     3   4.1554
#          72       0.00000      7.52      1.00     4   4.1869
#          73       0.00000     12.03      2.00     4   4.2283
#          74       0.00000      9.75      2.00     3   4.2558
#          75       0.00000     10.46      1.00     2   4.2737
#          76       0.00000      5.02      1.00     4   4.2960
#          77       0.00000      5.17      1.00     4   4.3018
#          78       0.00000     15.79      2.00     3   4.3101
#          79       0.00000     10.18      1.00     2   4.3143
#          80       0.00000     14.43      2.00     3   4.3459
#          81       0.00000      7.15      2.00     3   4.3519
#          82       0.00000     19.39      2.00     3   4.3727
#          83       0.00000     11.59      2.00     4   4.3772
#          84       0.00000      9.52      1.00     2   4.4143
#          85       0.00000      9.93      2.00     4   4.4239
#          86       0.00000      9.44      1.00     2   4.4281
#          87       0.00000      9.43      1.00     2   4.4300
#          88       0.00000      9.41      1.00     2   4.4330
#          89       0.00000      9.39      1.00     2   4.4366
#          91       0.00000     16.60      2.00     3   4.4391
#          92       0.00000      6.18      2.00     3   4.4401
#          93       0.00000     11.45      1.00     4   4.4717
#          94       0.00000      5.53      2.00     3   4.4880
#          95       0.00000     18.74      2.00     3   4.4949
#          96       0.00000      5.99      2.00     3   4.5120
#          97       0.00000      8.88      1.00     2   4.5221
#          98       0.00000      8.78      1.00     2   4.5384
#          99       0.00000      9.28      1.00     4   4.5638
#         100       0.00000      8.62      1.00     2   4.5684
#         101       0.00000      8.60      1.00     2   4.5706
#         102       0.00000     11.09      1.00     4   4.5755
#         103       0.00000     13.49      2.00     3   4.5801
#         104       0.00000     13.42      2.00     3   4.5869
#         105       0.00000      4.40      2.00     3   4.5923
#         106       0.00000      4.15      2.00     3   4.6084
#         107       0.00000      8.34      1.00     2   4.6200
#         108       0.00000     16.45      2.00     3   4.6532
#         109       0.00000     13.54      2.00     3   4.6713
#         110       0.00000      8.33      2.00     3   4.7032
#         111       0.00000      6.98      1.00     4   4.7303
#         112       0.00000      9.53      1.00     4   4.7358
#         113       0.00000      6.96      1.00     4   4.7372
#         114       0.00000      7.24      2.00     3   4.7606
#         115       0.00000      8.31      1.00     2   4.7690
#         116       0.00000      7.57      1.00     2   4.7741
#         118       0.00000      6.47      2.00     3   4.7855
#         119       0.00000      8.95      2.00     3   4.7971
#         121       0.00000      7.35      1.00     4   4.8042
#         124       0.00000      7.35      1.00     2   4.8207
#         126       0.00000      4.55      2.00     4   4.8469
#         128       0.00000      7.16      1.00     2   4.8630
#         130       0.00000      7.14      1.00     2   4.8676
#         131       0.00000      5.07      2.00     3   4.8712
#         133       0.00000      4.99      2.00     3   4.8814
#         134       0.00000      7.08      1.00     2   4.8823
#         135       0.00000      9.77      2.00     3   4.8828
#         136       0.00000      7.60      2.00     3   4.8840
#         137       0.00000      8.90      2.00     3   4.9118
#         138       0.00000      4.95      2.00     3   4.9214
#         139       0.00000      5.32      2.00     3   4.9222
#         141       0.00000      4.33      2.00     3   4.9299
#         142       0.00000      6.36      2.00     3   4.9552
#         144       0.00000      4.78      2.00     3   4.9611
#         145       0.00000      6.72      1.00     2   4.9686
#         147       0.00000      5.71      2.00     3   4.9962
#         148       0.00000      4.86      1.00     4   4.9967
#         149       0.00000      7.22      1.00     2   5.0165
#         150       0.00000      8.54      2.00     3   5.0163
#         152       0.00000      6.95      2.00     3   5.0364
#         153       0.00000      6.43      1.00     2   5.0402
#         154       0.00000     16.08      2.00     3   5.0475
#         155       0.00000      7.08      1.00     2   5.0509
#         157       0.00000     10.22      1.00     4   5.0549
#         160       0.00000      6.99      1.00     2   5.0742
#         162       0.00000      6.74      1.00     2   5.1382
#         165       0.00000      5.97      2.00     3   5.1543
#         166       0.00000      6.01      1.00     2   5.1563
#         167       0.00000      7.07      2.00     3   5.1635
#         168       0.00000      5.80      2.00     3   5.1647
#         169       0.00000      5.97      1.00     2   5.1663
#         170       0.00000      5.39      2.00     3   5.1858
#         171       0.00000      6.80      2.00     3   5.1919
#         172       0.00000      6.53      1.00     2   5.1949
#         173       0.00000      6.53      1.00     2   5.1969
#         174       0.00000      5.38      2.00     3   5.2029
#         175       0.00000      5.83      1.00     2   5.2078
#         178       0.00000      5.88      2.00     3   5.2439
#         179       0.00000      4.19      2.00     3   5.2563
#         181       0.00000      6.99      2.00     3   5.2677
#         185       0.00000      4.04      2.00     3   5.3051
#         186       0.00000      5.50      1.00     2   5.3059
#         188       0.00000     13.05      2.00     3   5.3111
#         189       0.00000      5.47      1.00     2   5.3152
#         190       0.00000      7.86      1.00     4   5.3162
#         191       0.00000      7.39      2.00     3   5.3200
#         192       0.00000      5.45      1.00     2   5.3224
#         193       0.00000      5.45      1.00     2   5.3226
#         194       0.00000      5.94      2.00     3   5.3235
#         195       0.00000      6.08      1.00     2   5.3260
#         196       0.00000      6.65      2.00     3   5.3286
#         197       0.00000      5.41      1.00     2   5.3374
#         198       0.00000      4.12      2.00     3   5.3383
#         199       0.00000      5.57      2.00     3   5.3481
#         200       0.00000      6.33      2.00     3   5.3486
#         202       0.00000      5.91      2.00     3   5.3705
#         203       0.00000      5.79      2.00     3   5.3793
#         204       0.00000      5.01      2.00     4   5.3856
#         206       0.00000      5.93      2.00     3   5.3932
#         208       0.00000      5.22      1.00     2   5.3979
#         211       0.00000     12.05      2.00     3   5.4041
#         212       0.00000      4.16      2.00     3   5.4082
#         213       0.00000      7.08      1.00     4   5.4103
#         214       0.00000      5.16      1.00     2   5.4193
#         215       0.00000      6.29      2.00     3   5.4340
#         216       0.00000      6.21      2.00     3   5.4379
#         218       0.00000      5.70      1.00     2   5.4446
#         222       0.00000      5.05      1.00     2   5.4588
#         230       0.00000      4.48      2.00     3   5.5302
#         234       0.00000      4.21      2.00     3   5.5480
#         237       0.00000      5.33      2.00     3   5.5665
#         238       0.00000      4.98      2.00     3   5.5736
#         243       0.00000      4.88      2.00     3   5.5966
#         250       0.00000      5.03      1.00     2   5.6832
#         254       0.00000      4.96      2.00     3   5.6943
#         260       0.00000      4.93      1.00     2   5.7246
#         262       0.00000      4.20      2.00     3   5.7384
#         273       0.00000      4.74      1.00     2   5.7973
#         279       0.00000      4.56      2.00     3   5.8353
#         285       0.00000      4.46      1.00     2   5.9205
#         289       0.00000      4.41      1.00     2   5.9399
#   195/ 257 paths used
#  -----------------------------------------------------------------------
#       k          chi          mag           phase @#
    -0.7000   -4.725300E-01  4.732344E-01 -1.516232E+00
    -0.6500   -4.563596E-01  4.577390E-01 -1.493142E+00
    -0.6000   -4.463108E-01  4.485870E-01 -1.470015E+00
    -0.5500   -4.396860E-01  4.432169E-01 -1.444487E+00
    -0.5000   -4.354564E-01  4.404906E-01 -1.419466E+00
    -0.4500   -4.325524E-01  4.393677E-01 -1.394434E+00
    -0.4000   -4.305433E-01  4.392404E-01 -1.371467E+00
    -0.3500   -4.288465E-01  4.397574E-01 -1.347573E+00
    -0.3000   -4.274981E-01  4.405532E-01 -1.326743E+00
    -0.2500   -4.263854E-01  4.414267E-01 -1.308996E+00
    -0.2000   -4.254646E-01  4.422528E-01 -1.294379E+00
    -0.1500   -4.247572E-01  4.430974E-01 -1.282076E+00
    -0.1000   -4.242436E-01  4.437763E-01 -1.272999E+00
    -0.0500   -4.239270E-01  4.441964E-01 -1.267538E+00
     0.0000   -4.238200E-01  4.443385E-01 -1.265715E+00
     0.0500   -4.237121E-01  4.444815E-01 -1.263890E+00
     0.1000   -4.233834E-01  4.449161E-01 -1.258410E+00
     0.1500   -4.228170E-01  4.456580E-01 -1.249250E+00
     0.2000   -4.219806E-01  4.467299E-01 -1.236370E+00
     0.2500   -4.208201E-01  4.481567E-01 -1.219717E+00
     0.3000   -4.192528E-01  4.499598E-01 -1.199220E+00
     0.3500   -4.171890E-01  4.522730E-01 -1.174320E+00
     0.4000   -4.145203E-01  4.554830E-01 -1.143447E+00
     0.4500   -4.108942E-01  4.591799E-01 -1.108081E+00
     0.5000   -4.060113E-01  4.633281E-01 -1.068114E+00
     0.5500   -3.995676E-01  4.682152E-01 -1.022444E+00
     0.6000   -3.910701E-01  4.742265E-01 -9.695804E-01
     0.6500   -3.798259E-01  4.805566E-01 -9.114412E-01
     0.7000   -3.652365E-01  4.873702E-01 -8.471592E-01
     0.7500   -3.463351E-01  4.953644E-01 -7.742110E-01
     0.8000   -3.224874E-01  5.032554E-01 -6.955434E-01
     0.8500   -2.928655E-01  5.116105E-01 -6.094765E-01
     0.9000   -2.564812E-01  5.204091E-01 -5.153568E-01
     0.9500   -2.132934E-01  5.284259E-01 -4.154911E-01
     1.0000   -1.617969E-01  5.368636E-01 -3.061337E-01
     1.0500   -1.030867E-01  5.441558E-01 -1.905953E-01
     1.1000   -3.737849E-02  5.504702E-01 -6.795514E-02
     1.1500    3.467733E-02  5.557494E-01  6.243799E-02
     1.2000    1.097995E-01  5.588482E-01  1.977612E-01
     1.2500    1.879512E-01  5.607596E-01  3.417883E-01
     1.3000    2.634466E-01  5.599063E-01  4.898789E-01
     1.3500    3.347555E-01  5.569803E-01  6.447750E-01
     1.4000    3.970000E-01  5.512529E-01  8.040583E-01
     1.4500    4.471636E-01  5.428113E-01  9.680679E-01
     1.5000    4.822909E-01  5.316198E-01  1.136604E+00
     1.5500    4.997139E-01  5.174995E-01  1.307863E+00
     1.6000    4.988940E-01  5.008034E-01  1.483447E+00
     1.6500    4.794823E-01  4.813879E-01  1.659805E+00
     1.7000    4.431951E-01  4.597598E-01  1.840045E+00
     1.7500    3.928176E-01  4.359905E-01  2.019575E+00
     1.8000    3.315451E-01  4.104132E-01  2.201127E+00
     1.8500    2.643895E-01  3.835197E-01  2.380964E+00
     1.9000    1.946368E-01  3.554137E-01  2.562058E+00
     1.9500    1.275750E-01  3.267532E-01  2.740491E+00
     2.0000    6.739930E-02  2.982951E-01  2.913676E+00
     2.0500    1.642332E-02  2.705865E-01  3.080860E+00
     2.1000   -2.422449E-02  2.430784E-01  3.241415E+00
     2.1500   -5.366018E-02  2.162482E-01  3.392354E+00
     2.2000   -7.303883E-02  1.918042E-01  3.532253E+00
     2.2500   -8.439184E-02  1.699747E-01  3.661151E+00
     2.3000   -8.934340E-02  1.504556E-01  3.777390E+00
     2.3500   -8.903373E-02  1.327901E-01  3.876455E+00
     2.4000   -8.672917E-02  1.178481E-01  3.968647E+00
     2.4500   -8.323105E-02  1.050056E-01  4.056711E+00
     2.5000   -7.877075E-02  9.373248E-02  4.139574E+00
     2.5500   -7.381279E-02  8.563522E-02  4.180685E+00
     2.6000   -7.020266E-02  8.009107E-02  4.210209E+00
     2.6500   -6.853187E-02  7.697697E-02  4.239575E+00
     2.7000   -6.881434E-02  7.574662E-02  4.281227E+00
     2.7500   -7.144407E-02  7.601390E-02  4.363876E+00
     2.8000   -7.423751E-02  7.658371E-02  4.464222E+00
     2.8500   -7.639446E-02  7.708649E-02  4.578294E+00
     2.9000   -7.729110E-02  7.729384E-02  4.703958E+00
     2.9500   -7.661122E-02  7.722053E-02  4.838094E+00
     3.0000   -7.393926E-02  7.663818E-02  4.978566E+00
     3.0500   -6.920801E-02  7.549645E-02  5.123430E+00
     3.1000   -6.261924E-02  7.384426E-02  5.271003E+00
     3.1500   -5.447442E-02  7.179438E-02  5.421784E+00
     3.2000   -4.520124E-02  6.933630E-02  5.573081E+00
     3.2500   -3.542404E-02  6.655211E-02  5.721899E+00
     3.3000   -2.571203E-02  6.359227E-02  5.866943E+00
     3.3500   -1.639712E-02  6.059783E-02  6.009180E+00
     3.4000   -7.755571E-03  5.762760E-02  6.148195E+00
     3.4500   -1.341255E-05  5.476549E-02  6.282940E+00
     3.5000    6.783550E-03  5.208818E-02  6.413788E+00
     3.5500    1.261030E-02  4.959198E-02  6.540290E+00
     3.6000    1.753102E-02  4.734175E-02  6.662526E+00
     3.6500    2.179342E-02  4.542692E-02  6.783551E+00
     3.7000    2.555044E-02  4.382167E-02  6.905669E+00
     3.7500    2.883284E-02  4.247260E-02  7.029391E+00
     3.8000    3.166217E-02  4.137329E-02  7.154662E+00
     3.8500    3.409583E-02  4.046264E-02  7.285371E+00
     3.9000    3.601792E-02  3.964685E-02  7.422790E+00
     3.9500    3.722855E-02  3.882856E-02  7.565907E+00
     4.0000    3.758801E-02  3.796771E-02  7.712439E+00
     4.0500    3.703835E-02  3.704068E-02  7.865188E+00
     4.1000    3.548591E-02  3.600184E-02  8.023481E+00
     4.1500    3.296303E-02  3.484818E-02  8.184408E+00
     4.2000    2.970704E-02  3.365848E-02  8.343410E+00
     4.2500    2.572637E-02  3.237070E-02  8.506195E+00
     4.3000    2.118636E-02  3.098457E-02  8.671860E+00
     4.3500    1.636720E-02  2.957068E-02  8.838224E+00
     4.4000    1.164013E-02  2.831301E-02  9.001092E+00
     4.4500    6.859933E-03  2.708279E-02  9.168693E+00
     4.5000    2.110303E-03  2.586218E-02  9.343089E+00
     4.5500   -2.482516E-03  2.464960E-02  9.525661E+00
     4.6000   -6.737371E-03  2.357655E-02  9.714583E+00
     4.6500   -1.062158E-02  2.239334E-02  9.918968E+00
     4.7000   -1.382277E-02  2.103650E-02  1.014172E+01
     4.7500   -1.597135E-02  1.948420E-02  1.038568E+01
     4.8000   -1.685107E-02  1.791613E-02  1.064903E+01
     4.8500   -1.608787E-02  1.610776E-02  1.094588E+01
     4.9000   -1.351720E-02  1.412067E-02  1.128898E+01
     4.9500   -9.245907E-03  1.212999E-02  1.169961E+01
     5.0000   -3.860606E-03  1.056905E-02  1.219244E+01
     5.0500    2.155157E-03  9.807194E-03  1.278793E+01
     5.1000    7.888739E-03  1.039749E-02  1.342771E+01
     5.1500    1.231431E-02  1.241499E-02  1.400973E+01
     5.2000    1.442512E-02  1.538146E-02  1.449165E+01
     5.2500    1.361269E-02  1.895049E-02  1.490657E+01
     5.3000    9.532013E-03  2.286050E-02  1.527786E+01
     5.3500    2.319043E-03  2.693329E-02  1.562175E+01
     5.4000   -7.350721E-03  3.094683E-02  1.594778E+01
     5.4500   -1.839132E-02  3.490433E-02  1.626292E+01
     5.5000   -2.941723E-02  3.873178E-02  1.657052E+01
     5.5500   -3.892295E-02  4.236714E-02  1.687275E+01
     5.6000   -4.542731E-02  4.569069E-02  1.717133E+01
     5.6500   -4.787964E-02  4.874172E-02  1.746712E+01
     5.7000   -4.563195E-02  5.149842E-02  1.776073E+01
     5.7500   -3.857983E-02  5.394334E-02  1.805266E+01
     5.8000   -2.715927E-02  5.602240E-02  1.834343E+01
     5.8500   -1.240171E-02  5.778381E-02  1.863325E+01
     5.9000    4.310026E-03  5.923477E-02  1.892238E+01
     5.9500    2.135653E-02  6.038115E-02  1.921107E+01
     6.0000    3.702861E-02  6.116280E-02  1.949984E+01
     6.0500    4.975663E-02  6.165789E-02  1.978858E+01
     6.1000    5.828220E-02  6.188532E-02  2.007743E+01
     6.1500    6.176399E-02  6.185340E-02  2.036658E+01
     6.2000    5.986648E-02  6.156991E-02  2.065613E+01
     6.2500    5.279645E-02  6.104228E-02  2.094617E+01
     6.3000    4.128310E-02  6.027802E-02  2.123671E+01
     6.3500    2.650093E-02  5.928527E-02  2.152773E+01
     6.4000    9.940915E-03  5.807356E-02  2.181912E+01
     6.4500   -6.757979E-03  5.665446E-02  2.211072E+01
     6.5000   -2.195388E-02  5.498265E-02  2.240189E+01
     6.5500   -3.426935E-02  5.311679E-02  2.269239E+01
     6.6000   -4.273457E-02  5.109137E-02  2.298189E+01
     6.6500   -4.685988E-02  4.893169E-02  2.326991E+01
     6.7000   -4.666641E-02  4.666727E-02  2.355590E+01
     6.7500   -4.263718E-02  4.433157E-02  2.383931E+01
     6.8000   -3.560528E-02  4.196135E-02  2.411955E+01
     6.8500   -2.660197E-02  3.959570E-02  2.439605E+01
     6.9000   -1.669468E-02  3.727468E-02  2.466835E+01
     6.9500   -6.845107E-03  3.503745E-02  2.493611E+01
     7.0000    2.151978E-03  3.290523E-02  2.519819E+01
     7.0500    9.792093E-03  3.091729E-02  2.545501E+01
     7.1000    1.582063E-02  2.910207E-02  2.570749E+01
     7.1500    2.016064E-02  2.747159E-02  2.595675E+01
     7.2000    2.284799E-02  2.602393E-02  2.620433E+01
     7.2500    2.396451E-02  2.474254E-02  2.645210E+01
     7.3000    2.359768E-02  2.359770E-02  2.670201E+01
     7.3500    2.183559E-02  2.254980E-02  2.695589E+01
     7.4000    1.879339E-02  2.155393E-02  2.721522E+01
     7.4500    1.465596E-02  2.056485E-02  2.748104E+01
     7.5000    9.748539E-03  1.955629E-02  2.775248E+01
     7.5500    4.466098E-03  1.848226E-02  2.803028E+01
     7.6000   -7.018942E-04  1.730905E-02  2.831490E+01
     7.6500   -5.217165E-03  1.601982E-02  2.860605E+01
     7.7000   -8.594793E-03  1.460802E-02  2.890336E+01
     7.7500   -1.049903E-02  1.307683E-02  2.920643E+01
     7.8000   -1.082015E-02  1.143807E-02  2.951493E+01
     7.8500   -9.709590E-03  9.710904E-03  2.982868E+01
     7.9000   -7.560146E-03  7.920250E-03  3.014783E+01
     7.9500   -4.931844E-03  6.095244E-03  3.047326E+01
     8.0000   -2.463035E-03  4.274002E-03  3.080175E+01
     8.0500   -6.800910E-04  2.476760E-03  3.113776E+01
     8.1000    8.316980E-05  7.310485E-04  3.152994E+01
     8.1500   -2.624564E-04  9.426925E-04  2.855647E+01
     8.2000   -1.534112E-03  2.502665E-03  2.893417E+01
     8.2500   -3.322395E-03  3.933208E-03  2.928035E+01
     8.3000   -5.087297E-03  5.214139E-03  2.962411E+01
     8.3500   -6.282648E-03  6.331394E-03  2.996930E+01
     8.4000   -6.480831E-03  7.276823E-03  3.031724E+01
     8.4500   -5.469935E-03  8.048476E-03  3.066868E+01
     8.5000   -3.284583E-03  8.646058E-03  3.102625E+01
     8.5500   -2.447213E-04  9.082431E-03  3.138898E+01
     8.6000    3.129518E-03  9.376244E-03  3.175623E+01
     8.6500    6.243639E-03  9.548218E-03  3.212866E+01
     8.7000    8.536054E-03  9.623327E-03  3.250677E+01
     8.7500    9.585234E-03  9.629548E-03  3.289075E+01
     8.8000    9.185440E-03  9.596199E-03  3.328037E+01
     8.8500    7.378504E-03  9.551838E-03  3.367480E+01
     8.9000    4.438990E-03  9.521838E-03  3.407254E+01
     8.9500    8.191854E-04  9.525918E-03  3.447142E+01
     9.0000   -2.942195E-03  9.574859E-03  3.486986E+01
     9.0500   -6.283973E-03  9.671763E-03  3.526474E+01
     9.1000   -8.724324E-03  9.813149E-03  3.565277E+01
     9.1500   -9.941864E-03  9.988244E-03  3.603191E+01
     9.2000   -9.806354E-03  1.018177E-02  3.640071E+01
     9.2500   -8.384226E-03  1.037627E-02  3.675833E+01
     9.3000   -5.913647E-03  1.055424E-02  3.710435E+01
     9.3500   -2.755570E-03  1.069983E-02  3.743864E+01
     9.4000    6.697568E-04  1.080017E-02  3.776117E+01
     9.4500    3.949874E-03  1.084644E-02  3.807185E+01
     9.5000    6.746884E-03  1.083762E-02  3.837110E+01
     9.5500    8.825321E-03  1.077807E-02  3.865847E+01
     9.6000    1.007436E-02  1.067471E-02  3.893293E+01
     9.6500    1.051238E-02  1.054278E-02  3.919395E+01
     9.7000    1.025225E-02  1.040442E-02  3.944114E+01
     9.7500    9.456573E-03  1.028796E-02  3.967469E+01
     9.8000    8.287948E-03  1.022575E-02  3.989570E+01
     9.8500    6.866653E-03  1.025020E-02  4.010663E+01
     9.9000    5.246381E-03  1.038827E-02  4.031129E+01
     9.9500    3.414682E-03  1.065568E-02  4.051449E+01
    10.0000    1.311243E-03  1.107701E-02  4.072205E+01
    10.0500   -1.128919E-03  1.163894E-02  4.093785E+01
    10.1000   -3.901532E-03  1.229388E-02  4.116364E+01
    10.1500   -6.906619E-03  1.300598E-02  4.140052E+01
    10.2000   -9.926368E-03  1.373510E-02  4.164841E+01
    10.2500   -1.263753E-02  1.444051E-02  4.190644E+01
    10.3000   -1.465795E-02  1.508360E-02  4.217337E+01
    10.3500   -1.561931E-02  1.562961E-02  4.244780E+01
    10.4000   -1.525011E-02  1.604882E-02  4.272832E+01
    10.4500   -1.344844E-02  1.631744E-02  4.301355E+01
    10.5000   -1.032491E-02  1.641813E-02  4.330220E+01
    10.5500   -6.202405E-03  1.634047E-02  4.359296E+01
    10.6000   -1.569219E-03  1.608120E-02  4.388456E+01
    10.6500    3.005800E-03  1.564440E-02  4.417563E+01
    10.7000    6.977665E-03  1.504150E-02  4.446468E+01
    10.7500    9.925113E-03  1.429127E-02  4.475000E+01
    10.8000    1.162236E-02  1.341969E-02  4.502958E+01
    10.8500    1.206598E-02  1.245984E-02  4.530099E+01
    10.9000    1.145141E-02  1.145180E-02  4.556135E+01
    10.9500    1.010651E-02  1.044237E-02  4.580741E+01
    11.0000    8.417458E-03  9.506677E-03  4.603648E+01
    11.0500    6.690955E-03  8.699038E-03  4.624636E+01
    11.1000    5.104869E-03  8.048510E-03  4.643684E+01
    11.1500    3.715281E-03  7.597814E-03  4.661295E+01
    11.2000    2.449313E-03  7.363917E-03  4.678482E+01
    11.2500    1.160227E-03  7.329739E-03  4.696493E+01
    11.3000   -2.964725E-04  7.448765E-03  4.716370E+01
    11.3500   -1.989581E-03  7.660359E-03  4.738663E+01
    11.4000   -3.863886E-03  7.905629E-03  4.763455E+01
    11.4500   -5.732012E-03  8.136857E-03  4.790554E+01
    11.5000   -7.309616E-03  8.320435E-03  4.819663E+01
    11.5500   -8.284519E-03  8.436134E-03  4.850481E+01
    11.6000   -8.400468E-03  8.474991E-03  4.882740E+01
    11.6500   -7.531961E-03  8.436948E-03  4.916210E+01
    11.7000   -5.728976E-03  8.328579E-03  4.950693E+01
    11.7500   -3.218890E-03  8.161013E-03  4.986004E+01
    11.8000   -3.647197E-04  7.948006E-03  5.021958E+01
    11.8500    2.409215E-03  7.704215E-03  5.058353E+01
    11.9000    4.704556E-03  7.443722E-03  5.094964E+01
    11.9500    6.226602E-03  7.178967E-03  5.131531E+01
    12.0000    6.844130E-03  6.930945E-03  5.167784E+01
    12.0500    6.578752E-03  6.709431E-03  5.203397E+01
    12.1000    5.567130E-03  6.507086E-03  5.238047E+01
    12.1500    4.041791E-03  6.331080E-03  5.271465E+01
    12.2000    2.253314E-03  6.189964E-03  5.303449E+01
    12.2500    4.147503E-04  6.094400E-03  5.333897E+01
    12.3000   -1.330350E-03  6.056852E-03  5.362852E+01
    12.3500   -2.910033E-03  6.089915E-03  5.390527E+01
    12.4000   -4.299878E-03  6.203464E-03  5.417291E+01
    12.4500   -5.484792E-03  6.401497E-03  5.443610E+01
    12.5000   -6.422834E-03  6.679954E-03  5.469952E+01
    12.5500   -7.025966E-03  7.026387E-03  5.496692E+01
    12.6000   -7.166515E-03  7.421412E-03  5.524072E+01
    12.6500   -6.709087E-03  7.841158E-03  5.552191E+01
    12.7000   -5.558631E-03  8.259805E-03  5.581045E+01
    12.7500   -3.709166E-03  8.651723E-03  5.610559E+01
    12.8000   -1.276325E-03  8.993070E-03  5.640626E+01
    12.8500    1.499153E-03  9.262924E-03  5.671123E+01
    12.9000    4.281693E-03  9.444092E-03  5.701921E+01
    12.9500    6.699751E-03  9.523659E-03  5.732896E+01
    13.0000    8.440063E-03  9.512790E-03  5.763998E+01
    13.0500    9.285872E-03  9.418705E-03  5.795132E+01
    13.1000    9.122474E-03  9.213843E-03  5.826041E+01
    13.1500    8.031455E-03  8.903373E-03  5.856572E+01
    13.2000    6.240558E-03  8.497464E-03  5.886547E+01
    13.2500    4.068658E-03  8.011278E-03  5.915755E+01
    13.3000    1.853032E-03  7.464948E-03  5.943941E+01
    13.3500   -1.220089E-04  6.883541E-03  5.970799E+01
    13.4000   -1.677072E-03  6.296928E-03  5.995985E+01
    13.4500   -2.758161E-03  5.739228E-03  6.019158E+01
    13.5000   -3.422773E-03  5.247084E-03  6.040090E+01
    13.5500   -3.798322E-03  4.855498E-03  6.058857E+01
    13.6000   -4.026920E-03  4.590367E-03  6.076037E+01
    13.6500   -4.213517E-03  4.459570E-03  6.092732E+01
    13.7000   -4.392399E-03  4.448312E-03  6.110234E+01
    13.7500   -4.520783E-03  4.523456E-03  6.129543E+01
    13.8000   -4.499732E-03  4.644223E-03  6.151116E+01
    13.8500   -4.214452E-03  4.772185E-03  6.174936E+01
    13.9000   -3.580558E-03  4.876635E-03  6.200733E+01
    13.9500   -2.581617E-03  4.935945E-03  6.228146E+01
    14.0000   -1.288208E-03  4.946925E-03  6.256841E+01
    14.0500    1.640511E-04  4.909861E-03  6.286527E+01
    14.1000    1.590303E-03  4.806418E-03  6.316908E+01
    14.1500    2.791318E-03  4.639429E-03  6.347742E+01
    14.2000    3.607371E-03  4.415378E-03  6.378805E+01
    14.2500    3.953684E-03  4.143607E-03  6.409871E+01
    14.3000    3.835603E-03  3.835639E-03  6.440700E+01
    14.3500    3.340213E-03  3.504614E-03  6.471016E+01
    14.4000    2.607991E-03  3.164851E-03  6.500492E+01
    14.4500    1.793621E-03  2.831542E-03  6.528745E+01
    14.5000    1.027659E-03  2.520523E-03  6.555349E+01
    14.5500    3.896760E-04  2.247915E-03  6.579922E+01
    14.6000   -1.005839E-04  2.029164E-03  6.602304E+01
    14.6500   -4.733159E-04  1.876813E-03  6.622839E+01
    14.7000   -7.849028E-04  1.797031E-03  6.642546E+01
    14.7500   -1.088934E-03  1.786871E-03  6.662876E+01
    14.8000   -1.411504E-03  1.835124E-03  6.685097E+01
    14.8500   -1.738231E-03  1.926704E-03  6.709824E+01
    14.9000   -2.016289E-03  2.047213E-03  6.737021E+01
    14.9500   -2.169908E-03  2.185234E-03  6.766275E+01
    15.0000   -2.121398E-03  2.332664E-03  6.797312E+01
    15.0500   -1.813019E-03  2.484388E-03  6.829706E+01
    15.1000   -1.241644E-03  2.636937E-03  6.862477E+01
    15.1500   -4.501060E-04  2.787841E-03  6.895288E+01
    15.2000    4.785545E-04  2.935247E-03  6.927881E+01
    15.2500    1.436690E-03  3.077950E-03  6.960067E+01
    15.3000    2.311459E-03  3.215483E-03  6.991719E+01
    15.3500    3.002792E-03  3.348186E-03  7.022762E+01
    15.4000    3.435941E-03  3.477164E-03  7.053170E+01
    15.4500    3.566919E-03  3.604119E-03  7.082964E+01
    15.5000    3.381677E-03  3.731020E-03  7.112202E+01
    15.5500    2.891601E-03  3.859675E-03  7.140980E+01
    15.6000    2.128477E-03  3.991242E-03  7.169415E+01
    15.6500    1.141283E-03  4.125801E-03  7.197635E+01
    15.7000   -4.513494E-06  4.262050E-03  7.225769E+01
    15.7500   -1.226372E-03  4.397214E-03  7.253928E+01
    15.8000   -2.425300E-03  4.527159E-03  7.282199E+01
    15.8500   -3.490346E-03  4.646709E-03  7.310642E+01
    15.9000   -4.308539E-03  4.750080E-03  7.339284E+01
    15.9500   -4.779857E-03  4.831386E-03  7.368125E+01
    16.0000   -4.837773E-03  4.888416E-03  7.397149E+01
    16.0500   -4.459374E-03  4.919509E-03  7.426338E+01
    16.1000   -3.666145E-03  4.913915E-03  7.455608E+01
    16.1500   -2.542846E-03  4.869290E-03  7.484877E+01
    16.2000   -1.219618E-03  4.785176E-03  7.514051E+01
    16.2500    1.490544E-04  4.663167E-03  7.543019E+01
    16.3000    1.410870E-03  4.506984E-03  7.571662E+01
    16.3500    2.441480E-03  4.322451E-03  7.599846E+01
    16.4000    3.163237E-03  4.117364E-03  7.627435E+01
    16.4500    3.552513E-03  3.901218E-03  7.654300E+01
    16.5000    3.634307E-03  3.684757E-03  7.680335E+01
    16.5500    3.466421E-03  3.479264E-03  7.705497E+01
    16.6000    3.118362E-03  3.295523E-03  7.729840E+01
    16.6500    2.651424E-03  3.142480E-03  7.753561E+01
    16.7000    2.105803E-03  3.025813E-03  7.777008E+01
    16.7500    1.498159E-03  2.946853E-03  7.800650E+01
    16.8000    8.296665E-04  2.902400E-03  7.824992E+01
    16.8500    1.011275E-04  2.885623E-03  7.850476E+01
    16.9000   -6.705383E-04  2.887760E-03  7.877416E+01
    16.9500   -1.440692E-03  2.899951E-03  7.905972E+01
    17.0000   -2.134014E-03  2.914130E-03  7.936151E+01
    17.0500   -2.655779E-03  2.924795E-03  7.967835E+01
    17.1000   -2.915663E-03  2.930507E-03  8.000992E+01
    17.1500   -2.843438E-03  2.930434E-03  8.035489E+01
    17.2000   -2.412723E-03  2.925411E-03  8.071166E+01
    17.2500   -1.654719E-03  2.917354E-03  8.107831E+01
    17.3000   -6.596200E-04  2.908580E-03  8.145263E+01
    17.3500    4.356312E-04  2.901141E-03  8.183214E+01
    17.4000    1.470934E-03  2.896269E-03  8.221412E+01
    17.4500    2.292668E-03  2.894027E-03  8.259583E+01
    17.5000    2.782463E-03  2.893239E-03  8.297459E+01
    17.5500    2.878430E-03  2.891690E-03  8.334801E+01
    17.6000    2.584185E-03  2.886539E-03  8.371400E+01
    17.6500    1.964112E-03  2.874841E-03  8.407086E+01
    17.7000    1.126737E-03  2.854080E-03  8.441717E+01
    17.7500    2.008078E-04  2.822639E-03  8.475180E+01
    17.8000   -6.898827E-04  2.780146E-03  8.507377E+01
    17.8500   -1.447178E-03  2.727689E-03  8.538225E+01
    17.9000   -2.010638E-03  2.667875E-03  8.567660E+01
    17.9500   -2.359513E-03  2.604723E-03  8.595641E+01
    18.0000   -2.506554E-03  2.544181E-03  8.622160E+01
    18.0500   -2.485529E-03  2.493287E-03  8.647270E+01
    18.1000   -2.332761E-03  2.455800E-03  8.671168E+01
    18.1500   -2.080416E-03  2.436395E-03  8.694118E+01
    18.2000   -1.748827E-03  2.437858E-03  8.716459E+01
    18.2500   -1.346410E-03  2.460558E-03  8.738558E+01
    18.3000   -8.746663E-04  2.502439E-03  8.760753E+01
    18.3500   -3.358703E-04  2.559500E-03  8.783299E+01
    18.4000    2.594142E-04  2.626590E-03  8.806352E+01
    18.4500    8.874661E-04  2.698231E-03  8.829974E+01
    18.5000    1.510606E-03  2.769286E-03  8.854156E+01
    18.5500    2.080569E-03  2.835398E-03  8.878847E+01
    18.6000    2.545022E-03  2.893187E-03  8.903974E+01
    18.6500    2.855482E-03  2.940285E-03  8.929464E+01
    18.7000    2.974802E-03  2.975236E-03  8.955248E+01
    18.7500    2.882774E-03  2.997336E-03  8.981276E+01
    18.8000    2.579094E-03  3.006427E-03  9.007510E+01
    18.8500    2.083595E-03  3.002701E-03  9.033929E+01
    18.9000    1.434213E-03  2.986512E-03  9.060527E+01
    18.9500    6.833029E-04  2.958232E-03  9.087310E+01
    19.0000   -1.078055E-04  2.920038E-03  9.114311E+01
    19.0500   -8.761442E-04  2.874960E-03  9.141586E+01
    19.1000   -1.555645E-03  2.818113E-03  9.169097E+01
    19.1500   -2.088010E-03  2.749610E-03  9.196855E+01
    19.2000   -2.428536E-03  2.669667E-03  9.224869E+01
    19.2500   -2.551428E-03  2.578707E-03  9.253140E+01
    19.3000   -2.453342E-03  2.477453E-03  9.281661E+01
    19.3500   -2.154274E-03  2.367012E-03  9.310420E+01
    19.4000   -1.695221E-03  2.248915E-03  9.339396E+01
    19.4500   -1.132652E-03  2.125126E-03  9.368566E+01
    19.5000   -5.305375E-04  1.998020E-03  9.397902E+01
    19.5500    4.864514E-05  1.870309E-03  9.427379E+01
    19.6000    5.521617E-04  1.744947E-03  9.456975E+01
    19.6500    9.428725E-04  1.625001E-03  9.486679E+01
    19.7000    1.201587E-03  1.513508E-03  9.516499E+01
    19.7500    1.325737E-03  1.413319E-03  9.546468E+01
    19.8000    1.325152E-03  1.326950E-03  9.576651E+01
    19.8500    1.216500E-03  1.256448E-03  9.607142E+01
    19.9000    1.018230E-03  1.203295E-03  9.638056E+01
    19.9500    7.475649E-04  1.168351E-03  9.669507E+01