# # tequil.ion_motion                                            FEFF 9.05   
# # POT  SCF  30  5.5000   1, core-hole, AFOLP (folp(0)= 1.150)
# # Abs   Z=30 Rmt= 1.336 Rnm= 1.408 K  shell
# # Pot 1 Z=26 Rmt= 1.317 Rnm= 1.407
# # Pot 2 Z= 8 Rmt= 0.990 Rnm= 1.080
# # Gam_ch=1.897E+00 H-L exch
# # Mu=-1.184E+01 kf=2.184E+00 Vint=-1.909E+01 Rs_int= 1.661
# # PATH  Rmax= 8.500,  Keep_limit= 0.00, Heap_limit 0.00  Pwcrit= 2.50%
#  S02=1.000                                        Global_sig2= 0.00000
#  Energy zero shift, vr, vi   -2.00000E+00   0.00000E+00
#  Curved wave amplitude ratio filter   4.000%
#     file         sig2 tot  cw amp ratio   deg  nlegs   reff  inp sig2
#           1       0.00000    100.00      1.00     2   1.9890
#           2       0.00000     98.32      1.00     2   2.0020
#           3       0.00000     88.52      1.00     2   2.0851
#           4       0.00000     81.62      1.00     2   2.1515
#           5       0.00000     80.83      1.00     2   2.1595
#           6       0.00000     80.02      1.00     2   2.1679
#           7       0.00000     39.36      1.00     2   2.7640
#           8       0.00000     36.47      1.00     2   2.8595
#           9       0.00000     35.18      1.00     2   2.9054
#          10       0.00000     28.07      1.00     2   3.2036
#          11       0.00000     27.93      1.00     2   3.2236
#          12       0.00000     27.54      1.00     2   3.2300
#          13       0.00000     25.00      1.00     2   3.3644
#          14       0.00000     10.83      2.00     3   3.3880
#          15       0.00000     24.17      1.00     2   3.4127
#          16       0.00000     12.49      2.00     3   3.4217
#          17       0.00000     13.10      2.00     3   3.4245
#          18       0.00000      9.42      2.00     3   3.4291
#          19       0.00000     11.45      2.00     3   3.4596
#          20       0.00000     12.16      2.00     3   3.4858
#          21       0.00000      9.29      2.00     3   3.5098
#          22       0.00000     11.30      2.00     3   3.5118
#          23       0.00000     21.93      1.00     2   3.5204
#          24       0.00000      8.95      2.00     3   3.5201
#          25       0.00000     11.78      2.00     3   3.5220
#          26       0.00000      8.51      2.00     3   3.5350
#          27       0.00000     11.33      2.00     3   3.5445
#          28       0.00000      8.94      2.00     3   3.5583
#          29       0.00000     17.15      2.00     3   3.5696
#          30       0.00000     21.00      1.00     2   3.5757
#          31       0.00000     20.68      1.00     2   3.5952
#          32       0.00000      9.89      2.00     3   3.5960
#          33       0.00000     19.19      2.00     3   3.6140
#          34       0.00000      7.71      2.00     3   3.6167
#          35       0.00000     20.97      1.00     2   3.6192
#          36       0.00000      8.17      2.00     3   3.6236
#          37       0.00000      6.92      2.00     3   3.6234
#          38       0.00000      7.04      2.00     3   3.6427
#          39       0.00000     19.82      1.00     2   3.6505
#          40       0.00000      6.61      2.00     3   3.6556
#          41       0.00000     20.34      1.00     2   3.6648
#          42       0.00000     19.44      1.00     2   3.6761
#          43       0.00000     10.31      2.00     3   3.7073
#          44       0.00000     19.55      1.00     2   3.7243
#          45       0.00000     19.55      1.00     2   3.7249
#          46       0.00000      9.63      2.00     3   3.7268
#          47       0.00000     14.73      2.00     3   3.7518
#          48       0.00000     16.53      2.00     3   3.8233
#          49       0.00000     17.19      1.00     2   3.8407
#          50       0.00000     17.97      1.00     2   3.8539
#          51       0.00000     16.61      2.00     3   3.8541
#          52       0.00000      5.22      1.00     4   3.8635
#          53       0.00000     16.47      1.00     2   3.8989
#          54       0.00000      4.95      1.00     4   3.9091
#          55       0.00000     15.21      2.00     3   3.9242
#          56       0.00000      6.34      1.00     4   3.9380
#          57       0.00000     13.90      2.00     3   3.9537
#          58       0.00000      9.38      2.00     3   3.9686
#          59       0.00000      9.74      1.00     4   3.9779
#          60       0.00000     15.41      1.00     2   3.9913
#          62       0.00000      9.40      1.00     4   4.0041
#          63       0.00000      6.16      1.00     4   4.0138
#          64       0.00000     15.13      1.00     2   4.0174
#          65       0.00000      5.61      1.00     4   4.0274
#          66       0.00000     14.68      2.00     3   4.0290
#          67       0.00000      5.83      1.00     4   4.0435
#          68       0.00000     15.57      1.00     2   4.0791
#          70       0.00000      5.38      1.00     4   4.1242
#          71       0.00000     25.18      2.00     3   4.1272
#          72       0.00000     27.58      2.00     3   4.1319
#          73       0.00000      8.68      2.00     3   4.1352
#          74       0.00000     26.69      2.00     4   4.1404
#          75       0.00000     22.17      2.00     4   4.1615
#          76       0.00000      7.58      1.00     4   4.1702
#          77       0.00000      5.03      1.00     4   4.1825
#          78       0.00000      8.14      2.00     3   4.1935
#          79       0.00000     13.33      1.00     2   4.1987
#          80       0.00000      6.00      1.00     4   4.2040
#          81       0.00000      7.52      2.00     3   4.2055
#          82       0.00000     13.25      1.00     2   4.2079
#          83       0.00000     22.42      2.00     3   4.2092
#          85       0.00000      7.60      2.00     3   4.2429
#          87       0.00000     18.75      2.00     4   4.2530
#          88       0.00000      7.42      2.00     3   4.2610
#          89       0.00000      7.93      2.00     3   4.2651
#          90       0.00000      9.29      2.00     3   4.2866
#          91       0.00000      7.14      2.00     3   4.2993
#          92       0.00000      6.43      1.00     4   4.3029
#          93       0.00000     12.29      1.00     2   4.3188
#          94       0.00000      6.31      1.00     4   4.3189
#          95       0.00000      6.96      2.00     3   4.3332
#          96       0.00000      6.18      1.00     4   4.3359
#          98       0.00000      6.45      2.00     3   4.3677
#          99       0.00000      6.48      2.00     3   4.3698
#         100       0.00000      6.14      2.00     3   4.3760
#         101       0.00000      6.10      2.00     3   4.3994
#         102       0.00000      9.39      2.00     3   4.4071
#         103       0.00000      6.10      2.00     3   4.4125
#         104       0.00000      6.16      2.00     3   4.4150
#         105       0.00000      7.56      2.00     3   4.4176
#         106       0.00000     11.45      1.00     2   4.4251
#         107       0.00000     16.95      2.00     3   4.4808
#         108       0.00000      5.61      2.00     3   4.4928
#         109       0.00000      5.46      2.00     3   4.5105
#         111       0.00000     10.74      1.00     2   4.5227
#         112       0.00000      6.72      2.00     3   4.5253
#         113       0.00000      6.82      2.00     3   4.5363
#         114       0.00000     10.56      1.00     2   4.5489
#         115       0.00000     10.43      1.00     2   4.5676
#         116       0.00000      8.77      2.00     3   4.5672
#         117       0.00000      4.28      2.00     3   4.5711
#         118       0.00000      5.28      2.00     3   4.5843
#         119       0.00000      5.44      2.00     3   4.5894
#         120       0.00000      5.84      2.00     3   4.5973
#         121       0.00000      7.99      2.00     3   4.6067
#         122       0.00000     10.07      1.00     2   4.6217
#         123       0.00000     10.06      1.00     2   4.6234
#         124       0.00000     21.67      2.00     3   4.6337
#         125       0.00000      5.45      2.00     3   4.6375
#         126       0.00000      6.08      2.00     3   4.6397
#         127       0.00000      8.72      1.00     4   4.6429
#         128       0.00000      4.37      2.00     3   4.6470
#         129       0.00000      4.53      2.00     3   4.6522
#         130       0.00000      6.92      2.00     3   4.6615
#         131       0.00000      9.80      1.00     2   4.6652
#         132       0.00000      6.75      2.00     3   4.6658
#         133       0.00000      9.77      1.00     2   4.6690
#         134       0.00000     13.06      1.00     4   4.6999
#         135       0.00000     10.04      2.00     3   4.7029
#         136       0.00000     19.02      2.00     3   4.7067
#         139       0.00000      9.39      1.00     2   4.7331
#         140       0.00000     17.38      2.00     3   4.7659
#         141       0.00000      9.18      1.00     2   4.7697
#         142       0.00000     16.55      2.00     3   4.7719
#         143       0.00000     14.30      2.00     3   4.7727
#         144       0.00000     10.20      2.00     3   4.7773
#         145       0.00000      9.06      1.00     2   4.7894
#         146       0.00000     10.96      1.00     4   4.7916
#         148       0.00000     23.75      2.00     3   4.7972
#         149       0.00000     15.79      1.00     4   4.8051
#         150       0.00000      7.00      2.00     3   4.8070
#         151       0.00000      8.55      2.00     3   4.8129
#         152       0.00000      9.10      2.00     3   4.8305
#         153       0.00000      8.79      1.00     2   4.8383
#         154       0.00000      9.90      1.00     2   4.8451
#         155       0.00000      9.85      1.00     2   4.8525
#         156       0.00000      9.75      1.00     4   4.8628
#         157       0.00000      8.60      1.00     2   4.8742
#         158       0.00000      9.01      1.00     4   4.8786
#         159       0.00000      8.54      1.00     2   4.8861
#         160       0.00000      8.50      1.00     2   4.8938
#         162       0.00000      5.61      2.00     4   4.8943
#         163       0.00000      4.72      2.00     3   4.8969
#         167       0.00000      7.38      1.00     4   4.9220
#         170       0.00000     10.68      2.00     3   4.9363
#         171       0.00000     11.84      2.00     3   4.9393
#         175       0.00000     15.53      2.00     3   4.9762
#         176       0.00000      8.06      1.00     2   4.9801
#         177       0.00000      4.07      1.00     4   4.9807
#         178       0.00000      4.43      2.00     3   4.9812
#         179       0.00000     19.66      2.00     3   4.9952
#         181       0.00000     12.36      1.00     4   5.0103
#         182       0.00000      7.87      1.00     2   5.0195
#         183       0.00000     10.59      2.00     3   5.0248
#         184       0.00000      4.33      1.00     4   5.0318
#         185       0.00000      7.65      2.00     3   5.0334
#         186       0.00000      7.10      2.00     3   5.0348
#         188       0.00000     11.09      2.00     3   5.0422
#         189       0.00000      5.05      2.00     4   5.0432
#         190       0.00000     17.81      2.00     3   5.0502
#         191       0.00000      8.57      1.00     4   5.0587
#         192       0.00000      8.77      1.00     2   5.0625
#         195       0.00000     10.74      1.00     4   5.0808
#         196       0.00000      4.89      2.00     3   5.1080
#         197       0.00000      8.97      2.00     3   5.1092
#         198       0.00000      5.75      1.00     4   5.1088
#         200       0.00000      4.84      2.00     3   5.1143
#         203       0.00000      8.43      1.00     2   5.1355
#         204       0.00000      4.91      1.00     4   5.1395
#         205       0.00000      7.05      1.00     2   5.2043
#         207       0.00000      5.35      1.00     4   5.2102
#         208       0.00000      4.98      1.00     4   5.2113
#         211       0.00000      6.63      2.00     3   5.2319
#         212       0.00000      7.98      1.00     2   5.2366
#         213       0.00000      6.19      2.00     3   5.2728
#         214       0.00000      4.15      2.00     3   5.2869
#         215       0.00000      4.66      2.00     3   5.2989
#         216       0.00000      7.60      1.00     2   5.3277
#         218       0.00000      7.57      1.00     2   5.3341
#         219       0.00000      5.71      2.00     3   5.3342
#         220       0.00000      6.51      1.00     2   5.3411
#         223       0.00000      6.93      2.00     3   5.3621
#         224       0.00000      8.26      2.00     3   5.3642
#         225       0.00000      4.75      2.00     3   5.3684
#         226       0.00000      5.50      2.00     4   5.3895
#         230       0.00000      6.47      2.00     3   5.3975
#         231       0.00000      5.18      2.00     3   5.4082
#         232       0.00000      5.90      2.00     3   5.4278
#         233       0.00000      5.01      2.00     3   5.4364
#         234       0.00000      4.60      2.00     3   5.4472
#         235       0.00000      7.09      1.00     2   5.4595
#         237       0.00000      6.06      1.00     2   5.4671
#         238       0.00000      7.05      1.00     2   5.4697
#         239       0.00000      7.05      2.00     3   5.4740
#         240       0.00000      6.37      2.00     3   5.4833
#         247       0.00000      4.66      2.00     3   5.5196
#         248       0.00000      6.84      1.00     2   5.5290
#         249       0.00000      5.84      1.00     2   5.5322
#         251       0.00000      5.20      2.00     3   5.5376
#         252       0.00000      6.80      1.00     2   5.5404
#         253       0.00000      5.94      2.00     3   5.5435
#         255       0.00000      5.16      2.00     3   5.5602
#         257       0.00000      7.17      2.00     3   5.5660
#         258       0.00000      7.10      2.00     3   5.5686
#         259       0.00000      6.67      1.00     2   5.5772
#         261       0.00000      4.15      2.00     3   5.6079
#         262       0.00000      4.29      2.00     3   5.6079
#         263       0.00000      5.74      2.00     3   5.6097
#         265       0.00000      5.74      2.00     3   5.6111
#         266       0.00000      4.30      2.00     3   5.6165
#         268       0.00000      6.51      1.00     2   5.6225
#         270       0.00000      5.50      1.00     2   5.6400
#         271       0.00000      9.89      2.00     3   5.6458
#         273       0.00000      4.96      2.00     3   5.6475
#         275       0.00000      7.39      2.00     3   5.6561
#         281       0.00000      5.40      1.00     2   5.6748
#         282       0.00000      6.33      1.00     2   5.6778
#         288       0.00000      4.61      2.00     3   5.6963
#         289       0.00000     11.72      2.00     3   5.6988
#         290       0.00000      5.31      1.00     2   5.7034
#         291       0.00000      4.91      2.00     3   5.7037
#         292       0.00000      6.05      2.00     3   5.7102
#         293       0.00000      4.70      1.00     4   5.7143
#         294       0.00000      5.26      2.00     3   5.7158
#         295       0.00000      5.86      1.00     4   5.7199
#         296       0.00000      5.57      2.00     3   5.7238
#         297       0.00000      5.13      2.00     4   5.7263
#         301       0.00000      6.11      1.00     2   5.7485
#         305       0.00000      6.06      1.00     2   5.7645
#         306       0.00000      5.14      1.00     2   5.7650
#         310       0.00000      5.12      1.00     2   5.7699
#         312       0.00000      5.11      1.00     2   5.7748
#         313       0.00000      5.09      1.00     2   5.7802
#         317       0.00000      8.54      2.00     3   5.8065
#         318       0.00000      5.91      1.00     2   5.8139
#         320       0.00000      5.90      1.00     2   5.8171
#         324       0.00000      4.95      1.00     2   5.8334
#         326       0.00000      4.99      2.00     3   5.8369
#         327       0.00000      4.41      2.00     3   5.8372
#         331       0.00000      7.23      2.00     3   5.8462
#         336       0.00000      4.88      1.00     2   5.8590
#         338       0.00000      5.98      2.00     3   5.8739
#         339       0.00000      5.16      2.00     3   5.8761
#         341       0.00000      5.37      2.00     3   5.8771
#         342       0.00000      4.06      2.00     3   5.8790
#         346       0.00000      4.82      1.00     2   5.8841
#         347       0.00000      4.78      2.00     3   5.8895
#         348       0.00000      4.68      2.00     3   5.8893
#   258/ 332 paths used
#  -----------------------------------------------------------------------
#       k          chi          mag           phase @#
    -0.7000   -3.659055E-01  3.867120E-01 -1.241272E+00
    -0.6500   -3.442890E-01  3.539036E-01 -1.337167E+00
    -0.6000   -3.408358E-01  3.443676E-01 -1.427454E+00
    -0.5500   -3.478199E-01  3.487760E-01 -1.496732E+00
    -0.5000   -3.602794E-01  3.604525E-01 -1.539808E+00
    -0.4500   -3.752675E-01  3.752805E-01 -1.562465E+00
    -0.4000   -3.904596E-01  3.904596E-01 -1.570729E+00
    -0.3500   -4.054947E-01  4.054952E-01 -1.569270E+00
    -0.3000   -4.188695E-01  4.188835E-01 -1.562600E+00
    -0.2500   -4.302174E-01  4.302804E-01 -1.553693E+00
    -0.2000   -4.394189E-01  4.395707E-01 -1.544513E+00
    -0.1500   -4.468520E-01  4.471279E-01 -1.535668E+00
    -0.1000   -4.522081E-01  4.526110E-01 -1.528601E+00
    -0.0500   -4.553920E-01  4.558879E-01 -1.524150E+00
     0.0000   -4.564478E-01  4.569777E-01 -1.522634E+00
     0.0500   -4.575007E-01  4.580662E-01 -1.521101E+00
     0.1000   -4.606411E-01  4.613232E-01 -1.516406E+00
     0.1500   -4.658093E-01  4.667211E-01 -1.508280E+00
     0.2000   -4.728907E-01  4.742054E-01 -1.496314E+00
     0.2500   -4.816956E-01  4.836869E-01 -1.480025E+00
     0.3000   -4.919382E-01  4.950332E-01 -1.458917E+00
     0.3500   -5.034516E-01  5.083309E-01 -1.432131E+00
     0.4000   -5.163639E-01  5.241805E-01 -1.397885E+00
     0.4500   -5.291156E-01  5.414193E-01 -1.357202E+00
     0.5000   -5.407989E-01  5.597300E-01 -1.309974E+00
     0.5500   -5.507286E-01  5.793656E-01 -1.255072E+00
     0.6000   -5.579084E-01  6.007206E-01 -1.190978E+00
     0.6500   -5.601089E-01  6.222001E-01 -1.120245E+00
     0.7000   -5.560735E-01  6.439063E-01 -1.042355E+00
     0.7500   -5.443371E-01  6.667961E-01 -9.550578E-01
     0.8000   -5.228357E-01  6.887795E-01 -8.618918E-01
     0.8500   -4.902419E-01  7.106654E-01 -7.612611E-01
     0.9000   -4.449155E-01  7.324304E-01 -6.528476E-01
     0.9500   -3.865576E-01  7.523642E-01 -5.395973E-01
     1.0000   -3.134368E-01  7.723647E-01 -4.178699E-01
     1.0500   -2.269512E-01  7.903377E-01 -2.912577E-01
     1.1000   -1.276191E-01  8.067352E-01 -1.588594E-01
     1.1500   -1.647078E-02  8.217445E-01 -2.004501E-02
     1.2000    1.018440E-01  8.338459E-01  1.224434E-01
     1.2500    2.273558E-01  8.449442E-01  2.724355E-01
     1.3000    3.520400E-01  8.526364E-01  4.256184E-01
     1.3500    4.739713E-01  8.583205E-01  5.850102E-01
     1.4000    5.858066E-01  8.607715E-01  7.485266E-01
     1.4500    6.827172E-01  8.601736E-01  9.168625E-01
     1.5000    7.594005E-01  8.563951E-01  1.090247E+00
     1.5500    8.099081E-01  8.486911E-01  1.267317E+00
     1.6000    8.316203E-01  8.376940E-01  1.450303E+00
     1.6500    8.203126E-01  8.220528E-01  1.635877E+00
     1.7000    7.763991E-01  8.028098E-01  1.828011E+00
     1.7500    7.006243E-01  7.786091E-01  2.022188E+00
     1.8000    5.965194E-01  7.502214E-01  2.222380E+00
     1.8500    4.710688E-01  7.169470E-01  2.424696E+00
     1.9000    3.300772E-01  6.792183E-01  2.634124E+00
     1.9500    1.851587E-01  6.367464E-01  2.846541E+00
     2.0000    4.878979E-02  5.898537E-01  3.058783E+00
     2.0500   -6.894642E-02  5.391756E-01  3.269818E+00
     2.1000   -1.614433E-01  4.837507E-01  3.481853E+00
     2.1500   -2.221712E-01  4.239884E-01  3.693137E+00
     2.2000   -2.485142E-01  3.630761E-01  3.895467E+00
     2.2500   -2.443908E-01  3.024043E-01  4.082612E+00
     2.3000   -2.158077E-01  2.420839E-01  4.242147E+00
     2.3500   -1.695399E-01  1.819514E-01  4.340897E+00
     2.4000   -1.228211E-01  1.327297E-01  4.323543E+00
     2.4500   -8.701575E-02  1.043138E-01  4.128223E+00
     2.5000   -6.987387E-02  1.047332E-01  3.871983E+00
     2.5500   -7.468729E-02  1.210029E-01  3.806817E+00
     2.6000   -9.135252E-02  1.406331E-01  3.848625E+00
     2.6500   -1.157203E-01  1.591148E-01  3.955937E+00
     2.7000   -1.428366E-01  1.744652E-01  4.100755E+00
     2.7500   -1.658148E-01  1.856087E-01  4.246354E+00
     2.8000   -1.854192E-01  1.946339E-01  4.403449E+00
     2.8500   -1.993972E-01  2.014525E-01  4.569425E+00
     2.9000   -2.059458E-01  2.060293E-01  4.740863E+00
     2.9500   -2.045616E-01  2.088956E-01  4.916442E+00
     3.0000   -1.946993E-01  2.097738E-01  5.093803E+00
     3.0500   -1.770345E-01  2.087501E-01  5.270854E+00
     3.1000   -1.530776E-01  2.061235E-01  5.446166E+00
     3.1500   -1.243915E-01  2.023145E-01  5.620999E+00
     3.2000   -9.284864E-02  1.974526E-01  5.793631E+00
     3.2500   -6.054134E-02  1.917787E-01  5.962008E+00
     3.3000   -2.919069E-02  1.856416E-01  6.125288E+00
     3.3500    2.671953E-04  1.796859E-01  6.284672E+00
     3.4000    2.729945E-02  1.741150E-01  6.440625E+00
     3.4500    5.146276E-02  1.689575E-01  6.592693E+00
     3.5000    7.280900E-02  1.643848E-01  6.742036E+00
     3.5500    9.182669E-02  1.607293E-01  6.891290E+00
     3.6000    1.087075E-01  1.579135E-01  7.042465E+00
     3.6500    1.230230E-01  1.555177E-01  7.195716E+00
     3.7000    1.344624E-01  1.533848E-01  7.352008E+00
     3.7500    1.427766E-01  1.514933E-01  7.513104E+00
     3.8000    1.473976E-01  1.496577E-01  7.679971E+00
     3.8500    1.474328E-01  1.474337E-01  7.850494E+00
     3.9000    1.426176E-01  1.447041E-01  8.024006E+00
     3.9500    1.331264E-01  1.415712E-01  8.201123E+00
     4.0000    1.192835E-01  1.381292E-01  8.382481E+00
     4.0500    1.016399E-01  1.340178E-01  8.563914E+00
     4.1000    8.136578E-02  1.293151E-01  8.744247E+00
     4.1500    5.971221E-02  1.241716E-01  8.923114E+00
     4.2000    3.781844E-02  1.187510E-01  9.100665E+00
     4.2500    1.704836E-02  1.131026E-01  9.273468E+00
     4.3000   -1.702585E-03  1.074228E-01  9.440628E+00
     4.3500   -1.795299E-02  1.019261E-01  9.601839E+00
     4.4000   -3.162315E-02  9.683941E-02  9.757432E+00
     4.4500   -4.275628E-02  9.226722E-02  9.906602E+00
     4.5000   -5.175097E-02  8.834391E-02  1.005063E+01
     4.5500   -5.909314E-02  8.515729E-02  1.019171E+01
     4.6000   -6.527404E-02  8.279952E-02  1.033288E+01
     4.6500   -7.042528E-02  8.112408E-02  1.047618E+01
     4.7000   -7.454276E-02  7.999428E-02  1.062426E+01
     4.7500   -7.739987E-02  7.924919E-02  1.077912E+01
     4.8000   -7.874465E-02  7.885786E-02  1.094198E+01
     4.8500   -7.790397E-02  7.844360E-02  1.111294E+01
     4.9000   -7.444952E-02  7.783228E-02  1.129148E+01
     4.9500   -6.816890E-02  7.689714E-02  1.147666E+01
     5.0000   -5.923972E-02  7.570242E-02  1.166765E+01
     5.0500   -4.792151E-02  7.402073E-02  1.186219E+01
     5.1000   -3.493506E-02  7.184506E-02  1.205857E+01
     5.1500   -2.120555E-02  6.921272E-02  1.225498E+01
     5.2000   -7.665507E-03  6.631355E-02  1.245052E+01
     5.2500    4.768665E-03  6.312320E-02  1.264199E+01
     5.3000    1.543781E-02  5.978607E-02  1.282755E+01
     5.3500    2.401780E-02  5.646964E-02  1.300569E+01
     5.4000    3.059310E-02  5.342840E-02  1.317604E+01
     5.4500    3.539649E-02  5.075058E-02  1.333822E+01
     5.5000    3.887457E-02  4.857845E-02  1.349407E+01
     5.5500    4.147080E-02  4.700020E-02  1.364721E+01
     5.6000    4.354622E-02  4.610332E-02  1.380255E+01
     5.6500    4.506690E-02  4.574299E-02  1.396502E+01
     5.7000    4.577627E-02  4.577633E-02  1.413887E+01
     5.7500    4.520357E-02  4.602826E-02  1.432675E+01
     5.8000    4.285453E-02  4.637383E-02  1.452926E+01
     5.8500    3.821335E-02  4.659408E-02  1.474632E+01
     5.9000    3.107798E-02  4.655205E-02  1.497699E+01
     5.9500    2.163899E-02  4.615555E-02  1.522000E+01
     6.0000    1.058696E-02  4.536721E-02  1.547243E+01
     6.0500   -1.127604E-03  4.413494E-02  1.573352E+01
     6.1000   -1.231993E-02  4.246912E-02  1.600229E+01
     6.1500   -2.180234E-02  4.041120E-02  1.627782E+01
     6.2000   -2.860391E-02  3.802493E-02  1.655942E+01
     6.2500   -3.213736E-02  3.539110E-02  1.684660E+01
     6.3000   -3.228490E-02  3.260238E-02  1.713909E+01
     6.3500   -2.938723E-02  2.975826E-02  1.743684E+01
     6.4000   -2.414328E-02  2.696042E-02  1.773998E+01
     6.4500   -1.744981E-02  2.430827E-02  1.804884E+01
     6.5000   -1.034465E-02  2.180625E-02  1.835529E+01
     6.5500   -3.601525E-03  1.957142E-02  1.866448E+01
     6.6000    2.285120E-03  1.769179E-02  1.897908E+01
     6.6500    7.060949E-03  1.622382E-02  1.929984E+01
     6.7000    1.066719E-02  1.520807E-02  1.962694E+01
     6.7500    1.313760E-02  1.466785E-02  1.995950E+01
     6.8000    1.449414E-02  1.460793E-02  2.029545E+01
     6.8500    1.467868E-02  1.501386E-02  2.063205E+01
     6.9000    1.354452E-02  1.585257E-02  2.096674E+01
     6.9500    1.091168E-02  1.707459E-02  2.129787E+01
     7.0000    6.595223E-03  1.853329E-02  2.162732E+01
     7.0500    7.349799E-04  2.022102E-02  2.195479E+01
     7.1000   -6.281515E-03  2.209216E-02  2.227946E+01
     7.1500   -1.379066E-02  2.406845E-02  2.260128E+01
     7.2000   -2.088594E-02  2.607082E-02  2.292032E+01
     7.2500   -2.655261E-02  2.802253E-02  2.323661E+01
     7.3000   -2.985022E-02  2.985230E-02  2.355015E+01
     7.3500   -3.010040E-02  3.149698E-02  2.386085E+01
     7.4000   -2.703402E-02  3.290401E-02  2.416852E+01
     7.4500   -2.086130E-02  3.403340E-02  2.447293E+01
     7.5000   -1.217422E-02  3.487226E-02  2.477612E+01
     7.5500   -2.007328E-03  3.541470E-02  2.507603E+01
     7.6000    8.422289E-03  3.566096E-02  2.537117E+01
     7.6500    1.796177E-02  3.562908E-02  2.566112E+01
     7.7000    2.567076E-02  3.535030E-02  2.594549E+01
     7.7500    3.093456E-02  3.486689E-02  2.622402E+01
     7.8000    3.349880E-02  3.422902E-02  2.649661E+01
     7.8500    3.343052E-02  3.349056E-02  2.676343E+01
     7.9000    3.102884E-02  3.270412E-02  2.702500E+01
     7.9500    2.671836E-02  3.191553E-02  2.728227E+01
     8.0000    2.095592E-02  3.118780E-02  2.753753E+01
     8.0500    1.416103E-02  3.052951E-02  2.779200E+01
     8.1000    6.742295E-03  2.992418E-02  2.804707E+01
     8.1500   -8.868062E-04  2.935163E-02  2.830455E+01
     8.2000   -8.274892E-03  2.877749E-02  2.856600E+01
     8.2500   -1.491510E-02  2.815859E-02  2.883256E+01
     8.3000   -2.026624E-02  2.744889E-02  2.910492E+01
     8.3500   -2.381807E-02  2.660505E-02  2.938332E+01
     8.4000   -2.518874E-02  2.559092E-02  2.966761E+01
     8.4500   -2.422731E-02  2.438059E-02  2.995732E+01
     8.5000   -2.109601E-02  2.297771E-02  3.025265E+01
     8.5500   -1.624640E-02  2.137007E-02  3.055224E+01
     8.6000   -1.041573E-02  1.955613E-02  3.085425E+01
     8.6500   -4.496341E-03  1.755762E-02  3.115695E+01
     8.7000    6.467219E-04  1.540686E-02  3.145792E+01
     8.7500    4.352302E-03  1.314591E-02  3.175337E+01
     8.8000    6.298737E-03  1.082677E-02  3.203684E+01
     8.8500    6.561952E-03  8.514766E-03  3.229580E+01
     8.9000    5.578497E-03  6.302128E-03  3.250280E+01
     8.9500    4.020819E-03  4.358189E-03  3.259067E+01
     9.0000    2.622411E-03  3.098620E-03  3.242496E+01
     9.0500    1.966934E-03  3.155612E-03  3.208890E+01
     9.1000    2.352070E-03  4.242972E-03  3.200350E+01
     9.1500    3.720863E-03  5.599699E-03  3.214272E+01
     9.2000    5.680831E-03  6.893118E-03  3.238459E+01
     9.2500    7.620704E-03  8.005147E-03  3.267555E+01
     9.3000    8.886383E-03  8.886580E-03  3.299338E+01
     9.3500    8.967771E-03  9.515915E-03  3.332779E+01
     9.4000    7.645378E-03  9.886588E-03  3.367348E+01
     9.4500    5.056897E-03  1.000202E-02  3.402746E+01
     9.5000    1.661418E-03  9.882905E-03  3.438861E+01
     9.5500   -1.878788E-03  9.544146E-03  3.475567E+01
     9.6000   -4.855064E-03  8.998082E-03  3.512744E+01
     9.6500   -6.706446E-03  8.268167E-03  3.550358E+01
     9.7000   -7.160983E-03  7.380175E-03  3.588399E+01
     9.7500   -6.298455E-03  6.361238E-03  3.626893E+01
     9.8000   -4.517678E-03  5.238995E-03  3.665928E+01
     9.8500   -2.418636E-03  4.040944E-03  3.705744E+01
     9.9000   -6.328170E-04  2.794219E-03  3.747066E+01
     9.9500    3.511355E-04  1.527555E-03  3.793105E+01
    10.0000    3.229916E-04  3.369601E-04  3.898096E+01
    10.0500   -6.118085E-04  1.064388E-03  4.145306E+01
    10.1000   -2.061102E-03  2.278456E-03  4.197116E+01
    10.1500   -3.451372E-03  3.451557E-03  4.240115E+01
    10.2000   -4.198012E-03  4.558791E-03  4.281201E+01
    10.2500   -3.873899E-03  5.584459E-03  4.321569E+01
    10.3000   -2.335087E-03  6.515910E-03  4.361578E+01
    10.3500    2.299378E-04  7.342757E-03  4.401362E+01
    10.4000    3.339847E-03  8.056680E-03  4.440974E+01
    10.4500    6.337319E-03  8.651372E-03  4.480432E+01
    10.5000    8.551336E-03  9.122537E-03  4.519734E+01
    10.5500    9.461924E-03  9.467929E-03  4.558871E+01
    10.6000    8.825006E-03  9.687402E-03  4.597824E+01
    10.6500    6.726865E-03  9.782954E-03  4.636570E+01
    10.7000    3.557170E-03  9.758773E-03  4.675078E+01
    10.7500   -8.904200E-05  9.621245E-03  4.713314E+01
    10.8000   -3.552326E-03  9.378928E-03  4.751234E+01
    10.8500   -6.255340E-03  9.042478E-03  4.788783E+01
    10.9000   -7.818598E-03  8.624535E-03  4.825893E+01
    10.9500   -8.119689E-03  8.139559E-03  4.862480E+01
    11.0000   -7.296198E-03  7.613767E-03  4.898452E+01
    11.0500   -5.657879E-03  7.064696E-03  4.933674E+01
    11.1000   -3.593386E-03  6.499539E-03  4.967968E+01
    11.1500   -1.491645E-03  5.937848E-03  5.001155E+01
    11.2000    3.507783E-04  5.399762E-03  5.033049E+01
    11.2500    1.771208E-03  4.905349E-03  5.063490E+01
    11.3000    2.738024E-03  4.473434E-03  5.092415E+01
    11.3500    3.312129E-03  4.119666E-03  5.119944E+01
    11.4000    3.590809E-03  3.853845E-03  5.146468E+01
    11.4500    3.655141E-03  3.677307E-03  5.172643E+01
    11.5000    3.538252E-03  3.581896E-03  5.199255E+01
    11.5500    3.222861E-03  3.551678E-03  5.226997E+01
    11.6000    2.665603E-03  3.566753E-03  5.256301E+01
    11.6500    1.836351E-03  3.607230E-03  5.287297E+01
    11.7000    7.559809E-04  3.655795E-03  5.319878E+01
    11.7500   -4.829736E-04  3.698591E-03  5.353803E+01
    11.8000   -1.721968E-03  3.724989E-03  5.388763E+01
    11.8500   -2.768260E-03  3.726894E-03  5.424429E+01
    11.9000   -3.443475E-03  3.698063E-03  5.460465E+01
    11.9500   -3.633370E-03  3.633657E-03  5.496532E+01
    12.0000   -3.330172E-03  3.539332E-03  5.532338E+01
    12.0500   -2.618208E-03  3.414630E-03  5.567489E+01
    12.1000   -1.654271E-03  3.247394E-03  5.601416E+01
    12.1500   -6.450076E-04  3.041476E-03  5.633497E+01
    12.2000    2.247896E-04  2.806976E-03  5.662884E+01
    12.2500    8.447382E-04  2.564088E-03  5.688439E+01
    12.3000    1.207542E-03  2.348451E-03  5.708873E+01
    12.3500    1.403873E-03  2.214754E-03  5.723522E+01
    12.4000    1.583974E-03  2.226908E-03  5.734000E+01
    12.4500    1.897120E-03  2.425589E-03  5.744674E+01
    12.5000    2.427666E-03  2.802445E-03  5.759635E+01
    12.5500    3.148484E-03  3.315348E-03  5.780085E+01
    12.6000    3.908304E-03  3.917184E-03  5.805212E+01
    12.6500    4.459954E-03  4.568280E-03  5.833767E+01
    12.7000    4.524394E-03  5.236846E-03  5.864719E+01
    12.7500    3.874188E-03  5.896694E-03  5.897341E+01
    12.8000    2.413220E-03  6.525474E-03  5.931145E+01
    12.8500    2.289217E-04  7.103748E-03  5.965803E+01
    12.9000   -2.400302E-03  7.614639E-03  6.001095E+01
    12.9500   -5.048253E-03  8.043798E-03  6.036872E+01
    13.0000   -7.239722E-03  8.391350E-03  6.073096E+01
    13.0500   -8.539363E-03  8.655252E-03  6.109723E+01
    13.1000   -8.627313E-03  8.811879E-03  6.146609E+01
    13.1500   -7.427291E-03  8.857315E-03  6.183724E+01
    13.2000   -5.117146E-03  8.790706E-03  6.221053E+01
    13.2500   -2.097132E-03  8.614263E-03  6.258593E+01
    13.3000    1.093923E-03  8.333183E-03  6.296351E+01
    13.3500    3.894610E-03  7.955475E-03  6.334343E+01
    13.4000    5.841042E-03  7.491708E-03  6.372599E+01
    13.4500    6.662212E-03  6.954678E-03  6.411161E+01
    13.5000    6.328344E-03  6.359011E-03  6.450090E+01
    13.5500    5.042121E-03  5.720710E-03  6.489467E+01
    13.6000    3.177199E-03  5.056665E-03  6.529406E+01
    13.6500    1.181286E-03  4.384140E-03  6.570063E+01
    13.7000   -5.308112E-04  3.720262E-03  6.611662E+01
    13.7500   -1.667530E-03  3.081520E-03  6.654524E+01
    13.8000   -2.113248E-03  2.483317E-03  6.699129E+01
    13.8500   -1.933059E-03  1.939588E-03  6.746217E+01
    13.9000   -1.332193E-03  1.462552E-03  6.796965E+01
    13.9500   -5.841497E-04  1.062691E-03  6.853305E+01
    14.0000    5.304083E-05  7.501374E-04  6.918581E+01
    14.0500    4.045711E-04  5.349594E-04  6.997262E+01
    14.1000    4.109843E-04  4.207371E-04  7.090157E+01
    14.1500    1.414984E-04  3.959644E-04  7.189120E+01
    14.2000   -2.407062E-04  4.385468E-04  7.283765E+01
    14.2500   -5.368168E-04  5.415562E-04  7.369503E+01
    14.3000   -5.782857E-04  7.097846E-04  7.444595E+01
    14.3500   -2.813781E-04  9.432529E-04  7.509531E+01
    14.4000    3.245037E-04  1.234329E-03  7.566425E+01
    14.4500    1.101734E-03  1.571325E-03  7.617523E+01
    14.5000    1.840289E-03  1.941052E-03  7.664539E+01
    14.5500    2.313894E-03  2.329938E-03  7.708644E+01
    14.6000    2.340939E-03  2.724599E-03  7.750614E+01
    14.6500    1.833946E-03  3.112237E-03  7.790966E+01
    14.7000    8.251292E-04  3.480986E-03  7.830050E+01
    14.7500   -5.377174E-04  3.820227E-03  7.868104E+01
    14.8000   -2.022940E-03  4.120849E-03  7.905294E+01
    14.8500   -3.365493E-03  4.375457E-03  7.941737E+01
    14.9000   -4.323258E-03  4.578519E-03  7.977512E+01
    14.9500   -4.725815E-03  4.726432E-03  8.012677E+01
    15.0000   -4.509454E-03  4.823296E-03  8.047334E+01
    15.0500   -3.710423E-03  4.872658E-03  8.081582E+01
    15.1000   -2.451143E-03  4.864358E-03  8.115330E+01
    15.1500   -9.325012E-04  4.801159E-03  8.148594E+01
    15.2000    6.189678E-04  4.687166E-03  8.181385E+01
    15.2500    1.992640E-03  4.527516E-03  8.213714E+01
    15.3000    3.026921E-03  4.328028E-03  8.245593E+01
    15.3500    3.628713E-03  4.094839E-03  8.277042E+01
    15.4000    3.777891E-03  3.834048E-03  8.308084E+01
    15.4500    3.518909E-03  3.551390E-03  8.338756E+01
    15.5000    2.943842E-03  3.251970E-03  8.369104E+01
    15.5500    2.171819E-03  2.940088E-03  8.399187E+01
    15.6000    1.329041E-03  2.619172E-03  8.429080E+01
    15.6500    5.320605E-04  2.291824E-03  8.458871E+01
    15.7000   -1.246496E-04  1.959980E-03  8.488664E+01
    15.7500   -5.769723E-04  1.625158E-03  8.518594E+01
    15.8000   -7.957986E-04  1.288763E-03  8.548855E+01
    15.8500   -7.883663E-04  9.524210E-04  8.579809E+01
    15.9000   -5.960779E-04  6.183653E-04  8.612450E+01
    15.9500   -2.882778E-04  2.905690E-04  8.651946E+01
    16.0000    5.051532E-05  6.608856E-05  8.883464E+01
    16.0500    3.328127E-04  3.596803E-04  8.992436E+01
    16.1000    4.759697E-04  6.573452E-04  9.029649E+01
    16.1500    4.307501E-04  9.338227E-04  9.062675E+01
    16.2000    1.882920E-04  1.182799E-03  9.094631E+01
    16.2500   -2.167925E-04  1.398716E-03  9.126181E+01
    16.3000   -7.126360E-04  1.576516E-03  9.157523E+01
    16.3500   -1.204999E-03  1.711827E-03  9.188710E+01
    16.4000   -1.597880E-03  1.801197E-03  9.219726E+01
    16.4500   -1.815181E-03  1.842326E-03  9.250511E+01
    16.5000   -1.818151E-03  1.834262E-03  9.280962E+01
    16.5500   -1.614114E-03  1.777577E-03  9.310920E+01
    16.6000   -1.254062E-03  1.674524E-03  9.340137E+01
    16.6500   -8.195347E-04  1.529234E-03  9.368219E+01
    16.7000   -4.020240E-04  1.348070E-03  9.394495E+01
    16.7500   -8.021621E-05  1.140445E-03  9.417738E+01
    16.8000    9.903194E-05  9.210421E-04  9.435551E+01
    16.8500    1.310408E-04  7.159577E-04  9.443185E+01
    16.9000    5.240124E-05  5.761629E-04  9.433885E+01
    16.9500   -7.070351E-05  5.717722E-04  9.412381E+01
    17.0000   -1.623015E-04  7.059867E-04  9.401581E+01
    17.0500   -1.573199E-04  9.115369E-04  9.407432E+01
    17.1000   -1.491407E-05  1.136053E-03  9.423465E+01
    17.1500    2.674768E-04  1.353558E-03  9.444670E+01
    17.2000    6.561651E-04  1.550668E-03  9.468470E+01
    17.2500    1.091307E-03  1.720075E-03  9.493508E+01
    17.3000    1.503006E-03  1.858249E-03  9.518994E+01
    17.3500    1.828517E-03  1.964657E-03  9.544412E+01
    17.4000    2.025637E-03  2.041475E-03  9.569393E+01
    17.4500    2.078834E-03  2.093414E-03  9.593666E+01
    17.5000    1.997083E-03  2.127452E-03  9.617047E+01
    17.5500    1.805024E-03  2.152316E-03  9.639459E+01
    17.6000    1.531054E-03  2.177564E-03  9.660962E+01
    17.6500    1.196715E-03  2.212241E-03  9.681780E+01
    17.7000    8.111077E-04  2.263292E-03  9.702285E+01
    17.7500    3.721457E-04  2.334173E-03  9.722926E+01
    17.8000   -1.259672E-04  2.424195E-03  9.744136E+01
    17.8500   -6.818919E-04  2.528840E-03  9.766240E+01
    17.9000   -1.277076E-03  2.640828E-03  9.789412E+01
    17.9500   -1.870494E-03  2.751492E-03  9.813688E+01
    18.0000   -2.402841E-03  2.853530E-03  9.839046E+01
    18.0500   -2.804460E-03  2.941127E-03  9.865412E+01
    18.1000   -3.002451E-03  3.004310E-03  9.892498E+01
    18.1500   -2.950599E-03  3.038567E-03  9.920138E+01
    18.2000   -2.636926E-03  3.041228E-03  9.948170E+01
    18.2500   -2.089003E-03  3.011498E-03  9.976439E+01
    18.3000   -1.370226E-03  2.950401E-03  1.000480E+02
    18.3500   -5.679163E-04  2.860650E-03  1.003311E+02
    18.4000    2.236103E-04  2.746453E-03  1.006125E+02
    18.4500    9.204754E-04  2.613235E-03  1.008909E+02
    18.5000    1.462705E-03  2.467283E-03  1.011655E+02
    18.5500    1.820588E-03  2.315299E-03  1.014358E+02
    18.6000    1.993069E-03  2.163842E-03  1.017018E+02
    18.6500    1.999712E-03  2.018693E-03  1.019645E+02
    18.7000    1.869673E-03  1.884212E-03  1.022261E+02
    18.7500    1.631728E-03  1.762805E-03  1.024898E+02
    18.8000    1.308726E-03  1.654728E-03  1.027603E+02
    18.8500    9.179955E-04  1.558368E-03  1.030426E+02
    18.9000    4.768896E-04  1.471056E-03  1.033424E+02
    18.9500    1.056207E-05  1.390259E-03  1.036650E+02
    19.0000   -4.437446E-04  1.315121E-03  1.040167E+02
    19.0500   -8.341831E-04  1.247445E-03  1.044050E+02
    19.1000   -1.091458E-03  1.192092E-03  1.048295E+02
    19.1500   -1.156788E-03  1.158010E-03  1.052893E+02
    19.2000   -9.947996E-04  1.155419E-03  1.057769E+02
    19.2500   -6.089426E-04  1.191949E-03  1.062779E+02
    19.3000   -4.950880E-05  1.268861E-03  1.067751E+02
    19.3500    5.895932E-04  1.380171E-03  1.072555E+02
    19.4000    1.186185E-03  1.514946E-03  1.077136E+02
    19.4500    1.614646E-03  1.660429E-03  1.081496E+02
    19.5000    1.774526E-03  1.804141E-03  1.085664E+02
    19.5500    1.615620E-03  1.934849E-03  1.089676E+02
    19.6000    1.152562E-03  2.042884E-03  1.093563E+02
    19.6500    4.643863E-04  2.120240E-03  1.097349E+02
    19.7000   -3.216658E-04  2.160608E-03  1.101052E+02
    19.7500   -1.058602E-03  2.159412E-03  1.104681E+02
    19.8000   -1.613466E-03  2.113854E-03  1.108241E+02
    19.8500   -1.897873E-03  2.022947E-03  1.111731E+02
    19.9000   -1.887402E-03  1.887553E-03  1.115139E+02
    19.9500   -1.624754E-03  1.710432E-03  1.118444E+02