# # tequil.ion_motion                                            FEFF 9.05   
# # POT  SCF  30  5.5000   1, core-hole, AFOLP (folp(0)= 1.150)
# # Abs   Z=30 Rmt= 1.273 Rnm= 1.403 K  shell
# # Pot 1 Z=26 Rmt= 1.271 Rnm= 1.385
# # Pot 2 Z= 8 Rmt= 0.958 Rnm= 1.080
# # Gam_ch=1.897E+00 H-L exch
# # Mu=-1.166E+01 kf=2.188E+00 Vint=-1.858E+01 Rs_int= 1.658
# # PATH  Rmax= 8.500,  Keep_limit= 0.00, Heap_limit 0.00  Pwcrit= 2.50%
#  S02=1.000                                        Global_sig2= 0.00000
#  Energy zero shift, vr, vi   -2.00000E+00   0.00000E+00
#  Curved wave amplitude ratio filter   4.000%
#     file         sig2 tot  cw amp ratio   deg  nlegs   reff  inp sig2
#           1       0.00000    100.00      1.00     2   1.8984
#           2       0.00000     91.40      1.00     2   1.9648
#           3       0.00000     90.86      1.00     2   1.9693
#           4       0.00000     56.81      1.00     2   2.3558
#           5       0.00000     56.18      1.00     2   2.3657
#           6       0.00000     54.75      1.00     2   2.3891
#           7       0.00000     30.58      1.00     2   2.9343
#           8       0.00000     29.32      1.00     2   2.9901
#           9       0.00000     28.92      1.00     2   3.0082
#          10       0.00000     26.88      1.00     2   3.1058
#          11       0.00000     23.75      1.00     2   3.2742
#          12       0.00000     23.57      1.00     2   3.2850
#          13       0.00000     22.72      1.00     2   3.3133
#          14       0.00000     22.65      1.00     2   3.3400
#          15       0.00000     21.98      1.00     2   3.3537
#          16       0.00000     21.68      1.00     2   3.3702
#          17       0.00000     42.28      2.00     2   3.4012
#          18       0.00000     14.81      2.00     3   3.4173
#          19       0.00000     20.32      1.00     2   3.4504
#          20       0.00000     10.36      2.00     3   3.4677
#          21       0.00000      7.64      2.00     3   3.4733
#          22       0.00000     10.89      2.00     3   3.4933
#          23       0.00000      8.32      2.00     3   3.5128
#          24       0.00000     17.98      2.00     3   3.5335
#          25       0.00000     10.49      2.00     3   3.5463
#          26       0.00000     19.42      1.00     2   3.5571
#          27       0.00000      9.64      2.00     3   3.5832
#          28       0.00000      8.43      2.00     3   3.5855
#          29       0.00000      9.07      2.00     3   3.6130
#          30       0.00000      8.37      2.00     3   3.6187
#          31       0.00000     14.38      2.00     3   3.6197
#          32       0.00000      8.17      2.00     3   3.6242
#          33       0.00000      9.44      2.00     3   3.6257
#          34       0.00000     18.02      1.00     2   3.6651
#          35       0.00000      7.60      2.00     3   3.6882
#          36       0.00000     12.85      2.00     3   3.6921
#          37       0.00000      6.67      2.00     3   3.7172
#          38       0.00000      6.32      2.00     3   3.7333
#          39       0.00000      6.60      2.00     3   3.7739
#          40       0.00000      6.48      2.00     3   3.7779
#          41       0.00000      6.25      2.00     3   3.7913
#          42       0.00000      5.11      1.00     4   3.7927
#          43       0.00000     11.44      1.00     4   3.7967
#          44       0.00000     15.26      1.00     2   3.8215
#          45       0.00000     16.19      1.00     2   3.8223
#          46       0.00000     15.24      1.00     2   3.8233
#          47       0.00000      5.86      1.00     4   3.8264
#          48       0.00000     12.88      2.00     3   3.8310
#          49       0.00000     16.05      1.00     2   3.8353
#          50       0.00000     15.46      2.00     3   3.8355
#          53       0.00000     15.54      1.00     2   3.8840
#          54       0.00000     14.18      1.00     2   3.9221
#          55       0.00000     15.12      1.00     2   3.9250
#          56       0.00000      9.48      1.00     4   3.9296
#          57       0.00000      4.25      2.00     4   3.9340
#          58       0.00000      9.36      1.00     4   3.9385
#          59       0.00000      4.12      1.00     4   3.9543
#          60       0.00000      9.49      2.00     3   3.9639
#          61       0.00000      9.43      2.00     3   3.9728
#          62       0.00000      8.73      2.00     3   3.9843
#          63       0.00000      4.89      1.00     4   3.9965
#          64       0.00000      5.03      1.00     4   4.0012
#          65       0.00000      6.55      1.00     4   4.0059
#          66       0.00000      8.31      2.00     3   4.0319
#          67       0.00000     12.43      2.00     3   4.0344
#          69       0.00000      8.29      2.00     3   4.0460
#          70       0.00000     12.04      2.00     3   4.0798
#          72       0.00000      7.49      2.00     3   4.1201
#          73       0.00000     11.42      2.00     3   4.1266
#          74       0.00000      7.13      2.00     3   4.1691
#          75       0.00000      7.12      2.00     3   4.1746
#          76       0.00000     18.59      2.00     3   4.1847
#          77       0.00000      7.09      2.00     3   4.1908
#          79       0.00000     16.73      2.00     3   4.2503
#          80       0.00000     15.06      2.00     4   4.2542
#          81       0.00000      4.34      1.00     4   4.2757
#          82       0.00000     10.93      1.00     2   4.2930
#          83       0.00000     17.01      2.00     3   4.2927
#          84       0.00000     10.86      1.00     2   4.3024
#          85       0.00000      7.76      2.00     3   4.3092
#          86       0.00000      9.04      2.00     3   4.3137
#          87       0.00000      7.51      2.00     3   4.3231
#          88       0.00000      4.14      1.00     4   4.3281
#          89       0.00000     12.88      2.00     4   4.3305
#          90       0.00000     13.63      2.00     4   4.3583
#          91       0.00000     10.19      1.00     2   4.3965
#          92       0.00000     10.13      1.00     2   4.4062
#          93       0.00000     10.08      1.00     2   4.4140
#          94       0.00000     15.82      2.00     3   4.4551
#          95       0.00000      9.57      1.00     2   4.4925
#          96       0.00000     19.15      2.00     3   4.4983
#          97       0.00000      9.51      1.00     2   4.5016
#          98       0.00000     18.76      2.00     2   4.5226
#          99       0.00000     16.90      2.00     3   4.5320
#         100       0.00000      4.87      2.00     3   4.5398
#         101       0.00000      9.16      1.00     2   4.5599
#         102       0.00000     18.29      2.00     3   4.5811
#         103       0.00000     19.78      2.00     3   4.5882
#         104       0.00000     11.30      1.00     4   4.5905
#         105       0.00000      4.49      2.00     3   4.5922
#         106       0.00000      4.46      2.00     3   4.5961
#         107       0.00000      8.44      1.00     4   4.6079
#         108       0.00000      9.49      1.00     4   4.6499
#         109       0.00000     12.12      1.00     4   4.6538
#         110       0.00000      7.36      2.00     3   4.6612
#         111       0.00000     10.83      1.00     4   4.6697
#         112       0.00000     12.69      2.00     3   4.6716
#         113       0.00000      4.20      2.00     3   4.6830
#         116       0.00000     12.58      2.00     3   4.7216
#         118       0.00000      5.95      2.00     3   4.7387
#         119       0.00000      8.16      1.00     2   4.7400
#         120       0.00000      8.14      1.00     2   4.7432
#         121       0.00000      7.24      2.00     3   4.7473
#         123       0.00000      8.08      1.00     2   4.7555
#         124       0.00000      8.03      1.00     2   4.7646
#         125       0.00000      7.98      1.00     2   4.7749
#         127       0.00000      7.23      2.00     3   4.7846
#         128       0.00000      7.89      1.00     2   4.7943
#         130       0.00000      8.04      2.00     3   4.8006
#         132       0.00000      5.88      2.00     3   4.8200
#         133       0.00000      7.79      2.00     3   4.8266
#         134       0.00000      5.78      2.00     3   4.8271
#         135       0.00000      6.43      1.00     4   4.8415
#         136       0.00000      8.52      1.00     2   4.8484
#         137       0.00000      7.59      1.00     2   4.8561
#         138       0.00000      6.45      1.00     4   4.8834
#         139       0.00000      4.63      2.00     4   4.8884
#         140       0.00000      5.47      2.00     4   4.8991
#         141       0.00000      7.38      1.00     2   4.9017
#         142       0.00000      6.13      2.00     3   4.9015
#         143       0.00000     12.24      2.00     3   4.9070
#         145       0.00000      4.12      2.00     3   4.9072
#         147       0.00000      8.92      2.00     3   4.9581
#         148       0.00000      5.25      2.00     3   4.9577
#         152       0.00000      4.26      2.00     4   4.9922
#         153       0.00000      8.14      2.00     3   4.9986
#         155       0.00000      7.81      1.00     2   5.0010
#         157       0.00000      7.30      2.00     3   5.0290
#         159       0.00000      6.57      1.00     4   5.0390
#         160       0.00000      7.59      1.00     2   5.0510
#         161       0.00000      7.18      2.00     3   5.0649
#         162       0.00000      6.25      2.00     3   5.0680
#         164       0.00000      5.94      2.00     3   5.1019
#         165       0.00000      6.44      1.00     2   5.1261
#         166       0.00000     11.36      2.00     3   5.1271
#         167       0.00000      7.45      2.00     3   5.1272
#         168       0.00000      7.27      1.00     2   5.1281
#         169       0.00000     15.82      2.00     3   5.1313
#         170       0.00000      8.45      2.00     3   5.1332
#         171       0.00000      9.88      1.00     4   5.1365
#         174       0.00000      6.28      2.00     3   5.1560
#         175       0.00000      6.29      1.00     2   5.1667
#         177       0.00000      4.10      1.00     4   5.1762
#         178       0.00000      6.57      2.00     3   5.1786
#         179       0.00000      7.01      1.00     2   5.1925
#         180       0.00000      5.72      1.00     4   5.2031
#         181       0.00000      6.09      2.00     4   5.2117
#         182       0.00000      6.88      1.00     2   5.2272
#         183       0.00000      7.11      2.00     3   5.2345
#         184       0.00000      7.01      2.00     3   5.2515
#         187       0.00000      5.92      1.00     2   5.2704
#         189       0.00000      5.88      1.00     2   5.2816
#         190       0.00000      7.41      2.00     3   5.2832
#         192       0.00000      9.34      2.00     3   5.2876
#         193       0.00000     13.86      2.00     3   5.2896
#         194       0.00000      8.37      1.00     4   5.2976
#         196       0.00000      6.57      1.00     2   5.3096
#         199       0.00000      5.77      1.00     2   5.3133
#         200       0.00000     13.97      2.00     3   5.3143
#         201       0.00000      8.55      1.00     4   5.3154
#         202       0.00000      5.73      1.00     2   5.3250
#         204       0.00000      4.66      2.00     4   5.3395
#         205       0.00000      4.67      2.00     3   5.3412
#         206       0.00000      6.46      1.00     2   5.3421
#         207       0.00000      6.83      2.00     3   5.3460
#         208       0.00000      5.14      2.00     4   5.3658
#         211       0.00000      5.56      1.00     2   5.3788
#         212       0.00000      4.64      1.00     4   5.3826
#         215       0.00000      7.19      2.00     3   5.4134
#         217       0.00000      5.39      1.00     2   5.4329
#         220       0.00000      7.23      2.00     3   5.4418
#         227       0.00000      5.24      1.00     2   5.4808
#         228       0.00000      5.99      1.00     2   5.4814
#         229       0.00000      5.88      1.00     2   5.5166
#         231       0.00000      5.11      1.00     2   5.5276
#         233       0.00000      4.27      2.00     3   5.5386
#         235       0.00000      4.15      2.00     3   5.5539
#         236       0.00000      4.30      2.00     3   5.5632
#         237       0.00000      5.54      2.00     3   5.5703
#         238       0.00000      6.64      2.00     3   5.5815
#         242       0.00000      5.15      2.00     3   5.5963
#         243       0.00000      4.41      2.00     3   5.6033
#         245       0.00000      5.39      2.00     3   5.6244
#         249       0.00000      4.21      2.00     3   5.6339
#         251       0.00000      5.98      2.00     3   5.6463
#         256       0.00000      5.39      1.00     2   5.6812
#         259       0.00000      4.66      1.00     2   5.6913
#         260       0.00000      5.02      2.00     3   5.6918
#         263       0.00000      4.43      2.00     3   5.6973
#         265       0.00000      4.63      1.00     2   5.7020
#         266       0.00000      4.86      2.00     3   5.7097
#         268       0.00000      4.44      2.00     3   5.7170
#         270       0.00000      5.28      1.00     2   5.7217
#         273       0.00000      5.76      2.00     3   5.7302
#         275       0.00000      5.15      1.00     2   5.7698
#         277       0.00000      4.45      1.00     2   5.7732
#         282       0.00000      4.06      2.00     3   5.7997
#         283       0.00000      4.33      2.00     3   5.8131
#         284       0.00000      5.37      2.00     3   5.8148
#         288       0.00000      4.95      1.00     2   5.8477
#         290       0.00000      4.27      1.00     2   5.8503
#         294       0.00000      4.22      1.00     2   5.8724
#         296       0.00000      5.76      2.00     3   5.8731
#         300       0.00000      4.17      1.00     2   5.8936
#         301       0.00000      5.36      2.00     3   5.8939
#         305       0.00000      7.44      2.00     3   5.9072
#         307       0.00000      4.79      1.00     2   5.9102
#         308       0.00000      4.78      1.00     2   5.9126
#         310       0.00000      4.27      2.00     3   5.9178
#         312       0.00000      4.10      1.00     2   5.9237
#   220/ 285 paths used
#  -----------------------------------------------------------------------
#       k          chi          mag           phase @#
    -0.7000   -4.398308E-01  4.467078E-01 -1.746492E+00
    -0.6500   -4.408208E-01  4.461404E-01 -1.725376E+00
    -0.6000   -4.444170E-01  4.479876E-01 -1.697137E+00
    -0.5500   -4.488756E-01  4.508219E-01 -1.663752E+00
    -0.5000   -4.532195E-01  4.540229E-01 -1.630294E+00
    -0.4500   -4.571693E-01  4.573280E-01 -1.597143E+00
    -0.4000   -4.603792E-01  4.603832E-01 -1.566624E+00
    -0.3500   -4.632900E-01  4.635569E-01 -1.536860E+00
    -0.3000   -4.654382E-01  4.662776E-01 -1.510786E+00
    -0.2500   -4.669430E-01  4.685265E-01 -1.488556E+00
    -0.2000   -4.679421E-01  4.703164E-01 -1.470273E+00
    -0.1500   -4.688555E-01  4.719997E-01 -1.455307E+00
    -0.1000   -4.695056E-01  4.732829E-01 -1.444370E+00
    -0.0500   -4.698599E-01  4.740468E-01 -1.437790E+00
     0.0000   -4.699719E-01  4.743004E-01 -1.435593E+00
     0.0500   -4.700808E-01  4.745533E-01 -1.433396E+00
     0.1000   -4.703890E-01  4.753087E-01 -1.426794E+00
     0.1500   -4.708397E-01  4.765552E-01 -1.415765E+00
     0.2000   -4.713349E-01  4.782716E-01 -1.400273E+00
     0.2500   -4.717321E-01  4.804247E-01 -1.380279E+00
     0.3000   -4.718410E-01  4.829659E-01 -1.355745E+00
     0.3500   -4.716095E-01  4.860756E-01 -1.326216E+00
     0.4000   -4.712590E-01  4.904294E-01 -1.290274E+00
     0.4500   -4.697267E-01  4.950992E-01 -1.249265E+00
     0.5000   -4.665561E-01  4.999565E-01 -1.203199E+00
     0.5500   -4.616377E-01  5.054857E-01 -1.151205E+00
     0.6000   -4.547009E-01  5.123227E-01 -1.091952E+00
     0.6500   -4.442150E-01  5.189954E-01 -1.027314E+00
     0.7000   -4.296825E-01  5.257866E-01 -9.565680E-01
     0.7500   -4.104466E-01  5.337988E-01 -8.771443E-01
     0.8000   -3.852591E-01  5.410460E-01 -7.924328E-01
     0.8500   -3.536468E-01  5.484222E-01 -7.008193E-01
     0.9000   -3.147422E-01  5.559609E-01 -6.017948E-01
     0.9500   -2.685183E-01  5.620777E-01 -4.980628E-01
     1.0000   -2.138952E-01  5.684821E-01 -3.857528E-01
     1.0500   -1.521388E-01  5.733125E-01 -2.685857E-01
     1.1000   -8.377084E-02  5.769587E-01 -1.457089E-01
     1.1500   -9.582653E-03  5.795642E-01 -1.653499E-02
     1.2000    6.713381E-02  5.799907E-01  1.160099E-01
     1.2500    1.466086E-01  5.796372E-01  2.557093E-01
     1.3000    2.236074E-01  5.769079E-01  3.980228E-01
     1.3500    2.972837E-01  5.728043E-01  5.456770E-01
     1.4000    3.635924E-01  5.667003E-01  6.965767E-01
     1.4500    4.203306E-01  5.588595E-01  8.512763E-01
     1.5000    4.651922E-01  5.493602E-01  1.009919E+00
     1.5500    4.955941E-01  5.379779E-01  1.171196E+00
     1.6000    5.108888E-01  5.251697E-01  1.337057E+00
     1.6500    5.093520E-01  5.104647E-01  1.504759E+00
     1.7000    4.916207E-01  4.944527E-01  1.677876E+00
     1.7500    4.578063E-01  4.766247E-01  1.852736E+00
     1.8000    4.094273E-01  4.573387E-01  2.032626E+00
     1.8500    3.489598E-01  4.363661E-01  2.214806E+00
     1.9000    2.784704E-01  4.137368E-01  2.403252E+00
     1.9500    2.023423E-01  3.893773E-01  2.595144E+00
     2.0000    1.256712E-01  3.634645E-01  2.788545E+00
     2.0500    5.302313E-02  3.362208E-01  2.983228E+00
     2.1000   -1.186805E-02  3.069129E-01  3.180271E+00
     2.1500   -6.467955E-02  2.756103E-01  3.378480E+00
     2.2000   -1.023849E-01  2.439066E-01  3.574785E+00
     2.2500   -1.243841E-01  2.122723E-01  3.767663E+00
     2.3000   -1.307620E-01  1.803658E-01  3.952601E+00
     2.3500   -1.219317E-01  1.473687E-01  4.116041E+00
     2.4000   -1.050498E-01  1.171535E-01  4.253818E+00
     2.4500   -8.494224E-02  9.075132E-02  4.352651E+00
     2.5000   -6.576268E-02  6.925731E-02  4.393363E+00
     2.5500   -5.161128E-02  5.560781E-02  4.330950E+00
     2.6000   -4.188209E-02  4.832460E-02  4.190106E+00
     2.6500   -3.715055E-02  4.744586E-02  4.041082E+00
     2.7000   -3.703025E-02  5.074717E-02  3.959477E+00
     2.7500   -4.118268E-02  5.558059E-02  3.976083E+00
     2.8000   -4.769025E-02  6.064056E-02  4.046619E+00
     2.8500   -5.521562E-02  6.518240E-02  4.152086E+00
     2.9000   -6.251155E-02  6.884535E-02  4.280077E+00
     2.9500   -6.859072E-02  7.155042E-02  4.423759E+00
     3.0000   -7.253793E-02  7.319330E-02  4.578469E+00
     3.0500   -7.374659E-02  7.377442E-02  4.739855E+00
     3.1000   -7.201245E-02  7.337015E-02  4.905065E+00
     3.1500   -6.738121E-02  7.196148E-02  5.071097E+00
     3.2000   -6.039135E-02  6.984784E-02  5.238806E+00
     3.2500   -5.153097E-02  6.709441E-02  5.407415E+00
     3.3000   -4.148378E-02  6.368015E-02  5.573705E+00
     3.3500   -3.119916E-02  5.978345E-02  5.734144E+00
     3.4000   -2.135005E-02  5.566546E-02  5.889557E+00
     3.4500   -1.238833E-02  5.137892E-02  6.039669E+00
     3.5000   -4.675679E-03  4.698501E-02  6.183506E+00
     3.5500    1.423206E-03  4.245550E-02  6.316714E+00
     3.6000    5.711000E-03  3.792421E-02  6.434350E+00
     3.6500    8.367894E-03  3.358436E-02  6.534999E+00
     3.7000    9.569362E-03  2.952693E-02  6.613234E+00
     3.7500    9.455041E-03  2.589149E-02  6.657011E+00
     3.8000    8.299410E-03  2.301944E-02  6.652031E+00
     3.8500    6.726836E-03  2.128435E-02  6.604744E+00
     3.9000    5.255462E-03  2.096716E-02  6.536539E+00
     3.9500    4.346748E-03  2.217784E-02  6.480457E+00
     4.0000    4.544132E-03  2.483675E-02  6.467182E+00
     4.0500    6.408225E-03  2.829268E-02  6.511666E+00
     4.1000    1.007765E-02  3.209295E-02  6.602604E+00
     4.1500    1.549722E-02  3.604594E-02  6.727600E+00
     4.2000    2.253434E-02  4.013354E-02  6.879363E+00
     4.2500    3.042601E-02  4.382040E-02  7.050680E+00
     4.3000    3.825438E-02  4.694519E-02  7.235696E+00
     4.3500    4.511505E-02  4.947972E-02  7.430804E+00
     4.4000    5.036290E-02  5.159596E-02  7.634919E+00
     4.4500    5.284650E-02  5.284950E-02  7.843324E+00
     4.5000    5.215372E-02  5.320949E-02  8.053521E+00
     4.5500    4.836758E-02  5.272888E-02  8.263561E+00
     4.6000    4.205622E-02  5.163728E-02  8.472989E+00
     4.6500    3.379376E-02  4.974659E-02  8.677945E+00
     4.7000    2.462113E-02  4.716534E-02  8.875563E+00
     4.7500    1.561518E-02  4.407060E-02  9.062589E+00
     4.8000    7.646263E-03  4.083840E-02  9.236434E+00
     4.8500    1.234235E-03  3.745478E-02  9.391819E+00
     4.9000   -3.405573E-03  3.417013E-02  9.524609E+00
     4.9500   -6.436575E-03  3.126281E-02  9.632147E+00
     5.0000   -8.409530E-03  2.912332E-02  9.717705E+00
     5.0500   -9.851464E-03  2.775923E-02  9.787574E+00
     5.1000   -1.131756E-02  2.717776E-02  9.854290E+00
     5.1500   -1.318570E-02  2.722521E-02  9.930363E+00
     5.2000   -1.570472E-02  2.775942E-02  1.002611E+01
     5.2500   -1.859374E-02  2.835742E-02  1.013988E+01
     5.3000   -2.148413E-02  2.878281E-02  1.026745E+01
     5.3500   -2.394648E-02  2.888371E-02  1.040221E+01
     5.4000   -2.573885E-02  2.867293E-02  1.053923E+01
     5.4500   -2.661676E-02  2.811729E-02  1.066740E+01
     5.5000   -2.673607E-02  2.737795E-02  1.077861E+01
     5.5500   -2.651464E-02  2.673577E-02  1.086687E+01
     5.6000   -2.654130E-02  2.659184E-02  1.093391E+01
     5.6500   -2.731064E-02  2.731168E-02  1.098684E+01
     5.7000   -2.912511E-02  2.915922E-02  1.104395E+01
     5.7500   -3.189829E-02  3.216253E-02  1.112385E+01
     5.8000   -3.513665E-02  3.619158E-02  1.123761E+01
     5.8500   -3.785104E-02  4.091433E-02  1.138499E+01
     5.9000   -3.883121E-02  4.600141E-02  1.156143E+01
     5.9500   -3.688385E-02  5.115290E-02  1.176105E+01
     6.0000   -3.107836E-02  5.624940E-02  1.198100E+01
     6.0500   -2.101033E-02  6.097145E-02  1.221457E+01
     6.1000   -7.049827E-03  6.511904E-02  1.245790E+01
     6.1500    9.694305E-03  6.854978E-02  1.270827E+01
     6.2000    2.752373E-02  7.116041E-02  1.296351E+01
     6.2500    4.442882E-02  7.288660E-02  1.322188E+01
     6.3000    5.843631E-02  7.370237E-02  1.348187E+01
     6.3500    6.795074E-02  7.361896E-02  1.374219E+01
     6.4000    7.201623E-02  7.268275E-02  1.400164E+01
     6.4500    7.044556E-02  7.097234E-02  1.425908E+01
     6.5000    6.390829E-02  6.875764E-02  1.451498E+01
     6.5500    5.337937E-02  6.603072E-02  1.476653E+01
     6.6000    4.031150E-02  6.289759E-02  1.501228E+01
     6.6500    2.623814E-02  5.951421E-02  1.525139E+01
     6.7000    1.248352E-02  5.603772E-02  1.548331E+01
     6.7500    1.122571E-07  5.261536E-02  1.570796E+01
     6.8000   -1.067827E-02  4.937209E-02  1.592597E+01
     6.8500   -1.937644E-02  4.639821E-02  1.613878E+01
     6.9000   -2.614653E-02  4.373948E-02  1.634869E+01
     6.9500   -3.111615E-02  4.139281E-02  1.655864E+01
     7.0000   -3.445284E-02  3.942572E-02  1.677106E+01
     7.0500   -3.609644E-02  3.766882E-02  1.698881E+01
     7.1000   -3.590839E-02  3.598312E-02  1.721430E+01
     7.1500   -3.377382E-02  3.426929E-02  1.744901E+01
     7.2000   -2.968954E-02  3.244278E-02  1.769371E+01
     7.2500   -2.386429E-02  3.044330E-02  1.794864E+01
     7.3000   -1.676767E-02  2.823909E-02  1.821381E+01
     7.3500   -9.105891E-03  2.582719E-02  1.848924E+01
     7.4000   -1.724788E-03  2.323103E-02  1.877524E+01
     7.4500    4.536926E-03  2.049655E-02  1.907276E+01
     7.5000    8.971075E-03  1.771350E-02  1.938062E+01
     7.5500    1.123822E-02  1.491236E-02  1.970311E+01
     7.6000    1.133249E-02  1.216506E-02  2.004824E+01
     7.6500    9.576974E-03  9.577363E-03  2.042936E+01
     7.7000    6.557162E-03  7.287450E-03  2.087186E+01
     7.7500    2.985027E-03  5.500777E-03  2.141755E+01
     7.8000   -4.512043E-04  4.507747E-03  2.209141E+01
     7.8500   -3.214218E-03  4.465702E-03  2.279460E+01
     7.9000   -4.993166E-03  5.079393E-03  2.337742E+01
     7.9500   -5.715211E-03  5.918099E-03  2.382455E+01
     8.0000   -5.491109E-03  6.759315E-03  2.418453E+01
     8.0500   -4.535240E-03  7.537152E-03  2.448709E+01
     8.1000   -3.085744E-03  8.243576E-03  2.474908E+01
     8.1500   -1.328955E-03  8.909943E-03  2.498303E+01
     8.2000    6.297707E-04  9.579069E-03  2.519853E+01
     8.2500    2.755232E-03  1.028757E-02  2.540387E+01
     8.3000    5.039645E-03  1.105408E-02  2.560613E+01
     8.3500    7.447764E-03  1.187437E-02  2.581071E+01
     8.4000    9.872532E-03  1.272329E-02  2.602095E+01
     8.4500    1.211936E-02  1.356118E-02  2.623822E+01
     8.5000    1.393945E-02  1.434790E-02  2.646436E+01
     8.5500    1.503850E-02  1.503880E-02  2.669729E+01
     8.6000    1.517875E-02  1.559090E-02  2.693398E+01
     8.6500    1.425122E-02  1.597439E-02  2.717230E+01
     8.7000    1.230281E-02  1.617250E-02  2.740991E+01
     8.7500    9.534376E-03  1.618334E-02  2.764433E+01
     8.8000    6.258742E-03  1.602118E-02  2.787299E+01
     8.8500    2.830181E-03  1.571703E-02  2.809328E+01
     8.9000   -4.347302E-04  1.531843E-02  2.830272E+01
     8.9500   -3.322358E-03  1.488776E-02  2.849939E+01
     9.0000   -5.770308E-03  1.450608E-02  2.868344E+01
     9.0500   -7.825480E-03  1.424658E-02  2.885585E+01
     9.1000   -9.610495E-03  1.416900E-02  2.901975E+01
     9.1500   -1.127335E-02  1.431478E-02  2.918113E+01
     9.2000   -1.290497E-02  1.469168E-02  2.934681E+01
     9.2500   -1.448598E-02  1.527350E-02  2.952261E+01
     9.3000   -1.586782E-02  1.600930E-02  2.971208E+01
     9.3500   -1.679393E-02  1.683666E-02  2.991639E+01
     9.4000   -1.695546E-02  1.769322E-02  3.013492E+01
     9.4500   -1.606676E-02  1.852414E-02  3.036609E+01
     9.5000   -1.393963E-02  1.929683E-02  3.060869E+01
     9.5500   -1.053272E-02  1.997937E-02  3.086065E+01
     9.6000   -5.996766E-03  2.054277E-02  3.111970E+01
     9.6500   -6.600726E-04  2.097647E-02  3.138445E+01
     9.7000    5.014844E-03  2.127833E-02  3.165384E+01
     9.7500    1.049438E-02  2.145286E-02  3.192708E+01
     9.8000    1.524471E-02  2.150938E-02  3.220365E+01
     9.8500    1.879753E-02  2.146024E-02  3.248327E+01
     9.9000    2.080150E-02  2.131920E-02  3.276590E+01
     9.9500    2.105559E-02  2.110003E-02  3.305164E+01
    10.0000    1.955283E-02  2.085193E-02  3.334157E+01
    10.0500    1.639490E-02  2.058154E-02  3.363590E+01
    10.1000    1.182787E-02  2.026418E-02  3.393426E+01
    10.1500    6.270065E-03  1.990624E-02  3.423708E+01
    10.2000    2.493878E-04  1.951241E-02  3.454474E+01
    10.2500   -5.640102E-03  1.908617E-02  3.485751E+01
    10.3000   -1.079487E-02  1.863035E-02  3.517554E+01
    10.3500   -1.466934E-02  1.814757E-02  3.549884E+01
    10.4000   -1.684697E-02  1.764057E-02  3.582722E+01
    10.4500   -1.710359E-02  1.711235E-02  3.616031E+01
    10.5000   -1.544976E-02  1.656605E-02  3.649752E+01
    10.5500   -1.213999E-02  1.600478E-02  3.683807E+01
    10.6000   -7.642560E-03  1.543134E-02  3.718098E+01
    10.6500   -2.571195E-03  1.484803E-02  3.752507E+01
    10.7000    2.410498E-03  1.425657E-02  3.786901E+01
    10.7500    6.694023E-03  1.365834E-02  3.821132E+01
    10.8000    9.819101E-03  1.305477E-02  3.855043E+01
    10.8500    1.153561E-02  1.244800E-02  3.888466E+01
    10.9000    1.182208E-02  1.184171E-02  3.921232E+01
    10.9500    1.085880E-02  1.124192E-02  3.953173E+01
    11.0000    8.970655E-03  1.066963E-02  3.984201E+01
    11.0500    6.522383E-03  1.013650E-02  4.014170E+01
    11.1000    3.860289E-03  9.645337E-03  4.042894E+01
    11.1500    1.260846E-03  9.215151E-03  4.070345E+01
    11.2000   -1.108751E-03  8.864919E-03  4.096610E+01
    11.2500   -3.181964E-03  8.610096E-03  4.121924E+01
    11.3000   -4.955209E-03  8.458585E-03  4.146660E+01
    11.3500   -6.437231E-03  8.407521E-03  4.171276E+01
    11.4000   -7.604715E-03  8.442311E-03  4.196228E+01
    11.4500   -8.380417E-03  8.538429E-03  4.221882E+01
    11.5000   -8.642000E-03  8.665182E-03  4.248466E+01
    11.5500   -8.259272E-03  8.789976E-03  4.276077E+01
    11.6000   -7.147659E-03  8.881907E-03  4.304705E+01
    11.6500   -5.319747E-03  8.914213E-03  4.334283E+01
    11.7000   -2.916412E-03  8.865680E-03  4.364710E+01
    11.7500   -2.046096E-04  8.721270E-03  4.395883E+01
    11.8000    2.461330E-03  8.472270E-03  4.427706E+01
    11.8500    4.707014E-03  8.116113E-03  4.460098E+01
    11.9000    6.217066E-03  7.655999E-03  4.492996E+01
    11.9500    6.804948E-03  7.100355E-03  4.526362E+01
    12.0000    6.469809E-03  6.477478E-03  4.560176E+01
    12.0500    5.366211E-03  5.805214E-03  4.594449E+01
    12.1000    3.754209E-03  5.081715E-03  4.629265E+01
    12.1500    1.983614E-03  4.328333E-03  4.664782E+01
    12.2000    3.941688E-04  3.568218E-03  4.701320E+01
    12.2500   -7.572692E-04  2.825949E-03  4.739518E+01
    12.3000   -1.343794E-03  2.128102E-03  4.780731E+01
    12.3500   -1.379285E-03  1.506688E-03  4.828049E+01
    12.4000   -9.931260E-04  1.011698E-03  4.888659E+01
    12.4500   -3.789896E-04  7.382704E-04  4.972640E+01
    12.5000    2.655143E-04  7.583118E-04  5.062320E+01
    12.5500    7.902224E-04  9.371042E-04  5.126880E+01
    12.6000    1.120911E-03  1.129163E-03  5.171530E+01
    12.6500    1.259150E-03  1.288924E-03  5.205164E+01
    12.7000    1.257251E-03  1.418679E-03  5.231797E+01
    12.7500    1.179792E-03  1.540936E-03  5.253505E+01
    12.8000    1.066907E-03  1.685375E-03  5.272160E+01
    12.8500    9.129863E-04  1.876948E-03  5.289909E+01
    12.9000    6.684832E-04  2.126209E-03  5.308725E+01
    12.9500    2.639842E-04  2.427102E-03  5.329809E+01
    13.0000   -3.508908E-04  2.762473E-03  5.353444E+01
    13.0500   -1.175897E-03  3.111630E-03  5.379461E+01
    13.1000   -2.138724E-03  3.449720E-03  5.407578E+01
    13.1500   -3.089341E-03  3.753280E-03  5.437393E+01
    13.2000   -3.831900E-03  4.001511E-03  5.468567E+01
    13.2500   -4.175040E-03  4.176990E-03  5.500844E+01
    13.3000   -3.988845E-03  4.266133E-03  5.534040E+01
    13.3500   -3.250828E-03  4.259503E-03  5.568043E+01
    13.4000   -2.065484E-03  4.152024E-03  5.602799E+01
    13.4500   -6.491731E-04  3.943080E-03  5.638328E+01
    13.5000    7.177994E-04  3.636555E-03  5.674736E+01
    13.5500    1.760039E-03  3.240850E-03  5.712277E+01
    13.6000    2.278184E-03  2.769096E-03  5.751484E+01
    13.6500    2.202187E-03  2.240131E-03  5.793515E+01
    13.7000    1.611152E-03  1.682421E-03  5.841157E+01
    13.7500    7.133083E-04  1.150550E-03  5.902155E+01
    13.8000   -2.090210E-04  7.947914E-04  5.995638E+01
    13.8500   -8.746057E-04  8.872971E-04  6.109172E+01
    13.9000   -1.077967E-03  1.311593E-03  6.186716E+01
    13.9500   -7.429554E-04  1.807828E-03  6.240834E+01
    14.0000    6.091436E-05  2.282617E-03  6.285854E+01
    14.0500    1.142246E-03  2.704194E-03  6.326794E+01
    14.1000    2.235163E-03  3.049867E-03  6.365439E+01
    14.1500    3.075137E-03  3.306631E-03  6.402624E+01
    14.2000    3.466324E-03  3.466732E-03  6.438731E+01
    14.2500    3.329193E-03  3.526931E-03  6.473909E+01
    14.3000    2.714517E-03  3.488271E-03  6.508168E+01
    14.3500    1.781325E-03  3.356014E-03  6.541392E+01
    14.4000    7.467723E-04  3.139679E-03  6.573329E+01
    14.4500   -1.764488E-04  2.853274E-03  6.603533E+01
    14.5000   -8.366463E-04  2.515987E-03  6.631243E+01
    14.5500   -1.177734E-03  2.153874E-03  6.655198E+01
    14.6000   -1.243228E-03  1.803456E-03  6.673405E+01
    14.6500   -1.150409E-03  1.517013E-03  6.683421E+01
    14.7000   -1.044277E-03  1.359938E-03  6.684898E+01
    14.7500   -1.046491E-03  1.374055E-03  6.683924E+01
    14.8000   -1.215332E-03  1.530153E-03  6.689123E+01
    14.8500   -1.528573E-03  1.755285E-03  6.703035E+01
    14.9000   -1.893632E-03  1.986649E-03  6.723703E+01
    14.9500   -2.180729E-03  2.184240E-03  6.748753E+01
    15.0000   -2.271583E-03  2.328323E-03  6.776546E+01
    15.0500   -2.094923E-03  2.408144E-03  6.805997E+01
    15.1000   -1.644922E-03  2.409008E-03  6.836342E+01
    15.1500   -1.001644E-03  2.329092E-03  6.867048E+01
    15.2000   -3.002922E-04  2.170964E-03  6.897627E+01
    15.2500    3.090819E-04  1.941198E-03  6.927494E+01
    15.3000    7.063706E-04  1.650414E-03  6.955731E+01
    15.3500    8.367827E-04  1.314385E-03  6.980516E+01
    15.4000    7.260115E-04  9.589835E-04  6.997385E+01
    15.4500    4.708189E-04  6.426193E-04  6.993725E+01
    15.5000    2.082702E-04  5.272634E-04  6.952111E+01
    15.5500    7.332124E-05  7.306860E-04  6.921555E+01
    15.6000    1.578014E-04  1.070990E-03  6.926292E+01
    15.6500    4.831267E-04  1.427254E-03  6.946036E+01
    15.7000    9.946092E-04  1.757680E-03  6.971652E+01
    15.7500    1.578478E-03  2.042604E-03  6.999824E+01
    15.8000    2.095814E-03  2.270453E-03  7.029106E+01
    15.8500    2.422654E-03  2.434503E-03  7.058713E+01
    15.9000    2.483971E-03  2.532126E-03  7.088117E+01
    15.9500    2.271554E-03  2.564773E-03  7.116869E+01
    16.0000    1.842298E-03  2.538242E-03  7.144441E+01
    16.0500    1.297564E-03  2.463141E-03  7.170181E+01
    16.1000    7.422626E-04  2.356804E-03  7.193623E+01
    16.1500    2.560940E-04  2.243321E-03  7.214222E+01
    16.2000   -1.307073E-04  2.152608E-03  7.231739E+01
    16.2500   -4.416589E-04  2.116179E-03  7.246688E+01
    16.3000   -7.388716E-04  2.158045E-03  7.260608E+01
    16.3500   -1.093704E-03  2.284950E-03  7.275575E+01
    16.4000   -1.553080E-03  2.484536E-03  7.293189E+01
    16.4500   -2.112778E-03  2.732858E-03  7.314035E+01
    16.5000   -2.706909E-03  3.003533E-03  7.337926E+01
    16.5500   -3.217848E-03  3.273028E-03  7.364354E+01
    16.6000   -3.504576E-03  3.522318E-03  7.392784E+01
    16.6500   -3.441670E-03  3.736876E-03  7.422758E+01
    16.7000   -2.957799E-03  3.906194E-03  7.453920E+01
    16.7500   -2.062433E-03  4.023289E-03  7.485999E+01
    16.8000   -8.527080E-04  4.084285E-03  7.518790E+01
    16.8500    5.021334E-04  4.088047E-03  7.552136E+01
    16.9000    1.795044E-03  4.035854E-03  7.585915E+01
    16.9500    2.825453E-03  3.931062E-03  7.620023E+01
    17.0000    3.445001E-03  3.780973E-03  7.654427E+01
    17.0500    3.582441E-03  3.593258E-03  7.689141E+01
    17.1000    3.246881E-03  3.369592E-03  7.723972E+01
    17.1500    2.539162E-03  3.118151E-03  7.758827E+01
    17.2000    1.617150E-03  2.847589E-03  7.793586E+01
    17.2500    6.569507E-04  2.566732E-03  7.828099E+01
    17.3000   -1.865159E-04  2.284316E-03  7.862156E+01
    17.3500   -8.096935E-04  2.008833E-03  7.895468E+01
    17.4000   -1.174529E-03  1.748501E-03  7.927636E+01
    17.4500   -1.304572E-03  1.511405E-03  7.958130E+01
    17.5000   -1.266001E-03  1.305796E-03  7.986310E+01
    17.5500   -1.140324E-03  1.140340E-03  8.011592E+01
    17.6000   -9.971785E-04  1.023647E-03  8.033851E+01
    17.6500   -8.748597E-04  9.621424E-04  8.053985E+01
    17.7000   -7.733656E-04  9.566132E-04  8.073991E+01
    17.7500   -6.608284E-04  1.000652E-03  8.096006E+01
    17.8000   -4.903154E-04  1.083369E-03  8.121175E+01
    17.8500   -2.212405E-04  1.193627E-03  8.149498E+01
    17.9000    1.613176E-04  1.322296E-03  8.180371E+01
    17.9500    6.351330E-04  1.462365E-03  8.213069E+01
    18.0000    1.140548E-03  1.608176E-03  8.246980E+01
    18.0500    1.591122E-03  1.754877E-03  8.281677E+01
    18.1000    1.891607E-03  1.898334E-03  8.316799E+01
    18.1500    1.961347E-03  2.034453E-03  8.352110E+01
    18.2000    1.754711E-03  2.159452E-03  8.387445E+01
    18.2500    1.274259E-03  2.269914E-03  8.422696E+01
    18.3000    5.733342E-04  2.362853E-03  8.457791E+01
    18.3500   -2.524013E-04  2.435785E-03  8.492681E+01
    18.4000   -1.082415E-03  2.486780E-03  8.527334E+01
    18.4500   -1.793695E-03  2.514490E-03  8.561726E+01
    18.5000   -2.283207E-03  2.518155E-03  8.595839E+01
    18.5500   -2.485799E-03  2.497599E-03  8.629655E+01
    18.6000   -2.384204E-03  2.453201E-03  8.663153E+01
    18.6500   -2.009627E-03  2.385867E-03  8.696305E+01
    18.7000   -1.433363E-03  2.296993E-03  8.729072E+01
    18.7500   -7.516575E-04  2.188446E-03  8.761399E+01
    18.8000   -6.710769E-05  2.062536E-03  8.793205E+01
    18.8500    5.296247E-04  1.922033E-03  8.824376E+01
    18.9000    9.743554E-04  1.770188E-03  8.854747E+01
    18.9500    1.237640E-03  1.610818E-03  8.884082E+01
    19.0000    1.327082E-03  1.449790E-03  8.912100E+01
    19.0500    1.279935E-03  1.294552E-03  8.938498E+01
    19.1000    1.143043E-03  1.147801E-03  8.962647E+01
    19.1500    9.703747E-04  1.017094E-03  8.983966E+01
    19.2000    8.061160E-04  9.112351E-04  9.002046E+01
    19.2500    6.750729E-04  8.391049E-04  9.017133E+01
    19.3000    5.787807E-04  8.067032E-04  9.030603E+01
    19.3500    4.981051E-04  8.136409E-04  9.044736E+01
    19.4000    4.015602E-04  8.525428E-04  9.061575E+01
    19.4500    2.571501E-04  9.124075E-04  9.082048E+01
    19.5000    4.459082E-05  9.825714E-04  9.106079E+01
    19.5500   -2.354226E-04  1.054642E-03  9.133131E+01
    19.6000   -5.575885E-04  1.122689E-03  9.162593E+01
    19.6500   -8.753031E-04  1.182768E-03  9.193933E+01
    19.7000   -1.130383E-03  1.232390E-03  9.226725E+01
    19.7500   -1.266925E-03  1.270091E-03  9.260636E+01
    19.8000   -1.245775E-03  1.295124E-03  9.295392E+01
    19.8500   -1.055755E-03  1.307225E-03  9.330766E+01
    19.9000   -7.184681E-04  1.306451E-03  9.366549E+01
    19.9500   -2.851366E-04  1.293063E-03  9.402544E+01