# # tequil.ion_motion                                            FEFF 9.05   
# # POT  SCF  30  5.5000   1, core-hole, AFOLP (folp(0)= 1.150)
# # Abs   Z=30 Rmt= 1.290 Rnm= 1.392 K  shell
# # Pot 1 Z=26 Rmt= 1.264 Rnm= 1.385
# # Pot 2 Z= 8 Rmt= 0.948 Rnm= 1.074
# # Gam_ch=1.897E+00 H-L exch
# # Mu=-1.155E+01 kf=2.186E+00 Vint=-1.875E+01 Rs_int= 1.659
# # PATH  Rmax= 8.500,  Keep_limit= 0.00, Heap_limit 0.00  Pwcrit= 2.50%
#  S02=1.000                                        Global_sig2= 0.00000
#  Energy zero shift, vr, vi   -2.00000E+00   0.00000E+00
#  Curved wave amplitude ratio filter   4.000%
#     file         sig2 tot  cw amp ratio   deg  nlegs   reff  inp sig2
#           1       0.00000    100.00      1.00     2   1.8809
#           2       0.00000     89.28      1.00     2   1.9651
#           3       0.00000     80.62      1.00     2   2.0439
#           4       0.00000     71.99      1.00     2   2.1351
#           5       0.00000     63.45      1.00     2   2.2412
#           6       0.00000     51.76      1.00     2   2.4227
#           7       0.00000     33.98      1.00     2   2.7866
#           8       0.00000     31.34      1.00     2   2.8916
#           9       0.00000     28.55      1.00     2   3.0147
#          10       0.00000     27.05      1.00     2   3.0869
#          11       0.00000     26.68      1.00     2   3.1057
#          12       0.00000     24.56      1.00     2   3.2021
#          13       0.00000     23.19      1.00     2   3.2973
#          14       0.00000     10.41      2.00     3   3.3530
#          15       0.00000     16.00      2.00     3   3.3939
#          16       0.00000      9.30      2.00     3   3.4015
#          17       0.00000      9.88      2.00     3   3.4112
#          18       0.00000     16.61      2.00     3   3.4327
#          19       0.00000      8.13      2.00     3   3.4334
#          20       0.00000      9.48      2.00     3   3.4608
#          21       0.00000     11.21      2.00     3   3.4769
#          22       0.00000     11.45      2.00     3   3.5012
#          23       0.00000     19.00      1.00     2   3.5152
#          24       0.00000      6.99      2.00     3   3.5309
#          25       0.00000     18.58      1.00     2   3.5440
#          26       0.00000     19.34      1.00     2   3.5529
#          27       0.00000     19.22      1.00     2   3.5622
#          28       0.00000     11.30      2.00     3   3.5663
#          29       0.00000      9.75      2.00     3   3.5660
#          30       0.00000     18.90      1.00     2   3.5863
#          31       0.00000      7.66      2.00     3   3.5930
#          32       0.00000      9.55      2.00     3   3.6258
#          33       0.00000     14.10      2.00     3   3.6279
#          34       0.00000      9.36      2.00     3   3.6279
#          35       0.00000      9.02      2.00     3   3.6353
#          36       0.00000     18.23      1.00     2   3.6390
#          37       0.00000      6.29      2.00     3   3.6463
#          38       0.00000     17.14      1.00     2   3.6478
#          39       0.00000      5.72      2.00     3   3.6776
#          40       0.00000      7.28      2.00     3   3.6804
#          41       0.00000     16.07      1.00     2   3.7326
#          42       0.00000     15.88      1.00     2   3.7487
#          43       0.00000     11.66      1.00     4   3.7618
#          44       0.00000      5.95      1.00     4   3.7731
#          45       0.00000     15.54      1.00     2   3.7777
#          46       0.00000     14.51      2.00     3   3.7783
#          47       0.00000      5.50      1.00     4   3.7786
#          48       0.00000      6.71      2.00     3   3.7972
#          49       0.00000      5.53      2.00     4   3.8460
#          50       0.00000     14.69      1.00     2   3.8539
#          51       0.00000     11.65      2.00     3   3.8758
#          52       0.00000     11.71      2.00     3   3.8784
#          53       0.00000     12.92      2.00     3   3.8944
#          54       0.00000     15.31      1.00     2   3.8971
#          55       0.00000      5.92      1.00     4   3.9193
#          56       0.00000      9.19      1.00     4   3.9302
#          57       0.00000      8.59      2.00     3   3.9312
#          58       0.00000     14.85      1.00     2   3.9430
#          59       0.00000     14.74      1.00     2   3.9540
#          61       0.00000     13.50      1.00     2   3.9701
#          62       0.00000      4.60      1.00     4   4.0036
#          63       0.00000      4.89      1.00     4   4.0300
#          64       0.00000     21.05      2.00     3   4.0618
#          65       0.00000     12.57      1.00     2   4.0702
#          66       0.00000      7.45      1.00     4   4.0879
#          67       0.00000     11.37      2.00     3   4.0949
#          68       0.00000     19.45      2.00     3   4.1129
#          69       0.00000     17.83      2.00     4   4.1221
#          70       0.00000     11.50      2.00     3   4.1325
#          71       0.00000      4.06      1.00     4   4.1458
#          75       0.00000      9.11      2.00     3   4.1780
#          76       0.00000      6.99      2.00     3   4.1786
#          77       0.00000     15.86      2.00     4   4.1790
#          79       0.00000      8.56      2.00     3   4.1910
#          80       0.00000     11.43      1.00     2   4.2074
#          81       0.00000      6.23      2.00     3   4.2675
#          82       0.00000      5.91      1.00     4   4.2702
#          83       0.00000      8.26      2.00     3   4.2897
#          84       0.00000      4.61      1.00     4   4.2927
#          85       0.00000      4.17      1.00     4   4.3221
#          86       0.00000      5.96      2.00     3   4.3266
#          87       0.00000      5.41      2.00     3   4.3399
#          88       0.00000     10.41      1.00     2   4.3441
#          89       0.00000     17.92      2.00     3   4.3600
#          91       0.00000      5.84      2.00     3   4.3643
#          92       0.00000      6.31      2.00     3   4.3862
#          93       0.00000     16.12      2.00     4   4.3878
#          94       0.00000      9.47      2.00     3   4.3961
#          95       0.00000      9.93      1.00     2   4.4161
#          96       0.00000      5.66      2.00     3   4.4204
#          97       0.00000      5.47      2.00     3   4.4327
#          98       0.00000     19.45      2.00     3   4.4377
#          99       0.00000      9.55      1.00     2   4.4753
#         100       0.00000      6.25      2.00     3   4.4814
#         101       0.00000      9.51      1.00     2   4.4819
#         102       0.00000      4.58      1.00     4   4.4824
#         103       0.00000      9.45      1.00     2   4.4907
#         105       0.00000      9.04      2.00     3   4.5174
#         106       0.00000      4.55      2.00     3   4.5277
#         107       0.00000     11.35      1.00     4   4.5313
#         108       0.00000     18.29      2.00     2   4.5411
#         109       0.00000      4.99      2.00     3   4.5486
#         110       0.00000      6.00      2.00     3   4.5641
#         111       0.00000      9.01      1.00     2   4.5647
#         112       0.00000     21.64      2.00     3   4.5813
#         113       0.00000      8.89      1.00     2   4.5853
#         114       0.00000      6.00      2.00     3   4.5910
#         116       0.00000     14.26      2.00     3   4.6151
#         117       0.00000     13.94      1.00     4   4.6215
#         118       0.00000      8.64      1.00     2   4.6294
#         119       0.00000      4.66      2.00     3   4.6294
#         121       0.00000      8.45      1.00     2   4.6643
#         123       0.00000      4.15      2.00     3   4.6885
#         124       0.00000     13.11      2.00     3   4.6900
#         125       0.00000      9.99      2.00     3   4.7087
#         128       0.00000      8.10      1.00     2   4.7310
#         129       0.00000     12.57      2.00     3   4.7359
#         130       0.00000     13.80      2.00     3   4.7490
#         131       0.00000      7.53      1.00     4   4.7549
#         132       0.00000      7.97      1.00     2   4.7567
#         134       0.00000      4.68      2.00     3   4.7667
#         135       0.00000      8.85      1.00     2   4.7757
#         136       0.00000      5.00      2.00     3   4.7941
#         137       0.00000      7.72      1.00     2   4.8082
#         138       0.00000      7.18      2.00     3   4.8119
#         139       0.00000      6.55      2.00     3   4.8149
#         140       0.00000      5.90      2.00     3   4.8168
#         141       0.00000      7.66      1.00     2   4.8199
#         144       0.00000      6.84      1.00     4   4.8389
#         147       0.00000     13.76      2.00     3   4.8550
#         148       0.00000      5.38      2.00     3   4.8569
#         149       0.00000      5.33      2.00     3   4.8602
#         150       0.00000      8.41      1.00     2   4.8636
#         151       0.00000      7.34      1.00     4   4.8686
#         152       0.00000      7.41      1.00     2   4.8728
#         153       0.00000     11.44      2.00     3   4.8741
#         155       0.00000      6.46      1.00     4   4.8866
#         156       0.00000      6.80      2.00     3   4.8876
#         159       0.00000      7.29      2.00     3   4.9068
#         162       0.00000      4.51      1.00     4   4.9355
#         163       0.00000      7.13      1.00     2   4.9365
#         164       0.00000     18.59      2.00     3   4.9394
#         165       0.00000      7.41      2.00     3   4.9427
#         166       0.00000     12.20      1.00     4   4.9423
#         168       0.00000      7.48      1.00     4   4.9533
#         170       0.00000      5.63      1.00     4   4.9725
#         171       0.00000     10.01      2.00     3   4.9747
#         172       0.00000      5.10      2.00     4   4.9798
#         174       0.00000      7.76      1.00     2   5.0036
#         175       0.00000      7.21      2.00     3   5.0045
#         176       0.00000      6.41      2.00     3   5.0339
#         177       0.00000      9.51      2.00     3   5.0416
#         178       0.00000      6.58      1.00     2   5.0687
#         179       0.00000      4.70      2.00     4   5.0793
#         180       0.00000      6.68      2.00     3   5.0982
#         182       0.00000      8.67      2.00     3   5.1266
#         184       0.00000      4.81      1.00     4   5.1412
#         185       0.00000      6.25      1.00     2   5.1558
#         186       0.00000      4.34      2.00     3   5.1764
#         187       0.00000      6.15      1.00     2   5.1827
#         188       0.00000      6.01      2.00     3   5.1830
#         189       0.00000     13.65      2.00     3   5.1862
#         190       0.00000      7.00      1.00     2   5.1881
#         192       0.00000      4.03      2.00     4   5.1960
#         193       0.00000     14.00      2.00     3   5.2001
#         196       0.00000      4.46      2.00     3   5.2091
#         198       0.00000      4.57      1.00     4   5.2104
#         199       0.00000      7.95      1.00     4   5.2166
#         200       0.00000      8.27      1.00     4   5.2176
#         203       0.00000      4.23      1.00     4   5.2496
#         206       0.00000      5.81      1.00     2   5.2808
#         207       0.00000      5.97      2.00     3   5.2814
#         208       0.00000      6.62      1.00     2   5.2896
#         210       0.00000      6.22      2.00     3   5.3040
#         211       0.00000      6.55      1.00     2   5.3089
#         212       0.00000      6.52      1.00     2   5.3163
#         214       0.00000      6.60      2.00     3   5.3240
#         216       0.00000      5.07      2.00     4   5.3282
#         218       0.00000      5.54      2.00     3   5.3455
#         220       0.00000      8.73      2.00     3   5.3809
#         221       0.00000      6.22      1.00     2   5.4053
#         223       0.00000      5.34      1.00     2   5.4263
#         225       0.00000      6.10      1.00     2   5.4400
#         226       0.00000      4.15      2.00     3   5.4540
#         227       0.00000      6.45      2.00     3   5.4550
#         228       0.00000      5.16      2.00     3   5.4624
#         229       0.00000      5.20      2.00     3   5.4645
#         230       0.00000      4.15      1.00     4   5.4722
#         231       0.00000      5.99      2.00     3   5.4893
#         232       0.00000      5.14      1.00     2   5.4941
#         234       0.00000      4.47      2.00     3   5.5054
#         235       0.00000      5.08      2.00     4   5.5199
#         238       0.00000      5.24      2.00     3   5.5464
#         239       0.00000      4.94      2.00     3   5.5594
#         240       0.00000      5.72      1.00     2   5.5621
#         241       0.00000      4.95      1.00     2   5.5621
#         242       0.00000      4.19      2.00     3   5.5885
#         243       0.00000      5.45      2.00     3   5.5887
#         244       0.00000      5.16      2.00     3   5.5898
#         246       0.00000      6.67      2.00     3   5.5974
#         247       0.00000      4.73      2.00     3   5.5993
#         250       0.00000      5.26      2.00     3   5.6092
#         254       0.00000      5.55      1.00     2   5.6170
#         255       0.00000      4.69      2.00     3   5.6194
#         258       0.00000      4.77      1.00     2   5.6260
#         259       0.00000      4.03      2.00     3   5.6269
#         261       0.00000      4.70      1.00     2   5.6546
#         263       0.00000      5.43      1.00     2   5.6601
#         264       0.00000      4.67      1.00     2   5.6665
#         267       0.00000      6.57      2.00     3   5.6848
#         270       0.00000      5.35      1.00     2   5.6890
#         272       0.00000      5.30      1.00     2   5.7073
#         278       0.00000      5.24      1.00     2   5.7286
#         281       0.00000      5.32      2.00     3   5.7433
#         284       0.00000      4.76      2.00     3   5.7483
#         285       0.00000      4.45      1.00     2   5.7553
#         287       0.00000      4.08      2.00     3   5.7680
#         290       0.00000      8.28      2.00     3   5.7725
#         291       0.00000      6.20      2.00     3   5.7741
#         292       0.00000      4.34      1.00     2   5.8013
#         294       0.00000      5.69      2.00     3   5.8110
#         295       0.00000      5.51      2.00     3   5.8128
#         298       0.00000      4.28      1.00     2   5.8273
#         299       0.00000      4.95      1.00     2   5.8387
#         301       0.00000      4.22      1.00     2   5.8490
#         306       0.00000      4.89      1.00     2   5.8633
#         307       0.00000      5.17      2.00     3   5.8660
#         308       0.00000      4.03      2.00     3   5.8748
#         309       0.00000      4.10      2.00     3   5.8827
#         314       0.00000      4.13      1.00     2   5.8911
#         317       0.00000      4.81      1.00     2   5.8953
#         318       0.00000      8.67      2.00     3   5.8987
#   232/ 295 paths used
#  -----------------------------------------------------------------------
#       k          chi          mag           phase @#
    -0.7000   -2.676272E-01  3.038336E-01 -2.063970E+00
    -0.6500   -2.988251E-01  3.507065E-01 -2.121673E+00
    -0.6000   -3.382497E-01  3.961349E-01 -2.118207E+00
    -0.5500   -3.819663E-01  4.386593E-01 -2.084850E+00
    -0.5000   -4.234902E-01  4.746648E-01 -2.039427E+00
    -0.4500   -4.620915E-01  5.057056E-01 -1.989158E+00
    -0.4000   -4.948695E-01  5.308693E-01 -1.941184E+00
    -0.3500   -5.251966E-01  5.536909E-01 -1.893008E+00
    -0.3000   -5.495534E-01  5.718202E-01 -1.850781E+00
    -0.2500   -5.686748E-01  5.860555E-01 -1.814947E+00
    -0.2000   -5.832704E-01  5.969976E-01 -1.785657E+00
    -0.1500   -5.950060E-01  6.059658E-01 -1.761276E+00
    -0.1000   -6.032899E-01  6.123898E-01 -1.743404E+00
    -0.0500   -6.080935E-01  6.161506E-01 -1.732692E+00
     0.0000   -6.096668E-01  6.173889E-01 -1.729124E+00
     0.0500   -6.112260E-01  6.186195E-01 -1.725558E+00
     0.1000   -6.158195E-01  6.222663E-01 -1.714866E+00
     0.1500   -6.231934E-01  6.281957E-01 -1.697079E+00
     0.2000   -6.329218E-01  6.361933E-01 -1.672254E+00
     0.2500   -6.444059E-01  6.459741E-01 -1.640490E+00
     0.3000   -6.568780E-01  6.571966E-01 -1.601938E+00
     0.3500   -6.698307E-01  6.699049E-01 -1.555907E+00
     0.4000   -6.831779E-01  6.848974E-01 -1.499921E+00
     0.4500   -6.939912E-01  7.002205E-01 -1.437309E+00
     0.5000   -7.008128E-01  7.154076E-01 -1.368458E+00
     0.5500   -7.026141E-01  7.308244E-01 -1.292043E+00
     0.6000   -6.978450E-01  7.469237E-01 -1.206269E+00
     0.6500   -6.838605E-01  7.615543E-01 -1.115157E+00
     0.7000   -6.594530E-01  7.748864E-01 -1.017947E+00
     0.7500   -6.228542E-01  7.879535E-01 -9.115772E-01
     0.8000   -5.733306E-01  7.983959E-01 -8.010728E-01
     0.8500   -5.102163E-01  8.070744E-01 -6.843636E-01
     0.9000   -4.331529E-01  8.139270E-01 -5.611693E-01
     0.9500   -3.445596E-01  8.174404E-01 -4.351102E-01
     1.0000   -2.435932E-01  8.193028E-01 -3.018820E-01
     1.0500   -1.350265E-01  8.178663E-01 -1.658555E-01
     1.1000   -2.123157E-02  8.136801E-01 -2.609623E-02
     1.1500    9.495297E-02  8.070535E-01  1.179270E-01
     1.2000    2.073767E-01  7.972039E-01  2.631569E-01
     1.2500    3.156497E-01  7.856456E-01  4.134501E-01
     1.3000    4.124360E-01  7.712204E-01  5.642516E-01
     1.3500    4.970275E-01  7.551202E-01  7.184382E-01
     1.4000    5.652230E-01  7.370332E-01  8.739803E-01
     1.4500    6.156477E-01  7.174420E-01  1.031587E+00
     1.5000    6.471290E-01  6.966249E-01  1.191564E+00
     1.5500    6.585752E-01  6.745253E-01  1.352896E+00
     1.6000    6.507568E-01  6.516730E-01  1.517763E+00
     1.6500    6.236425E-01  6.276442E-01  1.683779E+00
     1.7000    5.788491E-01  6.030011E-01  1.854780E+00
     1.7500    5.179767E-01  5.771186E-01  2.027475E+00
     1.8000    4.430917E-01  5.502425E-01  2.205468E+00
     1.8500    3.577837E-01  5.219244E-01  2.386291E+00
     1.9000    2.644667E-01  4.921064E-01  2.574221E+00
     1.9500    1.686088E-01  4.604471E-01  2.766687E+00
     2.0000    7.632377E-02  4.268391E-01  2.961814E+00
     2.0500   -6.936754E-03  3.913171E-01  3.159320E+00
     2.1000   -7.727611E-02  3.532845E-01  3.362112E+00
     2.1500   -1.299281E-01  3.126662E-01  3.570139E+00
     2.2000   -1.608087E-01  2.706581E-01  3.777788E+00
     2.2500   -1.697532E-01  2.277919E-01  3.982445E+00
     2.3000   -1.578141E-01  1.833031E-01  4.178719E+00
     2.3500   -1.264291E-01  1.353782E-01  4.346749E+00
     2.4000   -8.757296E-02  9.086410E-02  4.442421E+00
     2.4500   -5.034260E-02  5.431262E-02  4.327671E+00
     2.5000   -2.282997E-02  3.985270E-02  3.751582E+00
     2.5500   -1.361731E-02  5.311407E-02  3.400866E+00
     2.6000   -1.572306E-02  7.267293E-02  3.359671E+00
     2.6500   -2.793670E-02  9.163913E-02  3.451379E+00
     2.7000   -4.784085E-02  1.080606E-01  3.600225E+00
     2.7500   -6.818553E-02  1.196533E-01  3.747927E+00
     2.8000   -8.985670E-02  1.293138E-01  3.909836E+00
     2.8500   -1.108145E-01  1.371167E-01  4.082643E+00
     2.9000   -1.287751E-01  1.430186E-01  4.262299E+00
     2.9500   -1.423461E-01  1.475892E-01  4.445041E+00
     3.0000   -1.500607E-01  1.505707E-01  4.630057E+00
     3.0500   -1.510896E-01  1.519092E-01  4.816310E+00
     3.1000   -1.453977E-01  1.517571E-01  5.002910E+00
     3.1500   -1.336163E-01  1.504843E-01  5.190407E+00
     3.2000   -1.166402E-01  1.482465E-01  5.377580E+00
     3.2500   -9.567183E-02  1.451151E-01  5.563321E+00
     3.3000   -7.215235E-02  1.412441E-01  5.747030E+00
     3.3500   -4.746754E-02  1.369549E-01  5.929249E+00
     3.4000   -2.282496E-02  1.324001E-01  6.109926E+00
     3.4500    6.759056E-04  1.276429E-01  6.288481E+00
     3.5000    2.225922E-02  1.228212E-01  6.465425E+00
     3.5500    4.147702E-02  1.180322E-01  6.642256E+00
     3.6000    5.789043E-02  1.132611E-01  6.819677E+00
     3.6500    7.108475E-02  1.084940E-01  6.997627E+00
     3.7000    8.083596E-02  1.037136E-01  7.176917E+00
     3.7500    8.710380E-02  9.896356E-02  7.359385E+00
     3.8000    8.974590E-02  9.418047E-02  7.545890E+00
     3.8500    8.851818E-02  8.915260E-02  7.734612E+00
     3.9000    8.362624E-02  8.383856E-02  7.925166E+00
     3.9500    7.549707E-02  7.820307E-02  8.117814E+00
     4.0000    6.474236E-02  7.220220E-02  8.312563E+00
     4.0500    5.237157E-02  6.588053E-02  8.505857E+00
     4.1000    3.953391E-02  5.930773E-02  8.695154E+00
     4.1500    2.739467E-02  5.258866E-02  8.876845E+00
     4.2000    1.697125E-02  4.585080E-02  9.045617E+00
     4.2500    9.017655E-03  3.937526E-02  9.193709E+00
     4.3000    3.771497E-03  3.345343E-02  9.311799E+00
     4.3500    1.015218E-03  2.842274E-02  9.389052E+00
     4.4000    2.185827E-04  2.466799E-02  9.415917E+00
     4.4500    3.783764E-04  2.260135E-02  9.408036E+00
     4.5000    4.793340E-04  2.218879E-02  9.403174E+00
     4.5500   -3.038887E-04  2.296291E-02  9.438012E+00
     4.6000   -2.405072E-03  2.434191E-02  9.523743E+00
     4.6500   -5.968799E-03  2.568318E-02  9.659324E+00
     4.7000   -1.054857E-02  2.658910E-02  9.832725E+00
     4.7500   -1.533545E-02  2.684109E-02  1.003292E+01
     4.8000   -1.938539E-02  2.641902E-02  1.024863E+01
     4.8500   -2.188063E-02  2.518215E-02  1.047774E+01
     4.9000   -2.224180E-02  2.314338E-02  1.071553E+01
     4.9500   -2.035423E-02  2.036921E-02  1.095721E+01
     5.0000   -1.671186E-02  1.703703E-02  1.119126E+01
     5.0500   -1.209367E-02  1.321185E-02  1.140996E+01
     5.1000   -7.561516E-03  9.081700E-03  1.158257E+01
     5.1500   -4.162760E-03  4.995310E-03  1.158126E+01
     5.2000   -2.813069E-03  2.900481E-03  1.074945E+01
     5.2500   -3.698534E-03  5.657009E-03  1.013737E+01
     5.3000   -6.603138E-03  9.534904E-03  1.018976E+01
     5.3500   -1.083030E-02  1.325837E-02  1.038073E+01
     5.4000   -1.544897E-02  1.659439E-02  1.062185E+01
     5.4500   -1.924524E-02  1.937848E-02  1.087824E+01
     5.5000   -2.130028E-02  2.152642E-02  1.114065E+01
     5.5500   -2.110028E-02  2.299341E-02  1.140420E+01
     5.6000   -1.857953E-02  2.378998E-02  1.167014E+01
     5.6500   -1.420253E-02  2.392046E-02  1.193067E+01
     5.7000   -8.781298E-03  2.344008E-02  1.218238E+01
     5.7500   -3.243458E-03  2.244189E-02  1.242134E+01
     5.8000    1.668828E-03  2.106566E-02  1.264567E+01
     5.8500    5.378153E-03  1.947305E-02  1.284619E+01
     5.9000    7.776306E-03  1.788015E-02  1.301631E+01
     5.9500    9.149577E-03  1.653986E-02  1.315255E+01
     6.0000    1.007305E-02  1.568157E-02  1.326393E+01
     6.0500    1.106858E-02  1.548008E-02  1.336302E+01
     6.1000    1.256219E-02  1.594156E-02  1.347395E+01
     6.1500    1.466153E-02  1.690477E-02  1.361613E+01
     6.2000    1.708722E-02  1.812891E-02  1.379652E+01
     6.2500    1.923236E-02  1.938170E-02  1.401295E+01
     6.3000    2.032670E-02  2.048077E-02  1.425990E+01
     6.3500    1.966107E-02  2.130033E-02  1.453205E+01
     6.4000    1.681063E-02  2.176542E-02  1.482542E+01
     6.4500    1.179543E-02  2.184453E-02  1.513756E+01
     6.5000    5.140764E-03  2.149159E-02  1.546642E+01
     6.5500   -2.150523E-03  2.076506E-02  1.581171E+01
     6.6000   -8.883410E-03  1.973764E-02  1.617481E+01
     6.6500   -1.389911E-02  1.849918E-02  1.655805E+01
     6.7000   -1.632501E-02  1.716569E-02  1.696450E+01
     6.7500   -1.576511E-02  1.587613E-02  1.739709E+01
     6.8000   -1.238293E-02  1.478297E-02  1.785659E+01
     6.8500   -6.860361E-03  1.402939E-02  1.833861E+01
     6.9000   -2.469352E-04  1.371151E-02  1.883155E+01
     6.9500    6.260635E-03  1.384232E-02  1.931888E+01
     7.0000    1.153029E-02  1.426779E-02  1.979053E+01
     7.0500    1.468793E-02  1.493874E-02  2.023685E+01
     7.1000    1.533108E-02  1.575781E-02  2.065361E+01
     7.1500    1.350552E-02  1.661575E-02  2.104218E+01
     7.2000    9.632517E-03  1.743388E-02  2.140577E+01
     7.2500    4.376530E-03  1.816526E-02  2.174783E+01
     7.3000   -1.508105E-03  1.879029E-02  2.207149E+01
     7.3500   -7.312533E-03  1.931053E-02  2.237952E+01
     7.4000   -1.246340E-02  1.974215E-02  2.267439E+01
     7.4500   -1.655774E-02  2.010926E-02  2.295851E+01
     7.5000   -1.939283E-02  2.045994E-02  2.323755E+01
     7.5500   -2.077895E-02  2.080507E-02  2.351183E+01
     7.6000   -2.063578E-02  2.114730E-02  2.378234E+01
     7.6500   -1.896560E-02  2.148823E-02  2.405137E+01
     7.7000   -1.583108E-02  2.181923E-02  2.432090E+01
     7.7500   -1.137903E-02  2.212313E-02  2.459249E+01
     7.8000   -5.871585E-03  2.237727E-02  2.486724E+01
     7.8500    2.943438E-04  2.255704E-02  2.514579E+01
     7.9000    6.596080E-03  2.263937E-02  2.542838E+01
     7.9500    1.243033E-02  2.260553E-02  2.571496E+01
     8.0000    1.723027E-02  2.246725E-02  2.600675E+01
     8.0500    2.044187E-02  2.220517E-02  2.630233E+01
     8.1000    2.169231E-02  2.180821E-02  2.660039E+01
     8.1500    2.087477E-02  2.128600E-02  2.690042E+01
     8.2000    1.814234E-02  2.065499E-02  2.720193E+01
     8.2500    1.387690E-02  1.993731E-02  2.750449E+01
     8.3000    8.618529E-03  1.915922E-02  2.780775E+01
     8.3500    2.974029E-03  1.834935E-02  2.811154E+01
     8.4000   -2.473456E-03  1.753682E-02  2.841585E+01
     8.4500   -7.234035E-03  1.674942E-02  2.872093E+01
     8.5000   -1.095144E-02  1.600833E-02  2.902772E+01
     8.5500   -1.339479E-02  1.533419E-02  2.933673E+01
     8.6000   -1.445996E-02  1.474355E-02  2.964868E+01
     8.6500   -1.414333E-02  1.424500E-02  2.996468E+01
     8.7000   -1.251869E-02  1.384119E-02  3.028583E+01
     8.7500   -9.732044E-03  1.352937E-02  3.061309E+01
     8.8000   -6.010503E-03  1.330221E-02  3.094710E+01
     8.8500   -1.676151E-03  1.314873E-02  3.128810E+01
     8.9000    2.849635E-03  1.305515E-02  3.163597E+01
     8.9500    7.065425E-03  1.300557E-02  3.199024E+01
     9.0000    1.044556E-02  1.298167E-02  3.235099E+01
     9.0500    1.249979E-02  1.296778E-02  3.271725E+01
     9.1000    1.288116E-02  1.294704E-02  3.308764E+01
     9.1500    1.147516E-02  1.290165E-02  3.346141E+01
     9.2000    8.445605E-03  1.281490E-02  3.383797E+01
     9.2500    4.233622E-03  1.267209E-02  3.421688E+01
     9.3000   -5.031617E-04  1.246143E-02  3.459791E+01
     9.3500   -5.003232E-03  1.217492E-02  3.498101E+01
     9.4000   -8.543332E-03  1.180896E-02  3.536632E+01
     9.4500   -1.057853E-02  1.136484E-02  3.575415E+01
     9.5000   -1.085172E-02  1.085321E-02  3.614486E+01
     9.5500   -9.429839E-03  1.028532E-02  3.653906E+01
     9.6000   -6.676123E-03  9.673680E-03  3.693744E+01
     9.6500   -3.171064E-03  9.037873E-03  3.734062E+01
     9.7000    4.193474E-04  8.400373E-03  3.774905E+01
     9.7500    3.481987E-03  7.785161E-03  3.816281E+01
     9.8000    5.571345E-03  7.215932E-03  3.858123E+01
     9.8500    6.475424E-03  6.713957E-03  3.900255E+01
     9.9000    6.221734E-03  6.295909E-03  3.942356E+01
     9.9500    5.028802E-03  5.972272E-03  3.983968E+01
    10.0000    3.221851E-03  5.750723E-03  4.024602E+01
    10.0500    1.135100E-03  5.631019E-03  4.063773E+01
    10.1000   -9.482755E-04  5.609520E-03  4.101057E+01
    10.1500   -2.836613E-03  5.687254E-03  4.136288E+01
    10.2000   -4.428006E-03  5.868096E-03  4.169573E+01
    10.2500   -5.674469E-03  6.157806E-03  4.201265E+01
    10.3000   -6.532802E-03  6.561006E-03  4.231874E+01
    10.3500   -6.925065E-03  7.077616E-03  4.261950E+01
    10.4000   -6.727313E-03  7.700341E-03  4.291967E+01
    10.4500   -5.794649E-03  8.414034E-03  4.322262E+01
    10.5000   -4.016979E-03  9.196671E-03  4.353027E+01
    10.5500   -1.387688E-03  1.002120E-02  4.384338E+01
    10.6000    1.939319E-03  1.085754E-02  4.416188E+01
    10.6500    5.627619E-03  1.167450E-02  4.448528E+01
    10.7000    9.185866E-03  1.244130E-02  4.481290E+01
    10.7500    1.204532E-02  1.312893E-02  4.514396E+01
    10.8000    1.367230E-02  1.371125E-02  4.547770E+01
    10.8500    1.368867E-02  1.416591E-02  4.581340E+01
    10.9000    1.196904E-02  1.447505E-02  4.615036E+01
    10.9500    8.687232E-03  1.462591E-02  4.648792E+01
    11.0000    4.294587E-03  1.463737E-02  4.682611E+01
    11.0500   -5.838343E-04  1.450971E-02  4.716414E+01
    11.1000   -5.225571E-03  1.421608E-02  4.750030E+01
    11.1500   -8.968718E-03  1.376377E-02  4.783361E+01
    11.2000   -1.134746E-02  1.316575E-02  4.816288E+01
    11.2500   -1.217235E-02  1.244058E-02  4.848665E+01
    11.3000   -1.154413E-02  1.161225E-02  4.880306E+01
    11.3500   -9.800940E-03  1.071016E-02  4.910971E+01
    11.4000   -7.415541E-03  9.769179E-03  4.940359E+01
    11.4500   -4.872042E-03  8.829845E-03  4.968100E+01
    11.5000   -2.555007E-03  7.938445E-03  4.993780E+01
    11.5500   -6.789183E-04  7.146105E-03  5.017033E+01
    11.6000    7.269133E-04  6.504974E-03  5.037746E+01
    11.6500    1.779148E-03  6.058946E-03  5.056351E+01
    11.7000    2.663280E-03  5.829207E-03  5.073997E+01
    11.7500    3.544726E-03  5.802672E-03  5.092265E+01
    11.8000    4.496077E-03  5.934603E-03  5.112512E+01
    11.8500    5.462105E-03  6.164968E-03  5.135411E+01
    11.9000    6.271716E-03  6.435858E-03  5.160995E+01
    11.9500    6.691469E-03  6.700919E-03  5.188939E+01
    12.0000    6.516331E-03  6.943001E-03  5.218868E+01
    12.0500    5.612569E-03  7.146825E-03  5.250386E+01
    12.1000    3.968743E-03  7.280464E-03  5.283054E+01
    12.1500    1.754663E-03  7.338412E-03  5.316563E+01
    12.2000   -7.265345E-04  7.320261E-03  5.350649E+01
    12.2500   -3.103542E-03  7.229360E-03  5.385079E+01
    12.3000   -5.019981E-03  7.071841E-03  5.419637E+01
    12.3500   -6.212324E-03  6.855940E-03  5.454110E+01
    12.4000   -6.561832E-03  6.591586E-03  5.488282E+01
    12.4500   -6.107901E-03  6.290221E-03  5.521923E+01
    12.5000   -5.021796E-03  5.964820E-03  5.554787E+01
    12.5500   -3.550964E-03  5.630053E-03  5.586619E+01
    12.6000   -1.951853E-03  5.302461E-03  5.617170E+01
    12.6500   -4.311226E-04  5.000401E-03  5.646234E+01
    12.7000    8.889151E-04  4.743356E-03  5.673718E+01
    12.7500    1.973346E-03  4.550150E-03  5.699725E+01
    12.8000    2.849234E-03  4.435868E-03  5.724619E+01
    12.8500    3.563508E-03  4.408165E-03  5.749008E+01
    12.9000    4.140522E-03  4.464660E-03  5.773607E+01
    12.9500    4.554825E-03  4.593036E-03  5.799038E+01
    13.0000    4.735198E-03  4.781055E-03  5.825808E+01
    13.0500    4.572953E-03  5.011192E-03  5.854079E+01
    13.1000    3.959447E-03  5.251429E-03  5.883617E+01
    13.1500    2.854313E-03  5.481586E-03  5.914258E+01
    13.2000    1.308714E-03  5.684299E-03  5.945794E+01
    13.2500   -5.245324E-04  5.845432E-03  5.978012E+01
    13.3000   -2.410386E-03  5.954182E-03  6.010704E+01
    13.3500   -4.076780E-03  6.003081E-03  6.043682E+01
    13.4000   -5.273644E-03  5.987975E-03  6.076761E+01
    13.4500   -5.829292E-03  5.908004E-03  6.109764E+01
    13.5000   -5.688230E-03  5.765597E-03  6.142506E+01
    13.5500   -4.919772E-03  5.566495E-03  6.174789E+01
    13.6000   -3.695424E-03  5.319788E-03  6.206391E+01
    13.6500   -2.242107E-03  5.037993E-03  6.237063E+01
    13.7000   -7.851734E-04  4.737112E-03  6.266534E+01
    13.7500    5.022040E-04  4.436572E-03  6.294529E+01
    13.8000    1.529185E-03  4.158740E-03  6.320839E+01
    13.8500    2.289536E-03  3.927467E-03  6.345421E+01
    13.9000    2.837440E-03  3.765018E-03  6.368542E+01
    13.9500    3.246446E-03  3.687406E-03  6.390859E+01
    14.0000    3.573975E-03  3.707403E-03  6.413355E+01
    14.0500    3.820316E-03  3.822318E-03  6.437028E+01
    14.1000    3.903985E-03  4.002347E-03  6.462481E+01
    14.1500    3.714540E-03  4.226025E-03  6.489975E+01
    14.2000    3.141020E-03  4.471857E-03  6.519469E+01
    14.2500    2.120877E-03  4.721002E-03  6.550753E+01
    14.3000    6.812156E-04  4.958227E-03  6.583562E+01
    14.3500   -1.042066E-03  5.171858E-03  6.617632E+01
    14.4000   -2.815580E-03  5.353336E-03  6.652728E+01
    14.4500   -4.349753E-03  5.496678E-03  6.688645E+01
    14.5000   -5.360794E-03  5.597974E-03  6.725211E+01
    14.5500   -5.637524E-03  5.654954E-03  6.762278E+01
    14.6000   -5.095286E-03  5.666651E-03  6.799717E+01
    14.6500   -3.802107E-03  5.633130E-03  6.837414E+01
    14.7000   -1.969511E-03  5.555292E-03  6.875263E+01
    14.7500    9.032077E-05  5.434746E-03  6.913166E+01
    14.8000    2.030461E-03  5.273728E-03  6.951026E+01
    14.8500    3.541787E-03  5.075080E-03  6.988747E+01
    14.9000    4.414337E-03  4.842255E-03  7.026227E+01
    14.9500    4.573099E-03  4.579355E-03  7.063356E+01
    15.0000    4.084521E-03  4.295116E-03  7.100028E+01
    15.0500    3.119920E-03  3.997515E-03  7.136122E+01
    15.1000    1.901508E-03  3.685022E-03  7.171444E+01
    15.1500    6.642082E-04  3.364719E-03  7.205792E+01
    15.2000   -4.024838E-04  3.044662E-03  7.238921E+01
    15.2500   -1.186255E-03  2.733911E-03  7.270545E+01
    15.3000   -1.659364E-03  2.442477E-03  7.300355E+01
    15.3500   -1.863143E-03  2.181012E-03  7.328075E+01
    15.4000   -1.877276E-03  1.959948E-03  7.353594E+01
    15.4500   -1.784949E-03  1.787743E-03  7.377151E+01
    15.5000   -1.644917E-03  1.668250E-03  7.399488E+01
    15.5500   -1.478145E-03  1.598375E-03  7.421777E+01
    15.6000   -1.271409E-03  1.567924E-03  7.445256E+01
    15.6500   -9.945307E-04  1.562337E-03  7.470819E+01
    15.7000   -6.238143E-04  1.566587E-03  7.498867E+01
    15.7500   -1.626607E-04  1.568090E-03  7.529431E+01
    15.8000    3.482443E-04  1.557951E-03  7.562366E+01
    15.8500    8.349953E-04  1.531045E-03  7.597506E+01
    15.9000    1.207768E-03  1.485635E-03  7.634745E+01
    15.9500    1.385957E-03  1.422898E-03  7.674065E+01
    16.0000    1.323549E-03  1.347138E-03  7.715643E+01
    16.0500    1.023876E-03  1.265586E-03  7.759734E+01
    16.1000    5.442296E-04  1.185065E-03  7.806268E+01
    16.1500   -1.362417E-05  1.114193E-03  7.855204E+01
    16.2000   -5.288135E-04  1.060989E-03  7.906159E+01
    16.2500   -8.905472E-04  1.030854E-03  7.958276E+01
    16.3000   -1.024676E-03  1.024701E-03  8.010358E+01
    16.3500   -9.105138E-04  1.038503E-03  8.061233E+01
    16.4000   -5.837274E-04  1.064721E-03  8.110115E+01
    16.4500   -1.250643E-04  1.094618E-03  8.156691E+01
    16.5000    3.614133E-04  1.120173E-03  8.200993E+01
    16.5500    7.743021E-04  1.135084E-03  8.243211E+01
    16.6000    1.038008E-03  1.135069E-03  8.283565E+01
    16.6500    1.117321E-03  1.117819E-03  8.322234E+01
    16.7000    1.020434E-03  1.082811E-03  8.359329E+01
    16.7500    7.908512E-04  1.031085E-03  8.394884E+01
    16.8000    4.915808E-04  9.650333E-04  8.428852E+01
    16.8500    1.868223E-04  8.881810E-04  8.461108E+01
    16.9000   -7.355050E-05  8.049645E-04  8.491450E+01
    16.9500   -2.628050E-04  7.204609E-04  8.519639E+01
    17.0000   -3.775567E-04  6.410627E-04  8.545277E+01
    17.0500   -4.342123E-04  5.737260E-04  8.568145E+01
    17.1000   -4.561654E-04  5.199021E-04  8.589343E+01
    17.1500   -4.597861E-04  4.800402E-04  8.610228E+01
    17.2000   -4.499611E-04  4.510045E-04  8.632576E+01
    17.2500   -4.197022E-04  4.271547E-04  8.658087E+01
    17.3000   -3.556863E-04  4.026212E-04  8.688147E+01
    17.3500   -2.473945E-04  3.737124E-04  8.724112E+01
    17.4000   -9.627057E-05  3.412185E-04  8.767857E+01
    17.4500    7.871074E-05  3.133244E-04  8.821853E+01
    17.5000    2.415189E-04  3.080158E-04  8.886586E+01
    17.5500    3.460809E-04  3.461251E-04  8.955137E+01
    17.6000    3.481974E-04  4.335766E-04  9.017374E+01
    17.6500    2.190811E-04  5.606596E-04  9.070473E+01
    17.7000   -4.343259E-05  7.152971E-04  9.116694E+01
    17.7500   -4.094617E-04  8.881334E-04  9.158535E+01
    17.8000   -8.194016E-04  1.072024E-03  9.197622E+01
    17.8500   -1.193906E-03  1.261082E-03  9.234911E+01
    17.9000   -1.449408E-03  1.450181E-03  9.270963E+01
    17.9500   -1.515627E-03  1.634770E-03  9.306113E+01
    18.0000   -1.351727E-03  1.812305E-03  9.340595E+01
    18.0500   -9.527756E-04  1.981367E-03  9.374614E+01
    18.1000   -3.527759E-04  2.135332E-03  9.408181E+01
    18.1500    3.744636E-04  2.271769E-03  9.441337E+01
    18.2000    1.131162E-03  2.388947E-03  9.474104E+01
    18.2500    1.812692E-03  2.485853E-03  9.506494E+01
    18.3000    2.325228E-03  2.562176E-03  9.538512E+01
    18.3500    2.600392E-03  2.618278E-03  9.570162E+01
    18.4000    2.604341E-03  2.655117E-03  9.601446E+01
    18.4500    2.340241E-03  2.674167E-03  9.632367E+01
    18.5000    1.844517E-03  2.677304E-03  9.662934E+01
    18.5500    1.178535E-03  2.666679E-03  9.693160E+01
    18.6000    4.179318E-04  2.644592E-03  9.723067E+01
    18.6500   -3.581622E-04  2.613355E-03  9.752686E+01
    18.7000   -1.076247E-03  2.575169E-03  9.782054E+01
    18.7500   -1.674982E-03  2.532023E-03  9.811222E+01
    18.8000   -2.108951E-03  2.485615E-03  9.840245E+01
    18.8500   -2.350097E-03  2.437303E-03  9.869186E+01
    18.9000   -2.387574E-03  2.388098E-03  9.898112E+01
    18.9500   -2.226697E-03  2.338684E-03  9.927088E+01
    19.0000   -1.888532E-03  2.290894E-03  9.956189E+01
    19.0500   -1.406321E-03  2.247203E-03  9.985480E+01
    19.1000   -8.197445E-04  2.203980E-03  1.001499E+02
    19.1500   -1.801099E-04  2.161264E-03  1.004475E+02
    19.2000    4.565697E-04  2.119052E-03  1.007481E+02
    19.2500    1.033871E-03  2.077340E-03  1.010519E+02
    19.3000    1.499836E-03  2.036156E-03  1.013590E+02
    19.3500    1.812002E-03  1.995569E-03  1.016695E+02
    19.4000    1.941990E-03  1.955692E-03  1.019833E+02
    19.4500    1.878982E-03  1.916667E-03  1.023004E+02
    19.5000    1.631509E-03  1.878643E-03  1.026205E+02
    19.5500    1.227143E-03  1.841747E-03  1.029433E+02
    19.6000    7.099558E-04  1.806059E-03  1.032686E+02
    19.6500    1.359297E-04  1.771584E-03  1.035958E+02
    19.7000   -4.332097E-04  1.738234E-03  1.039244E+02
    19.7500   -9.370145E-04  1.705815E-03  1.042541E+02
    19.8000   -1.323312E-03  1.674024E-03  1.045842E+02
    19.8500   -1.554262E-03  1.642462E-03  1.049141E+02
    19.9000   -1.610648E-03  1.610648E-03  1.052435E+02
    19.9500   -1.493797E-03  1.578048E-03  1.055716E+02