# # tequil.ion_motion                                            FEFF 9.05   
# # POT  SCF  30  5.5000   1, core-hole, AFOLP (folp(0)= 1.150)
# # Abs   Z=30 Rmt= 1.272 Rnm= 1.386 K  shell
# # Pot 1 Z=26 Rmt= 1.240 Rnm= 1.368
# # Pot 2 Z= 8 Rmt= 0.991 Rnm= 1.069
# # Gam_ch=1.897E+00 H-L exch
# # Mu=-1.178E+01 kf=2.231E+00 Vint=-1.972E+01 Rs_int= 1.625
# # PATH  Rmax= 8.500,  Keep_limit= 0.00, Heap_limit 0.00  Pwcrit= 2.50%
#  S02=1.000                                        Global_sig2= 0.00000
#  Energy zero shift, vr, vi   -2.00000E+00   0.00000E+00
#  Curved wave amplitude ratio filter   4.000%
#     file         sig2 tot  cw amp ratio   deg  nlegs   reff  inp sig2
#           1       0.00000    100.00      1.00     2   1.8948
#           2       0.00000     99.31      1.00     2   1.9000
#           3       0.00000     86.99      1.00     2   2.0021
#           4       0.00000     68.86      1.00     2   2.1947
#           5       0.00000     61.88      1.00     2   2.2882
#           6       0.00000     56.67      1.00     2   2.3679
#           7       0.00000     31.45      1.00     2   2.9078
#           8       0.00000     29.37      1.00     2   2.9986
#           9       0.00000     28.85      1.00     2   3.0228
#          10       0.00000     28.54      1.00     2   3.0374
#          11       0.00000     25.94      1.00     2   3.1674
#          12       0.00000     24.13      1.00     2   3.2674
#          13       0.00000     23.51      1.00     2   3.3035
#          14       0.00000     13.47      2.00     3   3.3469
#          15       0.00000     21.86      1.00     2   3.3943
#          16       0.00000      8.40      2.00     3   3.4070
#          17       0.00000     20.81      1.00     2   3.4560
#          18       0.00000     11.20      2.00     3   3.4615
#          19       0.00000     10.27      2.00     3   3.4848
#          20       0.00000     10.04      2.00     3   3.4854
#          21       0.00000     10.98      2.00     3   3.4951
#          22       0.00000     19.95      1.00     2   3.5100
#          23       0.00000     14.70      2.00     3   3.5117
#          24       0.00000      9.26      2.00     3   3.5252
#          25       0.00000      7.85      2.00     3   3.5333
#          26       0.00000      9.78      2.00     3   3.5337
#          27       0.00000      7.41      2.00     3   3.5496
#          28       0.00000     19.31      1.00     2   3.5517
#          29       0.00000     19.25      1.00     2   3.5562
#          30       0.00000      7.83      2.00     3   3.5558
#          31       0.00000      9.37      2.00     3   3.5753
#          32       0.00000     14.39      2.00     3   3.5855
#          33       0.00000      8.02      2.00     3   3.5920
#          34       0.00000     19.15      1.00     2   3.5964
#          35       0.00000      9.47      2.00     3   3.6075
#          36       0.00000      7.56      2.00     3   3.6207
#          37       0.00000      7.09      2.00     3   3.6294
#          38       0.00000      9.43      2.00     3   3.6535
#          39       0.00000     12.24      2.00     3   3.6674
#          40       0.00000     18.18      1.00     2   3.6726
#          41       0.00000      6.05      2.00     3   3.7039
#          42       0.00000     17.00      1.00     2   3.7196
#          43       0.00000     16.88      1.00     2   3.7292
#          44       0.00000      6.15      2.00     3   3.7495
#          45       0.00000     17.10      1.00     2   3.7634
#          46       0.00000     16.33      1.00     2   3.7737
#          47       0.00000      6.06      1.00     4   3.7861
#          48       0.00000     10.10      1.00     4   3.7896
#          50       0.00000      9.96      1.00     4   3.8000
#          51       0.00000     13.17      2.00     3   3.8277
#          52       0.00000     16.37      1.00     2   3.8284
#          53       0.00000     15.35      2.00     3   3.8317
#          54       0.00000      4.39      1.00     4   3.8561
#          55       0.00000     15.87      1.00     2   3.8751
#          56       0.00000     15.00      1.00     2   3.8906
#          59       0.00000      4.70      1.00     4   3.9244
#          60       0.00000     10.13      2.00     3   3.9466
#          61       0.00000     14.93      1.00     2   3.9683
#          62       0.00000     12.05      2.00     3   3.9754
#          63       0.00000      6.55      1.00     4   3.9907
#          64       0.00000      7.60      1.00     4   4.0043
#          65       0.00000     21.75      2.00     3   4.0271
#          66       0.00000      4.11      1.00     4   4.0300
#          68       0.00000     12.88      2.00     3   4.0362
#          69       0.00000      8.90      2.00     3   4.0420
#          70       0.00000      7.85      2.00     3   4.0488
#          71       0.00000      4.16      1.00     4   4.0590
#          72       0.00000     14.31      2.00     4   4.0947
#          73       0.00000      9.96      2.00     3   4.1102
#          74       0.00000      9.70      2.00     3   4.1333
#          75       0.00000      7.35      2.00     3   4.1779
#          77       0.00000      4.94      1.00     4   4.1972
#          78       0.00000     18.95      2.00     3   4.1995
#          79       0.00000     18.67      2.00     3   4.2337
#          80       0.00000      7.69      2.00     3   4.2427
#          81       0.00000     12.35      2.00     4   4.2627
#          82       0.00000      6.23      2.00     3   4.2682
#          83       0.00000      6.36      2.00     3   4.2750
#          84       0.00000      6.34      2.00     3   4.2777
#          85       0.00000     11.44      1.00     2   4.2813
#          86       0.00000     11.37      1.00     2   4.2899
#          87       0.00000     12.29      2.00     4   4.2904
#          88       0.00000     26.46      2.00     3   4.3323
#          89       0.00000      7.50      2.00     3   4.3525
#          90       0.00000     10.88      1.00     2   4.3570
#          91       0.00000     10.77      1.00     2   4.3716
#          92       0.00000     17.04      1.00     4   4.3832
#          93       0.00000      4.76      1.00     4   4.3895
#          95       0.00000     10.53      1.00     2   4.4067
#          96       0.00000      5.19      2.00     3   4.4300
#          98       0.00000      5.53      2.00     3   4.4466
#          99       0.00000     10.18      1.00     2   4.4573
#         100       0.00000      4.92      2.00     3   4.4584
#         101       0.00000      5.05      2.00     3   4.4615
#         102       0.00000      4.90      2.00     3   4.4720
#         103       0.00000      5.44      2.00     3   4.4762
#         104       0.00000     19.59      2.00     3   4.4968
#         105       0.00000      9.89      1.00     2   4.5031
#         106       0.00000      9.77      1.00     2   4.5209
#         109       0.00000      4.72      2.00     3   4.5829
#         110       0.00000     11.27      1.00     4   4.5869
#         111       0.00000     15.59      2.00     3   4.5889
#         112       0.00000     18.59      2.00     2   4.6000
#         113       0.00000      9.19      1.00     2   4.6171
#         114       0.00000      7.99      2.00     3   4.6278
#         115       0.00000      5.07      2.00     3   4.6390
#         116       0.00000      8.95      1.00     2   4.6586
#         117       0.00000      6.71      2.00     3   4.6677
#         118       0.00000     18.04      2.00     3   4.6923
#         119       0.00000      7.43      2.00     3   4.7035
#         120       0.00000     11.19      2.00     3   4.7053
#         121       0.00000      4.45      2.00     3   4.7181
#         122       0.00000      6.13      2.00     3   4.7182
#         123       0.00000      8.34      1.00     4   4.7205
#         124       0.00000      8.59      1.00     2   4.7259
#         125       0.00000      7.09      2.00     3   4.7302
#         127       0.00000     10.42      2.00     3   4.7378
#         128       0.00000      8.49      1.00     2   4.7430
#         129       0.00000     13.27      2.00     3   4.7450
#         130       0.00000      4.26      2.00     3   4.7567
#         131       0.00000     12.41      2.00     3   4.7597
#         132       0.00000     10.56      1.00     4   4.7675
#         133       0.00000      8.23      1.00     2   4.7934
#         134       0.00000      8.23      1.00     2   4.7950
#         135       0.00000      8.22      1.00     2   4.7969
#         138       0.00000      4.32      2.00     3   4.8140
#         140       0.00000      5.39      2.00     3   4.8175
#         141       0.00000      5.52      2.00     3   4.8191
#         142       0.00000      8.10      1.00     2   4.8203
#         144       0.00000      6.62      2.00     3   4.8239
#         145       0.00000      4.69      2.00     4   4.8539
#         146       0.00000      8.63      1.00     2   4.8655
#         147       0.00000      7.88      2.00     3   4.8668
#         148       0.00000      5.33      2.00     3   4.8695
#         149       0.00000     11.29      2.00     3   4.8884
#         150       0.00000      6.86      1.00     4   4.8900
#         152       0.00000      5.67      2.00     3   4.9059
#         153       0.00000      5.18      1.00     4   4.9074
#         154       0.00000      6.86      2.00     3   4.9198
#         155       0.00000      6.17      1.00     4   4.9197
#         158       0.00000      8.24      1.00     2   4.9462
#         159       0.00000      4.73      1.00     4   4.9548
#         161       0.00000      8.06      2.00     3   4.9903
#         163       0.00000      8.69      2.00     3   4.9991
#         166       0.00000      5.56      2.00     3   5.0383
#         168       0.00000      5.62      1.00     4   5.0508
#         169       0.00000      9.79      2.00     3   5.0515
#         170       0.00000      7.28      2.00     3   5.0630
#         171       0.00000      7.21      2.00     3   5.0654
#         172       0.00000      7.67      1.00     2   5.0736
#         173       0.00000      7.24      2.00     3   5.0844
#         174       0.00000      6.65      2.00     3   5.0877
#         176       0.00000      7.54      1.00     2   5.1061
#         177       0.00000      6.72      1.00     2   5.1314
#         178       0.00000      4.15      1.00     4   5.1327
#         179       0.00000      6.70      1.00     2   5.1358
#         180       0.00000     16.51      2.00     3   5.1361
#         181       0.00000     10.26      1.00     4   5.1408
#         183       0.00000     15.81      2.00     3   5.1465
#         184       0.00000      6.64      1.00     2   5.1529
#         185       0.00000      4.63      1.00     4   5.1568
#         186       0.00000      9.54      1.00     4   5.1571
#         189       0.00000     11.09      2.00     3   5.1819
#         190       0.00000      7.66      2.00     3   5.1827
#         191       0.00000      7.97      2.00     3   5.2057
#         192       0.00000      6.43      1.00     2   5.2087
#         193       0.00000     15.66      2.00     3   5.2105
#         194       0.00000      9.62      1.00     4   5.2122
#         195       0.00000      7.03      1.00     2   5.2326
#         197       0.00000      5.20      2.00     3   5.2445
#         198       0.00000      5.49      1.00     4   5.2577
#         199       0.00000      6.59      2.00     3   5.2743
#         202       0.00000      4.35      2.00     4   5.2943
#         205       0.00000      6.03      1.00     2   5.3181
#         206       0.00000      6.70      1.00     2   5.3221
#         207       0.00000      6.69      1.00     2   5.3242
#         210       0.00000      7.01      2.00     3   5.3414
#         212       0.00000      8.46      2.00     3   5.3489
#         214       0.00000      6.75      2.00     3   5.3553
#         217       0.00000      4.92      2.00     3   5.3797
#         219       0.00000      5.82      1.00     2   5.3812
#         223       0.00000      6.40      1.00     2   5.4076
#         224       0.00000      6.39      1.00     2   5.4089
#         226       0.00000      6.38      2.00     3   5.4367
#         228       0.00000      5.32      2.00     3   5.4541
#         231       0.00000      4.72      2.00     3   5.4666
#         233       0.00000      4.94      2.00     3   5.4848
#         234       0.00000      4.25      2.00     3   5.4904
#         235       0.00000      5.39      1.00     2   5.5169
#         236       0.00000      5.36      1.00     2   5.5295
#         237       0.00000      5.34      1.00     2   5.5337
#         239       0.00000      5.86      2.00     3   5.5505
#         241       0.00000      4.82      2.00     3   5.5644
#         243       0.00000      6.29      2.00     3   5.5780
#         244       0.00000      4.72      2.00     3   5.5809
#         245       0.00000      5.83      1.00     2   5.5815
#         246       0.00000      5.83      1.00     2   5.5828
#         249       0.00000      4.35      2.00     3   5.5973
#         250       0.00000      5.15      1.00     2   5.6001
#         251       0.00000      5.10      2.00     3   5.6032
#         254       0.00000      5.30      2.00     3   5.6394
#         256       0.00000      4.63      2.00     3   5.6459
#         257       0.00000      5.02      1.00     2   5.6473
#         259       0.00000      5.57      1.00     2   5.6696
#         262       0.00000      5.74      2.00     3   5.6905
#         263       0.00000      6.35      2.00     3   5.6915
#         265       0.00000      4.66      2.00     3   5.7016
#         266       0.00000      6.52      2.00     3   5.7050
#         272       0.00000      4.76      1.00     2   5.7452
#         273       0.00000      5.23      2.00     3   5.7510
#         277       0.00000      6.61      2.00     3   5.7686
#         279       0.00000      5.02      2.00     3   5.7732
#         283       0.00000      4.02      2.00     3   5.7918
#         284       0.00000      5.54      2.00     3   5.7925
#         287       0.00000      4.60      2.00     3   5.8016
#         294       0.00000      4.57      1.00     2   5.8180
#         297       0.00000      4.06      2.00     3   5.8326
#         299       0.00000      4.53      1.00     2   5.8366
#         300       0.00000      5.08      1.00     2   5.8523
#         302       0.00000      5.05      1.00     2   5.8630
#         304       0.00000      5.03      1.00     2   5.8698
#         306       0.00000      5.01      1.00     2   5.8790
#         312       0.00000      4.39      1.00     2   5.8942
#         314       0.00000      4.96      1.00     2   5.8974
#         315       0.00000      8.45      2.00     3   5.9006
#         316       0.00000      4.93      1.00     2   5.9083
#   226/ 283 paths used
#  -----------------------------------------------------------------------
#       k          chi          mag           phase @#
    -0.7000   -3.232581E-01  3.313160E-01 -1.791794E+00
    -0.6500   -3.421238E-01  3.577776E-01 -1.867699E+00
    -0.6000   -3.684863E-01  3.882714E-01 -1.891408E+00
    -0.5500   -3.982942E-01  4.187372E-01 -1.884558E+00
    -0.5000   -4.269744E-01  4.456554E-01 -1.861362E+00
    -0.4500   -4.537265E-01  4.693970E-01 -1.829917E+00
    -0.4000   -4.767104E-01  4.891663E-01 -1.796948E+00
    -0.3500   -4.978310E-01  5.071310E-01 -1.762603E+00
    -0.3000   -5.149884E-01  5.216896E-01 -1.731251E+00
    -0.2500   -5.285777E-01  5.332953E-01 -1.703907E+00
    -0.2000   -5.390221E-01  5.423196E-01 -1.681127E+00
    -0.1500   -5.473658E-01  5.496553E-01 -1.662102E+00
    -0.1000   -5.532598E-01  5.549157E-01 -1.648070E+00
    -0.0500   -5.566900E-01  5.580106E-01 -1.639608E+00
     0.0000   -5.578155E-01  5.590320E-01 -1.636781E+00
     0.0500   -5.589319E-01  5.600484E-01 -1.633950E+00
     0.1000   -5.622270E-01  5.630674E-01 -1.625441E+00
     0.1500   -5.675356E-01  5.679993E-01 -1.611206E+00
     0.2000   -5.745780E-01  5.746974E-01 -1.591182E+00
     0.2500   -5.829539E-01  5.829627E-01 -1.565316E+00
     0.3000   -5.921402E-01  5.925505E-01 -1.533581E+00
     0.3500   -6.017901E-01  6.035071E-01 -1.495345E+00
     0.4000   -6.118884E-01  6.164848E-01 -1.448607E+00
     0.4500   -6.203643E-01  6.300031E-01 -1.395647E+00
     0.5000   -6.261320E-01  6.436945E-01 -1.336664E+00
     0.5500   -6.284304E-01  6.578758E-01 -1.270476E+00
     0.6000   -6.261182E-01  6.729764E-01 -1.195425E+00
     0.6500   -6.169712E-01  6.872034E-01 -1.114748E+00
     0.7000   -5.998691E-01  7.006918E-01 -1.027695E+00
     0.7500   -5.732265E-01  7.143693E-01 -9.313448E-01
     0.8000   -5.359423E-01  7.261410E-01 -8.302041E-01
     0.8500   -4.870737E-01  7.367778E-01 -7.222656E-01
     0.9000   -4.257270E-01  7.462077E-01 -6.071398E-01
     0.9500   -3.531816E-01  7.529203E-01 -4.882514E-01
     1.0000   -2.679871E-01  7.585038E-01 -3.611071E-01
     1.0500   -1.736238E-01  7.612305E-01 -2.301084E-01
     1.1000   -7.162665E-02  7.615189E-01 -9.419685E-02
     1.1500    3.589792E-02  7.595472E-01  4.727988E-02
     1.2000    1.432479E-01  7.543658E-01  1.910520E-01
     1.2500    2.502853E-01  7.473762E-01  3.414835E-01
     1.3000    3.491800E-01  7.372217E-01  4.934229E-01
     1.3500    4.387827E-01  7.249749E-01  6.500653E-01
     1.4000    5.139060E-01  7.102054E-01  8.090068E-01
     1.4500    5.722639E-01  6.933215E-01  9.709010E-01
     1.5000    6.117752E-01  6.745662E-01  1.135907E+00
     1.5500    6.305438E-01  6.539215E-01  1.302598E+00
     1.6000    6.289668E-01  6.319748E-01  1.473190E+00
     1.6500    6.068129E-01  6.084737E-01  1.644699E+00
     1.7000    5.659149E-01  5.841161E-01  1.821090E+00
     1.7500    5.082053E-01  5.585416E-01  1.998600E+00
     1.8000    4.360446E-01  5.321242E-01  2.181157E+00
     1.8500    3.533473E-01  5.047221E-01  2.366079E+00
     1.9000    2.625567E-01  4.764201E-01  2.557907E+00
     1.9500    1.688233E-01  4.470649E-01  2.754362E+00
     2.0000    7.765638E-02  4.166535E-01  2.954115E+00
     2.0500   -6.200003E-03  3.852186E-01  3.157688E+00
     2.1000   -7.957550E-02  3.520639E-01  3.369589E+00
     2.1500   -1.378145E-01  3.169810E-01  3.591378E+00
     2.2000   -1.761360E-01  2.809643E-01  3.819158E+00
     2.2500   -1.932009E-01  2.442471E-01  4.054044E+00
     2.3000   -1.887032E-01  2.060428E-01  4.299199E+00
     2.3500   -1.625588E-01  1.644052E-01  4.562376E+00
     2.4000   -1.224942E-01  1.236382E-01  4.848533E+00
     2.4500   -7.570272E-02  8.484107E-02  5.180796E+00
     2.5000   -3.020792E-02  4.988407E-02  5.632713E+00
     2.5500    2.155077E-03  2.184386E-02  6.382004E+00
     2.6000    2.165157E-02  2.232847E-02  8.100843E+00
     2.6500    2.655164E-02  4.464526E-02  8.787855E+00
     2.7000    1.762408E-02  6.598436E-02  9.154401E+00
     2.7500    2.793035E-03  8.276301E-02  9.391024E+00
     2.8000   -1.850429E-02  9.729238E-02  9.616136E+00
     2.8500   -4.419861E-02  1.097315E-01  9.839339E+00
     2.9000   -7.139215E-02  1.200830E-01  1.006145E+01
     2.9500   -9.717104E-02  1.289865E-01  1.027791E+01
     3.0000   -1.193373E-01  1.361533E-01  1.049330E+01
     3.0500   -1.357166E-01  1.414922E-01  1.070887E+01
     3.1000   -1.447294E-01  1.450965E-01  1.092442E+01
     3.1500   -1.454945E-01  1.470307E-01  1.114025E+01
     3.2000   -1.379534E-01  1.474578E-01  1.135657E+01
     3.2500   -1.228573E-01  1.465601E-01  1.157226E+01
     3.3000   -1.015922E-01  1.444582E-01  1.178639E+01
     3.3500   -7.590587E-02  1.413865E-01  1.199965E+01
     3.4000   -4.755261E-02  1.374304E-01  1.221305E+01
     3.4500   -1.853851E-02  1.326247E-01  1.242613E+01
     3.5000    9.229186E-03  1.271213E-01  1.263904E+01
     3.5500    3.408161E-02  1.211215E-01  1.285161E+01
     3.6000    5.477439E-02  1.147444E-01  1.306402E+01
     3.6500    7.048312E-02  1.080312E-01  1.327716E+01
     3.7000    8.074061E-02  1.010807E-01  1.349162E+01
     3.7500    8.552541E-02  9.404652E-02  1.370820E+01
     3.8000    8.509243E-02  8.699412E-02  1.392769E+01
     3.8500    7.983860E-02  7.984627E-02  1.415103E+01
     3.9000    7.052690E-02  7.264846E-02  1.437943E+01
     3.9500    5.811256E-02  6.542763E-02  1.461456E+01
     4.0000    4.369388E-02  5.818745E-02  1.485852E+01
     4.0500    2.855503E-02  5.100644E-02  1.511378E+01
     4.1000    1.397578E-02  4.394999E-02  1.538435E+01
     4.1500    1.186065E-03  3.708691E-02  1.567598E+01
     4.2000   -8.715510E-03  3.051592E-02  1.599760E+01
     4.2500   -1.498703E-02  2.454771E-02  1.636469E+01
     4.3000   -1.734678E-02  1.953443E-02  1.680096E+01
     4.3500   -1.594844E-02  1.597032E-02  1.733111E+01
     4.4000   -1.129335E-02  1.435249E-02  1.794386E+01
     4.4500   -4.526994E-03  1.486075E-02  1.854001E+01
     4.5000    3.154530E-03  1.668037E-02  1.903982E+01
     4.5500    1.060389E-02  1.890373E-02  1.944508E+01
     4.6000    1.692540E-02  2.099500E-02  1.978719E+01
     4.6500    2.141042E-02  2.271601E-02  2.007967E+01
     4.7000    2.389110E-02  2.397855E-02  2.033493E+01
     4.7500    2.458090E-02  2.482219E-02  2.055990E+01
     4.8000    2.397924E-02  2.544344E-02  2.076126E+01
     4.8500    2.253869E-02  2.593696E-02  2.093801E+01
     4.9000    2.070804E-02  2.650661E-02  2.109450E+01
     4.9500    1.870620E-02  2.735253E-02  2.123806E+01
     5.0000    1.640165E-02  2.868820E-02  2.138255E+01
     5.0500    1.346205E-02  3.042165E-02  2.153275E+01
     5.1000    9.482366E-03  3.246139E-02  2.169471E+01
     5.1500    4.142918E-03  3.465142E-02  2.187130E+01
     5.2000   -2.774274E-03  3.689014E-02  2.206642E+01
     5.2500   -1.086266E-02  3.887171E-02  2.227437E+01
     5.3000   -1.942299E-02  4.041872E-02  2.249242E+01
     5.3500   -2.749265E-02  4.138791E-02  2.271766E+01
     5.4000   -3.416525E-02  4.173106E-02  2.295029E+01
     5.4500   -3.840085E-02  4.132116E-02  2.318373E+01
     5.5000   -3.971171E-02  4.014783E-02  2.341441E+01
     5.5500   -3.814526E-02  3.825652E-02  2.363823E+01
     5.6000   -3.427670E-02  3.577090E-02  2.385200E+01
     5.6500   -2.906160E-02  3.284272E-02  2.404652E+01
     5.7000   -2.365502E-02  2.973548E-02  2.421288E+01
     5.7500   -1.907501E-02  2.681766E-02  2.434142E+01
     5.8000   -1.596024E-02  2.459034E-02  2.442641E+01
     5.8500   -1.437166E-02  2.352315E-02  2.447547E+01
     5.9000   -1.379716E-02  2.389808E-02  2.451728E+01
     5.9500   -1.330174E-02  2.560272E-02  2.458642E+01
     6.0000   -1.180805E-02  2.832208E-02  2.470269E+01
     6.0500   -8.328367E-03  3.146320E-02  2.486485E+01
     6.1000   -2.394392E-03  3.457830E-02  2.506344E+01
     6.1500    5.803570E-03  3.734790E-02  2.528877E+01
     6.2000    1.541526E-02  3.954937E-02  2.553313E+01
     6.2500    2.509934E-02  4.103644E-02  2.579087E+01
     6.3000    3.332473E-02  4.172433E-02  2.605785E+01
     6.3500    3.872714E-02  4.158001E-02  2.633095E+01
     6.4000    4.042865E-02  4.061536E-02  2.660762E+01
     6.4500    3.823895E-02  3.888157E-02  2.688560E+01
     6.5000    3.277163E-02  3.655672E-02  2.716262E+01
     6.5500    2.505272E-02  3.366303E-02  2.743497E+01
     6.6000    1.649272E-02  3.031652E-02  2.769912E+01
     6.6500    8.491893E-03  2.668095E-02  2.795042E+01
     6.7000    2.108576E-03  2.294283E-02  2.818230E+01
     6.7500   -2.139353E-03  1.931333E-02  2.838533E+01
     6.8000   -4.318569E-03  1.603268E-02  2.854706E+01
     6.8500   -4.969537E-03  1.336764E-02  2.865524E+01
     6.9000   -4.882581E-03  1.156637E-02  2.871013E+01
     6.9500   -4.830922E-03  1.072466E-02  2.874160E+01
     7.0000   -5.330076E-03  1.069991E-02  2.879579E+01
     7.0500   -6.535899E-03  1.106974E-02  2.890592E+01
     7.1000   -8.200817E-03  1.144391E-02  2.907326E+01
     7.1500   -9.808355E-03  1.157524E-02  2.928532E+01
     7.2000   -1.077662E-02  1.133537E-02  2.952985E+01
     7.2500   -1.066777E-02  1.067953E-02  2.979821E+01
     7.3000   -9.342800E-03  9.619146E-03  3.008541E+01
     7.3500   -7.016247E-03  8.204258E-03  3.039000E+01
     7.4000   -4.197718E-03  6.512487E-03  3.071547E+01
     7.4500   -1.542382E-03  4.644034E-03  3.107738E+01
     7.5000    2.733832E-04  2.702656E-03  3.151725E+01
     7.5500    8.812405E-04  1.003533E-03  3.248788E+01
     7.6000    2.569891E-04  1.604814E-03  3.439669E+01
     7.6500   -1.319011E-03  3.223877E-03  3.497903E+01
     7.7000   -3.338148E-03  4.672432E-03  3.535334E+01
     7.7500   -5.228030E-03  5.819835E-03  3.567343E+01
     7.8000   -6.527240E-03  6.616408E-03  3.596395E+01
     7.8500   -7.014994E-03  7.050059E-03  3.622809E+01
     7.9000   -6.756006E-03  7.148208E-03  3.646111E+01
     7.9500   -6.048767E-03  6.988804E-03  3.665298E+01
     8.0000   -5.290669E-03  6.734910E-03  3.679551E+01
     8.0500   -4.820630E-03  6.599171E-03  3.688007E+01
     8.1000   -4.788040E-03  6.830402E-03  3.692233E+01
     8.1500   -5.067427E-03  7.599283E-03  3.696917E+01
     8.2000   -5.283432E-03  8.886999E-03  3.706245E+01
     8.2500   -4.926821E-03  1.053856E-02  3.721265E+01
     8.3000   -3.526977E-03  1.236976E-02  3.740997E+01
     8.3500   -8.266676E-04  1.421764E-02  3.764094E+01
     8.4000    3.097379E-03  1.594824E-02  3.789457E+01
     8.4500    7.809007E-03  1.745367E-02  3.816298E+01
     8.5000    1.261016E-02  1.864218E-02  3.844202E+01
     8.5500    1.665661E-02  1.945759E-02  3.872668E+01
     8.6000    1.921152E-02  1.986588E-02  3.901253E+01
     8.6500    1.984439E-02  1.985131E-02  3.929630E+01
     8.7000    1.852874E-02  1.942306E-02  3.957455E+01
     8.7500    1.564051E-02  1.861729E-02  3.984322E+01
     8.8000    1.184457E-02  1.750017E-02  4.009726E+01
     8.8500    7.902643E-03  1.617265E-02  4.033017E+01
     8.9000    4.459807E-03  1.477677E-02  4.053411E+01
     8.9500    1.872948E-03  1.350027E-02  4.070152E+01
     9.0000    1.252714E-04  1.257684E-02  4.083074E+01
     9.0500   -1.125634E-03  1.221347E-02  4.093300E+01
     9.1000   -2.406172E-03  1.250047E-02  4.103440E+01
     9.1500   -4.229765E-03  1.336577E-02  4.116270E+01
     9.2000   -6.890180E-03  1.461579E-02  4.133161E+01
     9.2500   -1.032494E-02  1.603121E-02  4.154049E+01
     9.3000   -1.408877E-02  1.742527E-02  4.178235E+01
     9.3500   -1.744839E-02  1.865781E-02  4.204947E+01
     9.4000   -1.957390E-02  1.963057E-02  4.233549E+01
     9.4500   -1.977226E-02  2.027952E-02  4.263564E+01
     9.5000   -1.770784E-02  2.058748E-02  4.294678E+01
     9.5500   -1.348414E-02  2.053664E-02  4.326601E+01
     9.6000   -7.674105E-03  2.011671E-02  4.359090E+01
     9.6500   -1.209125E-03  1.934948E-02  4.391977E+01
     9.7000    4.851755E-03  1.827079E-02  4.425107E+01
     9.7500    9.571084E-03  1.692793E-02  4.458322E+01
     9.8000    1.234553E-02  1.537711E-02  4.491436E+01
     9.8500    1.302474E-02  1.368119E-02  4.524206E+01
     9.9000    1.190720E-02  1.190776E-02  4.556284E+01
     9.9500    9.619416E-03  1.012817E-02  4.587139E+01
    10.0000    6.932269E-03  8.428018E-03  4.615805E+01
    10.0500    4.514589E-03  6.886364E-03  4.640893E+01
    10.1000    2.765656E-03  5.597895E-03  4.660714E+01
    10.1500    1.759082E-03  4.688118E-03  4.673925E+01
    10.2000    1.259898E-03  4.264389E-03  4.682397E+01
    10.2500    8.513817E-04  4.320162E-03  4.692552E+01
    10.3000    1.144411E-04  4.711450E-03  4.709960E+01
    10.3500   -1.199250E-03  5.271541E-03  4.735339E+01
    10.4000   -3.055951E-03  5.893088E-03  4.766906E+01
    10.4500   -5.125857E-03  6.525996E-03  4.802732E+01
    10.5000   -6.871209E-03  7.152377E-03  4.841336E+01
    10.5500   -7.709477E-03  7.766948E-03  4.881641E+01
    10.6000   -7.201275E-03  8.365179E-03  4.922852E+01
    10.6500   -5.204761E-03  8.937190E-03  4.964384E+01
    10.7000   -1.948126E-03  9.465798E-03  5.005819E+01
    10.7500    2.003792E-03  9.927372E-03  5.046872E+01
    10.8000    5.881118E-03  1.029432E-02  5.087357E+01
    10.8500    8.901909E-03  1.053822E-02  5.127154E+01
    10.9000    1.047143E-02  1.063286E-02  5.166180E+01
    10.9500    1.033090E-02  1.055701E-02  5.204362E+01
    11.0000    8.628897E-03  1.032122E-02  5.241706E+01
    11.0500    5.815597E-03  9.922411E-03  5.278083E+01
    11.1000    2.540374E-03  9.336719E-03  5.313152E+01
    11.1500   -4.990970E-04  8.579007E-03  5.346528E+01
    11.2000   -2.767050E-03  7.679232E-03  5.377570E+01
    11.2500   -4.019735E-03  6.688032E-03  5.405187E+01
    11.3000   -4.343114E-03  5.688056E-03  5.427587E+01
    11.3500   -4.090333E-03  4.814310E-03  5.442234E+01
    11.4000   -3.741108E-03  4.269102E-03  5.447525E+01
    11.4500   -3.728158E-03  4.252023E-03  5.447623E+01
    11.5000   -4.284787E-03  4.775241E-03  5.452067E+01
    11.5500   -5.360523E-03  5.649898E-03  5.465643E+01
    11.6000   -6.630398E-03  6.669152E-03  5.487001E+01
    11.6500   -7.594775E-03  7.690343E-03  5.513569E+01
    11.7000   -7.739113E-03  8.623494E-03  5.543472E+01
    11.7500   -6.704935E-03  9.410631E-03  5.575563E+01
    11.8000   -4.419854E-03  1.001395E-02  5.609154E+01
    11.8500   -1.146642E-03  1.041004E-02  5.643830E+01
    11.9000    2.564731E-03  1.058705E-02  5.679335E+01
    11.9500    6.009596E-03  1.054306E-02  5.715518E+01
    12.0000    8.523774E-03  1.029805E-02  5.752368E+01
    12.0500    9.630150E-03  9.869912E-03  5.789860E+01
    12.1000    9.143966E-03  9.261468E-03  5.827893E+01
    12.1500    7.264067E-03  8.497900E-03  5.866508E+01
    12.2000    4.496702E-03  7.608767E-03  5.905798E+01
    12.2500    1.517257E-03  6.626808E-03  5.945925E+01
    12.3000   -1.008682E-03  5.586814E-03  5.987180E+01
    12.3500   -2.594519E-03  4.524792E-03  6.030091E+01
    12.4000   -3.045749E-03  3.477997E-03  6.075718E+01
    12.4500   -2.487827E-03  2.487846E-03  6.126498E+01
    12.5000   -1.304650E-03  1.614416E-03  6.189089E+01
    12.5500   -9.000557E-06  1.003795E-03  6.282289E+01
    12.6000    9.152704E-04  9.675641E-04  6.407237E+01
    12.6500    1.153072E-03  1.377290E-03  6.498130E+01
    12.7000    6.407537E-04  1.851201E-03  6.562000E+01
    12.7500   -4.294238E-04  2.269035E-03  6.616385E+01
    12.8000   -1.680646E-03  2.607564E-03  6.667385E+01
    12.8500   -2.674517E-03  2.870410E-03  6.717266E+01
    12.9000   -3.047516E-03  3.071669E-03  6.766973E+01
    12.9500   -2.620514E-03  3.229764E-03  6.816856E+01
    13.0000   -1.447796E-03  3.365053E-03  6.867027E+01
    13.0500    2.032861E-04  3.493857E-03  6.917326E+01
    13.1000    1.915739E-03  3.622774E-03  6.967223E+01
    13.1500    3.252180E-03  3.753226E-03  7.016319E+01
    13.2000    3.875546E-03  3.879152E-03  7.064271E+01
    13.2500    3.637956E-03  3.988909E-03  7.110845E+01
    13.3000    2.612737E-03  4.067974E-03  7.155918E+01
    13.3500    1.063293E-03  4.101643E-03  7.199440E+01
    13.4000   -6.388134E-04  4.077214E-03  7.241396E+01
    13.4500   -2.120095E-03  3.985570E-03  7.281752E+01
    13.5000   -3.103604E-03  3.822270E-03  7.320417E+01
    13.5500   -3.471779E-03  3.588353E-03  7.357183E+01
    13.6000   -3.278073E-03  3.291161E-03  7.391664E+01
    13.6500   -2.707996E-03  2.945564E-03  7.423181E+01
    13.7000   -2.005318E-03  2.576270E-03  7.450614E+01
    13.7500   -1.388662E-03  2.221951E-03  7.472313E+01
    13.8000   -9.850073E-04  1.939952E-03  7.486565E+01
    13.8500   -7.996641E-04  1.800406E-03  7.493799E+01
    13.9000   -7.297044E-04  1.848338E-03  7.499239E+01
    13.9500   -6.137187E-04  2.060686E-03  7.509581E+01
    14.0000   -3.000765E-04  2.375500E-03  7.527156E+01
    14.0500    3.012415E-04  2.733420E-03  7.550865E+01
    14.1000    1.168144E-03  3.075094E-03  7.578788E+01
    14.1500    2.160356E-03  3.368385E-03  7.609450E+01
    14.2000    3.062282E-03  3.592176E-03  7.641895E+01
    14.2500    3.647919E-03  3.732968E-03  7.675515E+01
    14.3000    3.751144E-03  3.783107E-03  7.709910E+01
    14.3500    3.318928E-03  3.739816E-03  7.744802E+01
    14.4000    2.430710E-03  3.604590E-03  7.779975E+01
    14.4500    1.277985E-03  3.382709E-03  7.815240E+01
    14.5000    1.106311E-04  3.082794E-03  7.850392E+01
    14.5500   -8.332911E-04  2.716371E-03  7.885161E+01
    14.6000   -1.392747E-03  2.297516E-03  7.919109E+01
    14.6500   -1.524377E-03  1.842788E-03  7.951394E+01
    14.7000   -1.306956E-03  1.372256E-03  7.980088E+01
    14.7500   -9.093942E-04  9.153061E-04  7.999689E+01
    14.8000   -5.330959E-04  5.438454E-04  7.991146E+01
    14.8500   -3.470582E-04  4.825692E-04  7.934245E+01
    14.9000   -4.357380E-04  7.578203E-04  7.915241E+01
    14.9500   -7.752368E-04  1.099760E-03  7.932212E+01
    15.0000   -1.247073E-03  1.421878E-03  7.960953E+01
    15.0500   -1.681681E-03  1.705002E-03  7.994503E+01
    15.1000   -1.895140E-03  1.932452E-03  8.030744E+01
    15.1500   -1.761259E-03  2.100684E-03  8.068703E+01
    15.2000   -1.251426E-03  2.210225E-03  8.107952E+01
    15.2500   -4.464246E-04  2.264704E-03  8.148299E+01
    15.3000    4.847254E-04  2.270236E-03  8.189658E+01
    15.3500    1.331953E-03  2.234810E-03  8.231992E+01
    15.4000    1.902750E-03  2.167590E-03  8.275270E+01
    15.4500    2.074601E-03  2.078087E-03  8.319427E+01
    15.5000    1.826056E-03  1.975228E-03  8.364334E+01
    15.5500    1.238191E-03  1.866370E-03  8.409762E+01
    15.6000    4.673460E-04  1.756462E-03  8.455369E+01
    15.6500   -3.014549E-04  1.647563E-03  8.500701E+01
    15.7000   -9.057143E-04  1.538970E-03  8.545223E+01
    15.7500   -1.246040E-03  1.428016E-03  8.588344E+01
    15.8000   -1.304914E-03  1.311419E-03  8.629415E+01
    15.8500   -1.139774E-03  1.186963E-03  8.667672E+01
    15.9000   -8.546073E-04  1.055384E-03  8.702085E+01
    15.9500   -5.606241E-04  9.226855E-04  8.731156E+01
    16.0000   -3.399278E-04  8.052426E-04  8.752879E+01
    16.0500   -2.186197E-04  7.287869E-04  8.765993E+01
    16.1000   -1.688153E-04  7.181915E-04  8.772732E+01
    16.1500   -1.282924E-04  7.872174E-04  8.780089E+01
    16.2000   -2.514922E-05  9.207145E-04  8.793728E+01
    16.2500    1.917943E-04  1.090554E-03  8.814138E+01
    16.3000    5.305878E-04  1.272097E-03  8.839484E+01
    16.3500    9.491186E-04  1.447327E-03  8.867980E+01
    16.4000    1.365515E-03  1.603242E-03  8.898386E+01
    16.4500    1.682236E-03  1.730395E-03  8.929891E+01
    16.5000    1.815706E-03  1.822151E-03  8.961952E+01
    16.5500    1.721782E-03  1.874403E-03  8.994172E+01
    16.6000    1.408937E-03  1.885488E-03  9.026227E+01
    16.6500    9.352886E-04  1.856197E-03  9.057811E+01
    16.7000    3.909042E-04  1.789798E-03  9.088601E+01
    16.7500   -1.284510E-04  1.692090E-03  9.118217E+01
    16.8000   -5.474587E-04  1.571463E-03  9.146202E+01
    16.8500   -8.289872E-04  1.438942E-03  9.172015E+01
    16.9000   -9.782421E-04  1.308069E-03  9.195101E+01
    16.9500   -1.032853E-03  1.194110E-03  9.215125E+01
    17.0000   -1.045686E-03  1.114497E-03  9.232375E+01
    17.0500   -1.062536E-03  1.082506E-03  9.248460E+01
    17.1000   -1.089719E-03  1.089928E-03  9.265741E+01
    17.1500   -1.105840E-03  1.124533E-03  9.285957E+01
    17.2000   -1.067515E-03  1.169822E-03  9.309832E+01
    17.2500   -9.288951E-04  1.210449E-03  9.337301E+01
    17.3000   -6.640938E-04  1.234866E-03  9.367997E+01
    17.3500   -2.842294E-04  1.235867E-03  9.401572E+01
    17.4000    1.575992E-04  1.210326E-03  9.437836E+01
    17.4500    5.761555E-04  1.158836E-03  9.476813E+01
    17.5000    8.764942E-04  1.085496E-03  9.518761E+01
    17.5500    9.823333E-04  9.978825E-04  9.564181E+01
    17.6000    8.613716E-04  9.070903E-04  9.613742E+01
    17.6500    5.390798E-04  8.273334E-04  9.667970E+01
    17.7000    9.580591E-05  7.737358E-04  9.726523E+01
    17.7500   -3.528775E-04  7.568740E-04  9.787440E+01
    17.8000   -6.873652E-04  7.764536E-04  9.847643E+01
    17.8500   -8.177341E-04  8.208879E-04  9.904785E+01
    17.9000   -7.098803E-04  8.736065E-04  9.958239E+01
    17.9500   -3.960108E-04  9.192381E-04  1.000856E+02
    18.0000    3.381582E-05  9.468373E-04  1.005667E+02
    18.0500    4.588532E-04  9.488535E-04  1.010357E+02
    18.1000    7.598874E-04  9.196153E-04  1.015035E+02
    18.1500    8.532370E-04  8.594622E-04  1.019813E+02
    18.2000    7.171558E-04  7.731441E-04  1.024847E+02
    18.2500    3.985061E-04  6.716075E-04  1.030373E+02
    18.3000   -7.956985E-07  5.759401E-04  1.036739E+02
    18.3500   -3.536132E-04  5.215125E-04  1.044177E+02
    18.4000   -5.448949E-04  5.452415E-04  1.052077E+02
    18.4500   -5.054313E-04  6.489138E-04  1.059213E+02
    18.5000   -2.321366E-04  8.009268E-04  1.065201E+02
    18.5500    2.110088E-04  9.697038E-04  1.070335E+02
    18.6000    7.114380E-04  1.133578E-03  1.074926E+02
    18.6500    1.140230E-03  1.277785E-03  1.079167E+02
    18.7000    1.388432E-03  1.391710E-03  1.083163E+02
    18.7500    1.396749E-03  1.467670E-03  1.086971E+02
    18.8000    1.170049E-03  1.500517E-03  1.090615E+02
    18.8500    7.728105E-04  1.487624E-03  1.094095E+02
    18.9000    3.074056E-04  1.429110E-03  1.097389E+02
    18.9500   -1.178200E-04  1.328336E-03  1.100446E+02
    19.0000   -4.214584E-04  1.193352E-03  1.103167E+02
    19.0500   -5.711967E-04  1.037993E-03  1.105385E+02
    19.1000   -5.866141E-04  8.859399E-04  1.106794E+02
    19.1500   -5.348063E-04  7.810102E-04  1.107100E+02
    19.2000   -5.045271E-04  7.788326E-04  1.106604E+02
    19.2500   -5.750059E-04  9.006746E-04  1.106482E+02
    19.3000   -7.876226E-04  1.112356E-03  1.107425E+02
    19.3500   -1.129142E-03  1.368406E-03  1.109262E+02
    19.4000   -1.531686E-03  1.636776E-03  1.111662E+02
    19.4500   -1.889583E-03  1.896700E-03  1.114399E+02
    19.5000   -2.088238E-03  2.133875E-03  1.117337E+02
    19.5500   -2.036635E-03  2.337924E-03  1.120398E+02
    19.6000   -1.694105E-03  2.501313E-03  1.123533E+02
    19.6500   -1.083736E-03  2.618914E-03  1.126707E+02
    19.7000   -2.887592E-04  2.687830E-03  1.129897E+02
    19.7500    5.668583E-04  2.707322E-03  1.133083E+02
    19.8000    1.347951E-03  2.678751E-03  1.136246E+02
    19.8500    1.939486E-03  2.605505E-03  1.139369E+02
    19.9000    2.271187E-03  2.492917E-03  1.142432E+02
    19.9500    2.329199E-03  2.348159E-03  1.145410E+02