# # tequil.ion_motion                                            FEFF 9.05   
# # POT  SCF  30  5.5000   1, core-hole, AFOLP (folp(0)= 1.150)
# # Abs   Z=30 Rmt= 1.354 Rnm= 1.438 K  shell
# # Pot 1 Z=26 Rmt= 1.317 Rnm= 1.420
# # Pot 2 Z= 8 Rmt= 0.976 Rnm= 1.079
# # Gam_ch=1.897E+00 H-L exch
# # Mu=-1.151E+01 kf=2.165E+00 Vint=-1.869E+01 Rs_int= 1.675
# # PATH  Rmax= 8.500,  Keep_limit= 0.00, Heap_limit 0.00  Pwcrit= 2.50%
#  S02=1.000                                        Global_sig2= 0.00000
#  Energy zero shift, vr, vi   -2.00000E+00   0.00000E+00
#  Curved wave amplitude ratio filter   4.000%
#     file         sig2 tot  cw amp ratio   deg  nlegs   reff  inp sig2
#           1       0.00000    100.00      1.00     2   1.9474
#           2       0.00000     85.21      1.00     2   2.0719
#           3       0.00000     83.18      1.00     2   2.0913
#           4       0.00000     66.79      1.00     2   2.2757
#           5       0.00000     64.07      1.00     2   2.3123
#           6       0.00000     57.22      1.00     2   2.4144
#           7       0.00000     32.64      1.00     2   2.9203
#           8       0.00000     32.63      1.00     2   2.9205
#           9       0.00000     31.06      1.00     2   2.9844
#          10       0.00000     30.04      1.00     2   3.0281
#          11       0.00000     25.40      1.00     2   3.2549
#          12       0.00000     24.13      1.00     2   3.3262
#          13       0.00000     23.72      1.00     2   3.3503
#          14       0.00000     22.38      1.00     2   3.4236
#          15       0.00000     10.51      2.00     3   3.4652
#          16       0.00000     21.27      1.00     2   3.4877
#          17       0.00000     20.69      1.00     2   3.5225
#          18       0.00000      9.30      2.00     3   3.5403
#          19       0.00000      9.65      2.00     3   3.5553
#          20       0.00000     19.98      1.00     2   3.5671
#          21       0.00000      9.48      2.00     3   3.5729
#          22       0.00000     18.63      2.00     3   3.5739
#          23       0.00000     16.74      2.00     3   3.5825
#          24       0.00000      8.78      2.00     3   3.5893
#          25       0.00000      7.61      2.00     3   3.6084
#          26       0.00000     19.20      1.00     2   3.6185
#          27       0.00000      7.54      2.00     3   3.6181
#          28       0.00000      7.09      2.00     3   3.6265
#          29       0.00000      6.96      2.00     3   3.6457
#          30       0.00000      7.49      2.00     3   3.6613
#          31       0.00000      6.76      2.00     3   3.6617
#          32       0.00000     18.57      1.00     2   3.6621
#          33       0.00000      9.75      2.00     3   3.6701
#          34       0.00000      8.40      2.00     3   3.6763
#          35       0.00000     14.22      2.00     3   3.6909
#          36       0.00000     18.59      1.00     2   3.7063
#          37       0.00000      7.18      2.00     3   3.7116
#          38       0.00000     18.49      1.00     2   3.7149
#          39       0.00000      5.87      2.00     3   3.7243
#          40       0.00000      8.05      2.00     3   3.7342
#          41       0.00000      6.51      2.00     3   3.7407
#          42       0.00000     17.03      1.00     2   3.7768
#          43       0.00000     17.48      1.00     2   3.7996
#          44       0.00000      6.67      2.00     3   3.8126
#          45       0.00000      5.08      1.00     4   3.8216
#          46       0.00000     17.13      1.00     2   3.8314
#          47       0.00000     17.07      1.00     2   3.8364
#          48       0.00000     16.30      1.00     2   3.8360
#          49       0.00000     15.78      1.00     2   3.8800
#          50       0.00000     10.45      1.00     4   3.8948
#          51       0.00000     14.04      2.00     3   3.9097
#          52       0.00000      4.61      1.00     4   3.9101
#          53       0.00000     16.28      1.00     2   3.9103
#          54       0.00000     14.11      2.00     3   3.9153
#          55       0.00000      5.53      1.00     4   4.0100
#          57       0.00000     13.10      2.00     3   4.0338
#          58       0.00000     12.84      2.00     3   4.0350
#          59       0.00000      8.99      2.00     3   4.0383
#          60       0.00000     12.19      2.00     3   4.0569
#          61       0.00000      4.46      1.00     4   4.0962
#          62       0.00000      5.36      1.00     4   4.1130
#          63       0.00000      5.10      1.00     4   4.1156
#          64       0.00000      4.37      1.00     4   4.1178
#          65       0.00000      7.97      2.00     3   4.1262
#          66       0.00000      7.51      1.00     4   4.1438
#          67       0.00000      8.14      2.00     3   4.1648
#          68       0.00000      7.14      1.00     4   4.1827
#          69       0.00000     12.53      1.00     2   4.2059
#          70       0.00000      7.18      2.00     3   4.2058
#          71       0.00000      4.40      1.00     4   4.2312
#          72       0.00000     11.99      1.00     2   4.2704
#          74       0.00000      7.07      2.00     3   4.2766
#          76       0.00000     18.52      2.00     3   4.3131
#          77       0.00000     19.73      2.00     3   4.3257
#          78       0.00000      6.51      2.00     3   4.3320
#          79       0.00000     18.53      2.00     3   4.3361
#          80       0.00000      7.11      2.00     3   4.3397
#          81       0.00000     11.43      1.00     2   4.3409
#          82       0.00000      6.20      2.00     3   4.3467
#          83       0.00000     17.31      2.00     4   4.3617
#          84       0.00000      7.73      2.00     3   4.3624
#          85       0.00000     15.14      2.00     4   4.3670
#          86       0.00000     11.14      1.00     2   4.3792
#          87       0.00000     15.42      2.00     4   4.3842
#          88       0.00000      6.96      2.00     3   4.3948
#          89       0.00000      5.51      2.00     3   4.4455
#          90       0.00000     20.26      2.00     3   4.4779
#          91       0.00000     10.27      1.00     2   4.5026
#          93       0.00000      5.47      2.00     3   4.5065
#          94       0.00000     10.17      1.00     2   4.5178
#          95       0.00000     10.15      1.00     2   4.5199
#          96       0.00000      5.01      2.00     3   4.5351
#          97       0.00000      5.24      2.00     3   4.5405
#          98       0.00000      4.58      1.00     4   4.5513
#          99       0.00000      9.81      1.00     2   4.5723
#         100       0.00000      5.03      2.00     3   4.5760
#         101       0.00000      4.64      2.00     3   4.5762
#         102       0.00000     11.63      1.00     4   4.5767
#         103       0.00000      4.73      2.00     3   4.5968
#         104       0.00000     18.32      2.00     3   4.6154
#         105       0.00000      9.54      1.00     2   4.6160
#         106       0.00000      9.52      1.00     2   4.6191
#         107       0.00000      4.21      1.00     4   4.6246
#         108       0.00000      9.47      1.00     2   4.6271
#         109       0.00000     17.24      2.00     3   4.6269
#         110       0.00000     15.44      2.00     3   4.6388
#         111       0.00000      6.84      2.00     3   4.6383
#         112       0.00000      4.53      2.00     3   4.6521
#         113       0.00000      4.49      2.00     3   4.6525
#         114       0.00000      7.38      2.00     3   4.6590
#         115       0.00000      6.33      2.00     3   4.6676
#         116       0.00000      9.17      1.00     2   4.6783
#         117       0.00000     10.30      1.00     4   4.7109
#         118       0.00000     14.48      2.00     3   4.7115
#         119       0.00000      8.94      1.00     2   4.7179
#         120       0.00000      7.11      2.00     3   4.7258
#         121       0.00000      9.47      1.00     4   4.7361
#         122       0.00000      8.76      1.00     2   4.7515
#         123       0.00000     17.86      2.00     3   4.7552
#         124       0.00000      5.59      2.00     3   4.7652
#         125       0.00000      8.68      1.00     2   4.7662
#         126       0.00000      8.65      1.00     2   4.7713
#         127       0.00000      6.27      2.00     3   4.7716
#         128       0.00000      8.08      1.00     4   4.7749
#         129       0.00000     12.65      2.00     3   4.7890
#         130       0.00000     11.87      2.00     3   4.7963
#         135       0.00000     10.36      1.00     4   4.8321
#         136       0.00000      8.28      1.00     2   4.8405
#         138       0.00000      8.26      1.00     2   4.8459
#         139       0.00000      7.49      1.00     4   4.8507
#         140       0.00000      6.26      2.00     3   4.8602
#         141       0.00000      9.21      1.00     2   4.8609
#         142       0.00000      5.43      2.00     3   4.8613
#         143       0.00000      9.23      2.00     3   4.8646
#         144       0.00000      7.28      2.00     3   4.8785
#         147       0.00000      5.43      2.00     3   4.9427
#         148       0.00000      6.25      1.00     4   4.9510
#         149       0.00000      8.76      2.00     3   4.9602
#         150       0.00000      4.68      2.00     4   4.9755
#         151       0.00000      4.33      2.00     3   4.9762
#         152       0.00000      5.76      1.00     4   4.9766
#         153       0.00000      9.02      2.00     3   4.9796
#         154       0.00000      6.67      2.00     3   4.9825
#         156       0.00000      8.50      1.00     2   5.0037
#         157       0.00000      7.77      2.00     3   5.0252
#         158       0.00000      8.30      1.00     2   5.0469
#         161       0.00000      7.25      2.00     3   5.0595
#         163       0.00000      4.18      2.00     4   5.0757
#         164       0.00000      6.59      2.00     3   5.0846
#         166       0.00000      7.39      2.00     3   5.1093
#         169       0.00000      7.90      1.00     2   5.1386
#         170       0.00000      6.72      2.00     3   5.1422
#         171       0.00000      6.88      1.00     2   5.1456
#         172       0.00000     16.60      2.00     3   5.1533
#         173       0.00000      7.79      2.00     3   5.1545
#         174       0.00000     10.16      1.00     4   5.1610
#         175       0.00000      6.81      1.00     2   5.1632
#         177       0.00000      6.78      1.00     2   5.1705
#         178       0.00000     16.54      2.00     3   5.1758
#         179       0.00000      7.73      1.00     2   5.1774
#         180       0.00000     10.20      1.00     4   5.1812
#         185       0.00000      5.53      2.00     3   5.2420
#         186       0.00000      6.47      1.00     2   5.2514
#         187       0.00000      8.54      2.00     3   5.2567
#         188       0.00000      5.26      2.00     3   5.2603
#         190       0.00000      7.23      1.00     2   5.3016
#         191       0.00000      6.63      2.00     3   5.3011
#         194       0.00000      7.14      1.00     2   5.3252
#         195       0.00000      5.09      2.00     3   5.3319
#         196       0.00000      5.94      2.00     3   5.3342
#         198       0.00000      6.10      1.00     2   5.3530
#         199       0.00000     14.28      2.00     3   5.3619
#         201       0.00000      6.99      1.00     2   5.3668
#         202       0.00000      8.51      1.00     4   5.3709
#         205       0.00000      5.95      1.00     2   5.3949
#         206       0.00000      6.45      2.00     3   5.3980
#         211       0.00000      4.04      2.00     4   5.4350
#         214       0.00000      4.98      2.00     3   5.4478
#         216       0.00000      6.40      2.00     3   5.4505
#         217       0.00000      5.76      2.00     3   5.4530
#         218       0.00000      5.75      1.00     2   5.4549
#         219       0.00000      5.37      2.00     3   5.4650
#         222       0.00000      4.25      2.00     3   5.4836
#         223       0.00000      6.55      1.00     2   5.4892
#         225       0.00000      6.51      1.00     2   5.5017
#         228       0.00000      5.31      2.00     3   5.5233
#         230       0.00000      4.26      2.00     3   5.5433
#         232       0.00000      4.41      2.00     3   5.5661
#         234       0.00000      4.71      2.00     3   5.5773
#         238       0.00000      7.52      2.00     3   5.5879
#         241       0.00000      5.29      1.00     2   5.6033
#         243       0.00000      5.25      1.00     2   5.6182
#         244       0.00000      6.10      2.00     3   5.6263
#         245       0.00000      6.10      1.00     2   5.6267
#         248       0.00000      5.17      1.00     2   5.6437
#         249       0.00000      4.27      2.00     3   5.6539
#         254       0.00000      4.90      2.00     3   5.6763
#         256       0.00000      5.07      1.00     2   5.6803
#         257       0.00000      4.52      2.00     3   5.6802
#         259       0.00000      5.91      1.00     2   5.6892
#         260       0.00000      4.22      2.00     3   5.6951
#         261       0.00000      7.53      2.00     3   5.6990
#         263       0.00000      4.97      1.00     2   5.7168
#         269       0.00000      5.80      2.00     3   5.7612
#         273       0.00000      4.72      2.00     3   5.7781
#         275       0.00000      4.53      2.00     3   5.7987
#         277       0.00000      5.56      1.00     2   5.8083
#         278       0.00000      4.72      1.00     2   5.8100
#         279       0.00000      4.73      2.00     3   5.8100
#         280       0.00000      5.55      1.00     2   5.8121
#         282       0.00000      4.13      2.00     3   5.8210
#         283       0.00000      4.29      2.00     3   5.8228
#         286       0.00000      5.23      2.00     3   5.8386
#         288       0.00000      5.23      2.00     3   5.8472
#         290       0.00000      5.43      1.00     2   5.8531
#         291       0.00000      4.59      1.00     2   5.8643
#         292       0.00000      4.57      2.00     3   5.8646
#         294       0.00000      4.57      1.00     2   5.8713
#         296       0.00000      5.65      2.00     3   5.8753
#         297       0.00000      4.49      2.00     3   5.8804
#         299       0.00000      5.35      1.00     2   5.8852
#         300       0.00000      7.38      2.00     3   5.8888
#         302       0.00000      4.51      1.00     2   5.8948
#         304       0.00000      5.32      1.00     2   5.8977
#         305       0.00000      6.07      2.00     3   5.8979
#         307       0.00000      4.16      2.00     4   5.8994
#         309       0.00000      5.41      2.00     3   5.9029
#         310       0.00000      8.55      2.00     3   5.9049
#         313       0.00000      5.28      1.00     2   5.9111
#         317       0.00000      5.23      1.00     2   5.9314
#         319       0.00000      9.45      2.00     3   5.9518
#         322       0.00000      5.16      1.00     2   5.9581
#         325       0.00000      7.68      2.00     3   5.9710
#         326       0.00000      4.54      1.00     4   5.9722
#   234/ 294 paths used
#  -----------------------------------------------------------------------
#       k          chi          mag           phase @#
    -0.7000   -3.376379E-01  4.082299E-01 -9.738890E-01
    -0.6500   -3.022530E-01  3.544250E-01 -1.021320E+00
    -0.6000   -2.883738E-01  3.247257E-01 -1.093094E+00
    -0.5500   -2.872174E-01  3.119911E-01 -1.169601E+00
    -0.5000   -2.936877E-01  3.113376E-01 -1.232464E+00
    -0.4500   -3.040735E-01  3.176358E-01 -1.277522E+00
    -0.4000   -3.157825E-01  3.272557E-01 -1.305220E+00
    -0.3500   -3.278636E-01  3.384892E-01 -1.319571E+00
    -0.3000   -3.389104E-01  3.494426E-01 -1.324656E+00
    -0.2500   -3.484058E-01  3.592706E-01 -1.324240E+00
    -0.2000   -3.561467E-01  3.675490E-01 -1.321059E+00
    -0.1500   -3.624213E-01  3.744532E-01 -1.316609E+00
    -0.1000   -3.669461E-01  3.795419E-01 -1.312448E+00
    -0.0500   -3.696339E-01  3.826095E-01 -1.309619E+00
     0.0000   -3.705246E-01  3.836338E-01 -1.308622E+00
     0.0500   -3.714125E-01  3.846588E-01 -1.307600E+00
     0.1000   -3.740585E-01  3.877375E-01 -1.304381E+00
     0.1500   -3.784033E-01  3.928753E-01 -1.298529E+00
     0.2000   -3.843289E-01  4.000661E-01 -1.289382E+00
     0.2500   -3.916348E-01  4.092736E-01 -1.276141E+00
     0.3000   -4.000108E-01  4.204142E-01 -1.257972E+00
     0.3500   -4.091862E-01  4.335978E-01 -1.233643E+00
     0.4000   -4.190051E-01  4.494075E-01 -1.200860E+00
     0.4500   -4.280002E-01  4.667250E-01 -1.160565E+00
     0.5000   -4.351424E-01  4.852079E-01 -1.112520E+00
     0.5500   -4.394583E-01  5.050582E-01 -1.055434E+00
     0.6000   -4.395371E-01  5.265901E-01 -9.875613E-01
     0.6500   -4.333460E-01  5.481510E-01 -9.117221E-01
     0.7000   -4.193782E-01  5.697237E-01 -8.273023E-01
     0.7500   -3.954862E-01  5.920251E-01 -7.315483E-01
     0.8000   -3.606303E-01  6.130079E-01 -6.289504E-01
     0.8500   -3.134075E-01  6.332492E-01 -5.177424E-01
     0.9000   -2.527054E-01  6.525382E-01 -3.976635E-01
     0.9500   -1.799883E-01  6.692780E-01 -2.722810E-01
     1.0000   -9.372145E-02  6.848105E-01 -1.372884E-01
     1.0500    1.940199E-03  6.973354E-01  2.782308E-03
     1.1000    1.048739E-01  7.070882E-01  1.488673E-01
     1.1500    2.120467E-01  7.140685E-01  3.015030E-01
     1.2000    3.166180E-01  7.172418E-01  4.572010E-01
     1.2500    4.171704E-01  7.177165E-01  6.202600E-01
     1.3000    5.049391E-01  7.141740E-01  7.852829E-01
     1.3500    5.776998E-01  7.074529E-01  9.554804E-01
     1.4000    6.299301E-01  6.971284E-01  1.128117E+00
     1.4500    6.592750E-01  6.835193E-01  1.303658E+00
     1.5000    6.642174E-01  6.668449E-01  1.481995E+00
     1.5500    6.445761E-01  6.472274E-01  1.661342E+00
     1.6000    6.020325E-01  6.251678E-01  1.843696E+00
     1.6500    5.398101E-01  6.008519E-01  2.025462E+00
     1.7000    4.611634E-01  5.748081E-01  2.210469E+00
     1.7500    3.720636E-01  5.473579E-01  2.394178E+00
     1.8000    2.761327E-01  5.187601E-01  2.580285E+00
     1.8500    1.798274E-01  4.895648E-01  2.765466E+00
     1.9000    8.529600E-02  4.595822E-01  2.954916E+00
     1.9500   -1.530764E-03  4.293869E-01  3.145158E+00
     2.0000   -7.648779E-02  3.994669E-01  3.334257E+00
     2.0500   -1.375925E-01  3.699814E-01  3.522637E+00
     2.1000   -1.825937E-01  3.393940E-01  3.709654E+00
     2.1500   -2.106302E-01  3.077585E-01  3.895374E+00
     2.2000   -2.236982E-01  2.770269E-01  4.081488E+00
     2.2500   -2.230657E-01  2.470487E-01  4.268113E+00
     2.3000   -2.096185E-01  2.167511E-01  4.455138E+00
     2.3500   -1.832103E-01  1.837149E-01  4.638251E+00
     2.4000   -1.505980E-01  1.512827E-01  4.807565E+00
     2.4500   -1.170048E-01  1.204097E-01  4.950768E+00
     2.5000   -8.744999E-02  9.256539E-02  5.046392E+00
     2.5500   -6.850848E-02  7.303582E-02  5.066336E+00
     2.6000   -5.683124E-02  5.906672E-02  4.988389E+00
     2.6500   -5.289856E-02  5.323473E-02  4.824830E+00
     2.7000   -5.590107E-02  5.593215E-02  4.679050E+00
     2.7500   -6.130865E-02  6.145229E-02  4.644003E+00
     2.8000   -6.869639E-02  6.874061E-02  4.676518E+00
     2.8500   -7.653572E-02  7.662175E-02  4.759781E+00
     2.9000   -8.309663E-02  8.425508E-02  4.878407E+00
     2.9500   -8.686416E-02  9.107062E-02  5.017509E+00
     3.0000   -8.686982E-02  9.696238E-02  5.172704E+00
     3.0500   -8.244611E-02  1.018219E-01  5.339529E+00
     3.1000   -7.344220E-02  1.056067E-01  5.514166E+00
     3.1500   -6.009865E-02  1.081252E-01  5.693831E+00
     3.2000   -4.331225E-02  1.095740E-01  5.876814E+00
     3.2500   -2.412751E-02  1.101153E-01  6.062282E+00
     3.3000   -3.745669E-03  1.097608E-01  6.249053E+00
     3.3500    1.652532E-02  1.086296E-01  6.435904E+00
     3.4000    3.552150E-02  1.069164E-01  6.621859E+00
     3.4500    5.232102E-02  1.047614E-01  6.806126E+00
     3.5000    6.634120E-02  1.023221E-01  6.988609E+00
     3.5500    7.732030E-02  9.972786E-02  7.170396E+00
     3.6000    8.503964E-02  9.702761E-02  7.351620E+00
     3.6500    8.945666E-02  9.430877E-02  7.531812E+00
     3.7000    9.071183E-02  9.163621E-02  7.711823E+00
     3.7500    8.890444E-02  8.897457E-02  7.893689E+00
     3.8000    8.411241E-02  8.627480E-02  8.078344E+00
     3.8500    7.663190E-02  8.359123E-02  8.264922E+00
     3.9000    6.672587E-02  8.084983E-02  8.454034E+00
     3.9500    5.470802E-02  7.796381E-02  8.646983E+00
     4.0000    4.104982E-02  7.488484E-02  8.844600E+00
     4.0500    2.661860E-02  7.162263E-02  9.043992E+00
     4.1000    1.221589E-02  6.817988E-02  9.244634E+00
     4.1500   -1.374387E-03  6.453279E-02  9.446077E+00
     4.2000   -1.339308E-02  6.064867E-02  9.647444E+00
     4.2500   -2.323669E-02  5.673787E-02  9.846733E+00
     4.3000   -3.065891E-02  5.288802E-02  1.004313E+01
     4.3500   -3.564868E-02  4.917337E-02  1.023575E+01
     4.4000   -3.836882E-02  4.564655E-02  1.042310E+01
     4.4500   -3.931498E-02  4.247880E-02  1.060718E+01
     4.5000   -3.888067E-02  3.971673E-02  1.079003E+01
     4.5500   -3.735439E-02  3.736283E-02  1.097431E+01
     4.6000   -3.487968E-02  3.536893E-02  1.116210E+01
     4.6500   -3.147978E-02  3.368876E-02  1.135972E+01
     4.7000   -2.702813E-02  3.221278E-02  1.157084E+01
     4.7500   -2.142716E-02  3.083112E-02  1.179797E+01
     4.8000   -1.476639E-02  2.945622E-02  1.204127E+01
     4.8500   -7.288475E-03  2.798541E-02  1.230289E+01
     4.9000    4.451243E-04  2.637368E-02  1.258325E+01
     4.9500    7.647363E-03  2.460633E-02  1.288239E+01
     5.0000    1.342663E-02  2.267975E-02  1.319992E+01
     5.0500    1.703096E-02  2.064570E-02  1.353642E+01
     5.1000    1.800743E-02  1.856222E-02  1.389206E+01
     5.1500    1.635113E-02  1.648934E-02  1.426673E+01
     5.2000    1.249467E-02  1.443887E-02  1.466212E+01
     5.2500    7.375340E-03  1.248373E-02  1.507592E+01
     5.3000    2.135324E-03  1.063325E-02  1.550577E+01
     5.3500   -2.111835E-03  8.860465E-03  1.594862E+01
     5.4000   -4.574212E-03  7.092016E-03  1.640896E+01
     5.4500   -4.900146E-03  5.290978E-03  1.689199E+01
     5.5000   -3.354526E-03  3.398545E-03  1.743988E+01
     5.5500   -7.305676E-04  1.542362E-03  1.835610E+01
     5.6000    1.838998E-03  1.844356E-03  2.034411E+01
     5.6500    3.190367E-03  4.275261E-03  2.114875E+01
     5.7000    2.435105E-03  7.164270E-03  2.164434E+01
     5.7500   -7.828322E-04  1.032996E-02  2.206700E+01
     5.8000   -6.150825E-03  1.365778E-02  2.245831E+01
     5.8500   -1.273661E-02  1.709575E-02  2.283171E+01
     5.9000   -1.917429E-02  2.056440E-02  2.319215E+01
     5.9500   -2.397028E-02  2.397495E-02  2.354221E+01
     6.0000   -2.572763E-02  2.714461E-02  2.388648E+01
     6.0500   -2.373080E-02  3.006477E-02  2.422304E+01
     6.1000   -1.793614E-02  3.267785E-02  2.455172E+01
     6.1500   -8.985842E-03  3.492790E-02  2.487255E+01
     6.2000    1.932599E-03  3.677733E-02  2.518531E+01
     6.2500    1.334962E-02  3.821059E-02  2.548964E+01
     6.3000    2.381639E-02  3.923690E-02  2.578501E+01
     6.3500    3.217029E-02  3.989197E-02  2.607084E+01
     6.4000    3.770189E-02  4.023803E-02  2.634660E+01
     6.4500    4.019262E-02  4.036172E-02  2.661197E+01
     6.5000    3.980058E-02  4.035520E-02  2.686952E+01
     6.5500    3.694581E-02  4.036229E-02  2.711795E+01
     6.6000    3.211861E-02  4.049768E-02  2.735846E+01
     6.6500    2.570388E-02  4.084951E-02  2.759377E+01
     6.7000    1.792984E-02  4.146981E-02  2.782723E+01
     6.7500    8.915389E-03  4.236553E-02  2.806231E+01
     6.8000   -1.205843E-03  4.349836E-02  2.830206E+01
     6.8500   -1.213530E-02  4.479294E-02  2.854868E+01
     6.9000   -2.329371E-02  4.615037E-02  2.880341E+01
     6.9500   -3.379041E-02  4.746261E-02  2.906659E+01
     7.0000   -4.258092E-02  4.865906E-02  2.933995E+01
     7.0500   -4.837312E-02  4.961203E-02  2.962118E+01
     7.1000   -5.013087E-02  5.023186E-02  2.990855E+01
     7.1500   -4.730259E-02  5.046340E-02  3.020094E+01
     7.2000   -3.995908E-02  5.027439E-02  3.049722E+01
     7.2500   -2.883811E-02  4.965519E-02  3.079626E+01
     7.3000   -1.524568E-02  4.861757E-02  3.109696E+01
     7.3500   -8.342201E-04  4.719290E-02  3.139825E+01
     7.4000    1.269039E-02  4.542972E-02  3.169903E+01
     7.4500    2.386283E-02  4.339098E-02  3.199823E+01
     7.5000    3.171052E-02  4.115051E-02  3.229571E+01
     7.5500    3.576503E-02  3.878082E-02  3.258975E+01
     7.6000    3.615670E-02  3.636754E-02  3.287899E+01
     7.6500    3.347284E-02  3.399809E-02  3.316273E+01
     7.7000    2.853934E-02  3.175516E-02  3.344065E+01
     7.7500    2.221205E-02  2.971094E-02  3.371307E+01
     7.8000    1.521739E-02  2.792110E-02  3.398111E+01
     7.8500    8.077121E-03  2.641922E-02  3.424682E+01
     7.9000    1.122718E-03  2.521327E-02  3.451298E+01
     7.9500   -5.424165E-03  2.428573E-02  3.478277E+01
     8.0000   -1.134174E-02  2.357961E-02  3.505931E+01
     8.0500   -1.633152E-02  2.304570E-02  3.534511E+01
     8.1000   -2.000543E-02  2.263402E-02  3.564158E+01
     8.1500   -2.193188E-02  2.228875E-02  3.594913E+01
     8.2000   -2.174975E-02  2.196144E-02  3.626727E+01
     8.2500   -1.930278E-02  2.161281E-02  3.659488E+01
     8.3000   -1.474748E-02  2.121242E-02  3.693037E+01
     8.3500   -8.592685E-03  2.073721E-02  3.727187E+01
     8.4000   -1.647865E-03  2.016985E-02  3.761732E+01
     8.4500    5.114491E-03  1.949741E-02  3.796453E+01
     8.5000    1.074403E-02  1.869251E-02  3.831144E+01
     8.5500    1.450828E-02  1.775345E-02  3.865566E+01
     8.6000    1.606259E-02  1.669267E-02  3.899428E+01
     8.6500    1.549670E-02  1.551937E-02  3.932396E+01
     8.7000    1.328454E-02  1.425241E-02  3.964056E+01
     8.7500    1.014043E-02  1.292422E-02  3.993864E+01
     8.8000    6.823089E-03  1.158657E-02  4.021103E+01
     8.8500    3.941804E-03  1.031836E-02  4.044873E+01
     8.9000    1.817878E-03  9.233233E-03  4.064253E+01
     8.9500    4.372919E-04  8.476610E-03  4.078909E+01
     9.0000   -4.822187E-04  8.191575E-03  4.089961E+01
     9.0500   -1.395489E-03  8.450209E-03  4.100661E+01
     9.1000   -2.744341E-03  9.182807E-03  4.114420E+01
     9.1500   -4.771323E-03  1.023180E-02  4.132583E+01
     9.2000   -7.428122E-03  1.143265E-02  4.154793E+01
     9.2500   -1.036641E-02  1.265242E-02  4.180093E+01
     9.3000   -1.302228E-02  1.379304E-02  4.207562E+01
     9.3500   -1.476817E-02  1.478432E-02  4.236476E+01
     9.4000   -1.508718E-02  1.557728E-02  4.266301E+01
     9.4500   -1.371897E-02  1.614003E-02  4.296632E+01
     9.5000   -1.074973E-02  1.648522E-02  4.327197E+01
     9.5500   -6.544021E-03  1.660536E-02  4.357722E+01
     9.6000   -1.696364E-03  1.648486E-02  4.387921E+01
     9.6500    3.099230E-03  1.614403E-02  4.417547E+01
     9.7000    7.226636E-03  1.561590E-02  4.446342E+01
     9.7500    1.027537E-02  1.494616E-02  4.474033E+01
     9.8000    1.210219E-02  1.419294E-02  4.500341E+01
     9.8500    1.281436E-02  1.342548E-02  4.525021E+01
     9.9000    1.268608E-02  1.272065E-02  4.547936E+01
     9.9500    1.203861E-02  1.215526E-02  4.569175E+01
    10.0000    1.114882E-02  1.182513E-02  4.589293E+01
    10.0500    1.010142E-02  1.175990E-02  4.609063E+01
    10.1000    8.811210E-03  1.192757E-02  4.629271E+01
    10.1500    7.110764E-03  1.228844E-02  4.650681E+01
    10.2000    4.816816E-03  1.277784E-02  4.673737E+01
    10.2500    1.837530E-03  1.332228E-02  4.698552E+01
    10.3000   -1.743630E-03  1.385211E-02  4.725010E+01
    10.3500   -5.636809E-03  1.430839E-02  4.752882E+01
    10.4000   -9.380368E-03  1.464536E-02  4.781904E+01
    10.4500   -1.243374E-02  1.483051E-02  4.811821E+01
    10.5000   -1.430310E-02  1.484365E-02  4.842398E+01
    10.5500   -1.466429E-02  1.467576E-02  4.873423E+01
    10.6000   -1.344771E-02  1.432770E-02  4.904699E+01
    10.6500   -1.086113E-02  1.380907E-02  4.936033E+01
    10.7000   -7.343869E-03  1.313720E-02  4.967229E+01
    10.7500   -3.465537E-03  1.233618E-02  4.998073E+01
    10.8000    2.024110E-04  1.143610E-02  5.028318E+01
    10.8500    3.207379E-03  1.047245E-02  5.057675E+01
    10.9000    5.297143E-03  9.485685E-03  5.085798E+01
    10.9500    6.443212E-03  8.520865E-03  5.112292E+01
    11.0000    6.819876E-03  7.643538E-03  5.136777E+01
    11.0500    6.694553E-03  6.903123E-03  5.158984E+01
    11.1000    6.320446E-03  6.327230E-03  5.178997E+01
    11.1500    5.889838E-03  5.947158E-03  5.197523E+01
    11.2000    5.469014E-03  5.765882E-03  5.215857E+01
    11.2500    4.998256E-03  5.753404E-03  5.235441E+01
    11.3000    4.337634E-03  5.856320E-03  5.257300E+01
    11.3500    3.340922E-03  6.014980E-03  5.281819E+01
    11.4000    1.931903E-03  6.176964E-03  5.308898E+01
    11.4500    1.574191E-04  6.302729E-03  5.338210E+01
    11.5000   -1.800475E-03  6.365821E-03  5.369382E+01
    11.5500   -3.657713E-03  6.350897E-03  5.402082E+01
    11.6000   -5.097032E-03  6.251374E-03  5.436040E+01
    11.6500   -5.851772E-03  6.067374E-03  5.471049E+01
    11.7000   -5.779663E-03  5.804042E-03  5.506956E+01
    11.7500   -4.904814E-03  5.470202E-03  5.543654E+01
    11.8000   -3.415770E-03  5.077247E-03  5.581073E+01
    11.8500   -1.620462E-03  4.638221E-03  5.619177E+01
    11.9000    1.287920E-04  4.167024E-03  5.657958E+01
    11.9500    1.519005E-03  3.677744E-03  5.697444E+01
    12.0000    2.350406E-03  3.190197E-03  5.737693E+01
    12.0500    2.567947E-03  2.716407E-03  5.778732E+01
    12.1000    2.250152E-03  2.258777E-03  5.820688E+01
    12.1500    1.586912E-03  1.827067E-03  5.863798E+01
    12.2000    8.136827E-04  1.429499E-03  5.908472E+01
    12.2500    1.450094E-04  1.072795E-03  5.955468E+01
    12.3000   -2.779461E-04  7.626118E-04  6.006332E+01
    12.3500   -4.126652E-04  5.050616E-04  6.064655E+01
    12.4000   -3.092047E-04  3.120362E-04  6.139588E+01
    12.4500   -7.827289E-05  2.144615E-04  6.245825E+01
    12.5000    1.539152E-04  2.295288E-04  6.356683E+01
    12.5500    2.886403E-04  2.887829E-04  6.437122E+01
    12.6000    2.824037E-04  3.415574E-04  6.500003E+01
    12.6500    1.523761E-04  3.753282E-04  6.555539E+01
    12.7000   -3.958162E-05  3.889286E-04  6.607539E+01
    12.7500   -2.165319E-04  3.837440E-04  6.657298E+01
    12.8000   -3.180363E-04  3.612930E-04  6.704988E+01
    12.8500   -3.222784E-04  3.225990E-04  6.749965E+01
    12.9000   -2.513904E-04  2.685215E-04  6.790337E+01
    12.9500   -1.589800E-04  2.017223E-04  6.820730E+01
    13.0000   -1.041521E-04  1.349439E-04  6.823334E+01
    13.0500   -1.272685E-04  1.300397E-04  6.775106E+01
    13.1000   -2.300262E-04  2.305475E-04  6.761150E+01
    13.1500   -3.654695E-04  3.817588E-04  6.783742E+01
    13.2000   -4.531174E-04  5.612532E-04  6.817542E+01
    13.2500   -4.067478E-04  7.617711E-04  6.855177E+01
    13.3000   -1.677085E-04  9.781459E-04  6.894273E+01
    13.3500    2.676091E-04  1.204968E-03  6.933899E+01
    13.4000    8.360623E-04  1.436163E-03  6.973641E+01
    13.4500    1.416977E-03  1.665027E-03  7.013297E+01
    13.5000    1.860886E-03  1.884411E-03  7.052766E+01
    13.5500    2.030045E-03  2.086970E-03  7.091993E+01
    13.6000    1.838969E-03  2.265446E-03  7.130949E+01
    13.6500    1.282739E-03  2.412949E-03  7.169614E+01
    13.7000    4.441555E-04  2.523246E-03  7.207968E+01
    13.7500   -5.231492E-04  2.591014E-03  7.245994E+01
    13.8000   -1.431461E-03  2.612082E-03  7.283662E+01
    13.8500   -2.105602E-03  2.583624E-03  7.320933E+01
    13.9000   -2.426473E-03  2.504321E-03  7.357744E+01
    13.9500   -2.359454E-03  2.374482E-03  7.394000E+01
    14.0000   -1.961684E-03  2.199191E-03  7.429647E+01
    14.0500   -1.356598E-03  1.982994E-03  7.464483E+01
    14.1000   -7.027541E-04  1.725695E-03  7.497880E+01
    14.1500   -1.557667E-04  1.435208E-03  7.528948E+01
    14.2000    1.780754E-04  1.123493E-03  7.555740E+01
    14.2500    2.673653E-04  8.120512E-04  7.573373E+01
    14.3000    1.588821E-04  5.542404E-04  7.568897E+01
    14.3500   -4.136045E-05  4.866055E-04  7.531312E+01
    14.4000   -2.030228E-04  6.719290E-04  7.509128E+01
    14.4500   -2.117435E-04  9.623091E-04  7.517637E+01
    14.5000   -3.194192E-06  1.268596E-03  7.539571E+01
    14.5500    4.184813E-04  1.558833E-03  7.567002E+01
    14.6000    9.823701E-04  1.817672E-03  7.596920E+01
    14.6500    1.571266E-03  2.035641E-03  7.628001E+01
    14.7000    2.054324E-03  2.206410E-03  7.659556E+01
    14.7500    2.322197E-03  2.326031E-03  7.691160E+01
    14.8000    2.314783E-03  2.392745E-03  7.722499E+01
    14.8500    2.034287E-03  2.406998E-03  7.753296E+01
    14.9000    1.540857E-03  2.371545E-03  7.783259E+01
    14.9500    9.330496E-04  2.291650E-03  7.812048E+01
    15.0000    3.190482E-04  2.176710E-03  7.839271E+01
    15.0500   -2.120076E-04  2.037831E-03  7.864404E+01
    15.1000   -6.073522E-04  1.887706E-03  7.886738E+01
    15.1500   -8.630698E-04  1.746863E-03  7.905658E+01
    15.2000   -1.017586E-03  1.639597E-03  7.920936E+01
    15.2500   -1.132928E-03  1.589647E-03  7.933314E+01
    15.3000   -1.270148E-03  1.611744E-03  7.944746E+01
    15.3500   -1.466647E-03  1.704400E-03  7.957608E+01
    15.4000   -1.722079E-03  1.851575E-03  7.973440E+01
    15.4500   -1.996583E-03  2.031232E-03  7.992564E+01
    15.5000   -2.221257E-03  2.222614E-03  8.014555E+01
    15.5500   -2.317302E-03  2.409166E-03  8.038765E+01
    15.6000   -2.218047E-03  2.578746E-03  8.064589E+01
    15.6500   -1.887728E-03  2.722964E-03  8.091540E+01
    15.7000   -1.332241E-03  2.836447E-03  8.119247E+01
    15.7500   -5.996606E-04  2.916247E-03  8.147430E+01
    15.8000    2.288706E-04  2.961366E-03  8.175877E+01
    15.8500    1.054950E-03  2.972370E-03  8.204424E+01
    15.9000    1.781230E-03  2.951068E-03  8.232940E+01
    15.9500    2.328020E-03  2.900230E-03  8.261322E+01
    16.0000    2.645106E-03  2.823344E-03  8.289498E+01
    16.0500    2.716030E-03  2.724381E-03  8.317388E+01
    16.1000    2.557817E-03  2.608113E-03  8.344891E+01
    16.1500    2.213487E-03  2.479538E-03  8.371970E+01
    16.2000    1.740105E-03  2.343462E-03  8.398615E+01
    16.2500    1.197722E-03  2.204197E-03  8.424854E+01
    16.3000    6.407467E-04  2.065286E-03  8.450755E+01
    16.3500    1.130766E-04  1.929267E-03  8.476436E+01
    16.4000   -3.529628E-04  1.797519E-03  8.502065E+01
    16.4500   -7.348895E-04  1.670242E-03  8.527859E+01
    16.5000   -1.017202E-03  1.546585E-03  8.554077E+01
    16.5500   -1.189071E-03  1.424942E-03  8.581017E+01
    16.6000   -1.243758E-03  1.303379E-03  8.609016E+01
    16.6500   -1.180097E-03  1.180145E-03  8.638480E+01
    16.7000   -1.005431E-03  1.054271E-03  8.669937E+01
    16.7500   -7.386825E-04  9.262774E-04  8.704150E+01
    16.8000   -4.120118E-04  7.991961E-04  8.742297E+01
    16.8500   -6.970049E-05  6.802755E-04  8.786195E+01
    16.9000    2.363521E-04  5.836122E-04  8.838155E+01
    16.9500    4.542061E-04  5.313464E-04  8.898980E+01
    17.0000    5.412899E-04  5.443769E-04  8.964194E+01
    17.0500    4.698301E-04  6.245682E-04  9.025472E+01
    17.1000    2.401043E-04  7.508457E-04  9.078069E+01
    17.1500   -1.159780E-04  9.003547E-04  9.123536E+01
    17.2000   -5.404629E-04  1.057054E-03  9.164287E+01
    17.2500   -9.585630E-04  1.210150E-03  9.202043E+01
    17.3000   -1.292055E-03  1.351818E-03  9.237852E+01
    17.3500   -1.474347E-03  1.475933E-03  9.272333E+01
    17.4000   -1.464100E-03  1.577497E-03  9.305846E+01
    17.4500   -1.254327E-03  1.652439E-03  9.338589E+01
    17.5000   -8.746525E-04  1.697587E-03  9.370650E+01
    17.5500   -3.857733E-04  1.710751E-03  9.402032E+01
    17.6000    1.330814E-04  1.690875E-03  9.432657E+01
    17.6500    6.011539E-04  1.638248E-03  9.462351E+01
    17.7000    9.537979E-04  1.554817E-03  9.490820E+01
    17.7500    1.156468E-03  1.444655E-03  9.517593E+01
    17.8000    1.211380E-03  1.314718E-03  9.541945E+01
    17.8500    1.154809E-03  1.176091E-03  9.562805E+01
    17.9000    1.045322E-03  1.045808E-03  9.578810E+01
    17.9500    9.457566E-04  9.481281E-04  9.588932E+01
    18.0000    9.037451E-04  9.108018E-04  9.594314E+01
    18.0500    9.347119E-04  9.494273E-04  9.599487E+01
    18.1000    1.016323E-03  1.054949E-03  9.609002E+01
    18.1500    1.094721E-03  1.202916E-03  9.624595E+01
    18.2000    1.099403E-03  1.367579E-03  9.645554E+01
    18.2500    9.656538E-04  1.528368E-03  9.670547E+01
    18.3000    6.576043E-04  1.669905E-03  9.698461E+01
    18.3500    1.849943E-04  1.780672E-03  9.728529E+01
    18.4000   -3.920173E-04  1.852039E-03  9.760265E+01
    18.4500   -9.726632E-04  1.877760E-03  9.793387E+01
    18.5000   -1.438603E-03  1.853787E-03  9.827773E+01
    18.5500   -1.684783E-03  1.778267E-03  9.863448E+01
    18.6000   -1.649937E-03  1.651689E-03  9.900623E+01
    18.6500   -1.337907E-03  1.477257E-03  9.939801E+01
    18.7000   -8.228365E-04  1.261807E-03  9.982060E+01
    18.7500   -2.353146E-04  1.018377E-03  1.002978E+02
    18.8000    2.682381E-04  7.743956E-04  1.008847E+02
    18.8500    5.457375E-04  5.964407E-04  1.016864E+02
    18.9000    5.087042E-04  6.036824E-04  1.026703E+02
    18.9500    1.497038E-04  8.123644E-04  1.034872E+02
    19.0000   -4.517499E-04  1.117030E-03  1.040889E+02
    19.0500   -1.145731E-03  1.451926E-03  1.045819E+02
    19.1000   -1.739007E-03  1.782724E-03  1.050214E+02
    19.1500   -2.052823E-03  2.090365E-03  1.054332E+02
    19.2000   -1.967626E-03  2.361197E-03  1.058291E+02
    19.2500   -1.456923E-03  2.584493E-03  1.062153E+02
    19.3000   -5.978529E-04  2.751738E-03  1.065951E+02
    19.3500    4.451570E-04  2.856460E-03  1.069706E+02
    19.4000    1.460018E-03  2.894257E-03  1.073429E+02
    19.4500    2.239787E-03  2.862847E-03  1.077126E+02
    19.5000    2.634699E-03  2.762108E-03  1.080800E+02
    19.5500    2.589376E-03  2.594076E-03  1.084451E+02
    19.6000    2.155052E-03  2.362888E-03  1.088075E+02
    19.6500    1.473362E-03  2.074676E-03  1.091660E+02
    19.7000    7.361026E-04  1.737439E-03  1.095182E+02
    19.7500    1.320394E-04  1.360977E-03  1.098586E+02
    19.8000   -2.044928E-04  9.572561E-04  1.101710E+02
    19.8500   -2.289037E-04  5.438268E-04  1.103902E+02
    19.9000    4.216195E-06  1.994061E-04  1.099346E+02
    19.9500    3.600587E-04  3.966586E-04  1.088179E+02